200000.0	1.967521743366671e-05	1.5754948290873664e-05	8.625715305281521e-05	4.5537224871864404e-11	-1.6624945372333688e-10	1.9867620140757235e-11
400000.0	5.766371358831248e-05	-5.451965903808922e-05	9.218932372683089e-05	-3.6823205679888657e-10	-4.0322488007680217e-10	-1.3606651326933484e-10
600000.0	-0.00023786490552097966	-9.712155473139895e-05	-2.8121852825569452e-05	-6.916527294194221e-10	2.2698176531042e-09	-2.7554100215215476e-10
800000.0	0.00010612994060413028	0.0001256631825653742	1.1778492026124645e-07	1.4688391214587323e-09	-1.2080701500281117e-09	4.678642778082842e-10
1000000.0	-0.00030404485449765114	-0.00011174792599248854	0.00020438374672203437	-1.3439660331629364e-09	2.996292121284237e-09	-4.604723680562942e-10
1200000.0	-0.00010757267328459459	-2.075446286700343e-05	-0.0003241819207153015	1.9700045538033424e-10	2.1735800116920253e-09	-1.943412888611936e-11
1400000.0	-0.00011203883365279384	-0.00015755965877182267	-0.00041623600096476045	-2.0092524525963853e-09	2.747985760517682e-09	-5.742871558361389e-10
1600000.0	4.016916791718992e-05	0.00017275526081490079	0.00094311181455067	2.042642162755018e-09	-7.139502497258883e-09	1.2032512150406562e-09
1800000.0	-0.0003337498955464897	0.00010460876429660253	0.0012408697222063567	9.74523435801476e-10	6.873858017168989e-10	5.563190129716885e-13
2000000.0	-0.00011719622212862736	-0.00017067298096664485	-0.0010617751375649742	1.0781782208116396e-09	9.020125765251993e-09	-1.3722975535472062e-09
2200000.0	0.0003437208914164467	-0.0001845771620306298	-0.0029199875010113975	6.296058003472161e-09	3.881987682666116e-09	5.11570372727287e-10
2400000.0	0.0008313565880411026	-0.0003806020095964598	-0.004233129715426154	-1.9129514432340734e-10	-3.409700718595152e-09	1.583267150395734e-09
2600000.0	0.0009289256915868839	-0.0006272953203737934	-0.003812525007362734	-1.599653956297202e-08	3.9559753772905086e-10	-1.2661525710884641e-09
2800000.0	0.0011204769494680877	-0.00024532624860864645	-0.003268526650435977	-2.0229780756790503e-08	-1.92650552670312e-08	5.4321104955000935e-09
3000000.0	0.0013869198842923732	-0.0009035876082081969	-0.006967425429521007	-3.307723777441124e-09	-9.260406220217626e-09	2.323050121297056e-09
3200000.0	0.002095966241285105	-0.001990986457451498	-0.01178023110091157	-4.693668041387471e-10	9.526001902937918e-10	-2.2476469204867314e-09
3400000.0	0.0020691022538178606	-0.00312289913749732	-0.017677061245245766	3.888070777629818e-08	9.963291489675512e-09	-9.534625783735094e-09
3600000.0	0.0029334177218946216	-0.004280086384612764	-0.021582549340741154	2.5729319610234157e-08	1.898642477734364e-08	-1.2549740680347803e-08
3800000.0	0.003970313133966518	-0.004564187582147345	-0.022697433351213082	-7.062353004999603e-09	1.4056721832946722e-08	-2.5611683302648293e-09
4000000.0	0.004759023077910414	-0.008090698927536003	-0.04158879318494041	4.934053367518517e-08	-1.3099346605633608e-08	6.410954621520206e-10
4200000.0	0.005862434349577665	-0.006718128683122781	-0.040040380415137564	1.1635870939545043e-08	-4.70806637014959e-08	3.5252663069120224e-08
4400000.0	0.003583399025294626	-0.0060498940374781405	-0.04520332859718876	1.0518494493265183e-07	-9.807015204947965e-08	3.2068257107384024e-08
4600000.0	0.0050019790373785206	-0.008283753986049972	-0.047506046207331176	6.248232266199039e-08	-5.789726603222938e-08	2.3377014140681117e-08
4800000.0	0.006703635180967123	-0.011785392868446546	-0.05001236152754875	7.83570111787096e-09	1.1404684680680819e-08	1.895131806910426e-09
5000000.0	0.005609889248509994	-0.008292049031848832	-0.04675945439879306	4.3391439593251075e-08	-5.047086582115505e-08	2.612367697885157e-08
5200000.0	0.005751139104407096	-0.0100347459367308	-0.05171254064151889	4.5268513027535585e-08	-4.566154925963126e-08	2.180645184115322e-08
5400000.0	0.005872242696835673	-0.014254287061249957	-0.0697524247592039	6.733047129196804e-08	-8.294031514000116e-08	3.5132706644905224e-08
5600000.0	0.00553482451392966	-0.01634845420226632	-0.07907569623453997	8.67325586951503e-08	-1.0562040297946318e-07	3.85701141719884e-08
5800000.0	0.004886984987312054	-0.013536586650862135	-0.0711134151904773	9.861025553741053e-08	-1.0811481912667455e-07	3.28930122301353e-08
6000000.0	0.008020519128782419	-0.018144174697855387	-0.06947673534133648	-5.921374913507137e-10	8.730365848336253e-09	1.977659433678212e-08
6200000.0	0.004833478028826636	-0.012000986914761584	-0.06728038242306784	9.880953046597686e-08	-1.1139252033546543e-07	3.067164492749659e-08
6400000.0	0.005482585269676469	-0.012108661586343107	-0.06352817927226134	7.707222429671495e-08	-7.890025447609e-08	2.4982936512648072e-08
6600000.0	0.005807636036857851	-0.010967015048174981	-0.0550982853692453	6.198132887175797e-08	-3.5080685635985044e-08	8.762099138340357e-09
6800000.0	0.0073598144012661515	-0.016283682131772455	-0.060980998503065736	9.44907707250002e-09	3.324032289237231e-08	4.287613528543702e-09
7000000.0	0.004658921384393328	-0.012983287116114434	-0.07026032464680841	9.811577071594261e-08	-1.1632658619023479e-07	2.80322215853432e-08
7200000.0	0.00422524353237705	-0.015193696706478393	-0.07490611507465067	1.0190583472421798e-07	-1.0623938969107258e-07	1.7044384141567012e-08
7400000.0	0.00501553548097153	-0.016646321569717324	-0.0760559684877428	7.911600342496756e-08	-8.548930738472962e-08	2.3652780334765555e-08
7600000.0	0.007357523967616017	-0.024446224846922174	-0.07505206891459121	-1.1725151164637224e-08	9.298093475758384e-08	-6.435815599148123e-09
7800000.0	0.006018100831482654	-0.015365891518127091	-0.07893641455741836	6.746401503058558e-08	-1.4243538429842827e-07	6.380715162786744e-08
8000000.0	0.010814091597538425	-0.026601898047346174	-0.07941504372521689	-8.875617742950243e-08	9.09756286165798e-08	7.767597182557711e-08
8200000.0	0.008088202265833084	-0.01998751026266585	-0.08117787541870966	1.9142688968968033e-09	-6.500735968380287e-08	7.663130999514963e-08
8400000.0	0.006480024000030302	-0.015569897954771001	-0.08111491124956564	5.672917647673918e-08	-1.578852065176966e-07	7.164644977451061e-08
8600000.0	0.007158134510212018	-0.022008609343730057	-0.08107536546893798	1.0697636657326105e-08	-1.7350024204291047e-08	4.229836472698377e-08
8800000.0	0.010418087246003089	-0.03334607236600852	-0.08055980401517401	-1.1122529664923721e-07	2.2683994406521822e-07	4.878194280826733e-08
9000000.0	0.00945788672040068	-0.038031456361799526	-0.08631954397432703	-1.1385907207545078e-07	2.7766639174656394e-07	1.3752290337111989e-08
9200000.0	0.011443414218387968	-0.04559449412924768	-0.0856434242420044	-1.9027709067370021e-07	4.4289957954697866e-07	2.6922023378730396e-08
9400000.0	0.010929736241856928	-0.04048160115230741	-0.08241650485212154	-1.5566537938285636e-07	3.6443574752801803e-07	2.652346187545042e-08
9600000.0	0.010702715906695776	-0.044509639197355275	-0.08557061624478812	-1.7101159036140206e-07	4.2210852639667915e-07	1.0958321606334898e-08
9800000.0	0.008685396086398142	-0.05109225625151869	-0.08497390533915203	-1.645402280467426e-07	5.798842474708274e-07	-9.14984971007748e-08
10000000.0	0.00909146008194324	-0.053393166258402285	-0.08366810163384958	-1.8329926467033085e-07	6.410308885587466e-07	-8.93004260283722e-08
10200000.0	0.010383135583612651	-0.05327589908292263	-0.08216848192147037	-2.0670527183997526e-07	6.471970775537329e-07	-4.036147907031784e-08
10400000.0	0.008247427741179399	-0.06091745960876129	-0.08094079096792967	-2.031766350698377e-07	8.357225181030042e-07	-1.531430512114654e-07
10600000.0	0.008212916903692385	-0.06928423971252466	-0.08610149919035151	-2.448250466313115e-07	9.63819813800048e-07	-1.498300883332408e-07
10800000.0	0.00806201689156199	-0.05943820658857316	-0.08422025805328749	-1.9364425603466026e-07	7.725232557018627e-07	-1.6095571528956687e-07
11000000.0	0.009946224703049093	-0.060029806671872646	-0.08519876173207047	-2.318369040937439e-07	7.634837581729623e-07	-5.4767956670088655e-08
11200000.0	0.010572168453563197	-0.05844739323479995	-0.08502322867163	-2.3570883288115878e-07	7.274243932914099e-07	-2.0889176700295844e-08
11400000.0	0.01034664909628823	-0.054565480594724255	-0.08563038010573211	-2.1377489731651254e-07	6.400997910572573e-07	-4.938208777057546e-08
11600000.0	0.010387285553978973	-0.060660357750041076	-0.082186003258206	-2.398536963467918e-07	8.042612708515485e-07	-1.4731989265887105e-08
11800000.0	0.010819737575291737	-0.051884694428398805	-0.08439770843515	-2.0905498981825042e-07	5.930041367644226e-07	-4.5662592687791923e-08
12000000.0	0.009700767559064924	-0.06096224148385679	-0.08364345699536839	-2.2985589025430265e-07	7.997369706318638e-07	-4.7837446092041634e-08
12200000.0	0.00857067255181832	-0.06361100195340146	-0.08119296538966328	-2.1886621032961005e-07	8.89359753907042e-07	-1.1382298271326385e-07
12400000.0	0.007628025390508109	-0.06328514346596606	-0.08385849200777219	-2.0406744445391047e-07	8.628374882429666e-07	-2.1943619138284667e-07
12600000.0	0.009537696926097142	-0.05873610641090735	-0.08537472220557141	-2.1903340920774243e-07	7.362477175621032e-07	-9.728914523501314e-08
12800000.0	0.008455237944854298	-0.06158701435321259	-0.08388137482008372	-2.1062960426900186e-07	8.199811198941235e-07	-1.5578989623231532e-07
13000000.0	0.007970405629534733	-0.06456352747848387	-0.08563103485327754	-2.1751420673524006e-07	8.670884564803897e-07	-1.4955664075217713e-07
13200000.0	0.007557505912182698	-0.06407576996070204	-0.08694925047868035	-2.106988827686103e-07	8.479210896579857e-07	-2.3856258352266945e-07
13400000.0	0.007803591141021962	-0.06313102406610942	-0.08806786827528652	-2.1276515028226386e-07	8.148307452173231e-07	-2.4443407050822116e-07
13600000.0	0.007385720577982961	-0.06689298788485953	-0.08644218124345632	-2.180923190565025e-07	9.104036508219291e-07	-1.3069173900634396e-07
13800000.0	0.008084447842660792	-0.06299948652062028	-0.08790340753459185	-2.1684131340395438e-07	8.109269535196802e-07	-2.148200775941442e-07
14000000.0	0.007191259608214671	-0.06495412801380036	-0.08456708290591142	-2.0373454255770142e-07	8.938184493753884e-07	-2.4936507793584356e-07
14200000.0	0.006258328724287576	-0.06859095470601932	-0.08384294486505614	-2.0141062245094195e-07	9.832154660401004e-07	-2.201413092259803e-07
14400000.0	0.006197262445461346	-0.06866154021353396	-0.08414052601229735	-2.014533442744566e-07	9.825618874937078e-07	-2.426102374557954e-07
14600000.0	0.007004901083998254	-0.06498960078976536	-0.0859087904275202	-2.054511285768594e-07	8.856031352927294e-07	-4.0385431621763764e-07
14800000.0	0.007658421738727586	-0.0626317320777475	-0.08675190336159438	-2.0893692129823394e-07	8.239840730707982e-07	-4.5709412074855074e-07
15000000.0	0.006295561640632934	-0.0675464952105737	-0.08677854339461068	-2.050482460304349e-07	9.348841570517002e-07	-3.938635450702776e-07
15200000.0	0.005725357207118239	-0.06930160669409048	-0.08691970286794772	-2.0305824018700747e-07	9.751095532661166e-07	-4.221763169675243e-07
15400000.0	0.00594563245913795	-0.06840606819797909	-0.08645174358120947	-2.0220085661885128e-07	9.598498002085335e-07	-4.3239528686113237e-07
15600000.0	0.006819221766077521	-0.0662322891244105	-0.08736769331646986	-2.0680113487519082e-07	8.9274027569159e-07	-2.281618815055319e-07
15800000.0	0.005267134957004019	-0.07058876100945881	-0.08559369356883434	-1.9462636582579104e-07	1.0154574146368086e-06	-2.598891368254806e-07
16000000.0	0.005513287760328951	-0.07071301469338208	-0.08861612690342857	-2.0276572212851216e-07	9.807318685216626e-07	-1.0213695726552655e-07
16200000.0	0.005504471263163833	-0.06991144272510048	-0.08647018082483855	-1.899004424136487e-07	9.784623165074823e-07	2.289225375606295e-07
16400000.0	0.005240518877245082	-0.07096873273710452	-0.08738389117623471	-1.8995319616053675e-07	9.904550341020444e-07	3.607046304310651e-07
16600000.0	0.005843804909477402	-0.06931566343583907	-0.08618386367767075	-1.9644798616103834e-07	9.705781631437e-07	-1.3083027347265222e-08
16800000.0	0.006020378515869158	-0.0691401900699152	-0.08567837113666683	-2.009470265585932e-07	9.751869416633337e-07	-2.5320175296799705e-07
17000000.0	0.0056585455278276246	-0.06973504976253522	-0.08513247952748754	-1.9313195573555572e-07	9.927992604554182e-07	-6.294354259763857e-08
17200000.0	0.006295300320705391	-0.06874290408815308	-0.08408588240892793	-2.0402727757647207e-07	9.845271967732928e-07	-4.867265107925335e-07
17400000.0	0.005973970534299034	-0.07075456382958084	-0.08561774710216954	-2.1075301716093114e-07	1.0156162484967259e-06	-5.502861797851119e-07
17600000.0	0.006064707716371468	-0.07004465883359892	-0.08551602725411245	-2.0800715807774509e-07	9.995213650747829e-07	-4.729560044102663e-07
17800000.0	0.006830043217187518	-0.06712646795568071	-0.08576667124543973	-2.1041855732877378e-07	9.287776920154736e-07	-5.24078132767286e-07
18000000.0	0.007180483196140227	-0.0660885168061657	-0.08550628235281627	-2.1296831247147683e-07	9.074724362388486e-07	-6.217221852323882e-07
18200000.0	0.008444205123812219	-0.06343123987006358	-0.08729553653167246	-2.3381041742652517e-07	8.271813662318833e-07	-1.0293932213957197e-06
