200000.0	-0.3424455919540257	-0.07036116538341022	1.8518062675937996	-0.16550977917013837	-0.13240486607888535	-0.7291899113407688
400000.0	0.030868120858402293	0.02466492913176635	0.01331315621683804	-0.11122887696995765	0.20706182343416962	-0.01820159539481466
600000.0	0.057898537075705914	-0.013077883061357896	0.007284458793448856	0.42431764960333407	0.05786530024609681	0.1694360853382727
800000.0	-0.04611119160077681	-0.029275496699957777	-0.05211646577637219	-0.2905813578686529	-0.1851539476786933	-0.04336923621756196
1000000.0	0.051426226614845194	0.03384067304478994	0.039184693120842384	0.2304069941009672	0.138283647978215	-0.04184055579419178
1200000.0	-0.047610088591374	-0.023936177477942508	0.03764778362353294	-0.05679701878682053	-0.048791690595530124	0.09904899426768733
1400000.0	-0.012076461899117596	0.009174490286189912	-0.03047942810753712	0.01630836647356304	0.06278460226176341	0.013032687968455733
1600000.0	0.014775437170663652	-0.030431720883861535	-0.07980053479560567	-0.20861542972011282	-0.09823934446638682	-0.16259277402886207
1800000.0	0.07353597848888827	0.04991795166776125	0.06324943542853823	0.159624862622608	0.007902648280285196	0.012248372154300982
2000000.0	-0.03539980758134442	0.04165465307572491	0.04105372520209061	0.1280204919616219	0.007756483767739963	0.1474531496217337
2200000.0	-0.12177182742679271	0.04193560382675632	-0.02218037802630901	-0.09974700197724484	-0.05009546401531417	0.0669503789221028
2400000.0	-0.054145058815403324	0.08701343700663755	-0.06945805729418741	-0.08237179643673542	0.1117103743727954	0.01932233621156039
2600000.0	-0.005270133668903831	0.02474566086953267	-0.05009432671162961	0.08523903101357089	0.1579815697679572	-0.021207150788522686
2800000.0	-0.07390240386174796	-0.07118152337771022	0.004363439689635928	-0.17946812853733984	0.08247341415420362	-0.05764217018106069
3000000.0	0.04824103998432072	-0.11778092572245935	0.08459889249906949	0.04356581617535671	-0.12520638162711117	0.12414141273278077
3200000.0	0.008789130910217935	-0.019664882225707725	0.042557399126701645	0.07586805736943614	-0.010090137247448894	0.1266537006424135
3400000.0	-0.05390951246447884	-0.0027487398810421837	-0.0021575421506125902	-0.0027967028151545392	-0.20838952291834012	0.17283118272234116
3600000.0	-0.06221277800658953	0.1495043372590139	-0.04770594012195262	0.08582504847108208	0.06447527305513212	0.07618965917942327
3800000.0	-0.12830931195430928	0.1291352390405418	-0.014058183134443736	0.025052371387773498	0.18296940712234022	-0.01578035908191147
4000000.0	-0.1500016240663804	0.02784525600072918	0.02964589276105256	-0.1012817378821822	-0.04327431749597643	0.37306903760237786
4200000.0	-0.10193031793408558	0.09315876271019796	-0.06539026479446153	-0.09514461547798447	0.3063828926610439	-0.10004661427082395
4400000.0	-0.04062737666246008	-0.09508985912728285	-0.009923454892113215	-0.2383124214337644	-0.1841824459007837	0.1372477567113339
4600000.0	0.10396315230009634	0.029420135138581216	-0.05652189333504798	0.17064942433076524	0.02062688673869495	0.03424724351952679
4800000.0	0.012677324716484861	0.028202499896599065	-0.013841614232372512	0.23370782793280664	-0.06312874960313142	0.0507254425996581
5000000.0	-0.11755255331647518	0.08546233344093856	-0.049438163819850445	-0.17327314763505908	0.11773223071892769	-0.07537352107984217
5200000.0	-0.018330598677305687	0.011322964782831235	-0.00322317343640921	0.03379707903129092	-0.02288014691269602	0.0932097302752423
5400000.0	-0.02905289769143593	0.03374111636619048	-0.0032193191185494463	0.04608007727356156	0.08983670160249346	0.31082322684088726
5600000.0	-0.04149060783639058	-0.0066566080095888935	-0.07979495026221906	0.010581076828223596	0.015863464164805663	0.17015222297952218
5800000.0	-0.03600261362255708	-0.01158250006081829	-0.14604630560982335	-0.0789251824582724	-0.040336831459618416	-0.13538508004846633
6000000.0	0.012379669446563213	0.004967813870884186	-0.09077428358625461	0.2099676305088889	-0.05427845928841979	-0.04230962457384892
6200000.0	-0.11134668320436703	-0.04821396727550464	-0.07592764048662581	-0.2258655618304226	0.05941067900376851	-0.030384683390065163
6400000.0	0.033626876061113364	-0.005646000754989444	-0.05210912627365927	0.016150748015789862	-0.02689128113447037	-0.0723807299146026
6600000.0	0.03315290769038981	2.842572311578806e-05	-0.043993125386960985	-0.04516116078566945	-0.06945749520227995	-0.1562470465825638
6800000.0	0.06557239812835647	0.029535750524047444	0.024678603720975634	0.134536059078457	-0.05660918298695172	0.11937895642433538
7000000.0	0.012084602977168402	0.05258352561131119	-0.022426162451525622	-0.06939806623806444	0.1249412423401024	0.18751698935291863
7200000.0	0.06494669395990194	-0.02505407325890019	-0.1129897533404094	-0.002019024066330921	-0.05671777745914941	0.11500276387749372
7400000.0	0.08750195283764661	-0.005422377653303556	-0.15239690869778255	0.06257515922209311	0.0006062508586452964	0.019047393936918282
7600000.0	0.06784589013843068	-0.017710481592281724	-0.16982090911806536	0.08005685335162394	-0.18757599205985542	0.0018965583768123175
7800000.0	0.041409457296877505	0.06989696622978414	-0.14002372101338878	0.062210343167814486	0.29266620519363595	0.030838749269930507
8000000.0	0.004743363764408315	-0.11276435796504103	-0.10923627949209647	0.2774979701135889	-0.17071022013344717	0.008164642261487606
8200000.0	-0.1433588386631044	-0.05156579915070836	-0.11157892952422666	-0.12469087766763742	0.12120885566593698	0.039642069461928414
8400000.0	-0.0823301306230011	-0.13357266527864198	-0.14347470021086184	-0.0860702711002217	0.07942054823341094	-0.0044665456133955
8600000.0	-0.04173117404937976	-0.19928838457787634	-0.15925496792199212	-0.02077485833315773	-0.149970617972214	0.03353222955067073
8800000.0	-0.02934650785115167	-0.1479139751797618	-0.16853453534368734	0.1462816817569923	-0.2292485367925583	0.009070884987015835
9000000.0	-0.11188408482439494	-0.05763934670535065	-0.20843537901492892	-0.06893087260023822	-0.1063872080334598	0.20352454645935542
9200000.0	-0.07656980585159223	-0.027148384305363038	-0.2882459988054282	0.08909388397708096	-0.16051580601284943	-0.002748011894802725
9400000.0	-0.1384013302913561	0.0412848143747766	-0.2853604952351918	-0.02877570150003539	0.11214395276755743	-0.11675117471156841
9600000.0	-0.14162584292288627	-0.028900849689172503	-0.18660754720297246	-0.028510037777565778	-0.08555997967496676	0.12506717369940884
9800000.0	-0.1378781639884017	-0.002444650495945666	-0.19179753251783493	-0.2680011506010507	-0.09336788112062822	0.05714397690479746
10000000.0	-0.0008639587190684139	0.032619128210718884	-0.23785636293441903	0.00021573809535624378	-0.0491649777419898	-0.03458775810664561
10200000.0	-0.005447036404352623	0.05089203984599777	-0.23056593899021016	0.11112901409826303	-0.029817763988278845	-0.07284207914950216
10400000.0	-0.07543732881887788	0.0627787409838021	-0.19320403099180772	-0.2885858921818114	-0.06501930321916971	0.03792156824852763
10600000.0	0.07093054549922329	0.08417803388979905	-0.18092861986886621	-0.043799891972589045	-0.19340939230426768	0.23573735085485706
10800000.0	0.09407269420329456	0.1717698666798242	-0.27073098621154434	0.06600227030296857	0.2179793312055267	-0.12071956693469509
11000000.0	0.06058280605657984	0.06332188098364355	-0.259772485082006	0.17919276194104317	-0.12842334472801387	0.009400618481182413
11200000.0	-0.03823516909952751	0.12649761997677444	-0.2255782973004541	0.0739751734874341	-0.00692325283885431	-0.02543668038434109
11400000.0	-0.08909037447238077	0.13116824753610956	-0.2331095197703903	0.016862518022887407	0.1004981131886522	0.011453246812307099
11600000.0	-0.11151040631816223	0.08642062345780488	-0.23233201026580508	-0.05964104772534817	-0.12867908370365821	-0.1204879296634986
11800000.0	-0.09358471660664769	0.1596427411648378	-0.15227990882579645	0.1261719162841315	0.16670507368030485	0.052235483657134624
12000000.0	-0.16861742250117828	0.07766530796370574	-0.17950519670039577	-0.18588882816257435	-0.1263193322171814	0.024963165680532008
12200000.0	-0.09097173451596774	0.14296660372531278	-0.1548992810196388	-0.12178800634849907	0.06116749029089075	-0.08443561627972215
12400000.0	-0.04000941210298237	0.11917489271958459	-0.07165153560453752	-0.08212466767532156	0.11980074191148127	0.14873582706548968
12600000.0	-0.005076765470757749	0.054531198408639625	-0.13334327482210107	0.20302940489548305	-0.11532267610044666	0.02401433326429664
12800000.0	-0.11540092198350749	0.11494706417931866	-0.15116778292372524	-0.11137866865942092	0.05846139591860844	-0.04688065456498074
13000000.0	-0.06764602917145979	0.0856645569003156	-0.15623059087853108	-0.08140347163348294	-0.037302608924194125	0.11294523651436962
13200000.0	-0.03970591423589909	0.1064161374775523	-0.2250071048822353	-0.028164903304961228	0.1008532706972538	0.0820468762213463
13400000.0	-0.03011902345908979	0.05638047746102259	-0.2539730270170686	0.023903938341613862	0.001579810912759605	0.05770555041814755
13600000.0	-0.04918832849790533	0.054743033935537255	-0.27931868815121774	-0.08068886118892737	-0.12041996775883401	-0.07908555706171022
13800000.0	-0.013415573679871784	0.11632908681271203	-0.18534033663104865	0.1026343024345906	0.07499847036601803	0.06869278808818276
14000000.0	-0.06918198456716951	0.08134701293682944	-0.21394684849059376	-0.057139522638028684	0.06901683197353758	-0.18143968587858236
14200000.0	-0.04067697655078817	0.05685820956178844	-0.10271040822339894	-0.11569500023824197	0.0020208087852724432	-0.021380119556939862
14400000.0	0.014001149022419668	0.06151665921293947	-0.10454434920556532	-0.003559042104795296	0.021999587117390362	0.021687220201847497
14600000.0	0.014124915568405783	0.05538012485301458	-0.10704835707215987	0.12497646503527893	0.09932771406994423	0.10191519509961328
14800000.0	-0.0501798397388562	0.006104891482724639	-0.1638842439939705	0.08101282725585612	0.006976708453815483	0.044066067351973166
15000000.0	-0.09473511243293586	0.0011163995440872654	-0.2161336429479055	-0.1735785986883025	0.038073225744233774	0.03148243364419815
15200000.0	-0.01856824605322238	-0.015256351355452225	-0.2222930020180991	-0.05192169019876758	0.063438960866387	0.02419961660497396
15400000.0	0.004671319558804399	-0.04666904976965647	-0.25004549322485325	0.03377843345036702	-0.012269061269906345	-0.03651715526845357
15600000.0	-0.01062197338424653	-0.04015654034702232	-0.2245911289531759	0.0015842442296412074	-0.22521107845313537	0.041398900307169105
15800000.0	-0.015905440032113916	0.07122310329248815	-0.2784755416859328	-0.1077453115826934	0.16953516938366286	-0.0980176586436522
16000000.0	0.036570981144849135	-0.00745874799484314	-0.23158585083016314	-0.07970164288375958	-0.11629301904127498	0.21747847721803487
16200000.0	0.06873170061387945	0.050569790433602435	-0.34975106360524744	-0.09443282454225077	-0.234678051624027	-0.17714008161218922
16400000.0	0.119946808339912	0.16755918348914078	-0.25638042826836904	-0.08708796895420168	-0.03889098839712579	0.0722700981022218
16600000.0	0.16385340440109442	0.19508910044145156	-0.2874226626824945	0.2080919410171722	0.13685210769805223	-0.08806164738183733
16800000.0	0.07791084908654411	0.1371861161445438	-0.22864485665061984	0.11644762058363156	0.11429527088804992	-0.03214666800979309
17000000.0	0.02987416471339853	0.08492436065828157	-0.22192180826814933	-0.09618159010079719	-0.057084967073424246	-0.04459973641865479
17200000.0	0.07963118607113584	0.11598603610435498	-0.16255855413208864	0.2256080110362726	0.1265250868415938	-0.07837927200531049
17400000.0	-0.01892839800103019	0.05645609564874221	-0.10112590293204926	-0.0009050551712297406	0.1286246428783262	0.13771893869437574
17600000.0	-0.019420367300922337	0.0003655776405373512	-0.1831703942333378	-0.03317134419183265	-0.06482973862915609	-0.012315732481294545
17800000.0	-0.004023159386873587	0.02922898870704449	-0.14433739883923824	0.03341434326763437	-0.15379855097979034	0.010295898222175824
18000000.0	-0.018076575039160048	0.10037942457335625	-0.14985740497248212	0.05027452314350089	-0.03754704491770022	-0.02411296538120441
18200000.0	-0.04249612016069726	0.12105647245466988	-0.170718928637148	0.1786460379159749	-0.07927142538607823	0.1519665852694977
