200000.0	-3.4503465102748136	0.9247434713023931	-2.7129526178523107	0.04438500963636768	0.021334004385254946	0.13158809216237147
400000.0	-3.4604835884948932	0.9181434127149919	-2.725884242653475	0.03761927057187452	0.14751442326411138	0.12346041862100524
600000.0	-3.488590177536216	0.897709809773343	-2.691277440021041	0.06121967668918139	-0.05289377498105121	-0.1148152359270343
800000.0	-3.5028522246293066	0.8789592737015189	-2.6608670815548088	0.10543606910557696	0.02182625312905987	0.25432977093913955
1000000.0	-3.50058547635525	0.8765157314901484	-2.6868610355088416	0.23543153281424206	-0.04978492562550624	-0.08837562850153587
1200000.0	-3.4786392510729556	0.8797684999491232	-2.705914098309546	0.18091862064598513	0.1036313005910649	0.18958835005321917
1400000.0	-3.44529464241948	0.8561720875442989	-2.6181786819022297	0.18005713985628713	0.03499430559621804	0.03125466158818796
1600000.0	-3.416415687683386	0.8302610368311879	-2.6208872336576796	0.03522166569240745	-0.21420144273115677	0.06117757490986279
1800000.0	-3.380893926149305	0.8229669654477105	-2.6145613805379746	0.12332611963578692	-0.007921362837279865	-0.09102076790404028
2000000.0	-3.3411517284494705	0.8279964950207578	-2.6632035949148976	0.14420739050427445	0.017131740763416763	0.00957076548931081
2200000.0	-3.2805707238866724	0.815634411813832	-2.6472658575091317	0.25384638198742954	0.0696345482855246	-0.042407698699967016
2400000.0	-3.2365496679481596	0.8207701655813243	-2.615330020831608	0.23298345125556869	0.03366656797331958	-0.043776227070599166
2600000.0	-3.1398380973542936	0.8278454195039519	-2.6142317737646783	0.24956020856406116	0.009382700195633689	0.04084958329835242
2800000.0	-3.068802935813629	0.8252566619192495	-2.6243496900268046	0.28905419273614247	-0.033255552969989916	-0.02498248959752371
3000000.0	-3.028530715226352	0.8247643364550945	-2.643115997548	0.3873348140548618	0.09474641817518598	-0.02523465481622369
3200000.0	-2.9668151645348178	0.8187092208259579	-2.6526745499113615	0.4640299425043691	0.19478208639057396	-0.0037260159770558183
3400000.0	-2.895662437530102	0.8047370600881246	-2.6495844977693297	0.3653368546603545	-0.07135518596603609	0.07672629794022928
3600000.0	-2.814144677104258	0.8099669611978652	-2.6574124072833394	0.5452252609032993	0.05039331942259259	0.01853919428619957
3800000.0	-2.709046277580728	0.8028288112287929	-2.6655388529293185	0.3014531835512715	0.07079443363899313	-0.0035481680101784674
4000000.0	-2.5842449292593725	0.7892971892279018	-2.653755031243805	0.6818070049588565	-0.053866171221337474	-0.13291126668069747
4200000.0	-2.496069294157332	0.8186804561092712	-2.636443261448396	0.5614325476928107	-0.024406600311126965	0.035745873671793764
4400000.0	-2.437931581620597	0.8034923158150158	-2.626699766777048	0.5381068613154205	-0.06186624057566489	-0.02790391957815533
4600000.0	-2.3031027531518684	0.7992138542602654	-2.624695328958974	0.40804822921736433	-0.18079793949068362	0.06013637180744922
4800000.0	-2.1648001065414038	0.7814758578582324	-2.631429677073254	0.6347521013886476	0.03760683389550456	0.010181460974862704
5000000.0	-2.078132371077105	0.8036125917311893	-2.64388668673476	0.6045461916974868	0.052356282772770726	0.11634508430794306
5200000.0	-1.9746998747815507	0.788880745228309	-2.63969431602071	0.6917524819839747	-0.021647214167924426	0.09885230279980603
5400000.0	-1.8210048538527424	0.782326724055419	-2.596536392935923	0.5635134149726468	-0.017653296667986696	0.13930465153578633
5600000.0	-1.7110288868848171	0.7888858493393638	-2.558788230474595	0.6822105797314698	-0.06793442028755102	0.057095342402021465
5800000.0	-1.58287195068878	0.8019249175157672	-2.5444423501658044	0.681505989572003	0.07182942525946082	-0.047732124216365156
6000000.0	-1.448906379440071	0.8106653983878171	-2.5709440549471836	0.7860208870971944	-0.05845970441422853	0.012691493864124942
6200000.0	-1.3283019525958846	0.8258208901158096	-2.563609719509579	0.746155717449753	0.09277322826656047	-0.0121004407761545
6400000.0	-1.128756026518027	0.8137919348075546	-2.5224667378978465	0.8206998699288119	-0.08737514971959501	0.009367652818163272
6600000.0	-0.9293123862133406	0.8126949334220764	-2.55338137059708	0.9111710750130719	0.017426072644932636	0.0999772310500708
6800000.0	-0.7720363267999129	0.7999234164515311	-2.5636599840305996	1.07061066450227	-0.06668916014899377	-0.11269144284791946
7000000.0	-0.5525573277791722	0.7830652470037273	-2.5418614135646243	0.9183188409677324	0.018290499908887134	-0.00741751516478269
7200000.0	-0.36771791446377255	0.7669131289680229	-2.5231857954893036	1.0055999860659464	0.02646621979936848	0.048626126790907866
7400000.0	-0.15750955895660934	0.7429031665252447	-2.4504957160383083	0.8623390469122199	-0.15699292800552417	0.04460319918749081
7600000.0	0.02257251968091456	0.7371652412788241	-2.441245135376676	1.0509060920847562	-0.04317159183833957	-0.2012071825995953
7800000.0	0.2389609562183379	0.7244195611310298	-2.423112914018639	1.0854942527263967	0.014117749185292475	0.032166472201935845
8000000.0	0.44218342874797356	0.7387622260410188	-2.4474684029318667	1.1476609215981908	-0.007066084386440723	-0.07096766567983023
8200000.0	0.6835602855406737	0.7616944161151935	-2.457928163996419	1.064626592683636	0.04569652329537517	0.1587141628115145
8400000.0	0.8800643469320759	0.7774843320637166	-2.480243479920829	0.9826222760064628	-0.07307696680334796	0.10373925202219626
8600000.0	1.0670494110323432	0.7835974153481843	-2.452391401985013	1.1580608391096079	0.09290707828334888	-0.1947713877097134
8800000.0	1.294566931395459	0.7594346792901486	-2.456829600203188	1.0815744161656595	0.04508833485096275	0.11365166338356526
9000000.0	1.5222243203234878	0.7691899784460259	-2.4370305464846433	1.2364125792425311	-0.10550473251574415	0.001648951032004404
9200000.0	1.7409219581723607	0.769092385614413	-2.426329735635071	1.3260993783245905	0.11347117172283322	-0.013901808735084589
9400000.0	1.968655297221316	0.7854898763569559	-2.4232364771475687	1.2831578866846378	0.05017985599391001	0.056573531306584594
9600000.0	2.2022287043161475	0.7966845279096222	-2.4610796347699697	1.2159615247406506	-0.09583471772347366	0.037367237967738116
9800000.0	2.43846715557888	0.8110459559310964	-2.4183989779925716	1.1879485886619963	0.07301611695004712	0.09479427256366973
10000000.0	2.714597519263098	0.8184240015593865	-2.4847149439348066	1.2854998766709962	0.019880811318221347	-0.18198740554608817
10200000.0	2.9765593519400597	0.8069665262392306	-2.427043463839685	1.4387579560293302	0.037851898911322256	-0.05555643219851174
10400000.0	3.231633193370971	0.789241796352608	-2.4179865263686815	1.549916231158472	-0.19761323085929175	-0.0856921594292123
10600000.0	3.5511558006214163	0.7917136287394597	-2.3935907755278607	1.367942942197164	0.06888832327683662	-0.11531073650848513
10800000.0	3.869857343670561	0.8136875052518745	-2.45786409251275	1.3034977925290692	-0.08203828199525746	0.1464940164727854
11000000.0	4.2096912863540705	0.7980044309643046	-2.4430713525783623	1.5088495739156222	0.025347247387965403	0.04949941709096455
11200000.0	4.483859453995966	0.7885744309892194	-2.460437700123332	1.6098808754976395	0.08667194533925052	-0.03341749880706255
11400000.0	4.814244657076246	0.7910187309603873	-2.4575090759988	1.5898531417493136	-0.03106874227360026	-0.07254970068105779
11600000.0	5.138288998971543	0.7792861016054852	-2.4236524199823246	1.4658151858633457	-0.11250270691506803	0.02699644700571949
11800000.0	5.427790225745536	0.77234624850031	-2.367133198922427	1.4277112398332108	-0.013861801730515537	-0.00039933439917491653
12000000.0	5.763180163620706	0.7765767762360939	-2.3645832014370622	1.692055522109691	-0.18183650629665762	-0.06328217109077416
12200000.0	6.064086867975478	0.7506269423780682	-2.350315409994951	1.6652893087099092	-0.26359449915665406	-0.07995963225989823
12400000.0	6.378725392664109	0.7497441941711507	-2.3285582613105658	1.595340859264368	0.04813415655704428	-0.13119881223702262
12600000.0	6.701776456462849	0.7614105523708743	-2.3495613462592466	1.8787254901356412	0.011231022325485557	0.07695761941563488
12800000.0	7.066651641155467	0.7446847861264736	-2.279436372250056	1.7724083434080937	0.23307531894797834	0.006819866037255228
13000000.0	7.423254622515502	0.7307173241348889	-2.3030318421389113	1.7492383564944711	-0.09012110764272356	-0.1922907779114809
13200000.0	7.729717412905422	0.724849335197821	-2.3526150012129086	1.6755412228736626	0.013773811330180245	0.06769974048087135
13400000.0	8.12878855872301	0.7432022325409594	-2.313052265671289	1.787350089421563	-0.1320895589975786	0.027534612596300866
13600000.0	8.510459407627597	0.755516950873809	-2.3439578059641906	1.7749595225134462	0.08591106622267577	0.03797855992165527
13800000.0	8.897945592032173	0.7433017327432325	-2.358985733747903	1.9555675027699724	0.07497349326275174	-0.010136064714006713
14000000.0	9.308884872133763	0.7363304058905723	-2.3831017558561784	1.7201762252547723	0.011917675006004737	-0.07157244832689627
14200000.0	9.694022313023575	0.7329438127216515	-2.3352322048811454	1.850914709579223	0.0535485847530623	-0.10043029953077322
14400000.0	10.06065209270372	0.7271012590748303	-2.354170529423119	2.1398743643992106	0.0775629940533933	-0.0889219239359273
14600000.0	10.459933807764038	0.7283516238790281	-2.300807749485878	1.907387828728541	0.06288743986661646	0.07753447791489813
14800000.0	10.884680973764276	0.7129329535751849	-2.2894686883870006	2.0247135746170923	-0.11074251117052247	-0.08155645814637538
15000000.0	11.319062866234756	0.7215533009133834	-2.28579898108645	1.9928620890924282	-0.03887769732979408	-0.030761781394414392
15200000.0	11.749572150796803	0.7153562934188601	-2.269255851710358	2.1119189417472195	0.07809438205108574	-0.17497897587500075
15400000.0	12.177108071577376	0.6986040110802966	-2.3208797567327992	2.376848651444981	-0.04727347776346439	-0.02855099754087993
15600000.0	12.635956276130894	0.704154530110359	-2.3533122795389696	2.2352411976346214	-0.09145549026200109	-0.08853642568297068
15800000.0	13.109206090446747	0.7037328890317623	-2.3520227718292586	2.18597766970052	0.18532010920563172	0.04549067629029532
16000000.0	13.590392530701074	0.6751452276231755	-2.383132340706154	2.2040691891300703	-0.02003455997018524	-0.052350785537400586
16200000.0	14.02950668315289	0.6637264868924518	-2.4055099771643884	2.20054335971938	-0.1231802376934786	0.11191078847515093
16400000.0	14.477681564543502	0.6737494193165697	-2.3908060436749343	2.2323886283056975	-0.10840689736989399	-0.023503172105643635
16600000.0	14.96624672661866	0.6645234451428692	-2.3710196160824424	2.367986026224503	-0.12677877930544218	0.013584931871727681
16800000.0	15.429883603173508	0.6453513621649902	-2.3941400967466477	2.253738324681564	-0.007978450383140108	0.09036382200230676
17000000.0	15.887172738816485	0.6478820922122337	-2.406584484642685	2.5174748382677925	-0.0006000169339724359	0.13530019896798937
17200000.0	16.35824752101099	0.6497791347855599	-2.376937092305007	2.2910239697290846	-0.14206134796959086	-0.011660910156536522
17400000.0	16.85273062210695	0.6321131433774135	-2.319077858874417	2.273206702897141	-0.1010596039848308	0.031126285134261952
17600000.0	17.342993797338142	0.6384481396635534	-2.3003387782023816	2.466352760706509	-0.05905832262601654	-0.019749178446764007
17800000.0	17.821681294156267	0.6175991138166493	-2.332625688884295	2.525033422505438	-0.07937733027350749	-0.1722858520051742
18000000.0	18.291996668576076	0.6175768397468807	-2.342421376201339	2.601804407762648	-0.04820158132150568	-0.13338097341023764
18200000.0	18.81834177781256	0.6044470580465386	-2.355945151163658	2.368029351386799	0.04921623625543186	-0.09690312390458665
18400000.0	19.3413919896268	0.5986176209934702	-2.369058980867301	2.5186163904113763	-0.17738991559460254	0.02145113030751851
18600000.0	19.869006775110684	0.5913936600283773	-2.3957622788076907	2.4905970742942287	0.06960850755517489	-0.016502998496794215
18800000.0	20.37887762809129	0.5698178450729668	-2.3674849916328276	2.468697286944356	-0.1324220027948842	-0.026939888361794062
19000000.0	20.883579077870586	0.5597968711569907	-2.373254293608197	2.6508179875899502	0.15249134399518674	-0.06062903736524881
19200000.0	21.428170415529905	0.5631791803382423	-2.3549555010367462	2.6059698111225225	-0.07329065622689736	0.05908306557422136
19400000.0	22.016242110716224	0.5348450776393405	-2.3190602846930055	2.6992711994099574	0.00473535545009366	-0.04973716454248861
19600000.0	22.537475622509138	0.5161183975068926	-2.284349769838478	2.7842963364122504	-0.11867623318541973	-0.05892996990201505
19800000.0	23.094182017040776	0.49496202144677864	-2.2868614615567084	2.7893622985797664	0.02032156521287143	-0.03942553271401044
20000000.0	23.68267004767633	0.505758840889577	-2.2577831176396463	2.6920142995836693	0.1884884748103764	0.09212422461386979
20200000.0	24.213826394703823	0.4888999931643584	-2.2586914914945466	2.6151905475715878	-0.07507382468286382	0.014909319397214045
20400000.0	24.785846286665933	0.48481606813463085	-2.283092905907847	2.810301960243296	-0.003461301012544632	0.09996671533863606
20600000.0	25.33327670179456	0.4471555201275427	-2.2846455015451674	2.8425168560383947	-0.12703120795968126	0.1428250575278306
20800000.0	25.951230104089362	0.42253365448617025	-2.255624980131054	2.807027725872575	-0.2876048187916979	0.17096722109917442
21000000.0	26.577778439418275	0.43217925513150107	-2.2807424537031262	2.8286057669215205	-0.15564552272561172	0.0935399742498483
21200000.0	27.158962512544853	0.40722164392601795	-2.281626388026223	2.989194474663916	-0.08638509365883126	-0.08874298809987516
21400000.0	27.784500819377005	0.361213943651037	-2.2219526814116968	2.8788067739391	-0.1770851696750469	0.01912779199946377
21600000.0	28.37656646123326	0.3423457868400441	-2.242286437623629	2.9642968733503596	-0.18704820246839704	-0.168219237714603
21800000.0	28.97447149959096	0.3227847931751356	-2.20467799232326	3.0228118005246016	-0.11914821478813575	-0.05734385165363509
22000000.0	29.596486071073723	0.29764617051914005	-2.214574562706537	3.1273544278975973	-0.06668266181045035	0.11290453175139792
22200000.0	30.153221131828538	0.26132864041791765	-2.2172411758384882	3.0634306217619502	-0.108497351529792	0.04769697769521671
22400000.0	30.805065066863538	0.22851823834260265	-2.213166262942298	3.237868678115148	-0.21450015942945777	0.0820568399253082
22600000.0	31.418486384142437	0.21521120759368328	-2.241773942776546	3.070475622858322	-0.005575677821005862	-0.05105376164184687
22800000.0	32.05134437812775	0.21336022516776942	-2.187344156250754	3.0640838568513136	-0.27494552361531105	0.22617897207052381
23000000.0	32.71968634987454	0.16568829839977317	-2.1676126506438376	3.1892688862268193	-0.03269446130957637	0.07135936772872876
23200000.0	33.378097514599894	0.13612346527816266	-2.1940302431666416	3.3668202335295834	-0.08366004340169385	0.19722294788998243
23400000.0	34.026196281972595	0.10160548017701276	-2.1812901374215974	3.174432741442164	-0.13553314938289088	-0.07401655705047991
23600000.0	34.67406403289442	0.09426821177998801	-2.1848128122628703	3.1987228713034823	-0.062169708056863865	0.1472612503930293
23800000.0	35.35275846826208	0.058656406825977836	-2.1946204622984418	3.294825311132297	-0.21380005509852373	0.06518971496536696
24000000.0	36.00854018500536	0.04573793790103142	-2.129010103407267	3.3264413284521033	-0.2642303329887209	-0.03205205419126171
24200000.0	36.687747970108695	0.0202838034040016	-2.1209895102960057	3.564253089824909	-0.1286267966081907	0.09431915731788003
24400000.0	37.286405542989	-0.027085058618053437	-2.1335754386578296	3.2511448405199426	0.03181725262539395	-0.10958941936226803
24600000.0	37.94882082007677	-0.06933761637510993	-2.1427272268309157	3.50565831301441	-0.11084196467340272	-0.01241164892486088
24800000.0	38.6579198672192	-0.09090564802185941	-2.1700001112423752	3.4688875662867735	-0.10420027150190965	-0.13061381285627618
25000000.0	39.34812461955388	-0.11031721799510441	-2.185953081074243	3.731079232235611	-0.1576720418165266	-0.051129578344180644
25200000.0	39.98860785257662	-0.15115451247641054	-2.1629472296958245	3.4342600782935464	-0.16742827119755552	-0.04666576393996315
25400000.0	40.73695434339739	-0.1872677967114902	-2.1543261366645363	3.565642233392961	-0.3500464399219507	0.02301684414295268
25600000.0	41.43887788581399	-0.2403797465316474	-2.1484154848388783	3.5421610391897875	-0.15477847943738904	-0.09248853932745149
25800000.0	42.15144435466182	-0.26377929893592333	-2.149084796680212	3.5815491212697075	-0.20260796109685517	-0.06083749669419291
26000000.0	42.89185181613223	-0.2940071184759543	-2.1563622523511743	3.7735843485900573	-0.392252159949654	-0.04926641819542262
26200000.0	43.6040239598386	-0.31621856873681975	-2.155576869583982	3.666166027699322	-0.3287292017542623	0.03263311606998418
26400000.0	44.36389632330464	-0.34895207352999325	-2.158987790129624	3.735286910145218	-0.2975155857848035	-0.020729670035231084
26600000.0	45.108171415492784	-0.3847486264489419	-2.1983421419783093	3.7052954615217715	-0.2795417528328767	0.015107660564525964
26800000.0	45.88159736204934	-0.4374551368169417	-2.1904109248504247	3.7274494652903396	-0.14791771386142138	-0.31011284413831375
27000000.0	46.63066185545073	-0.4916590346287929	-2.1918178542098232	3.827869759645927	-0.19607212786852427	0.03147063629778692
27200000.0	47.43198196105374	-0.5427803865612184	-2.1479945097917943	3.626587860873863	-0.26494910396959254	-0.10101636093437406
27400000.0	48.205315467097726	-0.5862223877463453	-2.1430410059655722	3.8285078555846526	-0.29102739322394744	0.1183345117752488
27600000.0	48.98132810494598	-0.6402536244337925	-2.150666068878775	3.98906424476841	-0.2949762926937672	0.0017656987256274386
27800000.0	49.74546301277589	-0.6775252498451754	-2.1541827432819463	3.970204295571834	-0.36456756742667484	-0.051819413848804494
28000000.0	50.52118519885881	-0.7219235543085816	-2.134862773858308	4.099332447897563	-0.4465030331817341	-0.05419012367672931
28200000.0	51.33386983104017	-0.7758055239571796	-2.1560010724176664	4.037248531335487	-0.20815174323842645	-0.10152601173551352
28400000.0	52.11007893570752	-0.8577739137001564	-2.1988981524199964	4.002186439882777	-0.19676386846468052	0.03181128784020829
28600000.0	52.892308748657896	-0.9207417639826686	-2.2100740094708753	3.9539769662429713	-0.5491716101236153	0.09166674843437898
28800000.0	53.68900564186299	-0.9917223735600319	-2.2248435865460636	4.060522812090356	-0.40133799554141675	-0.15447648287990692
29000000.0	54.48691399504445	-1.0673272477922973	-2.176393390947972	3.8817150733608043	-0.2665611150807486	-0.14158976735087744
29200000.0	55.33128274405648	-1.148639973786738	-2.195099775304575	4.186148986536205	-0.2304242053026045	0.004171970993577532
29400000.0	56.110042695744994	-1.2173422829342657	-2.165648237773327	3.9698572915517767	-0.3753907645190572	-0.017081545454781518
29600000.0	56.95030986359491	-1.2923514796099491	-2.1621185323875753	4.078268171686793	-0.5221800885895848	0.08066361637568849
29800000.0	57.77786200080427	-1.3515590292645001	-2.1646562720122913	4.2402507529450855	-0.23599793884063158	-0.02466374439085563
30000000.0	58.607556229906464	-1.4123416317340671	-2.155628624598368	4.136794689971002	-0.24366144600988168	0.00018097264578909372
30200000.0	59.438687384320374	-1.4930723278647142	-2.134307453203618	4.2478715972613035	-0.4460519018211959	-0.06318970167944277
30400000.0	60.29554218678556	-1.5749817459318476	-2.114248810158766	4.2693718871168	-0.28879906315897397	-0.011572427620907624
30600000.0	61.12185702505753	-1.6597853102884843	-2.142200941588795	4.20724928526031	-0.36924502548183147	-0.10366187402834752
30800000.0	61.98637077182832	-1.7227720537869429	-2.1200385697992283	4.230800586274151	-0.44926577747013435	-0.030375697098750862
31000000.0	62.85266484036071	-1.7998276315955974	-2.1001774074364454	4.295252039894715	-0.47685220984437027	0.05517368879529517
31200000.0	63.696287770718406	-1.8889970352499266	-2.097556525862752	4.309725425637977	-0.299111232983548	0.004857144323750141
31400000.0	64.54522887597892	-1.9924504885748264	-2.1152701162701795	4.424162748294436	-0.4053291575029576	0.10660371684046363
31600000.0	65.4354101283566	-2.074132788335362	-2.1140353843001276	4.403955319697577	-0.5851534241288825	0.009410892670015773
31800000.0	66.31542968635286	-2.1704826911570896	-2.156120018628026	4.476372602613465	-0.4002511523274009	0.00431864546603216
32000000.0	67.25707103938063	-2.245877129063036	-2.143950764055632	4.630647236312225	-0.5875906606348453	-0.0027688345184699913
32200000.0	68.09871844070148	-2.3391829772998842	-2.133554105675804	4.528875436360662	-0.4997344542526133	0.05491375054366244
32400000.0	69.01285167800451	-2.4313525272872374	-2.096544884040912	4.663743470429637	-0.5441188645583543	-0.06799870931023046
32600000.0	69.90957242596875	-2.5349973605158054	-2.1083260951667264	4.4594902940708625	-0.5644866568515173	0.051931604337566266
32800000.0	70.8380605704226	-2.627636782699893	-2.1328562336277175	4.4424459756607515	-0.5745614154067846	0.07377743196428206
33000000.0	71.79384533632447	-2.7332695052920277	-2.1244184025810755	4.537086588375663	-0.49266042946139327	0.12003758636209769
33200000.0	72.72988016763996	-2.862400423446368	-2.138194108486737	4.63047336457283	-0.6790396508102114	-0.055005915588519236
33400000.0	73.68172014940168	-2.976932534589538	-2.176037512072214	4.590636940864647	-0.5972598402933427	-0.02465690379554599
33600000.0	74.61403049385903	-3.061532956606875	-2.1737505446692347	4.858623771338597	-0.5855386716632407	-0.03601786257321169
33800000.0	75.54629182148001	-3.174003495484788	-2.242620716551919	4.771411171013437	-0.7189303572391178	0.06264707935140744
34000000.0	76.48570314725642	-3.2930050297832354	-2.2088575891983613	4.919305820158228	-0.693714399380741	-0.14099387988479253
34200000.0	77.41234229577316	-3.4186049496955944	-2.2186972749242058	4.6448201517212135	-0.5250663965423489	-0.0038700526263453863
34400000.0	78.39526307339176	-3.5635286474332566	-2.2082533426254067	4.602961557954067	-0.7096686744060451	0.06263459186405645
34600000.0	79.3550589388763	-3.7215690569774558	-2.2053037633026387	4.741598035712024	-0.6930467060631976	-0.05446886630292006
34800000.0	80.32409197168427	-3.879003923070471	-2.2104869183981033	4.871797472420314	-0.7134977649555134	-0.10838885355149998
35000000.0	81.31425890926184	-4.023591715931257	-2.145448412332975	4.898187037942011	-0.6967185302990079	0.035212208116542916
35200000.0	82.32307827857291	-4.170363692240669	-2.1419908299139623	4.818334237935553	-0.6342412491650126	-0.007041351548871649
35400000.0	83.30162047899864	-4.30169082009104	-2.1389422979227395	5.036975129005651	-0.7489292390381348	0.08125164985742363
35600000.0	84.25879113868113	-4.44254618540562	-2.1003843568891836	5.192393607293496	-0.8068050544386679	0.15400035911121257
35800000.0	85.24444518289162	-4.592291671432926	-2.0609372185748627	4.851368623522001	-0.8069713025456511	0.03435898401033858
36000000.0	86.26222600514707	-4.754179335118717	-2.0579540934171914	4.835736165919753	-0.7992969524280698	0.07456075020957388
36200000.0	87.23100333552948	-4.904064720892172	-2.0569752020727377	5.1049932284261414	-0.8003882466931176	-0.03723830565300716
36400000.0	88.23499232732793	-5.047770580974071	-2.1165657554427524	4.957474310515038	-0.8350483923945454	-0.1069536262911966
36600000.0	89.2122765032644	-5.204476363036324	-2.1492049209276582	4.986062741714273	-0.8066906332104751	-0.03782887762466956
36800000.0	90.27688023502125	-5.372087760468435	-2.1590324323794485	5.057940632084957	-0.7567726322134785	-0.06018918127611521
37000000.0	91.30881900938213	-5.522913743302826	-2.1359337349153056	5.117232714561642	-0.878984487344426	0.054357550966758435
37200000.0	92.32338167218798	-5.711957676662131	-2.102652859683355	5.14649145783017	-0.8629247207464567	-0.12917002385839862
37400000.0	93.3939594957804	-5.884506822409012	-2.0941622999570293	5.135056913008795	-0.9101187395249825	0.1754014610417159
37600000.0	94.45823947002334	-6.042650860469141	-2.058630111318392	5.368665883069209	-0.6833875057963845	-0.10620234292034635
37800000.0	95.51577352706161	-6.225433414737449	-2.075391830836544	5.191678621304288	-0.9160752771639465	-0.06188540778845935
38000000.0	96.56444523147591	-6.416638469581311	-2.1289787935909215	5.16347091358474	-0.8990115242294225	-0.08425090955786477
38200000.0	97.55967509931145	-6.636953504937813	-2.103772840932674	5.299058216436031	-0.9307878860236466	-0.010457313812744676
38400000.0	98.6108872001195	-6.856568176906543	-2.093835433998942	5.359653753748771	-0.9281838414964162	-0.014949313466753848
38600000.0	99.66418770460629	-7.099607854240304	-2.0780221747184133	5.18791934458727	-0.9810553821713797	0.05312382431262695
38800000.0	100.72341995679605	-7.322485443266694	-2.023686931518212	5.553820218738684	-1.324519523994033	-0.12118783844737943
39000000.0	101.78100984289883	-7.553535284403355	-2.033613103244636	5.489238545685338	-0.9626110059154791	-0.13217773348087786
39200000.0	102.84117283797451	-7.7663637489215835	-2.071310248894154	5.373049717946051	-1.1072407816461731	-0.03106258335152846
39400000.0	103.89184302106915	-7.979806051138048	-2.100103264630886	5.356269892446941	-1.2881333877404635	-0.02588390060857559
39600000.0	104.94523661297366	-8.213815240082345	-2.1173462623439345	5.411060833114589	-1.1549484104208572	0.02132479524609905
39800000.0	106.04037753824329	-8.444680548175416	-2.1107073500715745	5.520555240556253	-0.9860208886410033	-0.19451695645581202
40000000.0	107.16934626349122	-8.688816169092318	-2.1203865441017675	5.420532067396017	-1.0274559324277368	0.04347843857184956
40200000.0	108.32011271520344	-8.924906244578038	-2.1320775098122056	5.6863362229326215	-0.9626310593638672	-0.1713157401822565
40400000.0	109.42568604467701	-9.175706267593874	-2.1370163256955865	5.738684901120539	-1.2823080567494136	-0.06601146360253932
40600000.0	110.52177378939875	-9.436505642739872	-2.1259806393207668	5.659212398040081	-1.1587056867864867	0.12137182491753462
40800000.0	111.66573528552989	-9.673887321882654	-2.1321552172679166	5.621408918465171	-1.4546746742200325	0.04362407070211284
41000000.0	112.78856765758397	-9.933213988064768	-2.139925552606596	5.584561899218418	-1.4760355933944331	0.220985763560962
41200000.0	113.90797017212891	-10.180000976448596	-2.1308647362075273	5.5725621519288175	-1.492517446337772	-0.033594438920667616
41400000.0	115.01247370323027	-10.47005775126763	-2.1561509106192154	5.820783384163993	-1.4929057593631645	-0.15541230437415746
41600000.0	116.17087927268945	-10.771268045880941	-2.206335028313141	5.682970367908575	-1.3325124327256637	0.1152167065502803
41800000.0	117.2862483914937	-11.070525145712029	-2.1764750118059797	5.70728956286304	-1.3294182967609685	-0.008361134899254946
42000000.0	118.42151047053709	-11.35210378210849	-2.1427757007373827	5.922414851433275	-1.4397933680045074	0.09228181946439842
42200000.0	119.56768831025337	-11.63656722685111	-2.123792064709681	5.815187163996768	-1.584612355346182	-0.1384240925030656
42400000.0	120.71253170298128	-11.92312734447255	-2.1470232869525234	5.803735456840112	-1.5583284482428876	0.08091419307190874
42600000.0	121.9019683136495	-12.225755489187396	-2.175539232054135	5.91182124813732	-1.7181813971542146	-0.0654355124307667
42800000.0	123.02688202422291	-12.558650855413912	-2.1756795529795796	5.828695350443042	-1.4619856615182494	-0.14203881813564165
43000000.0	124.24058061886888	-12.886076185881128	-2.2026377532471573	5.915862620120649	-1.6615117848455716	0.07347104485245338
43200000.0	125.40380508492197	-13.213031064575175	-2.197042387708801	5.9234644608252465	-1.6112533034931817	-0.07443634235810882
43400000.0	126.6048292382424	-13.545863240644222	-2.144946527051549	5.750345539548349	-1.656537906754145	-0.05743829949697701
43600000.0	127.75565115084432	-13.876762335429646	-2.1416642059090596	5.793516725635618	-1.682214501424284	0.058897900732107225
43800000.0	128.95422501221017	-14.228137929058033	-2.1268649999328297	5.919323890009587	-1.8105809630796066	-0.1718079763497148
44000000.0	130.20429554782098	-14.559823710423624	-2.1297703042561804	5.916336769836227	-1.7672212296024048	0.06659368401040057
44200000.0	131.4243757008141	-14.921306634916368	-2.1705904752439276	6.004319326608436	-1.9077283858017433	-0.11944635997152511
44400000.0	132.6231447969156	-15.277793611928907	-2.1785975807866307	5.985484726410964	-1.8758235988169698	-0.07806279199813386
44600000.0	133.86222625863533	-15.633817990465268	-2.158227905508961	6.040854020371903	-1.8309671677994481	0.04237758121102747
44800000.0	135.01542780489933	-16.00238222601535	-2.158265676487783	6.05171461414397	-1.9486058390077965	0.16905906786693076
45000000.0	136.20021396269016	-16.376743127791865	-2.220863029780924	5.899319614977128	-1.9229063488604112	-0.048587388939663745
45200000.0	137.46086141056188	-16.762101176842357	-2.2583899938787155	5.980309186694257	-1.9424147969978858	0.041172419852459265
45400000.0	138.68566931349054	-17.170730639839086	-2.2577638220346654	6.05376444568168	-1.9751217230697906	-0.14950688879301016
45600000.0	139.8996880527282	-17.570603817035806	-2.2806977877934553	6.08385843077038	-1.8236445647534647	-0.13587518588499425
45800000.0	141.14512432299998	-17.966354266965855	-2.3091078114981793	6.02290138812962	-2.0895264883870697	0.09201200615186136
46000000.0	142.345897736395	-18.375318029205967	-2.339192746455431	5.9871508645391955	-2.235207390371402	0.09133125426104041
46200000.0	143.581292126526	-18.802517524010426	-2.313081028279302	6.068494314734105	-2.1982497812761497	-0.11303683547822117
46400000.0	144.7718426512282	-19.230492854232615	-2.3142237331354836	6.1238967714453665	-2.0962925472565623	0.0612381720512663
46600000.0	146.0298567246617	-19.678533049887662	-2.3125024997765986	6.209323108199547	-1.9418457357267733	0.06905712607601214
46800000.0	147.26093806761057	-20.138876551712944	-2.3790152723584193	6.151953654895862	-2.3202776009741926	0.06448629361261449
47000000.0	148.46644420474445	-20.58189240570972	-2.3859618837031347	6.328090279045256	-2.2750129830059898	-0.0167205440110434
47200000.0	149.72123315502603	-21.044584442910192	-2.3459822164896407	6.280288886726205	-2.4856655905532383	-0.05070349832364185
47400000.0	150.95517414266772	-21.49225710529058	-2.327099155321971	6.283982204365657	-2.471470065825985	-0.08216224895527749
47600000.0	152.2320392148671	-21.961007846995244	-2.3308275620832912	6.391015287140823	-2.404283631657942	0.039039395929021184
47800000.0	153.52196988844423	-22.448225888348468	-2.304004306231474	6.4562400614890025	-2.4463476639714385	-0.1315823566822049
48000000.0	154.79520513362485	-22.939726406471767	-2.3098328314172605	6.313591974602778	-2.3214916894873685	0.02888264172406188
48200000.0	156.10212444089277	-23.427198243671636	-2.278707344813757	6.288480026058124	-2.583164672397069	0.10830714381132979
48400000.0	157.3724404768148	-23.91935421568268	-2.2204642672247443	6.305467417978992	-2.5055473362619614	-0.09766858022382931
48600000.0	158.66171410672047	-24.44888502370572	-2.252019185411741	6.434276768009951	-2.515253617190772	0.03980146819690293
48800000.0	159.90986164312164	-24.989198029132602	-2.2489016595832676	6.452498638314674	-2.619381166795741	-0.08997748342721291
49000000.0	161.15688173989614	-25.52770272956122	-2.2278124381304196	6.295414846981978	-2.5902075500747297	0.16732166055641665
49200000.0	162.4181434105113	-26.04906240358361	-2.1876887097438757	6.3808903990831105	-2.8092871629456067	0.005240547640343933
49400000.0	163.65750996251526	-26.59795493043035	-2.2008158990082687	6.483079728317154	-2.5488456972510853	0.016757103877344564
49600000.0	164.9278286505175	-27.166311560000494	-2.2275618958687136	6.453208557841054	-2.5602876689183414	0.08127602026482755
49800000.0	166.16107364526223	-27.729959828209193	-2.2101365359049563	6.5602564815649265	-2.8422604488530765	-0.03205616275793027
50000000.0	167.4548975412523	-28.28684874065837	-2.1990529071069003	6.290938328370667	-2.7935552347288173	-0.25072343404054787
50200000.0	168.74834899522907	-28.861159300610375	-2.2006140688458697	6.338579886368773	-2.811837141988524	0.0025928215638711147
50400000.0	170.0353908466946	-29.45290381290439	-2.1850265801675794	6.561326547258322	-2.961871455901639	0.07706115945302602
50600000.0	171.28668549596807	-30.038001441350062	-2.1750432841268763	6.412747206721523	-2.996344305387665	-0.021741779190443622
50800000.0	172.60842753195806	-30.64951510724224	-2.222361864009366	6.494588898005924	-3.005758407415053	-0.09590115493658613
51000000.0	173.91996319365367	-31.25756491635638	-2.2656013566969553	6.521274893931571	-3.0833866329211754	0.05867285743127535
51200000.0	175.1905238027225	-31.883511611487776	-2.244230484323853	6.475302583263694	-3.1589018762146046	0.09780602009740162
51400000.0	176.49110827738144	-32.50808744151575	-2.2464277525426968	6.470180820710516	-3.4066339346076866	-0.02245422591142049
51600000.0	177.77911580025304	-33.14399244131428	-2.2723510247802783	6.469092922714262	-3.182485165346591	0.013917172025438844
51800000.0	179.09499800946713	-33.78241799853927	-2.292854249267863	6.448432792337001	-3.193070765671084	0.011860493151947808
52000000.0	180.44059389947225	-34.44833173013835	-2.2475881318656654	6.5700740688946	-3.2825883342695503	-0.14416897960949315
52200000.0	181.73451670731924	-35.103719530916734	-2.2522399887925806	6.514682366552861	-3.338344570246425	0.26053230930344046
52400000.0	183.05772310331946	-35.79167470150433	-2.2229679916670135	6.315111428440098	-3.5027296235540146	-0.2449170040206744
52600000.0	184.40178728716802	-36.48675773592924	-2.1998885685386735	6.4774610328536415	-3.3782065904750618	-0.08061779049122242
52800000.0	185.73778036711352	-37.1792156516116	-2.151010601586224	6.427546106973341	-3.453449786222441	-0.0958603457091853
53000000.0	187.05958876496402	-37.90228673539398	-2.0496313303220504	6.415332895061798	-3.671986960225435	-0.12269903142175495
53200000.0	188.37870446938683	-38.627780109643304	-2.0243827217349066	6.376981775588916	-3.657549027881804	-0.09042836914594893
53400000.0	189.68615439200585	-39.36284906471509	-2.0426372923108786	6.313519282720742	-3.7375879221485837	0.0011602432254228497
53600000.0	190.9954288087226	-40.115345365643456	-1.9840000693441058	6.757391788104545	-3.697670023663402	0.032188157568504024
53800000.0	192.28236027650905	-40.88569861223076	-1.9746041170643838	6.684401017298029	-3.695650003835239	-0.2231505256432848
54000000.0	193.57990652901623	-41.64201624334657	-2.003313513785971	6.533239829007862	-4.025689572916912	0.10430850862736292
54200000.0	194.87390415751491	-42.4210908272924	-1.9799367909229866	6.511853099052563	-3.8765456199967208	-0.06456029630638283
54400000.0	196.18937139659786	-43.20040941210472	-1.9691902342845917	6.521756284001885	-3.942653945088069	0.07954189014326334
54600000.0	197.51679842962432	-43.98508074720727	-1.9807179084704116	6.472810962284388	-4.257890756653456	-0.057028238042496474
54800000.0	198.79882587637334	-44.79672911985302	-2.002390592242808	6.7004315573788045	-4.157439364268912	0.00402399070013016
55000000.0	200.1066855323236	-45.64077275784358	-1.973348118155318	6.397138291325805	-4.090732431160455	-0.05352848033027985
55200000.0	201.44351175379558	-46.45655846889292	-1.9616708527728097	6.538064273129219	-4.32880414159424	-0.0672529656649541
55400000.0	202.74899492121298	-47.271444240039855	-1.978417993611413	6.550960610417118	-4.277881663990025	0.06484604027996374
55600000.0	204.06924363685218	-48.126850306771836	-1.9578448599639229	6.258313271879792	-4.416700192046642	0.0474832385677561
55800000.0	205.40218955936496	-48.971496623631644	-1.9839886072432893	6.691188075423303	-4.313549983298061	-0.23509546611638177
56000000.0	206.6600377135976	-49.82266395228718	-1.9704448883217955	6.318474729085544	-4.7466772366506955	0.2609619727032613
56200000.0	208.0056672155892	-50.69313579226633	-2.005929412302658	6.56636179543427	-4.4256230251333095	0.22104320709476585
56400000.0	209.35361132591314	-51.571153507894536	-2.0258507511002413	6.577565239467003	-4.531783814577045	0.018491531456588193
56600000.0	210.66694141914016	-52.47133922902769	-2.009589422070719	6.65473992974166	-4.658208287194737	-0.05056588857000039
56800000.0	212.01233742482933	-53.37820572727236	-2.0713425178332967	6.422940666570055	-4.567339013047028	0.0680587398412102
57000000.0	213.30037031581034	-54.31041764174091	-2.03867053242038	6.502847649226132	-4.770656566307106	-0.08810287161177993
57200000.0	214.60611787697744	-55.258198804136214	-2.014321355135986	6.4806848843623825	-4.587564498440824	-0.09729163054109165
57400000.0	215.8998499905248	-56.22414850018064	-2.0398307554591075	6.452834994803586	-4.786879052142369	-0.070792652417358
57600000.0	217.20662991071254	-57.19859759205213	-1.9919884114898507	6.487164254460401	-4.93994856122789	-0.06638113856896642
57800000.0	218.4891539607775	-58.19782288007696	-1.9617599175660985	6.551788617095706	-4.774858530429526	0.17724303730006494
58000000.0	219.76256051410303	-59.17517735518587	-1.9924988773254215	6.439541767256735	-5.0597048875095005	-0.06412084258513924
58200000.0	221.03068370534655	-60.17259914634705	-1.9526223993558884	6.5100656358319196	-5.149004345883331	-0.002333052442228663
58400000.0	222.3302596170243	-61.1796162875823	-1.9918028149334424	6.4624996919823205	-5.126268210505367	-0.026815592423526574
58600000.0	223.5925292561147	-62.21088749521699	-1.9964464374543895	6.519687427850025	-5.125833121591807	0.13846509347858826
58800000.0	224.8752259071022	-63.23529537338078	-2.0532891566245413	6.363566659279553	-5.235299508249378	-0.018182762795592333
59000000.0	226.12395311678614	-64.31022155950077	-2.060753216404381	6.278187486559496	-5.414214275329915	0.07176691505461229
59200000.0	227.38787820888098	-65.38522737144106	-2.0843510262591707	6.480195963620244	-5.275115753213198	0.09982070698402035
59400000.0	228.6675594496774	-66.45868973577066	-2.0978044171690944	6.262840415597346	-5.362486011119377	0.0651606432744767
59600000.0	229.92443302047553	-67.5343238293387	-2.095757475797601	6.337454253180443	-5.461796760685228	-0.08381304083381483
59800000.0	231.1807998326149	-68.65255883037534	-2.1174446067292267	6.332462583154921	-5.439780846024574	0.011130515164623588
60000000.0	232.47225448437942	-69.76545700049327	-2.155311685663729	6.283204025881408	-5.576081523302528	0.09070203673030433
60200000.0	233.7004069886118	-70.89281017333374	-2.175364222033286	6.2710975098718365	-5.737303027583761	-0.0803912491102543
60400000.0	234.98173646212686	-72.04270712657983	-2.173417362938631	6.16749704674217	-5.854132038477963	-0.026994499929378732
60600000.0	236.24749939620432	-73.19211688709514	-2.2147376670213164	6.392248050701314	-5.7550093292779625	-0.08004477387143925
60800000.0	237.4669576518425	-74.33834714245512	-2.226997161372239	6.313021185242435	-5.885220411261316	0.1259235177176704
61000000.0	238.717873623552	-75.52772896116062	-2.2367031666565844	6.190697696519677	-5.885736334769036	-0.05781280630980474
61200000.0	239.94489190342472	-76.71301479184922	-2.2444113923344045	6.257911858716861	-5.868292027901757	0.193512795323304
61400000.0	241.16933847119898	-77.88313533557118	-2.264536496306343	6.166514251560726	-6.10746481477847	0.01679311762758559
61600000.0	242.40558005499147	-79.09463849800471	-2.3024033990937327	6.082472777447735	-5.959136372901977	0.1070885101988697
61800000.0	243.63449808134908	-80.33111616508764	-2.2887960856246057	6.155667692664644	-5.9946473711894495	0.21962652096870894
62000000.0	244.8628998838996	-81.5870561345069	-2.303236997879951	6.182405836296628	-6.091245263491005	0.05490656014681823
62200000.0	246.06322000324602	-82.84793321348441	-2.322023403752689	5.924093492312432	-6.250875117330705	0.02037755028248362
62400000.0	247.272733596727	-84.10699773077924	-2.293909398055978	5.860297566666067	-6.393508001046455	-0.01718479475286633
62600000.0	248.43455901727577	-85.4006246125343	-2.2210391289375266	5.860826792892229	-6.47637872970674	0.24824064215804345
62800000.0	249.65095056517038	-86.68354362152657	-2.2151624014063276	5.967157181964251	-6.408222759257505	-0.03376184312781495
63000000.0	250.82325840071823	-88.00381399759802	-2.2040417629500872	6.102130662564279	-6.718559339717923	0.11936560190983826
63200000.0	251.96966411940454	-89.34406781072134	-2.1644078009602246	5.84806728061013	-6.616868075642747	-0.26046136131443826
63400000.0	253.17884274926286	-90.68376351048312	-2.15175482327417	5.982846535708977	-6.741337821145801	0.11694740249348566
63600000.0	254.3404317903709	-92.03780314266831	-2.1908150777603486	5.881190436322517	-6.913288831816312	-0.13509293886443097
63800000.0	255.50680649343005	-93.40346413480916	-2.155659474225713	5.966173470501977	-6.894975073320758	0.032112102402581714
64000000.0	256.7270172172595	-94.78757286053228	-2.1454077927894564	5.75239204390206	-6.951666809572591	-0.04294119912477976
64200000.0	257.87898450427826	-96.18007771563967	-2.146643444359687	5.763726262062134	-6.96829092075295	-0.29778367429414376
64400000.0	259.0515531345696	-97.60350446534517	-2.1622359086380007	5.674881603393849	-7.147708046811692	0.07575558785539052
64600000.0	260.2113584243932	-99.03112105039851	-2.177075998535331	5.743886563732207	-7.0867576410095205	-0.02606400950021133
64800000.0	261.32489393124587	-100.46240991443428	-2.186282103623123	5.648248747597747	-7.181353132943245	-0.10222697464481584
65000000.0	262.4144722315753	-101.91533510782178	-2.2184247161536748	5.507436198060555	-7.279344165847252	0.12854048437447432
65200000.0	263.5138908662497	-103.3966710585517	-2.2509023073769545	5.628135263794368	-7.260055499592806	-0.20992762527436748
65400000.0	264.5907381935555	-104.8527905418998	-2.2475034464532464	5.277429557857781	-7.388041475631022	0.13208041625615877
65600000.0	265.6945422168605	-106.33876865295568	-2.257070398042826	5.328874539302704	-7.219252183772404	0.04354920022688923
65800000.0	266.75646079206257	-107.84406333290991	-2.23462929918655	5.616915659357824	-7.66617086516089	0.16834750658099512
66000000.0	267.84196659159585	-109.36507236555758	-2.233920672074022	5.367126165236299	-7.629348910075746	0.11404033790879743
66200000.0	268.89511602611674	-110.87277355611135	-2.2085813443185396	5.517229704089422	-7.572717861692844	-0.16412148850323924
66400000.0	269.93271584488843	-112.41675441645904	-2.1878556784842873	5.087425694994084	-7.509589786476423	0.07850738202976053
66600000.0	270.93925484217203	-113.98387889855863	-2.147716234702276	5.121156511420537	-7.929313549979204	-0.1551427495222872
66800000.0	272.03220214943303	-115.58437876439133	-2.128981362512959	5.024226185835471	-7.760258786975647	-0.04204706580750223
67000000.0	273.05474850255723	-117.1822589402704	-2.1577810189707396	5.048441159061615	-7.935594032128632	-0.05868764143747193
67200000.0	274.090970649117	-118.78379281857488	-2.1582669023193164	5.029040039287634	-8.017599635293589	0.13641807423485378
67400000.0	275.12392234839945	-120.38014764469538	-2.157262447295622	5.107654847218177	-7.900426345914346	0.042588220363000556
67600000.0	276.072877830104	-122.02017713640976	-2.1430686896911837	4.819049739425806	-8.296939462827531	0.0003044713641469643
67800000.0	277.0206090646962	-123.65634004609902	-2.1426736048900143	4.765716747781537	-8.40400446179957	0.01928482844404812
68000000.0	277.96200418343926	-125.3018146938638	-2.1674967570564085	4.636007568241801	-8.041737072095724	0.07034850658765833
68200000.0	278.9204880511705	-126.95279188591873	-2.161492104629018	4.590741779587988	-8.329719297567458	-0.02833707288578025
68400000.0	279.87333192411813	-128.60460626065657	-2.128011645276543	4.596245384541068	-8.370564807455946	-0.18460657678766784
68600000.0	280.8305247182099	-130.29169319580078	-2.163809659003573	4.699387969663155	-8.583147876756328	-0.12966097012411398
68800000.0	281.714957845223	-131.9847368484189	-2.2075893207211723	4.532871265114608	-8.37301777670925	0.09097947458641624
69000000.0	282.6362945628253	-133.679466170736	-2.2400441915371117	4.291858508576574	-8.766170228831006	-0.09020446441351514
69200000.0	283.5304484461996	-135.4044375565239	-2.211333211688844	4.363649095478544	-8.632726358953873	-0.15753136492165867
69400000.0	284.362309855953	-137.15559385106522	-2.239566023897882	4.237018848565628	-8.91967030432317	-0.015661198774661933
69600000.0	285.21129888849526	-138.90679530154435	-2.19762559118404	4.281050222248474	-8.71340607412276	0.09620828344845382
69800000.0	286.0633229497272	-140.66626160556044	-2.204679938223183	4.416799865060259	-8.818316589283455	0.004102092108795088
70000000.0	286.91641204408506	-142.42732512634768	-2.199500826671519	4.363242654543684	-9.054250381216676	-0.07223233234083211
70200000.0	287.73278927179973	-144.24581919134914	-2.189781701778172	3.9892343298324624	-9.208218145697076	-0.09195213563129363
70400000.0	288.52850550504075	-146.05475905031733	-2.1850333140370384	3.9532820356702234	-8.92652401376272	-0.049458823009443174
70600000.0	289.29396506444664	-147.85782937086435	-2.194631344968175	3.7878778713487566	-9.105420020494648	0.006709659833023648
70800000.0	290.03855170223255	-149.69166254887574	-2.182851279259843	3.8381321885945963	-9.34740891412075	-0.1371597145043419
71000000.0	290.7664198745357	-151.5315362711855	-2.2144960787149186	3.811851612070597	-8.974989381612355	0.026652142147692286
71200000.0	291.51124754806	-153.38247980749463	-2.2316850175112464	3.783337102986572	-9.26708577127366	0.008645145191260127
71400000.0	292.2604869903496	-155.2374663263652	-2.2994074530262165	3.650063009409526	-9.509138369100407	0.005994889663813478
71600000.0	292.95218260984905	-157.09651246260808	-2.2889500347993597	3.5892819962578377	-9.300903343168681	-0.05542532974407707
71800000.0	293.6499192382875	-158.9838664715496	-2.276555973625576	3.473756476136642	-9.556618142988684	-0.06565848295175854
72000000.0	294.3486745709354	-160.87762895865612	-2.283326173568853	3.469704995750717	-9.459700151614749	-0.08508448551326177
72200000.0	294.99395515845845	-162.77787161846337	-2.2968302402480574	3.3251570012828533	-9.51537059369233	-0.11062089065287178
72400000.0	295.629409607489	-164.69464606993503	-2.3028101284135936	3.2115263365761657	-9.501564281675266	-0.03049129029664844
72600000.0	296.23374864324774	-166.62692110349258	-2.328843714743873	3.076031848997123	-9.615486794594478	0.001528663553061517
72800000.0	296.83326987330145	-168.58463348070356	-2.3114494679656286	3.0224915510652384	-9.740232682077327	-0.07973280490595201
73000000.0	297.4734902682043	-170.52291122854967	-2.3085425480110504	2.7631475986997645	-9.70384791291281	-0.13538379764756592
73200000.0	298.0377306933622	-172.48355365871916	-2.239588226394634	2.74279283639017	-9.864755474178342	0.07480990074342292
73400000.0	298.5567185530477	-174.44719278958294	-2.25621305916264	2.667377578280506	-10.014314702258934	0.05521432151854756
73600000.0	299.12040295032256	-176.44257930931025	-2.216135477255451	2.562593329387586	-10.007646483192499	0.07718120342859168
73800000.0	299.60519405426896	-178.43578754829954	-2.1681986124637724	2.45112381890506	-9.977863515251059	0.015111165714478176
74000000.0	300.1433119832259	-180.4606998516881	-2.1800216631847396	2.32644020524374	-10.036117211386507	0.06076473517431833
74200000.0	300.61083039542274	-182.4863397888843	-2.1482611183566527	2.280304576430592	-10.066072377459923	-0.1579377278458006
74400000.0	301.07052142337136	-184.52084280715883	-2.1383492463531075	2.4173157922499406	-10.10112232920323	0.026700131309987368
74600000.0	301.54912846938106	-186.585833934594	-2.13937638519676	2.164532114779245	-10.202278158188903	0.09163047620525885
74800000.0	301.94794519297216	-188.62930748022123	-2.1263592977990986	2.016077517033161	-10.149060765616927	0.12905842034549161
75000000.0	302.3127792236022	-190.69423666253584	-2.1277174885907475	1.8635155352590185	-10.321672613240338	-0.04050250766574996
75200000.0	302.655287388103	-192.75698269478175	-2.142324705604926	1.921800400703072	-10.490130551222137	0.18324242071223487
75400000.0	303.0310576768628	-194.83797915280746	-2.1139283748955853	1.6364136914309317	-10.480321844543113	-0.01548448247696124
75600000.0	303.349353272615	-196.9528202567792	-2.104872729510288	1.5957340659995385	-10.50342674265038	-0.08509692809696172
75800000.0	303.6613512473565	-199.04860360977412	-2.1054864928943493	1.2313671525585783	-10.603578655564014	0.04598013994896815
76000000.0	303.9368459191812	-201.1563096287767	-2.123345641210101	1.3481546216195912	-10.632687718529565	0.07321934270827914
76200000.0	304.1917269562139	-203.2829136291549	-2.1057677748434824	1.3654269361595617	-10.556157161482737	0.0947630504722262
76400000.0	304.46599292658135	-205.38321257878158	-2.127400853616816	1.1935301953282969	-10.642060783772362	0.2410597418608201
76600000.0	304.7086652365384	-207.533990629224	-2.1809999587351574	1.0015545482997277	-10.626690853433876	0.08822555438992025
76800000.0	304.9141043315206	-209.67193637776776	-2.2278289082623446	0.9865214512074122	-10.642744416110407	0.08051161847753935
77000000.0	305.0883375119491	-211.7673558441845	-2.2236288691551516	0.8265857202570807	-10.677657555067693	0.06699079681167108
77200000.0	305.21507852907666	-213.9197037197196	-2.248452844041391	0.8117894472629308	-10.611398840792658	-0.10992049009225796
77400000.0	305.32991344239986	-216.05678094530793	-2.271657216047904	0.7026559945518083	-10.80352154639524	-0.036502955226067245
77600000.0	305.35208159757354	-218.22869414561612	-2.220207169717291	0.34494520680484225	-10.739850809572362	0.11364258680263174
77800000.0	305.4110308135824	-220.4185089235238	-2.2340236826817845	0.5104391551282943	-10.801566634190934	-0.011551860949348411
78000000.0	305.44079421980365	-222.60318838429743	-2.212105924107294	0.32148990154923607	-10.829250298186093	0.04709039492921369
78200000.0	305.4927043625842	-224.79496446289048	-2.169052534601239	0.028714716523893832	-10.986565262863717	0.08918359946822296
78400000.0	305.4759436758711	-227.00292501708037	-2.1269684614164475	0.023462838527371355	-10.820805948958984	0.14405035866833654
78600000.0	305.45666762040184	-229.20411858951272	-2.1189547270396227	-0.0484826570164065	-10.917937083008761	-0.09796329193613919
78800000.0	305.3615027191179	-231.4058838473882	-2.0926422810792475	-0.3228353281604659	-11.188714968660413	-0.0978812797482079
79000000.0	305.26466646100556	-233.59254022981287	-2.0665443059841215	-0.5738981096179401	-11.06581928682532	0.1267745183113181
79200000.0	305.23491801473693	-235.79583796350923	-2.069401107750927	-0.507087341962309	-11.038344057386105	-0.04826788877329079
79400000.0	305.09504366549976	-238.01116790659657	-2.0339784707933104	-0.7380943632169815	-11.034076249522576	0.07749716627894541
79600000.0	304.9326666719967	-240.2334512228952	-2.035664745465432	-0.74318612675746	-10.85423261583429	0.04844151282571738
79800000.0	304.75532109442645	-242.47914634221846	-2.0742522396657295	-1.08371279590184	-11.11079958752425	0.2492502506821628
80000000.0	304.4879518779494	-244.6893436254841	-2.082009829512059	-1.3214443324615948	-11.092941820235438	0.09197896911726554
80200000.0	304.31372099326364	-246.92302447609856	-2.054601869290519	-1.0817027957181862	-11.096911326544465	-0.07067815550068143
80400000.0	304.082286480116	-249.13792375606803	-2.015818804923287	-1.326722705947523	-11.113802596647664	0.031218437297569446
80600000.0	303.8301104565858	-251.364327512958	-2.0160838144096442	-1.5148055067655168	-11.215955068315546	-0.05630602983239212
80800000.0	303.55493621873666	-253.5851350058914	-2.0569557072097733	-1.600876680726683	-11.219089951562635	0.051902259009809944
81000000.0	303.21279159994737	-255.8170443072894	-2.043397619747214	-1.7013088843054949	-11.113890775111543	-0.04545895356107318
81200000.0	302.8548370857491	-258.0475703095053	-2.1030080161019646	-1.9464140821207547	-10.979999216960758	-0.02423339225598393
81400000.0	302.45985052056244	-260.2758141599174	-2.129367887747284	-2.084502010868747	-10.893614113919199	0.009359418692320228
81600000.0	301.99859133227244	-262.47603556090144	-2.110681573692311	-2.1051383784220983	-11.03443896314594	0.036618822618105736
81800000.0	301.55003682013086	-264.6631541860638	-2.098676383124245	-2.3923761713574576	-11.066290328700804	0.12708743111416404
82000000.0	301.0754212650064	-266.85305232774846	-2.0721247661482898	-2.5235227908609534	-10.995982697634007	-0.026419803145045394
82200000.0	300.61863764192515	-269.03501150332954	-2.0281474113421343	-2.5928509928130286	-10.869323350217126	0.011184874945153708
82400000.0	300.076976934095	-271.1769483438553	-2.0224455323152197	-2.5177171831773135	-10.776582359673355	-0.03891819817913551
82600000.0	299.5238729821715	-273.3500968200278	-2.065921630983844	-2.841041405146085	-10.802972114328647	0.12506163030234196
82800000.0	299.012062908385	-275.51247398042676	-2.064704001387478	-2.77791741373836	-10.647718850681303	-0.008095315832555974
83000000.0	298.434325475415	-277.65188275810186	-2.0745695845668695	-2.9754725718160158	-10.660388414808175	-0.15385014777389072
83200000.0	297.84385714097886	-279.7806601524494	-2.0599678567153195	-3.1863466346481157	-10.574964085942987	0.011948769642855918
83400000.0	297.1899816794273	-281.8907791730441	-2.091090594747165	-3.1521706864379837	-10.559843212389083	0.06861494252374462
83600000.0	296.4909353781102	-283.9927930670334	-2.0729443220988677	-3.4046650132897214	-10.396216897921216	0.20636790339171146
83800000.0	295.7648404485092	-286.098059500441	-2.1240667547909386	-3.377929989418223	-10.643456440790702	-0.10805760696729554
84000000.0	295.08716758090503	-288.1578627886991	-2.119939047420591	-3.463902620364523	-10.30961034222797	0.10132017883435224
84200000.0	294.4078941877619	-290.230828484897	-2.0968883485820076	-3.650888427370948	-10.22915300932794	-0.0197295637697752
84400000.0	293.67445438141317	-292.2793651226415	-2.1043144721750155	-3.9536475713476333	-10.250372918995046	0.08464529452839689
84600000.0	292.8613907906124	-294.30512714721254	-2.099122573644025	-3.969361808344273	-10.131102430214332	-0.22238212207428906
84800000.0	292.04789960377474	-296.334150977442	-2.0760846922241765	-3.9162586386928537	-10.0639300470101	0.03953745797936991
85000000.0	291.26840245522595	-298.3523243579655	-2.0883102671326137	-4.034725761920102	-9.896401894148742	-0.004307333895249793
85200000.0	290.419346564513	-300.34389668531605	-2.0452600058878176	-4.237349889116732	-10.055749166877227	0.08834562032465021
85400000.0	289.57315978489197	-302.3321639398551	-2.072789221261672	-4.386023144404289	-9.87129497379498	0.12110029090201015
85600000.0	288.7109073918839	-304.30037222535293	-2.0493558707402126	-4.296958311715855	-9.725402257515315	-0.06782385312155978
85800000.0	287.81921955264005	-306.22352565749486	-2.0535121693712406	-4.494013763575064	-9.716090577659875	0.14190903313892964
86000000.0	286.921589034471	-308.17370030775237	-2.0613432719040223	-4.542835054233904	-9.702580653424938	-0.013359217650974708
86200000.0	286.02433792230255	-310.08273840946026	-2.1026572089153786	-4.580239677387267	-9.703430966192746	0.04757202829274093
86400000.0	285.0765266341936	-312.0084452784397	-2.080638318580944	-4.897134181298724	-9.325867363692877	0.12646611438100866
86600000.0	284.11329824330124	-313.89566654786347	-2.169082644252483	-4.873449346564018	-9.383712511754082	0.10146733854200873
86800000.0	283.1302822094884	-315.7784522121488	-2.116405884261885	-5.196801902002257	-9.398226361349758	-0.05561686559702677
87000000.0	282.10466830712227	-317.6440528081906	-2.189425999358553	-5.135767333892118	-9.359913872126848	0.14482299119834705
87200000.0	281.07825596739264	-319.49682206049	-2.188383222700874	-5.097774203176885	-9.10111328026791	0.24756309329000928
87400000.0	280.0932641226548	-321.30574070448733	-2.1914827402628636	-5.092527751293639	-8.961716801463279	-0.01113625326684211
87600000.0	278.99492467477666	-323.1230592798052	-2.1604635772098137	-5.2075798990245135	-9.018836415112219	0.02805071164558416
87800000.0	277.9421242452794	-324.9367935509446	-2.205681600308862	-5.5581698749322745	-8.87170120683868	0.05613612464269424
88000000.0	276.8633442282056	-326.74152761156313	-2.200979020021744	-5.474920275827681	-8.703209570003217	-0.08414998691929068
88200000.0	275.791934611102	-328.511459298547	-2.2373590087508517	-5.4241042869892855	-8.537575501663882	0.06424247552823004
88400000.0	274.66463139246713	-330.26859771564153	-2.238586209902547	-5.599352653893483	-8.886791439361186	0.0040833709641385305
88600000.0	273.5269584694207	-331.98635299166773	-2.245533869564486	-5.655473252497225	-8.657414089084222	-0.044386121569529154
88800000.0	272.3734144769634	-333.70451521208906	-2.240019455559027	-5.718675869697736	-8.576483330238304	-0.04312064569192827
89000000.0	271.2096205730034	-335.39815816718277	-2.2276726790566093	-5.921025450983458	-8.49392078867556	-0.09747870266148072
89200000.0	269.978523035043	-337.06960065062685	-2.2231799003551562	-5.955407467240753	-8.352509705852546	0.03148987744283238
89400000.0	268.7432707373375	-338.74392479294494	-2.2011998567965674	-5.92131768148573	-8.342226360956957	-0.1455517797982074
89600000.0	267.53696179182214	-340.3989954158991	-2.1714506401240214	-5.92409332022369	-8.154120998290523	0.0725169863274695
89800000.0	266.344668843001	-342.0296512908592	-2.1263892980229633	-6.198379091311876	-8.104489695733529	0.09380454385178887
90000000.0	265.066013047121	-343.6593942525965	-2.0851429390407468	-6.063602085233591	-8.284311227208779	-0.002000012229146663
90200000.0	263.8368652418016	-345.2579997747551	-2.1111487602353844	-6.277622568573862	-7.8298078976683065	0.09855072254446436
90400000.0	262.53972762248964	-346.8327847432467	-2.0610165089942463	-6.224026490254038	-7.705459694251884	-0.08050763758553156
90600000.0	261.22171033719786	-348.3765584675322	-2.0971760714132084	-6.354659904587081	-7.940856627088666	-0.10769109451300125
90800000.0	259.90122062677483	-349.92348792736925	-2.088079234336632	-6.271457989873049	-7.80843694468476	-0.09806485743222113
91000000.0	258.5708782608495	-351.4556022819814	-2.0822871807465253	-6.561064126281464	-7.6979419841044034	0.017699867244506125
91200000.0	257.24741545140523	-352.9469972617494	-2.0431803145153054	-6.474237763895557	-7.309403155951891	0.1233346667715474
91400000.0	255.9466257847245	-354.45352063388765	-1.9950284373087497	-6.510988317594861	-7.363284023782349	-0.09599355810772055
91600000.0	254.5915071979207	-355.9098708860518	-1.9808035104996768	-6.477334432639286	-7.464419019989698	0.009496437092463051
91800000.0	253.24420539141718	-357.38360310549706	-1.9807769981634586	-6.785597949033853	-7.105690193864417	-0.12388802324411292
92000000.0	251.92148703522895	-358.8439647159168	-2.0000270476936692	-6.6601681033344375	-7.281597226622972	-0.06208724521936615
92200000.0	250.5655310987606	-360.27504918641216	-1.9912981449013503	-6.795983637333348	-6.919421036900621	-0.08099871152445404
92400000.0	249.17840767410203	-361.68473681194786	-1.9536193635034207	-6.8290368105292005	-7.010907879513733	0.08489189241606632
92600000.0	247.8272901958854	-363.075345700121	-1.9316448837281621	-6.861142162486343	-6.8736046347247495	-0.0038290783265253455
92800000.0	246.48483114273236	-364.4371604272343	-1.955238052600139	-6.857259637745199	-6.694963616072271	-0.25245734261864183
93000000.0	245.12742393594849	-365.7954323256547	-1.9712610862111788	-6.940250373151368	-6.699314458895421	0.04417263418729831
93200000.0	243.69469865248954	-367.11551061725794	-1.9743106917266635	-7.067852079282136	-6.807649661284612	-0.22753288527935603
93400000.0	242.24417585905843	-368.4449820064995	-1.978934691925173	-6.960466377312517	-6.616429951100596	0.033760693852581417
93600000.0	240.8520013329219	-369.7570025660974	-1.9848824775361176	-7.0562351988783965	-6.571450426688754	-0.10290276770636445
93800000.0	239.47848406530662	-371.0521332697018	-1.9995368225600272	-6.933227260328592	-6.500802519327188	0.016773420303606398
94000000.0	238.08651107613204	-372.3285085457477	-1.974043488051059	-7.225503691583225	-6.443311945996666	0.12918701026857465
94200000.0	236.6153057507925	-373.57255626226976	-1.968597345975916	-7.364232498817236	-6.289952766827432	-0.0877085225481112
94400000.0	235.18476868255874	-374.7949417280341	-1.9525883350692161	-7.229748823716738	-6.113462619653349	-0.04070613805569433
94600000.0	233.75092251968974	-376.01412843680964	-1.9546620019813674	-7.310662050091238	-5.995114704770671	-0.12196215929798114
94800000.0	232.31803487538363	-377.21761399248095	-1.9150982621471866	-7.232561313001861	-5.814206195405323	-0.03986707467687326
95000000.0	230.8600268934255	-378.40877267928295	-1.9166335661191094	-7.41176485751352	-5.812652774058028	-0.042450676438153576
95200000.0	229.40986198622602	-379.58088740695104	-1.925341994808255	-7.415612648675518	-5.7237446543885895	-0.18767290383427357
95400000.0	227.91325524480632	-380.72524330481394	-1.925407995113209	-7.175244822649173	-5.788482887811894	0.01286253954825913
95600000.0	226.41314325021878	-381.89875246097137	-1.9337440028943773	-7.2734017118192344	-5.711578645735151	-0.08281357649559273
95800000.0	224.9406721284268	-383.04593393764225	-1.9058335073144819	-7.456636180858576	-5.639235882400238	-0.12891768075598975
96000000.0	223.42393240569362	-384.1558861257258	-1.9068733242219293	-7.451350200167108	-5.634424289448446	0.017970055961777115
96200000.0	221.9382469470261	-385.2323956781656	-1.8710557980027758	-7.459338438545062	-5.46773464101336	0.044899458971914157
96400000.0	220.4021455309674	-386.31412459805506	-1.8293150221036927	-7.649266575219047	-5.337571434457419	0.018800548161775826
96600000.0	218.9165072528418	-387.3825840904994	-1.8168902922444723	-7.665695675270109	-5.277707301387751	0.16859418321020186
96800000.0	217.43748288769916	-388.4375194549746	-1.8105586721412634	-7.569605234828372	-5.129907752624482	-0.0032607195761105113
97000000.0	215.92661215669213	-389.47049104628286	-1.803570150559884	-7.6438430378167785	-5.187013919582929	0.06381402366960606
97200000.0	214.3820730910995	-390.4744517080603	-1.8023312661282729	-7.543861945718196	-5.040338634077991	-0.17539241732513716
97400000.0	212.83520967457778	-391.47568904291643	-1.8608637672729516	-7.441282131875659	-4.950672261978484	-0.10519134777645352
97600000.0	211.28968532510063	-392.4843182405667	-1.8846342658838817	-7.521818702913821	-4.763876203616067	-0.05231840200527069
97800000.0	209.78299623816335	-393.4696791018956	-1.9227640595836533	-7.667656617361509	-4.816688831419387	0.023174042334949012
98000000.0	208.25551154334417	-394.4335088336144	-1.9164734081198165	-7.778506383884386	-4.657884190265785	0.06476985036258366
98200000.0	206.6918614514095	-395.3693158923024	-1.8633392545846235	-7.741220994499953	-4.588273397129087	0.024207278093719774
98400000.0	205.09328527098924	-396.308523627998	-1.8904203955736698	-7.477855191747989	-4.6173101518708615	0.09441465065922248
98600000.0	203.5452394034712	-397.22179073615456	-1.9097446510611276	-7.714808444954949	-4.602217172520387	-0.16573665245932065
98800000.0	202.017874935837	-398.12441188888846	-1.873280562040261	-7.776158617420057	-4.585807552935324	0.034407559603853534
99000000.0	200.48656080368482	-398.9977530320537	-1.896787266361177	-7.886492208494028	-4.211761962550851	-0.11672770725457252
99200000.0	198.91275041513353	-399.85648163251057	-1.8579450586185215	-7.624153781404188	-4.508778614589616	0.07651217959352714
99400000.0	197.34191717780445	-400.68825343129663	-1.8791655707977417	-7.7347748829839	-4.34654173680614	0.02214776428652453
99600000.0	195.77300315512213	-401.49662116167207	-1.8676613220171048	-7.817925226703134	-4.028869178087003	-0.033153036929722865
99800000.0	194.21708664752612	-402.3049983344819	-1.849319064121218	-7.6421295290454205	-4.043354868557432	-0.09461242083993557
100000000.0	192.697047625971	-403.0848515893301	-1.8240156460989518	-7.7949402989203636	-3.9333254890651856	-0.09660223212445189
100200000.0	191.12418645387442	-403.8708166605015	-1.8433525691689454	-7.761850913437515	-3.8796542438150188	0.01137155775726391
100400000.0	189.5793464474549	-404.64006220086185	-1.8849405468922984	-7.79870741677733	-3.7933205969275585	0.05833425473275428
100600000.0	187.99951136715083	-405.3722235448098	-1.9292876250758535	-7.751128648333684	-3.8068577936641463	0.09076598327305187
100800000.0	186.46120174934174	-406.10109445482664	-1.9674180163026784	-7.780776163799307	-3.6985470101285998	-0.10382453024203643
101000000.0	184.87353847917737	-406.8347279512398	-1.9954907002590478	-7.653335471902476	-3.7526630108722414	0.1722666814932884
101200000.0	183.28805995179286	-407.54794725469543	-2.001813926008575	-7.850899660120223	-3.379422973119253	0.07571645127295404
101400000.0	181.6890950477464	-408.25575515129515	-2.00763046314866	-7.892713570989325	-3.4614985256999193	-0.01538978432110087
101600000.0	180.09264956660743	-408.9461686191237	-2.0255643007999753	-7.679287473582832	-3.3850202088892725	0.027500139789488592
101800000.0	178.547362544903	-409.6140097948402	-2.0021648889227444	-8.066341736703171	-3.3221540879751092	0.06607344519979419
102000000.0	177.0076900448258	-410.2667390640931	-2.0456383585044406	-7.889339027066051	-3.1639381788243317	0.1944460226340566
102200000.0	175.45195424586692	-410.8802095115929	-2.0774416933863726	-8.026184531335467	-3.2163340610524696	0.09502085101649717
102400000.0	173.8331317173978	-411.5089834587727	-2.0453586525526206	-7.9527213634669875	-2.959518359782439	0.007459398214783826
102600000.0	172.2999590195182	-412.13537814977485	-2.071752704733447	-7.568799541867878	-3.0965345427835635	0.10170664153383338
102800000.0	170.7784118005512	-412.73796664000923	-2.0728000276150316	-7.972926297307755	-2.878085254287962	-0.018513703477072666
103000000.0	169.1984598672826	-413.2966012388809	-2.0602674501952567	-7.842020795734983	-2.8563703417363167	-0.19350704072934866
103200000.0	167.62558068197154	-413.8777577509007	-2.0554176359407403	-7.879214928997396	-2.8577740346374134	0.12031877758397823
103400000.0	166.10972824401077	-414.44316596770483	-2.0651447564065477	-7.813498222251318	-2.73716693083207	-0.06224474065068044
103600000.0	164.51002978736258	-415.0125368303281	-2.058928269585235	-7.94989871162663	-2.8545564899654754	-0.12745711707793272
103800000.0	162.94280802066913	-415.55892647570016	-2.0385241025716514	-7.86499049879432	-2.598654541741682	-0.06613575356258608
104000000.0	161.35676887875533	-416.083143764669	-2.0373291798665574	-7.941103943073481	-2.6461757718506886	-0.029856978367004683
104200000.0	159.7882538452449	-416.60804331884003	-2.0588737436879425	-7.8057549224198	-2.605329712680684	0.07386311653336983
104400000.0	158.23818082606422	-417.10261504455144	-2.0919042536442394	-7.586493255687365	-2.4767786531757494	0.018516112830719043
104600000.0	156.67711579799675	-417.58885060844955	-2.1211173146622087	-7.714876434197615	-2.3758923438434896	-0.13455203693888848
104800000.0	155.11049551797223	-418.0780574790751	-2.082243012425898	-7.580304159020311	-2.4058702418644913	-0.10071162494565426
105000000.0	153.58270499622998	-418.5474346906183	-2.1153072973987146	-7.59285272932606	-2.450187914083707	-0.060198915892505596
105200000.0	152.0199501389433	-419.03192728325814	-2.0590461567367973	-7.721292384014146	-2.3507914035504704	-0.0037947385203671797
105400000.0	150.47020411004615	-419.502310233352	-2.0764925840157256	-7.790191180077169	-2.225397228224762	-0.13647075643107417
105600000.0	148.88902608040442	-419.93877648580934	-2.0685583207321927	-7.8467846111681645	-2.2651136887553505	-0.18469474838227906
105800000.0	147.35413943406618	-420.3700112067052	-2.018266168487911	-7.826842381660574	-2.0104687071766074	-0.03956228978905984
106000000.0	145.78217618827722	-420.7708676036757	-2.0083662506158766	-7.54429617004026	-1.9678884595684158	0.04708022712110233
106200000.0	144.2417564774067	-421.1651711305674	-2.0009384837616038	-7.577692993030019	-1.7967105204476326	0.05590212442928022
106400000.0	142.69678503866973	-421.5564236720866	-2.009061146641507	-7.627325400204633	-1.9669008826995706	0.1542284730442352
106600000.0	141.19986905431887	-421.9086989171842	-2.044678215156768	-7.52228768363087	-2.013672814224105	0.059311932213612834
106800000.0	139.65263889175137	-422.2606682883379	-2.0325184403733467	-7.608238001001151	-1.892132990081713	-0.14893870923722227
107000000.0	138.10315769248513	-422.6473210584832	-2.0741888613216624	-7.644140993105903	-1.7442149129935587	0.026382937029320867
107200000.0	136.56795800791008	-423.01376923190867	-2.0349863647521915	-7.569345721935064	-1.7724435191485055	0.11101132115859132
107400000.0	135.0447197365229	-423.3553519981373	-2.0211201120879796	-7.664681718386087	-1.591223288663019	0.008488949431967735
107600000.0	133.54440039296713	-423.67614269943743	-1.986063166223575	-7.456454612361318	-1.550788190680678	0.02631098732686332
107800000.0	132.02396808343823	-423.9920504707138	-1.929886517674771	-7.4789779330918	-1.5378891857759511	-0.03094655294738288
108000000.0	130.5447609636495	-424.30764339890476	-1.9026395986977778	-7.584137410417475	-1.4812192457960243	0.0753090416581753
108200000.0	129.0263671332865	-424.59618639007823	-1.868604572644693	-7.414207884633165	-1.5340554410421792	-0.16372467688777045
108400000.0	127.53408229035742	-424.85605268509084	-1.8884394835570482	-7.586190705635173	-1.3124083529384563	-0.06873517083188706
108600000.0	126.07035867301992	-425.1058764316292	-1.8797843238731562	-7.387458264565458	-1.2921031227084954	-0.030126785934696906
108800000.0	124.59957377253554	-425.3465343023921	-1.939239315642023	-7.463148058312202	-1.3177894458162422	0.05822333526421083
109000000.0	123.15532875703893	-425.60893216364553	-1.9017196668500196	-7.5281332262270695	-1.1521216929177864	0.03377513006474916
109200000.0	121.69572388704205	-425.8488587780137	-1.8907864848464666	-7.317499601245845	-1.0994311953430973	0.03512195617215205
109400000.0	120.2283250386835	-426.0707506378071	-1.9035677562690216	-7.296484186787991	-1.2211919502004256	0.012764503279407525
109600000.0	118.76377451140779	-426.2967560393549	-1.9332104447611211	-7.232043730191585	-1.227575759201004	-0.07660656587840825
109800000.0	117.30596424826504	-426.52315087541865	-1.9174851172316212	-7.477374133345822	-0.9640507863402263	-0.08144183553069942
110000000.0	115.86526065677346	-426.7133630201932	-1.870595606732907	-7.382714465488636	-0.9348740605909415	0.1063248080608648
110200000.0	114.45468890539622	-426.9304597613075	-1.8207705588539431	-7.242001282855936	-0.9673402421826276	0.0004079311265607956
110400000.0	113.02714855407059	-427.1097950882233	-1.8397637116961656	-7.2950694040310315	-0.9232803429355428	0.11893078608908147
110600000.0	111.5727378437093	-427.28082279962763	-1.8904237598814282	-7.223382033062797	-0.8952998471296281	0.1066951859624748
110800000.0	110.08653949535427	-427.466429331912	-1.8887036662173426	-7.249111664053245	-0.7476804165460333	0.044116886428205986
111000000.0	108.65542657323526	-427.63995692747795	-1.8903749799479506	-7.319164573357012	-0.8901595748396273	-0.034180429814809975
111200000.0	107.20991655276627	-427.78349022800893	-1.9439365962133264	-7.035198538943671	-0.8665335808770142	0.02221590183728969
111400000.0	105.79807173046835	-427.9261472096806	-1.9548450446958308	-6.8142997810590344	-0.7008366333936226	-0.07354817518853532
111600000.0	104.35966342372	-428.06180284128874	-1.946495106726141	-7.26791429515207	-0.5875119900089492	-0.011606018220454156
111800000.0	102.98761636569147	-428.171631119949	-1.9699380884922255	-7.129863041428046	-0.5728877456476392	0.06298307514091539
112000000.0	101.64133414962163	-428.31623910311004	-2.017900105323183	-6.958045707004993	-0.5607094779779555	0.10871235585433003
112200000.0	100.23503922398413	-428.44693136857626	-2.026069369496902	-6.921342239831187	-0.6238949557546537	-0.11892326957072116
112400000.0	98.83224929271651	-428.57334382444003	-2.0539382760188736	-6.897798682588212	-0.5555004402684997	0.17839428326482948
112600000.0	97.41252465966737	-428.6744147252319	-2.0702812439811735	-6.95630706300563	-0.5238781172990142	-0.06861501006270983
112800000.0	95.99627310381747	-428.7435500979773	-2.0716929561361965	-6.858766958987928	-0.513720555719116	-0.07916294032782169
113000000.0	94.59474220434139	-428.8492116944183	-2.112234379079134	-6.8627771487083375	-0.29652771260852984	0.01444732217628787
113200000.0	93.24506728233634	-428.9252605437282	-2.1330838994894057	-7.053793537170281	-0.5460418478620048	0.048024255019227344
113400000.0	91.84391220443663	-428.98380219212123	-2.13830976617952	-6.868485349652321	-0.3831493592128479	0.07052293362991374
113600000.0	90.46548425242946	-429.0207782922897	-2.128464111303574	-6.728638439856331	-0.09500121800147499	0.04898517785626388
113800000.0	89.13546594932393	-429.07298118908454	-2.098385704200318	-6.740571297783681	-0.5075569727812516	-0.040372750478031835
114000000.0	87.77080342841829	-429.1224296652498	-2.14379776201424	-6.828465795337446	-0.15298073805637352	0.030649999536307492
114200000.0	86.36214264541643	-429.17083697693175	-2.1284828329594987	-6.715080162864407	-0.18555206775017946	-0.08465231825532359
114400000.0	85.00383846816123	-429.2002212643027	-2.1016736632064523	-6.610623957782512	-0.21157151076479921	-0.2698083315250873
114600000.0	83.66273338661264	-429.2165612761215	-2.087519730003589	-6.913907048814333	-0.06470901092572724	-0.016374536767354328
114800000.0	82.26736808899474	-429.2444188573335	-2.1256246869260678	-6.650249974798303	-0.3410299800374627	-0.016224500197595325
115000000.0	80.97459304441603	-429.24806960114347	-2.1135108679984027	-6.669839267517174	-0.028845821199220353	-0.028675653530421376
115200000.0	79.6328533383887	-429.2704305720695	-2.115330690703824	-6.8139955969932835	-0.22365585178807146	-0.01592076728875024
115400000.0	78.30327812299105	-429.25892294264986	-2.160135617943232	-6.642180915758321	-0.03492250229763148	0.033806963969390126
115600000.0	76.98742222489535	-429.2548921183465	-2.1777135166546593	-6.623509094080175	0.12188851147447644	0.0548957103375718
115800000.0	75.6845976716546	-429.2496614396404	-2.174502971798266	-6.4683902812878475	0.027163481424321713	-0.0005783517539774856
116000000.0	74.3798148524697	-429.237269027562	-2.1638586322715136	-6.5551019460335	-0.016357056528877117	-0.01378526268960067
116200000.0	73.0868287566975	-429.2218764185999	-2.1675900818229032	-6.495335256115949	-0.008001999412731178	0.10869688819232802
116400000.0	71.84733691202638	-429.2275513559746	-2.1851726443399495	-6.569586326125837	0.029567789849488393	0.03851541716602652
116600000.0	70.56245297428848	-429.21497189141417	-2.2067288671583176	-6.499316519008114	0.09339602848186308	-0.05787919050912802
116800000.0	69.24120217794272	-429.1795353096209	-2.222440965150758	-6.274793245015592	0.10174972115267476	0.13521959415574292
117000000.0	67.96692774369906	-429.12405996904783	-2.2107148188348145	-6.325224222933515	0.38114804902936206	-0.03536007432830206
117200000.0	66.71659129745507	-429.0751118779007	-2.183714500866732	-6.274203538288121	0.24231686087111984	-0.05288535597301458
117400000.0	65.44574696267132	-429.0414177110799	-2.1930234252702143	-6.434607577382377	0.43988945367520493	0.004079270376369051
117600000.0	64.15935256411812	-428.97510040543483	-2.1351611301605797	-6.196606143045238	0.4206010054206195	-0.13466502821372558
117800000.0	62.933328817384975	-428.90526402328595	-2.134373353257283	-6.30148826205928	0.23154065335715546	-0.09157879730035348
118000000.0	61.74988786568425	-428.8426986993812	-2.1325106829747353	-6.335982594076581	0.4651695861565799	0.030616364679996164
118200000.0	60.51579692206575	-428.7584751948375	-2.0884656562258503	-6.0947806014830315	0.3149404203551246	-0.17770343338316322
118400000.0	59.272514233307675	-428.6900737515588	-2.0870100211971065	-6.305988129599373	0.2866218784730417	0.037111151449514886
118600000.0	58.037480770313145	-428.61758264202723	-2.0740849398037313	-6.4181865305630525	0.5265176498264382	0.08908460387537766
118800000.0	56.797875781489076	-428.546851460126	-2.11329250643695	-6.139396821077115	0.47800056711965994	0.2278456641704769
119000000.0	55.59470911900896	-428.4556758946642	-2.1339099560892527	-5.994444517973046	0.3658313454103955	-0.03098688830984216
119200000.0	54.330548462699184	-428.36415248006597	-2.1497899913638774	-6.072191666261252	0.5553608312183841	0.01904552269432225
119400000.0	53.157470940749434	-428.26802881486395	-2.12371442358238	-6.051614873438658	0.5341771602075166	-0.050511238945210965
119600000.0	52.008357843804	-428.1570199616251	-2.088449039079895	-5.9658549300356425	0.7447122094145839	-0.06754193782843618
119800000.0	50.78269247392035	-428.0533541304775	-2.0519219268721125	-5.973103997777164	0.5615908674395214	-0.059308384329482766
120000000.0	49.60097464722027	-427.90097641663726	-2.054129838898973	-5.933980494981571	0.6325889386761667	0.07400400828840192
120200000.0	48.42712012866666	-427.7687948641501	-2.0434627053099907	-5.956789265053643	0.4887411648340079	0.13522965750274432
120400000.0	47.260028337530045	-427.6361850188963	-2.0063146108862844	-5.876685311754002	0.6946078014360177	0.15607910134675088
120600000.0	46.094543716050936	-427.5179846598157	-1.9864189760603908	-5.827293698096007	0.45899391390294064	0.06882478219166857
120800000.0	44.930545199402545	-427.3939693485205	-2.023079198006996	-5.911606531281942	0.7127149067915935	0.10868327048529748
121000000.0	43.81168864043367	-427.27876138433686	-2.106588820853436	-5.808215613964792	0.5676671792291857	0.03351132589335161
121200000.0	42.65102458420486	-427.1477627028925	-2.073482969661616	-5.67617180325503	0.6149947622501645	0.007064050687577568
121400000.0	41.51299593081878	-426.99233525260803	-2.0755625316907524	-5.612807246280904	0.5274851824337308	-0.15961455552498954
121600000.0	40.31804613299637	-426.8452560138806	-2.0749539393839775	-5.74614160290432	0.8381344843078344	-0.13757204676223656
121800000.0	39.168160594554166	-426.6966944392274	-2.0956130967964244	-5.637374060411274	0.7770321297167265	-0.025267191443810164
122000000.0	38.02821159079683	-426.5397528142662	-2.0939361688200324	-5.816965010042908	0.8916860365921594	-0.11761070239759129
122200000.0	36.90417029901953	-426.3919427153488	-2.104153373988444	-5.584448167354475	0.8760284412001482	-0.07457365895462377
122400000.0	35.77974278211951	-426.22396123790895	-2.084435263884536	-5.702828382431625	0.8112132125399488	-0.047519151608498934
122600000.0	34.67307062124159	-426.0657194599103	-2.0701229639035725	-5.663251152356051	0.6873539420904083	-0.03848566277589805
122800000.0	33.547349063655616	-425.9021203815687	-2.0622526674171366	-5.4820750188811305	0.7230188231477279	-0.0373144991752705
123000000.0	32.395467196282304	-425.71560706074115	-2.081033933161237	-5.542515431022508	0.8297759756524793	0.06350227496650562
123200000.0	31.34580379482161	-425.5402487164705	-2.08885289458279	-5.450207550832184	0.5652439673976875	-0.15186146066925885
123400000.0	30.247920472867094	-425.3516840363419	-2.056203951396506	-5.459525513183748	0.7498912351051006	-0.021339363360910253
123600000.0	29.17391565970003	-425.1829117198119	-2.076751026872763	-5.4612670555667275	0.8139175059867776	-0.08949984273800346
123800000.0	28.114115349059393	-425.00856251236684	-2.044921352182507	-5.450114042467852	0.9279688979349087	-0.003888433653339947
124000000.0	27.077227482621396	-424.8242691727588	-2.002328929003316	-5.268777679297411	0.874281212585512	0.0019089779013866685
124200000.0	26.045022129918554	-424.64864070738844	-2.008497548122848	-5.20818905755032	1.0613769372442783	0.010485587739100955
124400000.0	24.977010418027234	-424.44170369013347	-1.9994999890055865	-5.128536076934925	0.8574593336494437	-0.1521017380733474
124600000.0	23.935473450592234	-424.25982101833796	-1.9523792418764567	-5.233982079542885	0.8466105226133448	-0.24341742485843215
124800000.0	22.869613469335732	-424.09333015014005	-1.9416966171472927	-5.1497091698630895	0.9859212131317913	0.09841799770853338
125000000.0	21.813132531200893	-423.9074051347555	-1.9377495533156004	-5.013646983505182	0.9309006824508559	-0.02456506427079922
125200000.0	20.76312696615852	-423.716464928281	-1.9294047311805167	-5.152262289660233	0.9342082909939297	-0.02801130906483981
125400000.0	19.75989375550741	-423.52019924872684	-1.8928028862005197	-5.0271661862930745	0.8961012694842083	-0.018035893335419995
125600000.0	18.734672546147635	-423.32723518661555	-1.8764988338916722	-5.043539995431565	0.758838665957411	-0.08085021596452217
125800000.0	17.707749812238344	-423.13378323582083	-1.8598288234100049	-5.066192310691835	0.9698536563070496	0.09326283133253534
126000000.0	16.62720206699314	-422.9384488894022	-1.8520883054368265	-4.946673110511527	1.0383735628966746	-0.13042125845868696
126200000.0	15.631721900006513	-422.72440010940153	-1.833533693517424	-5.163993593894893	1.051686496224237	0.048206727492391604
126400000.0	14.60674540612753	-422.5448544151232	-1.903709624050812	-4.898556920483417	1.068555902113726	-0.05693752553566012
126600000.0	13.585305449371324	-422.34237735062777	-1.943750626037372	-5.020914850602121	1.004241100621664	-0.02553550944746633
126800000.0	12.597135094663654	-422.1518510020967	-1.8853941637437304	-4.860122144010779	1.0997524925099456	-0.16376261975479542
127000000.0	11.638877857875638	-421.94638424852764	-1.9065065591185997	-5.049899189273824	0.8282791482167959	-0.019137438642131542
127200000.0	10.602472761807665	-421.7594457828628	-1.9475718154369894	-4.928302602560877	0.8211031851378252	0.06075076095123101
127400000.0	9.627034625773309	-421.55168121696096	-1.895036346218379	-4.916870604951743	1.0806847854563937	-0.08484775923877777
127600000.0	8.646897504804683	-421.35420022270836	-1.8801211353108322	-4.740724229208532	1.1116688695824932	0.15845316993095407
127800000.0	7.639486044447693	-421.15294217138324	-1.9087209428923593	-4.824410276194832	1.1354415882917488	0.037663905427112385
128000000.0	6.695335762654443	-420.93677445316115	-1.8973051319719276	-4.715802255471285	1.1331122282216404	0.10816302910890536
128200000.0	5.738297250756461	-420.73551674208323	-1.90865403515558	-4.758820962857386	1.2235359470292997	0.1257686604607135
128400000.0	4.8564271225662825	-420.5070148680588	-1.844863729710144	-4.637846844831043	1.1795640419091404	-0.0949069716506062
128600000.0	3.926812623970278	-420.29730079531885	-1.8444470807998858	-4.586757133325663	1.0871410431956652	-0.0675480817735673
128800000.0	3.0505734345093005	-420.0986844807037	-1.8739296782441195	-4.484369109844713	1.0992067382253305	-0.15527011753641906
129000000.0	2.1822499885510793	-419.87483829281246	-1.8972049953179653	-4.531875113571984	1.1804629804813047	0.07552392292144698
129200000.0	1.3164403537965144	-419.65577303236876	-1.8659798158582281	-4.539623483453947	1.1249251775991036	0.20568675505586861
129400000.0	0.47248689215787554	-419.43098613612847	-1.881874950851036	-4.497107846214601	1.2784545991611258	0.07094720490772487
129600000.0	-0.3913940552220718	-419.23701515736917	-1.8529272779106694	-4.525893998093204	1.0124981661201147	0.057539153055567255
129800000.0	-1.2581574500012118	-419.026662747942	-1.8476270262269439	-4.543805286668106	0.9669965851751902	0.01674652635345847
130000000.0	-2.118517357093292	-418.79387268701436	-1.8816154784582018	-4.481632981369773	0.9629688476563726	-0.008294064256367228
130200000.0	-2.975734540153185	-418.5734480843153	-1.8281960867071434	-4.481020962284338	1.1015839840205899	-0.013093891019722076
130400000.0	-3.8772677648868994	-418.3434959904885	-1.7652907614064919	-4.3239546479332125	0.8017751430273439	0.08111673560319561
130600000.0	-4.754692373226301	-418.1188774961109	-1.7287443565038028	-4.460630334250969	0.9690904457644767	-0.18508527195499755
130800000.0	-5.6246993108645	-417.88017528091365	-1.704261980148417	-4.2517541452381264	1.1794121634041839	0.13804594026328795
