200000.0	-2.001622721251695	0.9248868616597078	-2.5028200485249226	0.028593952279529787	0.023161846891954985	-0.3707991963461157
400000.0	-0.07015080001034368	0.012584802419960184	-0.10007246521344948	-0.021647022040676672	0.12867546944332514	-0.01984300800741287
600000.0	-0.04127104998475284	-0.05280560507657339	0.0032271659297036237	0.003786284026241829	-0.19857861115092237	-0.24757047424714518
800000.0	-0.032521098432498174	-0.0030402041065367147	0.0631689659181256	0.023018022318847753	0.07782712882439188	0.35139502173148457
1000000.0	-0.02837272098120236	-0.014538825323874627	-0.10106849737571144	0.10691480741438206	-0.06470875473995953	-0.3267855384611843
1200000.0	-0.05427080713098542	0.022189318774946565	0.028276781199860324	-0.08431446445405055	0.15970620284460213	0.22909657968651778
1400000.0	-0.0023073481547752905	-0.07929496822430093	0.003687232392767026	-0.038125821479759986	-0.0672775838769183	-0.12115129361838309
1600000.0	0.002309891035457312	-0.04492157703011779	0.025960399060593886	-0.1703541305211016	-0.26029439335286725	-0.013852963165805317
1800000.0	0.09628418519385162	0.1175769618086473	0.010589619387006088	0.07331374838655892	0.21295752248551988	-0.16574774946940649
2000000.0	0.03902940187713977	-0.016040857136291553	0.020109446435083722	0.027257465049954674	0.065957609797096	0.014097426469309173
2200000.0	0.04300945405456824	-0.05665170508151651	0.02249087196486199	0.1053747772116587	0.061574653114056827	-0.051985268889780854
2400000.0	-0.03083243235199662	-0.07815772535089649	0.06609239906986675	-0.023092412565575537	-0.033237187207346024	-0.04070598618901944
2600000.0	0.03646270010202146	-0.039945772734102936	0.06436988950337508	-0.016078164602581962	-0.039360998395474904	0.050783599068910515
2800000.0	0.053830165493841786	-0.014810870913215646	0.020115063623850293	0.009880209530097994	-0.05598720106788411	-0.038721505081073915
3000000.0	0.017104269074821765	0.022980242268940687	0.007044816762900918	0.08249124176154704	0.11453586012004989	-0.035269149775273706
3200000.0	-0.04651979237849124	-0.06402549538353208	0.005294021103308122	0.07010770201754196	0.13032662119999522	-0.011803280172980997
3400000.0	-0.0967993337112043	-0.16932988148334593	0.008798501504010403	-0.11218977365670796	-0.23685236170402668	0.06405521046401735
3600000.0	-0.021254678157545115	-0.008616573816141782	-0.024911282918460564	0.11138343942822737	0.027757535336985502	-0.0167186000733766
3800000.0	-0.07675508640315165	-0.03738867932455303	-0.031677630336042206	-0.23512331123932184	0.029433429878509228	-0.04299678790878677
4000000.0	0.10130249051039586	-0.07280850864457478	-0.008637277571233781	0.24923733243732454	-0.11584779895409832	-0.1685640359393986
4200000.0	-0.07084266828003782	0.0277000810833693	0.05728967834071064	-0.030461405813913323	-0.023811972378276314	0.03147582169710723
4400000.0	-0.10697375175611645	0.0237854059132101	0.047512074285102734	-0.07558175456032756	-0.046838261066140516	-0.044649648114652635
4600000.0	-0.03872137830058442	0.04823844332687188	0.05498759677723131	-0.20244304933905238	-0.1390400255189085	0.048271683658410856
4800000.0	0.09972999197125398	0.11639990598777761	0.022929172765385086	0.09694168640989143	0.15295588336864258	-0.01706394329554348
5000000.0	0.00794890327642861	0.05994614035977275	0.007425163055153394	-0.003859683041671169	0.106658794836374	0.08704821451421199
5200000.0	-0.011881926990876313	-0.01117841350607185	-0.02641793854336294	0.05692328816921133	-0.010177138784730855	0.04452198602942567
5400000.0	-0.018499264273202698	-0.008296641575156083	-0.008250177729312913	-0.11729611814226681	0.0003303846744316212	0.06840364191622039
5600000.0	0.01881925901918713	0.0026083807434262862	-0.00926204540409925	0.01837921688860933	-0.0486694435440283	-0.03574634346218061
5800000.0	-7.939828882319588e-05	0.04613780949067703	-0.00019709241464349603	-0.01557080018561452	0.1113833195219622	-0.14035221912833895
6000000.0	0.0009930150758505896	-0.0013501172113729032	0.0069366174522524915	0.074259043947561	-0.056801449515032465	-0.05609541519469818
6200000.0	-0.06350406301721323	0.04459122835348739	0.02059727158811908	-0.019481614698669714	0.11478627452473279	-0.07442391742004277
6400000.0	-0.003931992761663228	-0.02737407172108275	0.07589887029799636	0.03453661530695473	-0.1040925562872354	-0.041801535403938876
6600000.0	0.018245063041423704	0.02492966244472483	0.04453669548500239	0.09159246696174073	0.03565493756090815	0.05338216613499983
6800000.0	-0.040644007591474796	-0.004611346669334715	-0.00033176271623514	0.1922775959275933	-0.05919563945808294	-0.17484368279934936
7000000.0	-0.09512086507563183	0.010848523528149356	0.07855813128959221	-0.049055576060353046	0.04428605674406258	-0.037147303008545615
7200000.0	-0.0746578406765489	-0.023184625982355378	0.10043856370730975	0.025483193562022444	0.04176978476160311	0.023921894402430526
7400000.0	-0.07172524270141772	-0.06360264949283612	0.15099471153170807	-0.1584290049439403	-0.15344467619610822	0.012376234422999025
7600000.0	-0.014529134561987136	0.012767711636290091	0.13827965932178987	0.04298638228138585	0.003556615841122407	-0.2386044650537429
7800000.0	-0.02257512894808511	0.007112653539964597	0.2388282923642704	0.04080136252207622	0.06349239254127201	0.04016836592293942
8000000.0	-0.05054629829884105	-0.00040721125217424436	0.18363972282137864	0.060262981864752874	0.02730793931467031	-0.07196941503912448
8200000.0	-0.05601485102206005	0.016168531054680635	0.19163541116241278	-0.06900875285211083	0.07402786803069725	0.1706027367573762
8400000.0	-0.05215785176181986	0.0007257394402464534	0.08750435952004176	-0.16118362836310418	-0.06077253764646275	0.08188415013081078
8600000.0	-0.01606724309314078	0.03871463731897273	0.07076134421096114	0.02148288753159	0.11999413873629658	-0.23406405686318738
8800000.0	-0.02792401057962679	-0.040192323989309164	0.15441645731942044	-0.08870996926340702	0.044035202456825004	0.11597401094464843
9000000.0	0.007139035955180173	-0.049368351866788784	0.11596038588260438	0.06160008935028438	-0.1154162597201402	-0.018377960928456328
9200000.0	-0.04224860694488375	0.006357939644440425	0.1239327561623913	0.10746598079016523	0.12859863289856296	-0.03226491545304394
9400000.0	-0.10987393306737214	-0.03574872984703592	0.13036544776467052	0.012476463752471911	0.03683480749770182	0.042413656510195914
9600000.0	-0.13327479786097962	-0.042664113506797774	0.0641943679787551	-0.08334765133567634	-0.11610399959184797	0.014346867331045059
9800000.0	-0.11396203730652932	0.02446090577573068	0.09257181163248429	-0.1250739937322256	0.07570184366784412	0.06776494823715107
10000000.0	-0.03864907239063031	-0.004457797763250282	-0.013525344093844982	-0.03042036314474106	0.00638382530058222	-0.2222474776119746
10200000.0	-0.026231683090013558	-0.021258049347139263	0.13366343005636905	0.10430079894761723	0.024229993728737034	-0.060224391308996414
10400000.0	-0.08856702668031824	-0.052164317026551	0.16144565190094173	0.16548582003893553	-0.21713972671318327	-0.08123134878968652
10600000.0	-0.12125034657663436	0.049792596251255095	0.2144061585447803	-0.07589826793281396	0.0896974346584597	-0.09818159666543005
10800000.0	-0.053238360658948825	0.032285731556577324	0.1864865355758143	-0.15270995430710999	-0.07554840548559358	0.1792865026926007
11000000.0	0.06495225218099954	0.05112532775997847	0.12067286258609311	0.04996862825997339	0.045288691352271704	0.0542515665796515
11200000.0	0.018634342405668747	0.022583872496997448	0.07489618548713173	0.11457229131877145	0.09837043383029406	-0.03763512018141834
11400000.0	-0.006209450785114257	-0.018515226960496456	0.09003683727683764	0.048463450912134665	-0.03440402700410407	-0.07170203320140747
11600000.0	-0.015585832233075969	-0.0145379346669946	0.15149515539357683	-0.11460817945585111	-0.11062836471055122	0.03815470598210388
11800000.0	0.007894554423308442	0.029988620227653473	0.18694110608757208	-0.1615918277571733	0.006198834076664446	0.0048089940730811215
12000000.0	0.09565831346047293	0.0344162462601193	0.18044710556760046	0.10319278748977201	-0.16004800236271904	-0.05922143292537052
12200000.0	0.024853098285616326	0.08381444307351249	0.2138486481375521	0.030111176891453262	-0.21557269209825636	-0.06784760534623845
12400000.0	-0.004922299966061416	0.18666891856655354	0.25889455507466197	-0.07201623765309284	0.13155692188553503	-0.10971217657260882
12600000.0	0.014499626470045435	0.1485329565074599	0.27974000151470735	0.1965016888114952	0.07847626826134727	0.1138321489120571
12800000.0	-0.04920055667805112	0.10397555501092337	0.29613261341162733	0.029872814434034778	0.2892897528942977	0.028184815219876445
13000000.0	-0.05532596001955348	-0.03248890444979735	0.2527266076527752	-0.025429631475985648	-0.0773745306186004	-0.17491881408686694
13200000.0	-0.09318542239541383	0.0003884611570194041	0.27325807805273206	-0.1226691953457435	0.040943666638773774	0.1085061137081246
13400000.0	0.0014342736153984958	0.005775463846351858	0.2630741299930106	-0.02298375618207138	-0.11091973013747836	0.054321590445423645
13600000.0	0.028475900737666038	0.07160969428223518	0.20379088399762013	-0.059043478749434275	0.12306293538769111	0.05765696658501208
13800000.0	0.07140298277567503	0.009784246184609713	0.15987722756221867	0.10313204536829357	0.09797359984282564	0.001984309784216794
14000000.0	0.06035700569564284	-0.03653674543462149	0.1313492057983261	-0.17628376871077944	0.020974784976830443	-0.059959191989895244
14200000.0	0.13928857348554402	-0.04598484736652331	0.20284897260612755	-0.047797523960500854	0.059187326147977004	-0.08143584055459752
14400000.0	0.1393051584800471	-0.07486381124427677	0.21580617619751408	0.2210028686563743	0.07798790289232929	-0.05984054481323839
14600000.0	0.049358010662700735	-0.10540129007832044	0.29327026794614675	-0.07043546123255462	0.05215149066685246	0.1141095680139972
14800000.0	0.10504658237221953	-0.14213604783040323	0.2520004208797402	0.029762117358775653	-0.1293626832424521	-0.05866603721481478
15000000.0	0.12068921048393833	-0.07514827898124299	0.2768728969535892	-0.03340613766368783	-0.037860012450365195	-0.0008689392559370485
15200000.0	0.153316137000866	-0.06210872079233132	0.29019061402121293	0.06041538911457467	0.08352431486188026	-0.1449068142566936
15400000.0	0.1361483557958003	-0.11211083615846396	0.29739581930447034	0.2913635153590506	-0.05305679931465249	0.018642361174665185
15600000.0	0.04293446893696817	-0.08038950027868708	0.25627253959884566	0.0848933421857816	-0.08739323007402258	-0.04309161444530979
15800000.0	0.04450562116310941	-0.039344663970125704	0.27670631386881306	-0.005484806395275044	0.1999703329012148	0.09633322734548516
16000000.0	0.0854718254278577	-0.15064566015098335	0.20503984891843885	-0.01404279590905233	-0.030380587149890198	-0.011974070423704554
16200000.0	0.08102660607590906	-0.145599601307278	0.1891883172250859	-0.04533916151976136	-0.12655085053287504	0.1539967134159721
16400000.0	0.0938996539281014	-0.07673599258610442	0.13984228713478197	-0.038682529508582864	-0.09687192473306254	0.0017577902288983954
16600000.0	0.1391750157384024	-0.039066476032699304	0.15940893985773563	0.0746914591312895	-0.10383826229331976	0.03868483232386888
16800000.0	0.1041343207602381	-0.007019084782757257	0.11957240266762215	-0.07791128526559454	0.03147147724267027	0.1112326399437567
17000000.0	0.12231255404500807	-0.010060994623588226	0.05974665036083282	0.16435432177976628	0.03569111945631672	0.14404917793818522
17200000.0	0.045193277577620705	-0.015806333108871362	0.027447321272231928	-0.10782821076142746	-0.10955015074879762	-0.0187051066028995
17400000.0	0.10166108604003199	0.021213882703939313	0.09099732812550565	-0.14339138959053743	-0.05134889674898878	0.025514397171378753
17600000.0	0.16406690581375827	0.05886053058617935	0.09481940099080166	0.0357015027031613	-0.0027119351824644172	-0.028649712304120792
17800000.0	0.13347870716471277	0.048862550116610115	0.07001922553965745	0.06418874270760044	-0.02194037200327769	-0.17886428610549604
18000000.0	0.07673997761029483	0.06880362328739964	0.13310162940002268	0.10389803322202029	0.016988476755093268	-0.12193047479259028
18200000.0	0.0536115737517342	0.05929607238652834	0.16983834403345321	-0.17146828044563112	0.11362104834210593	-0.07311065802088802
18400000.0	0.1378012169565288	0.016171488665402522	0.18755768210874058	-0.02834513904042746	-0.12452435010115863	0.05274876610426836
18600000.0	0.16072415949237495	0.07286312882959112	0.1390952409855819	-0.08340301138736983	0.14146439228692573	0.009606857284779023
18800000.0	0.1836948503396627	0.0030366686112776042	0.1644142378332929	-0.12599699043267965	-0.07463782152532641	-0.001698509538859555
19000000.0	0.2151309503474863	0.03658531177958224	0.15960020373508632	0.04425814353257751	0.219166426056295	-0.03517804953494124
19200000.0	0.20997350632720568	-0.0405731856162892	0.19328238400572895	-0.03529360209736243	-0.02414653155938619	0.08809209284221714
19400000.0	0.27581770013716067	-0.0476947688165561	0.1920480898242194	0.032491962495726945	0.05729769557788194	-0.02933514108104998
19600000.0	0.23925339281769453	-0.07866003286549006	0.2377385243162311	0.08898198924448542	-0.07133856341783282	-0.035767746900100615
19800000.0	0.20891313490237806	-0.05717835853827663	0.2482034230706769	0.05458366978179541	0.08085609700397	-0.012860762366576357
20000000.0	0.21842261222277415	-0.0670333685232859	0.2809932770353263	-0.07783760289448338	0.241793259800768	0.11990437923229907
20200000.0	0.2197615769167527	-0.17363559241388404	0.2270806750508263	-0.17185998962581728	-0.045886781176091226	0.031102833999214513
20400000.0	0.29767314020402935	-0.14695533419751405	0.18641798404307686	0.01029871816089356	0.03606521928285395	0.11297789178238736
20600000.0	0.26959723356728205	-0.18797167202210924	0.13462005841236557	0.012489957795594364	-0.09035474959280704	0.14481879354051813
20800000.0	0.30613931805159567	-0.1615588460172352	0.09926406416377542	-0.04877739951141358	-0.24106949330861518	0.15878885895129463
21000000.0	0.37031198512559627	-0.03555568142041654	0.002077975861590975	-0.053007520011165266	-0.07844187854029228	0.06571275343215557
21200000.0	0.3845954210388527	-0.010966135359449458	-0.03215957257168789	0.08404368376402704	0.0003954699065117778	-0.12365501685281181
21400000.0	0.380530596789054	-0.03913488753501593	0.07324864270694231	-0.058896725951453455	-0.08866107503823546	-0.005292590180391309
21600000.0	0.3961780496808842	-0.0010783404468238111	0.048182597556234885	0.0015104262442573457	-0.08244687831628968	-0.19300988902309124
21800000.0	0.4173443184904144	0.033951998854155396	0.1604839850809845	0.03644982725275314	-0.006216060333862128	-0.06513352498982201
22000000.0	0.3819037285319027	0.035120627696268225	0.17195253246363773	0.1080325986650621	0.05132002268059267	0.11051528692626376
22200000.0	0.2756303019342461	0.000715657301092687	0.11789941719936259	0.002109106789369264	0.012563924320783196	0.03472297349682892
22400000.0	0.30426677311629646	-0.013110510474321713	0.10166039238202762	0.14783342662768328	-0.09201623393923229	0.06528206648610133
22600000.0	0.22682802269368096	0.037578504083638165	0.039641514302239056	-0.05803103696454848	0.12843357264591426	-0.07448114789128929
22800000.0	0.2489112565808611	0.008467092817595973	0.11939652728522043	-0.09069185497776555	-0.1448349406922095	0.20878254429441845
23000000.0	0.31513324432100376	0.04755561540897382	0.04528588664033606	0.014521271110079947	0.11439383339907486	0.03443248364708558
23200000.0	0.32168712562436497	-0.0013523757316132035	-0.004168231506250564	0.16697483652668366	0.055284528819949066	0.15616764666348093
23400000.0	0.24782149969557565	-0.030302878876589473	-0.06476475894214584	-0.07374460547890971	0.00703578581055761	-0.1301178325720661
23600000.0	0.26789296805834084	-0.011185288564710419	-0.0237523583718926	-0.07111433296142966	0.08288366156762864	0.10153543963899972
23800000.0	0.3129633612187632	-0.051730039776758746	-0.08448743910452228	0.00824952165482129	-0.07380464169066817	0.00933941048264024
24000000.0	0.29638756549663725	-0.0034118055391677282	-0.031902535496635576	0.006733879670071552	-0.1079090289406685	-0.08991027640941132
24200000.0	0.29859845389990625	0.04783625970153034	0.0026159234368292594	0.21540631164843083	0.041518100457155566	0.04316753169903409
24400000.0	0.1270261356097464	0.016453741195588005	-0.03834228862853983	-0.1417002554428941	0.20143765759705035	-0.16572914704388367
24600000.0	0.16344784635847986	-0.07559558816425951	0.010979700429259331	0.09349592498524606	0.04949544544746566	-0.05504621510480831
24800000.0	0.14420802365943075	-0.0837856209079888	-0.002344178608133962	0.01952995428394244	0.05498373306944111	-0.16931352302620256
25000000.0	0.13014640054666415	-0.09172692947730104	0.044192639131690914	0.2565681585348045	-0.00047304148062549123	-0.07575372740583658
25200000.0	-0.038630662337993726	-0.0976155812857178	0.0925196425926087	-0.09805999142656452	-0.0001901414543823421	-0.0651743065252803
25400000.0	0.04261200450775959	-0.09761227637207329	0.12212142090179823	0.014063195105284976	-0.17903564683752876	0.009809191888203887
25600000.0	0.024625546019841238	-0.03861987889498225	0.1182719870695319	-0.03408154503252048	0.03679994834647024	-0.10689938673905144
25800000.0	0.0319011419299855	-0.03698918981570276	0.15604388158937077	-0.02503958841426135	-0.003586850845421402	-0.06623809936829864
26000000.0	0.05808875763013788	-0.024789870083685717	0.17125438178957442	0.14103727855665849	-0.1884702916976393	-0.049074714751148364
26200000.0	-0.0193223835953944	0.07380669203198503	0.1881725414082398	-0.0027240758369426743	-0.102877143418561	0.036980722310542134
26400000.0	0.004599582910117306	0.12869484184655694	0.16575628084916616	0.03250264488694343	-0.05010403144828127	-0.019565362220188922
26600000.0	-0.007997233838956674	0.16048749593040657	0.13068625975422643	-0.028936459741601528	-0.022034188647885422	0.017916718444037583
26800000.0	0.028258914799700108	0.16538390051111962	0.12861667179603353	-0.027014219147287744	0.11684612550491835	-0.30883928391087906
27000000.0	0.03331606245384222	0.11261660393487005	0.2519161597222155	0.04176084435282901	0.0703614748654792	0.05946559527760439
27200000.0	0.05657618716676183	0.08300077620196245	0.27076731155455036	-0.19171755264389434	0.000548752265915109	-0.07771145307070423
27400000.0	0.14252242745966726	0.09125864012661844	0.3060092925684721	0.005758607426989748	-0.020298960033418634	0.14867303415209093
27600000.0	0.1443593326153092	0.09906571943114317	0.2358464481043332	0.13161383550436723	-0.009257216396200585	0.019745984002420305
27800000.0	0.07594189859336353	0.12078173760114086	0.22216388660769182	0.07221896156053464	-0.07186414449744771	-0.03534759067183249
28000000.0	0.03743878394181621	0.16291571648933378	0.25407873343329745	0.1722219670623697	-0.14121454959798557	-0.034520093500585984
28200000.0	-0.0121980251748397	0.22664713231136913	0.24508185797123705	0.058645849441416154	0.12438976652181982	-0.07868404552588637
28400000.0	-0.058471366282020654	0.15426637368480833	0.23339590768413476	-0.01035536978016438	0.13099122363400323	0.0616920907811856
28600000.0	-0.0756350116239588	0.09941474352823032	0.19732882137282992	-0.08022036894079632	-0.22734739348737287	0.11669458150002092
28800000.0	-0.05437439910055275	0.18702833821032516	0.13492891393162498	-0.0015603336297074222	-0.043539286465802296	-0.13905502519313465
29000000.0	-0.0694335023122079	0.19725760458781272	0.240561093126602	-0.20828271176585123	0.10282536893564137	-0.11404841055864007
29200000.0	0.04330743637339651	0.1432835197401865	0.26873574587703164	0.09406753397639367	0.13640749691066578	0.041868672280970444
29400000.0	-0.040682276944274065	0.08920102272675656	0.2822719524182302	-0.1665029762756154	-0.005913037226562667	0.017590363825262165
29600000.0	0.04065777941862336	0.08903889556870914	0.27900062278794735	-0.06965500593533314	-0.14446802606970383	0.11432196093947715
29800000.0	0.06432017630397979	0.16477567504597568	0.2297558560003199	0.0777796820647918	0.16263898858586173	-0.00036688769570033045
30000000.0	0.02353632959857066	0.11359268589266414	0.23848439222062146	-0.06828140868897936	0.15593775566423165	0.024780559056222565
30200000.0	0.0394607140458092	0.045509985509351036	0.24905938137553063	0.02236861565596371	-0.053090625711392725	-0.04044060883125966
30400000.0	0.038407095029135974	0.06439761379495867	0.2845584378619508	0.02081368604515621	0.11661362379668438	0.014791415288688593
30600000.0	0.0015100772942275853	0.012168261411624526	0.24927384371855998	-0.07860688787060965	0.04178054096246997	-0.07830624676126711
30800000.0	0.0395742362640803	0.014199303935413576	0.30299036660599254	-0.07410969421079017	-0.03387767648221063	0.001913234037522124
31000000.0	0.07264975561241727	0.03520649512319651	0.32162701050631926	-0.02279780059481773	-0.050550936422801285	0.08762097746308986
31200000.0	0.056642262825825185	0.05350669922897766	0.2874364620136318	-0.04130740279154743	0.14929045461518026	0.030166960666125505
31400000.0	0.04930838314565733	-0.02336073270827166	0.2558608757048866	0.05113711464295623	0.037826757488168605	0.12952555316430012
31600000.0	0.03983357481772032	-0.0305544036947194	0.2026761040638294	0.006067331859022751	-0.13742603818902926	0.02140499811287046
31800000.0	0.03282293154704519	0.02279924907973463	0.1495929188077958	0.04258991642718968	0.07849465531515426	0.01446288086379504
32000000.0	0.06691045279532659	0.010385951305440067	0.15444543450890968	0.16690629192665885	-0.10684060798482176	0.006095445517190055
32200000.0	-0.05848366616227452	0.058931289182523994	0.1605683491237504	0.029043512400417804	5.8915071928733465e-05	0.06311415957840164
32400000.0	-0.05922733698356808	0.06737944718933342	0.16967557126129362	0.12516390025138957	-0.02524134186541227	-0.0652468536725779
32600000.0	-0.12382000879746613	0.07721281573900596	0.18133301153003867	-0.1174584986361582	-0.03299076884055374	0.05998103593648136
32800000.0	-0.06090824584157417	0.10436907150615404	0.1297353536612582	-0.14305091552547555	-0.03025445855696829	0.07661684593678278
33000000.0	0.03547320278948973	0.1201595314527073	0.10441514837279575	-0.07030183492013009	0.07463669290104263	0.11625123926853634
33200000.0	0.07680498716878503	0.0713245806755749	0.03983926726981579	0.00439260462459945	-0.10786336341473535	-0.06895561851544323
33400000.0	0.09741528893962936	0.11608112514850433	0.02654476480686796	-0.05487262915903823	-0.005524347894072523	-0.03321391311586628
33600000.0	0.11765461663415522	0.15182324563686134	0.04013564372688894	0.18290196504379708	0.027955946011846367	-0.04199976038064001
33800000.0	0.03283088144334556	0.147661099463825	-0.01368328988356815	0.05239968688495633	-0.09627913911783725	0.05992511047595088
34000000.0	0.003091968402301859	0.19180929782874623	-0.004764384351810147	0.1763367095664492	-0.05076725591455622	-0.14898929649095385
34200000.0	-0.09757384383067347	0.2140633942390484	0.044918080214388034	-0.1520473423545594	0.14508025334323815	0.0005298458529054604
34400000.0	-0.009426711216178774	0.13847362058474033	0.05507174453665176	-0.20418372655369144	-0.04078469391655892	0.06703274000911424
34600000.0	0.07317233844321436	0.12997545748882722	0.030252920941929773	-0.0637312176924123	-0.0086584592723844	-0.055760625879026034
34800000.0	0.10252810009171753	0.11267613126853826	0.04701232517170739	0.036943565045153726	-0.004947162332575306	-0.10500121775775358
35000000.0	0.10589255557194122	0.11032559804722908	0.1547135770154049	0.03536365724348833	0.025631547235644758	0.04747783814648556
35200000.0	0.12255106871985788	0.09646548972140234	0.13773534640773333	-0.06579513266172654	0.09819863323953493	0.001201896953427756
35400000.0	0.14558468708028727	0.07079707018432302	0.1389277881485862	0.12360002379107105	-0.001632928796955757	0.08944120179153607
35600000.0	0.06247684650978158	0.07950279694294515	0.1393511193247421	0.24243402022700167	-0.04542347681227288	0.1545062393181083
35800000.0	-0.04855468501702376	0.10104758758832766	0.11239264549545647	-0.14063641481001365	-0.0279369992615206	0.021405044865131805
36000000.0	0.02755102479288496	0.10729770926588955	0.10154673913348944	-0.17864136612654846	0.007710090317018858	0.05941012910977367
36200000.0	0.06692510095342641	0.11445342380381263	0.07292895158683299	0.08465773775201413	0.020553380728687176	-0.057861838788746206
36400000.0	0.027227421632531446	0.12552631837067985	0.03123654068365722	-0.08812364488485702	-0.002233809989885427	-0.12328089247973636
36600000.0	0.028336758655370886	0.13640801227073052	0.04516753820331054	-0.08654993540108169	0.05274876479736057	-0.04401332032251477
36800000.0	0.11298440711787805	0.11666385586592032	0.051166010730622435	-0.02903467327599074	0.11293211201425102	-0.0627949614385747
37000000.0	0.1354918981760136	0.09147059910178523	0.0983651522114033	0.01718027043853443	-0.006027294493757718	0.05697237376985218
37200000.0	0.11575629898027273	0.08046322867467648	0.10666513241870756	0.009131460377326484	0.03790891802879737	-0.13142551241530315
37400000.0	0.15086237143911774	0.0714821112430366	0.16621574636707503	-0.025782051047315235	0.0029580730921294762	0.1841534362896336
37600000.0	0.18849725760638592	0.09517572263396712	0.1244238272385263	0.19465237859930706	0.2441558973024892	-0.11311088582321117
37800000.0	0.12048823718082247	-0.004517677032819911	0.14983265039559246	-0.037819636356093866	0.016052272052410332	-0.0594811005879668
38000000.0	0.1351652865737094	-0.014754588631108234	0.11785008606921732	-0.08482054394750804	0.04766819475485873	-0.0768697434662104
38200000.0	0.16460963562546738	-0.07311238855694402	0.1733799091822128	0.033944834501734356	0.03376414485108625	0.003546686824083014
38400000.0	0.09019700353502458	-0.10144699143377345	0.18104125909879532	0.06542020060473597	0.05440268712300067	-0.0011057605194079844
38600000.0	0.053210015398747146	-0.16755128028972077	0.1961384839248037	-0.13508861869926125	0.01315909338913901	0.06715557847003831
38800000.0	0.10242159748592883	-0.19133166408926439	0.2215900416519232	0.22967965094366338	-0.3162067829337736	-0.11271694315439239
39000000.0	-0.010050659897586911	-0.07964620057002758	0.25460335887509533	0.10562499190075147	0.10717000813419153	-0.11430950450351238
39200000.0	-0.0729008646687106	-0.1208869202459315	0.26179246839003056	-0.043139772551616495	-0.029552065807038064	-0.003384698157729276
39400000.0	-0.08755220649734952	-0.10138215259176686	0.2343207835079335	-0.07042073312034436	-0.19059620402199529	0.0024027695378543747
39600000.0	-0.09184541269424074	-0.029432046525423416	0.21674901650430822	-0.04423907654549364	-0.006763961999894708	0.04980039671632629
39800000.0	-0.06832235397068587	-0.025568762198957984	0.20406287240915244	0.04861288296980604	0.18238383861590268	-0.1698908019269196
40000000.0	-0.0544964221692652	-0.11058972445826143	0.26456459835976087	-0.0699773658711802	0.14110150451224235	0.08283760641109063
40200000.0	0.025765561664201186	-0.16684539455773972	0.22122854765345812	0.16784804971036316	0.22511124857792164	-0.13835036304494108
40400000.0	-0.04577793877480474	-0.27071800128326373	0.2748098043295055	0.1822680870959994	-0.0969225730248704	-0.020883188743454073
40600000.0	-0.1405331201416118	-0.24520087568727433	0.2974783281045741	0.07004274555063894	0.05459276076476316	0.16877831581161387
40800000.0	-0.14548604768818052	-0.25420894449181297	0.22527953940880163	-0.011232862575531577	-0.2127063546294541	0.07732114993133864
41000000.0	-0.14329643168170492	-0.16761989361405227	0.18774286038204746	-0.06830411438892092	-0.19237121787267952	0.24845925251229298
41200000.0	-0.12467587836530925	-0.06959145568013447	0.09649173380076581	-0.08717703662043164	-0.17021565783876258	-0.026999877037431397
41400000.0	-0.11636545083361227	-0.017420327093587318	0.0815375172936399	0.13423692808806997	-0.11767580984197767	-0.14656768098369943
41600000.0	-0.15217325880426813	0.008497152502339844	0.09133802855904127	-0.03772644191945229	0.07724432034250417	0.13639432293368925
41800000.0	-0.1631417967662685	-0.039018447202956	0.06764730066376767	-0.022297486809798706	0.09409904577987094	0.0014713517440117733
42000000.0	-0.16437033152629965	-0.07103829530358396	0.10130065898392582	0.15987545444425422	0.012329395356100115	0.10206846476686338
42200000.0	-0.2374027512666288	-0.06697124726144388	0.07815453074195666	0.016153869403539467	-0.10979538587407967	-0.13743602903771243
42400000.0	-0.2563996579459058	-0.007618131706006892	0.10972124162776753	-0.009477184184753185	-0.05044017728913741	0.09332214921473359
42600000.0	-0.22421542930736393	0.017213462724448902	0.043106659742764286	0.06389250055541673	-0.16585194398588898	-0.06091779313858775
42800000.0	-0.29336500491102413	0.06701070671937792	0.06783330029139512	-0.045313024794787715	0.13191159917498219	-0.13251412183878936
43000000.0	-0.22990817868597446	0.0037126701720762156	0.09569470879520425	0.03501040993513982	-0.057113209734384274	0.09429875061081709
43200000.0	-0.25725911629281484	0.026282174603540653	0.06476842543129857	0.003580189494982733	0.04001781236174784	-0.06141434158879104
43400000.0	-0.23722878703756578	0.008198602911328123	0.14327133866416508	-0.18853545565888563	0.0170277766550333	-0.03911913261101002
43600000.0	-0.1892259834001777	0.0077818980756791944	0.16333679908777787	-0.13646844654221635	0.013732635405862448	0.08073878967718788
43800000.0	-0.11732831752607353	-0.005741962023883218	0.14606002747895586	-0.030249027135725193	-0.07343247028643063	-0.15654160085468746
44000000.0	-0.04271833874534536	0.043593891872856005	0.20726569491872304	-0.04733919086453131	0.004310829714197606	0.09519358888226208
44200000.0	0.00441717740693548	0.036955359392804255	0.12881281966700664	0.03601280794060191	-0.11133857167990402	-0.09867926293208587
44400000.0	-0.010294033991812057	0.09113853305363762	0.16264253892965774	-0.020101450008896293	-0.023837441623696387	-0.04875119770362858
44600000.0	0.03564989176808808	0.11607907221800673	0.20544417626032452	0.020858220560965535	0.052009809569300236	0.07614406966142859
44800000.0	-0.02631837002675752	0.10282231785532403	0.17663507047496285	0.020647746030357794	-0.044203066752248166	0.19667989576087866
45000000.0	-0.060183687405327646	0.13106230670037178	0.0352206155703092	-0.16719239466000424	0.03226770432405601	-0.03742338030655096
45200000.0	0.06050449886791398	0.1226569622401783	0.01464488253534224	-0.0836447826543143	0.038850826283094886	0.05564223845430293
45400000.0	0.10633916838941104	0.0946097215308015	-0.004868787240529748	-0.00871909232683965	0.029415120212265444	-0.139630199695637
45600000.0	0.10602955231809119	0.08607494091711487	0.03152700229061889	-0.00916611264924061	0.2257333160835917	-0.11402952040608992
45800000.0	0.13502470633403618	0.0041203804343723505	0.05364830559472056	-0.08290391328237856	-0.03265264945164459	0.12388401080508996
46000000.0	0.14634272971619566	0.0240932747423237	-0.021871292561237432	-0.11639730281354321	-0.14752741659816815	0.1131288944513629
46200000.0	0.20450143449454572	0.08253580583967235	-0.03722010950119348	-0.05310199125540738	-0.046718287207760056	-0.10047078366437842
46400000.0	0.18890351736121147	0.10568433648556663	0.006146931750649287	-0.004785789725186618	0.09129404040247913	0.08245512277854058
46600000.0	0.21857800943899974	0.057457336817574145	-0.02175526888249868	0.07656177630126315	0.2652470268446574	0.08351010300766419
46800000.0	0.1829321221160285	-0.07119579893759109	-0.11910107955317306	-0.01797583153078719	-0.08945765905706926	0.07206721923333108
47000000.0	0.15753240351665454	-0.02545911061346473	-0.15157466551066223	0.14802690661024798	-0.0031477174495448956	-0.015235249044078629
47200000.0	0.10721251837523482	-0.02822331213950946	-0.10199143330599814	0.07992793681362009	-0.18363804369983372	-0.04810566262779896
47400000.0	0.05952782518349409	0.06961898835754354	-0.060862330807175624	0.04529207619876274	-0.09810058387081133	-0.0756272767236537
47600000.0	0.06674356586887598	0.11899115911155178	-0.03108844388000298	0.13568346815765064	0.013121557864272937	0.051896587455276366
47800000.0	0.04381208172901552	0.1110177817006317	-0.022415858061136884	0.18220738890771937	0.0015054213756728885	-0.12318106721605879
48000000.0	-0.021844986924321574	0.11168554464607894	0.024239106898583884	-0.009894322537344458	0.18094685864008753	0.04763268617668949
48200000.0	0.025887509389463048	0.047227706639720424	0.03917871176386489	-0.04483296900393352	-0.06450626412303251	0.1232593408592761
48400000.0	0.047180092298759746	0.0898127704036078	0.049083616600307245	-0.026427364620666083	0.05171447085322178	-0.09316401521091183
48600000.0	0.07779463888715554	0.0534177733913026	0.05561714085519265	0.07701262650690133	0.09229356582132109	0.05213393320590874
48800000.0	0.01937698197028226	-0.003422850287300605	0.03863060024979559	0.07673971645530653	0.014635081469460243	-0.08210415281601424
49000000.0	-0.04359058235144175	-0.01730322016100061	0.09406353751560736	-0.09118043161161182	0.0753544202501617	0.18200638677956826
49200000.0	-0.02151509227289239	-0.03143723133860021	0.060668204043461404	-0.023292063823633136	-0.09444876429745808	0.0046040095852079065
49400000.0	-0.052943673871538977	0.0071434779455010755	0.04419737091133502	0.07207805139079326	0.21260466344751405	0.015392883393441869
49600000.0	-0.09475487350724165	-0.09677524042058394	0.0099448015628818	0.03366505205801129	0.21285469439771765	0.07835343467850908
49800000.0	-0.16004680162990326	-0.18952643418904813	-0.005497163934788052	0.11070768621890537	-0.03275439348429865	-0.04180800858994162
50000000.0	-0.20159086931914771	-0.163411980574395	0.020727149031723346	-0.1792089788575515	0.0568586395538726	-0.2574369343360223
50200000.0	-0.11926991028349221	-0.18461995091639594	0.12306583603702448	-0.11179640256944445	0.06580647165070852	0.01755511657316307
50400000.0	-0.07305670493715866	-0.21898358067240764	0.13201422038445987	0.09862361216433868	-0.03173628803679529	0.09071516610993281
50600000.0	-0.15622296780571787	-0.1966129583681102	0.10466889390325518	-0.06750291467688019	-0.024694862458233935	-0.015904157738753158
50800000.0	-0.09818715026045766	-0.19450390989704403	0.0628770435841135	0.023206349934767445	0.002845196359358315	-0.08885195768456336
51000000.0	-0.09177743609913591	-0.19148229729768573	0.056127065513518204	0.023527028307152698	-0.01345764917135206	0.07320233490670952
51200000.0	-0.12899110124436675	-0.19035825947676344	0.049201178263988066	-0.030417288939407428	-0.0482946714255279	0.1061740516221548
51400000.0	-0.11422557839290448	-0.1631357785376224	0.004121459128997973	-0.029788199471433074	-0.25508783554529657	-0.02318429585857963
51600000.0	-0.1150015673045175	-0.04769335988243739	-0.012666151069016252	-0.050728528950590324	0.05975821782759905	0.014850649812675927
51800000.0	-0.07739889511162801	-0.05925416794245564	-0.03874073288290125	-0.069314727534457	0.08371057776801116	0.011459544223972447
52000000.0	-0.002768372502970351	-0.10018746748950491	0.002656534825066892	0.0646732681506661	0.022152203683968974	-0.14560409552504489
52200000.0	-0.04060420527895303	-0.09534488324568713	0.05728380295105984	-0.018622906462127276	0.029642620940783626	0.2712772480725179
52400000.0	-0.014309765494942894	-0.11695773282399102	-0.023658210941504	-0.2184380338346701	-0.09617053822225907	-0.25718193451987853
52600000.0	0.11909763520492334	-0.08162008981148006	0.10298517571099275	-0.02581626104158552	0.07549582285881096	-0.07137186742395314
52800000.0	0.16167403252001122	-0.10734328904850798	0.1808933961387793	-0.09138866902907683	0.05955955941509039	-0.08046599837150638
53000000.0	0.2180074144432922	-0.14810341492954393	0.31468328900309617	-0.09317246434099058	-0.1231734987656985	-0.10034368796927906
53200000.0	0.2712870309949551	-0.10203785797234133	0.37897205686731583	-0.11322652689671564	-0.05737859896142217	-0.05957707755569561
53400000.0	0.3226608418154342	-0.08241569181789998	0.383494194910563	-0.18041404678212025	-0.06231847788802902	0.037350662210354796
53600000.0	0.40671922193939736	-0.06715289696587234	0.42620698418311176	0.2860324401269585	0.02769297922476044	0.06554007592634903
53800000.0	0.2651082074854685	-0.09825056427199286	0.4062664059172505	0.1914015076367317	0.06761821548916558	-0.19546532358183374
54000000.0	0.1725972528671207	-0.12222237467242536	0.45461818789865527	0.0039722217591098286	-0.19816139896769958	0.14860354317315994
54200000.0	0.15488740952233115	-0.04262867841232065	0.4163294837076772	-0.015396360985465485	0.018085331694194906	-0.03273676121655439
54400000.0	0.16914366225259414	-0.044784116462928125	0.4382181213247651	0.007392650743153872	-0.008726297826774143	0.11423007118543389
54600000.0	0.18502137568239618	-0.029925709370346	0.3776734756110458	-0.056076718921514335	-0.24952031296368826	-0.03186865747953617
54800000.0	0.1816080498059307	0.07396890636950104	0.36607099995068326	0.18217512816875825	-0.07506824905991127	0.031678471814333066
55000000.0	0.10146760178000136	0.08311657158952102	0.37978568890353515	-0.12900558701192733	0.04371350836252219	-0.028795746930874555
55200000.0	0.18695871064656444	0.0815213261723784	0.40047315303814446	0.014819260352988195	-0.12362886948297014	-0.03990693827400947
55400000.0	0.17788133000189532	0.16414028391393742	0.39708683388627497	0.03244411704576944	-0.010389573909424854	0.09543138483222718
55600000.0	0.17709052695730065	0.16905906669038018	0.376348049751813	-0.24929442483289765	-0.10362881501827825	0.06991799909564883
55800000.0	0.3131493634093374	0.2376827610386698	0.31835922550071927	0.20199647119528397	0.08816391848427685	-0.2185141137774234
56000000.0	0.17976262529953146	0.22671368169081774	0.41801271470682555	-0.18405427371374028	-0.3042226034188431	0.295836628137111
56200000.0	0.3009165717801068	0.38019625149402003	0.2594628940860395	0.10010615900497566	0.09557268147081643	0.23067916958112822
56400000.0	0.3045101010375788	0.3652255414347181	0.14146469893707492	0.09274295366028351	0.059830439793245205	0.008318229120812582
56600000.0	0.2758693243230539	0.35348551079061963	0.14922496523318696	0.17042033644346333	-0.021509963283580902	-0.06208717257075113
56800000.0	0.3090897009070943	0.33482237408194493	0.10732239177725722	-0.07690315197924491	0.13735415823165908	0.06106782984770913
57000000.0	0.2631958666936214	0.32795415499288083	0.11134878090725664	0.02057389467118842	-0.018134029441490007	-0.10060453527845033
57200000.0	0.25988068663363606	0.3358749597175432	0.17201941558892697	0.008394118193920441	0.21899689963990276	-0.10187842221148262
57400000.0	0.2535190211273175	0.2334690471346903	0.18391666652072036	0.0004897226405065069	0.04182174924233806	-0.06703530386072136
57600000.0	0.2640917108544443	0.21019678750228366	0.25618405514776654	0.03160433467718171	-0.033314930093780504	-0.05709964720257829
57800000.0	0.23800569533258908	0.20670342433410127	0.30625947585964264	0.10686230062571944	0.18786713839083546	0.1910852807969422
58000000.0	0.1733810827933837	0.1408137999158896	0.19363063351120058	0.0050657513422782685	-0.0704952117012203	-0.06663544057175774
58200000.0	0.14770636440798057	0.17829159970662545	0.2561903973170223	0.07333477009633604	-0.0679954711380173	0.00038798800703118263
58400000.0	0.12620889193999574	0.21792277091127232	0.2118927933784791	0.033441615346754716	0.015467005487662888	-0.024614985668769088
58600000.0	0.0872481464440682	0.20963159114907626	0.2133233693895813	0.11063731238599583	0.06180927048337104	0.1423893871611009
58800000.0	0.10168096556890305	0.14767758219826987	0.09447070452476458	-0.05478807040990841	0.019768670168204494	-0.026611176218193797
59000000.0	0.027153265354769474	0.17132019823330324	0.09422887185033613	-0.1185398487258178	-0.095736154873161	0.06521656597199338
59200000.0	0.06492345295845325	0.20517865088483234	0.04061448894442865	0.12225634586864054	0.10169855942504835	0.08728853843390799
59400000.0	0.018377144289274838	0.16720774683240336	-0.01203547534868532	-0.10511471856225629	0.09092156150495168	0.044814501036129606
59600000.0	0.05164059159358203	0.1430785765970768	-0.03205142257015092	0.001956125507210693	0.03541138888069639	-0.10837622861101046
59800000.0	0.04173247245924472	0.11169548234838089	-0.013590610485289645	0.02511130815127771	0.10147089021994216	-0.00483872621725241
60000000.0	0.061054181286749554	0.06926124819797508	-0.05234985528661262	-0.02018579683511934	0.04212621669245298	0.07483882277409389
60200000.0	0.03971958341406889	0.04991115470943441	-0.10515146232997052	-0.00708024112089678	-0.06933297510388137	-0.10294997580382659
60400000.0	0.06975665297687783	0.0694189375746106	-0.06344163209035347	-0.07966252231542548	-0.1300149025959838	-0.04136734941432642
60600000.0	0.11953323460448928	0.13060778862957534	-0.08944428341872968	0.16305975567644904	0.07313348281577436	-0.09125029251121669
60800000.0	0.022480956575776645	0.11883682435910714	-0.06478458248615304	0.09129657545002612	-0.009354276906243797	0.12223159746476261
61000000.0	-0.00911206735486303	0.1126751036017879	-0.1240989329124571	-0.008798989248616884	0.04071176172490887	-0.07206504219711221
61200000.0	-0.01650745541846277	0.10196979820906904	-0.10250914340647066	0.07133434623806245	0.1447208630005159	0.18523229544613112
61400000.0	-0.05578942541177412	0.07271575210063475	-0.19803140079172632	-0.00040444828044261527	-0.054519223482	-0.007252617404167411
61600000.0	-0.048963238129601905	0.1008415760621233	-0.23372250495053848	-0.049885036484361045	0.14881088122557085	0.08320450442661773
61800000.0	-0.020702869261981505	0.0279917450131677	-0.25398292862472793	0.04416823935256353	0.18856970409695872	0.18856606555860636
62000000.0	-0.028241688940795484	-0.07100183969653528	-0.3465604549185992	0.09623577471989808	0.12653469865004485	0.007550718362014416
62200000.0	-0.08264290763645477	-0.13685083822672084	-0.3707532536854543	-0.13570349288380168	0.001086363028638182	-0.028233227465595277
62400000.0	-0.021517898233469168	-0.13297568447653418	-0.33304915959559733	-0.16623625431891842	-0.04989479815297049	-0.06397521351547099
62600000.0	0.0725056274951612	-0.19244107172741565	-0.23596730656061782	-0.10776608389773212	-0.09313597279925201	0.20627367812314623
62800000.0	0.08320763767636663	-0.07801384428316283	-0.3188298384347126	0.04338678327178158	0.05444882741369472	-0.09401635543396145
63000000.0	0.05242234270522772	-0.11851266363696311	-0.27467771469792157	0.19613850209446682	-0.1685183179490961	0.06624959105152894
63200000.0	-0.06750224518665959	-0.06764565684753165	-0.2675810297957206	-0.044420205830391524	0.008427981175424648	-0.3203070602721211
63400000.0	-0.011598447774076703	-0.07853365076735486	-0.13008884751224015	0.1380027288329373	-0.06861835880715983	0.08340668828477553
63600000.0	-0.0781325382049829	-0.055967344589205936	-0.20759672406721608	0.04585070255736934	-0.13741073955427652	-0.17631950798236118
63800000.0	-0.09408581979525366	-0.0003228787534794719	-0.10435842696531195	0.1636377357752723	-0.04690322281364345	0.005134509167968697
64000000.0	-0.10096913839652188	0.012052782871862178	-0.09967465773012751	-0.023572128937601633	-0.04814778383848051	-0.07083880957643815
64200000.0	-0.0893899536138747	0.03174803019359729	-0.07545459213934924	0.017987989778015745	0.037243271350584806	-0.32003918099885953
64400000.0	-0.06684980601568213	-0.004023035154006038	0.03727503099212148	-0.03217284073002702	-0.08919914672019846	0.08051212391233799
64600000.0	-0.029066739379913997	0.026735726639145696	-0.010448558244389172	0.08749159647068971	0.031935225925973754	-0.02803483272265829
64800000.0	-0.08160919689458979	0.014614040193663413	-0.008351232408099651	0.013425932709589361	0.03179614865056912	-0.1016556766297785
65000000.0	-0.11783033379833796	-0.006025654279497417	0.0015160790593609086	-0.08548980934749384	-0.012516251518668753	0.1379811118071541
65200000.0	-0.03663375388003942	-0.0942308600949957	-0.0855638825861238	0.08354507224091812	0.08428571714332378	-0.2118478798693056
65400000.0	-0.15394682306924778	-0.039265095013163887	0.006297838847966641	-0.2302073085611296	0.018823792862782796	0.14847193248874146
65600000.0	-0.04106157821394163	-0.04592292265120079	-0.06074498888988433	-0.10694745989366083	0.2425115955263264	0.04791604514783388
65800000.0	-0.010797537427720272	-0.15872429749387607	-0.055412009162771	0.24642738075129333	-0.18359385151829688	0.1692472209367712
66000000.0	-0.10585240738504353	-0.08834091553373469	-0.12314208473475707	0.008601351476998254	-0.027049346146889697	0.10047284967228053
66200000.0	-0.12052727376084249	-0.05736850249876113	-0.13920399255683336	0.2073186142631558	0.08922921731031241	-0.18631355878745384
66400000.0	-0.22771008413423033	-0.10224042979466219	-0.04371899776797239	-0.18950427533545788	0.19069447582103738	0.07198948572337938
66600000.0	-0.18201441841779342	-0.20047389408880179	-0.033117556249691926	-0.0916177808989298	-0.1524068440631723	-0.16743545464028034
66800000.0	-0.08268865049598162	-0.169340615001218	0.052350325331924186	-0.12587888311903495	0.08950695645344897	-0.04035477931265775
67000000.0	-0.026172855550385066	-0.22652249962118276	0.039564544451693884	-0.028905106015447934	-0.04900788510530685	-0.05330802880877983
67200000.0	0.012287302823494883	-0.21350436374284243	0.061173535453472816	0.0027987464403196327	-0.026978501604070004	0.14653054156066123
67400000.0	0.04460515875251758	-0.19101319270701822	0.002850516901601985	0.13735922069524875	0.14860296591350064	0.04050009813789231
67600000.0	-0.054548710403423684	-0.2776787617514884	6.221057219857329e-05	-0.10434161729293923	-0.2178015788402181	-0.005002263809048792
67800000.0	-0.04087297927884492	-0.18398334954019901	0.0012338060069874146	-0.09435919027493433	-0.20130241625333412	0.014186216358948442
68000000.0	-0.02402251595759708	-0.09090941417635179	-0.030654507852386104	-0.15396556048160193	0.23888711084904202	0.06380338212831795
68200000.0	0.05369330024177543	-0.18290467493854123	-0.051070026420349635	-0.11642413992355127	-0.030191196128022568	-0.040001474415976235
68400000.0	0.12097937785381419	-0.1462927918640844	-0.0024365847090419557	-0.04065959972550548	0.03109659555178368	-0.19291868339356616
68600000.0	0.1734251054641618	-0.16016546659759	0.039302150889307	0.13089552193068066	-0.13132061709806564	-0.121582249826108
68800000.0	0.08872667175705828	-0.09567404778897526	0.04593532033420278	0.019462533464568388	0.13864415771950256	0.10942939692433296
69000000.0	0.10445499884372111	-0.13708813728644031	-0.02841894958452995	-0.16185870194169105	-0.17130336098820464	-0.08036538609955038
69200000.0	0.18303217558275264	-0.059305383529306255	0.035699461562094914	-0.004884847074743348	0.03446962696399325	-0.14071565907313494
69400000.0	0.14725499980471568	-0.08513745528131267	0.0678736283532575	-0.05811750252127723	-0.21248764013139443	0.013553837105183736
69600000.0	0.16482749290923948	0.012731333255260324	0.10852288261655874	0.05885670087989059	0.11674470767022527	0.12472478090109969
69800000.0	0.15170719076525074	-0.029610222829830946	0.053966762557919434	0.25926806305499817	0.05119280897364398	0.022719522021433684
70000000.0	0.0640146629465903	-0.03468336082372048	0.05238196308612908	0.2530852441489895	-0.14798953773737367	-0.055137689532984285
70200000.0	-0.04874936449971301	0.0036984023324748705	0.08674402996168062	-0.07824565491400204	-0.18668615552594403	-0.06998895631399177
70400000.0	-0.024633733346547615	0.08624050265703431	0.12262362083063083	-0.03204713904815071	0.16830509341319555	-0.021351832484953752
70600000.0	-0.032075945507074266	0.03148883649708978	0.125162100122735	-0.11567214044241547	0.012308917181814039	0.037335446512951335
70800000.0	-0.00862575970677426	0.026528553605260186	0.12531486342817466	0.022506087432314192	-0.13309488461100116	-0.10908409818897302
71000000.0	-0.04650492002929241	0.09131265139754419	0.1412745211544224	0.07132700297720929	0.3047097653723494	0.06431330200779634
71200000.0	-0.06924319745530738	-0.03614871112097262	0.1027629987816292	0.11647283204134684	0.018038695902134805	0.041868652715742735
71400000.0	-0.09490739056036546	-0.03175494772230536	0.022424753429075128	0.05045174247523443	-0.12982787772217463	0.03630457450274671
71600000.0	-0.13591083294761575	0.04641154525984348	0.02345548184049262	0.06458077329406287	0.14150411938049423	-0.02777074241534916
71800000.0	-0.15877036890310592	-0.011479905886574215	0.05249010906324125	0.02617399581775226	-0.09231261447215111	-0.0349471618692405
72000000.0	-0.1498244563140929	0.03912187027313507	0.06502993000533897	0.10359968216166138	0.11011939763087852	-0.05093994445414059
72200000.0	-0.2107861372711568	0.004785085529562139	0.07805649915171209	0.03082782469119527	0.08806473604612997	-0.07138240721402359
72400000.0	-0.23354860031582803	-0.025639366859365964	0.10775292915165213	0.0006027481261381418	0.12754693639899806	0.01562735097067499
72600000.0	-0.25656559566920123	-0.0783797160442532	0.08256759704350936	-0.04604132098012004	0.09193964476376593	0.0473006815483449
72800000.0	-0.24607104556321246	-0.131022821095371	0.0882496925733065	-0.00847436619275177	8.233426045478609e-05	-0.037044700531179434
73000000.0	-0.1935786312888581	-0.1133567275633709	0.1131364939659818	-0.17695516360506458	0.06919985811574492	-0.08883223429554396
73200000.0	-0.12499515845644282	-0.13671530000559073	0.2257403697298832	-0.08360173565766305	-0.009019954250382156	0.12978344247012272
73400000.0	-0.1223902343959935	-0.11910058501482013	0.16234158824801792	-0.05946487293653879	-0.11644001416782679	0.09994780804267332
73600000.0	-0.06594434963085405	-0.07481013503200984	0.1669616085255181	-0.06351308188282667	-0.06624854753274789	0.11386007991665832
73800000.0	-0.06699964621924437	-0.038173263371476196	0.17208341233799063	-0.06800624973441938	0.06006419065735891	0.042477834575191685
74000000.0	0.008929769046858382	-0.07877573395091986	0.14489414144068835	-0.09078971935018787	0.03385083610757711	0.08479200635173137
74200000.0	0.043775698566832943	-0.09812194124017992	0.14380618672412693	-0.029106125001626015	0.028397253299912606	-0.1409726316258142
74400000.0	0.06453973635734656	-0.11491764528739168	0.2119951605149959	0.21645908678206593	0.07620007131146878	0.055741328104884205
74600000.0	0.016666115248710867	-0.17640443391383087	0.18957469924100856	0.03760956712810026	0.0018075051545043408	0.11626851407255318
74800000.0	-0.01586541158661703	-0.17201328502656565	0.15592567072090757	-0.01483158625780101	0.07940085351301818	0.14391220129297094
75000000.0	-0.0381381820303659	-0.2135341659218568	0.09542483077295483	-0.055846278496341606	-0.018497052026008376	-0.037819645454472875
75200000.0	-0.0439680098104418	-0.20112016264667432	0.09485108196457182	0.10948879633016495	-0.15252629340524315	0.18883646772615303
75400000.0	-0.0677122290517218	-0.1391930937376742	0.04468840495272364	-0.08431193195990794	-0.1040755736447867	-0.02635701865630967
75600000.0	-0.0436872671731976	-0.11971190089263928	0.06128300086200511	-0.0004836773884231427	-0.033987698793387366	-0.09436365413202777
75800000.0	-0.03957265502492646	-0.10302405317693797	0.0961349892224721	-0.26011657562463375	-0.10005739356526533	0.04420527516942973
76000000.0	0.06456053014619556	-0.056437395975052596	0.05773286834353275	-0.006730179367731459	-0.09778582186720719	0.06708057660455861
76200000.0	0.0621233570391837	-0.022407045223133082	0.04521159074922032	0.13255317221973129	0.06896823677086061	0.08242773178321317
76400000.0	0.04143125814738369	-0.028560336317354995	-0.013625135585588755	0.05440414606989474	0.002089890238021752	0.22130924331226026
76600000.0	0.04372784363215487	-0.04762657758965361	-0.16171591398960583	-0.03343445235645581	0.03338907071462138	0.04901243255721674
76800000.0	0.06942578475093342	-0.058715190709449416	-0.23317156452845622	0.08054822260443084	0.08891504895200875	0.03631497129379621
77000000.0	0.03714932182134589	-0.046722918292687154	-0.24787916710205615	0.022610059978293573	0.06708361692565745	0.01894091512062992
77200000.0	0.005134481033223892	-0.07628592680941892	-0.2849700325336906	0.1173222312048271	0.1371498820385355	-0.16046472556255773
77400000.0	-0.05664677978415966	-0.11702240411378284	-0.24653760634138866	0.1248007455036062	-0.000352555647499031	-0.07408371228306851
77600000.0	-0.1929110352564294	-0.1274044055913066	-0.16724423527828325	-0.1332481433282976	0.08190977762041207	0.0817627768345278
77800000.0	-0.15322015879223727	-0.18232847143278264	-0.21740443684055988	0.16169475718741588	0.01900680865130333	-0.05095929733770778
78000000.0	-0.24738566070703882	-0.20222572316308174	-0.1780685818222385	0.08960713527302885	0.0548858474549796	0.01143906071700921
78200000.0	-0.26454603695276546	-0.23898228943374988	-0.1431685624236776	-0.09727995153127776	-0.09379196112681498	0.052054155315179075
78400000.0	-0.245391015939731	-0.21826263597014872	-0.12707922004075245	0.025396596368501667	0.08589138562327392	0.1016298417113004
78600000.0	-0.2550807857470545	-0.26503443966819873	-0.16655770638782452	0.08981250014763167	0.04116284310790874	-0.14968779916368535
78800000.0	-0.3453812487262553	-0.29008774200647736	-0.0858385602628986	-0.07612836513156762	-0.2242159498909455	-0.13769980660401013
79000000.0	-0.34017378970969503	-0.17563630346202785	-0.009872364669064826	-0.19821665001388256	-0.0770416797326341	0.09759046578669199
79200000.0	-0.18500399175002258	-0.1340750519178755	-0.058510249818129356	0.035517215069591046	0.017984258555410193	-0.08650357221579792
79400000.0	-0.21627619012645027	-0.14529551284996955	0.0058819719192557685	-0.07700324638973377	0.02665691105740642	0.04595324812603413
79600000.0	-0.19380359087773513	-0.16198579755936748	-0.021085974132597496	0.04890677095495788	0.1983766152358335	0.012331578432589953
79800000.0	-0.21347280886453746	-0.27666922362209334	-0.07130228082676515	-0.1487093952940276	-0.028092986152175925	0.2117267001751859
80000000.0	-0.21090723916773868	-0.251751874708134	-0.17199126723948854	-0.2439038634143178	-0.006088596307723293	0.035668804996337275
80200000.0	-0.042741641246720974	-0.2568802302976394	-0.16698487003966234	0.14858219783839632	-0.027507179687905392	-0.13119909580411698
80400000.0	-0.07757514923844155	-0.23856571504452972	-0.08322851423481947	0.03916985216071067	-0.009539977646504383	-0.019058295619018447
80600000.0	-0.06032909596291347	-0.23998131773834075	-0.0841334970111296	-0.028291415413106424	-0.13507891069756894	-0.1058175281152696
80800000.0	-0.011432785138879353	-0.18186455477396635	-0.09007523004988638	0.012403882777753727	-0.16375011501136605	0.010338010382734443
81000000.0	-0.021118286520845686	-0.1245766254519367	-0.08751414313047712	0.06338528451728065	-0.026900453448371664	-0.08868583095811257
81200000.0	-0.04253370378046384	-0.13051158479214564	-0.11773102077910669	-0.06679797890734074	0.06836677832602867	-0.06056227958450028
81400000.0	-0.016956085346862437	-0.17976801094039274	-0.12402369602969943	-0.07815981295989749	0.09198072341256491	-0.022305183048151565
81600000.0	-0.025299452992669558	-0.21841259008397174	-0.0998381282387415	0.060158873102656774	-0.05954387862246158	0.006578729129639839
81800000.0	-0.056289309477733696	-0.18816112868813661	-0.09462749472049703	-0.11566581578797708	-0.13893091623920562	0.09613216638126294
82000000.0	-0.03348087661038335	-0.23936445004784446	-0.11155134407993628	-0.09996421203580175	-0.08104598475306801	-0.06617562690900604
82200000.0	0.07660715047353506	-0.09551828711084909	-0.04660419101847002	-0.02261620364108685	0.006245000518843469	-0.02373709470821466
82400000.0	0.06867281974854222	-0.07124617177515802	-0.03723596038881749	0.17147798685229798	0.03648642907478994	-0.0723708325857197
82600000.0	-0.01334740797261702	-0.1049932241706415	-0.057009331205102765	-0.0648146918191932	-0.06811640013885167	0.09754467424577301
82800000.0	0.07505582653112697	-0.08881424337573662	-0.10022701527206102	0.15237114884831682	0.07543521594207192	-0.044324068466854806
83000000.0	0.022685294071152384	-0.12616874795554622	-0.097057870486976	0.042766225381616785	-0.013699897710322873	-0.1864342759872472
83200000.0	0.027307966464832134	-0.12430500202816575	-0.010607460522997325	-0.06993158824231083	-0.005819858645947917	-0.005073405081446618
83400000.0	0.043148216013776164	-0.1168989313943598	-0.04283867356854376	0.11505800577940306	-0.016195995152815	0.05187097141276585
83600000.0	-0.046827095071932945	-0.11151284981366416	-0.04846522359971894	-0.05003040578853124	0.0765430350997569	0.18537640572682607
83800000.0	-0.06484885778934313	-0.16005906888523214	-0.1786634109832741	0.08394914199771275	-0.2617969290856017	-0.1449996062401592
84000000.0	-0.07611100177354047	-0.029186132374604767	-0.11926224705775557	0.12168545473085857	0.06806861977478995	0.0763642641085027
84200000.0	-0.08327088650992209	-0.06683940985965364	-0.1299282824423469	0.015283837056472294	0.06623779500250215	-0.05097197427272155
84400000.0	-0.0771847997760915	-0.09165087038053343	-0.11993191812366621	-0.1969869794454251	-0.04748666441649263	0.05759351101031891
84600000.0	-0.03198054362297853	-0.055792240520304404	-0.14142540931991898	-0.05071749527540215	0.039288196186090474	-0.25488673530108147
84800000.0	-0.029240726932698635	-0.07651556793513237	-0.017455099885850256	0.10408936948470915	0.022204980786945328	0.02838581976358536
85000000.0	-0.04161673088850648	-0.09420052630019882	-0.043100084790997695	0.058509906679117485	0.09968783078682542	-0.017537932645026684
85200000.0	-0.08338932108165409	-0.13272181030981756	0.005587314051619163	-0.02330712821203562	-0.1108141921466057	0.07689969339589005
85400000.0	-0.06775799935621762	-0.09066776506853103	-0.05605814447934643	-0.08099718475510453	0.003528087509190314	0.10311156316090353
85600000.0	-0.019166526466051437	-0.09143554997984893	-0.07738340187803283	0.10369443261365152	0.057234534753003885	-0.09480182556985364
85800000.0	-0.06478329681931427	-0.08607721137315139	-0.04632756455102838	0.016609090150801364	0.016805334294287988	0.1230954884070121
86000000.0	-0.058718067434881505	-0.10580877045066472	-0.10739308306980644	0.04923026403123121	-0.05509924699507884	-0.04261888088286504
86200000.0	-0.05094674334276306	-0.06727243698247776	-0.13493329445263624	0.0807461884936016	-0.1411893403812794	0.021861682546517477
86400000.0	-0.09287949832349796	-0.021711145562846923	-0.12437271508013881	-0.12957735469106435	0.20546234185748347	0.09902641281183291
86600000.0	-0.02926343509011531	-0.10344695021029793	-0.25617722758848616	-0.005412161003227389	0.03727093629861855	0.06517777350545619
86800000.0	-0.025474957863821146	-0.1250559801821396	-0.23216307623100474	-0.25472740268967087	-0.07550875163082615	-0.09767409308178096
87000000.0	0.06651593537702638	-0.09514511437834017	-0.26917205123098986	-0.04300771829327488	-0.08473326226456557	0.11019037525764712
87200000.0	0.08199960114512805	-0.06419370019028747	-0.314846618003249	0.07421624538331528	0.09545057528751855	0.20333271162078376
87400000.0	0.10671001458342744	-0.08378100683478351	-0.40346888778746925	0.1396841736522898	0.12962424670629602	-0.07285153586537119
87600000.0	0.0027012704057369774	-0.14370334673088792	-0.34632079585703046	0.1205384547467725	0.005574887180708643	-0.02773876458104329
87800000.0	-0.034439450283400674	-0.1624044959502271	-0.3840653573309849	-0.17701724252740458	0.06623530784836973	0.002494320094560798
88000000.0	0.05493398342940736	-0.2151836931528237	-0.3833897927114678	-0.005803436732333189	0.12669843061233976	-0.1388668965229244
88200000.0	0.09291655551214717	-0.2765626331904514	-0.36578010683544493	0.1563643701061359	0.21992616758217842	0.02089159251350889
88400000.0	0.018438205360723714	-0.3848101990261057	-0.37626618794864286	0.02978982357888338	-0.2424341586952341	-0.041012434360888445
88600000.0	-0.005811907164400054	-0.2664701966125449	-0.36786935540343735	0.022535462710447263	-0.0812585163330759	-0.08600369497108208
88800000.0	-0.024977117434787033	-0.23336376440971662	-0.32787805768232725	0.0587199260779423	-0.04998280953343048	-0.07740558607241008
89000000.0	-0.05635731247593867	-0.20484433480567077	-0.28384301404214196	-0.09252060828153574	-0.04990207638445732	-0.12499659374038424
89200000.0	-0.0729648728552661	-0.17017506296946294	-0.2279239912198594	-0.06383054835100488	-0.0010098930802833195	0.014563554385639652
89400000.0	-0.08868936038527409	-0.1766202869416702	-0.210658450669442	0.07822094670847068	-0.05331729718725242	-0.16351196236574367
89600000.0	-0.1262518597353619	-0.1563874543983843	-0.11301417211138665	0.12011588878946444	0.05310601005097837	0.06893372146719291
89800000.0	-0.15328884414475397	-0.17505762693372162	-0.0943199898099416	-0.1194454911029732	0.0018943653620180356	0.08501471465095319
90000000.0	-0.1485601574249813	-0.18761189411372925	-0.08788716139265396	0.12565065416604249	-0.24342201046331802	-0.017886671671324246
90200000.0	-0.19544770931383937	-0.07490745574284574	-0.10784728400418331	-0.05629928487244751	0.15364083520606364	0.08481810244922669
90400000.0	-0.20895288014503421	-0.13010854621791168	-0.09299069789924186	0.04997141719476783	0.16207991809858235	-0.10147063450589569
90600000.0	-0.27682251167561844	-0.17670341971290782	-0.08965966642446865	0.007665898670667026	-0.15699667671275197	-0.11999935643701605
90800000.0	-0.32324522391547816	-0.102782370332136	-0.0320185552331087	0.13370953613873127	-0.09477835932493317	-0.09974883217431955
91000000.0	-0.42216050019027307	-0.056012992408057016	0.015207363733950707	-0.1335376688968859	-0.06582575818245573	0.025241707035737367
91200000.0	-0.38377889115963626	0.0028864944417250626	0.04497687656587113	0.055323804840907265	0.2632015866194264	0.12916550457878329
91400000.0	-0.3863968409304732	-0.11838711968846383	0.04063751617253386	0.05829301394304842	0.08849721180387071	-0.10083077504999927
91600000.0	-0.43845851739123987	-0.1308561355841107	0.09452570861748932	0.1211414578695047	-0.11854960989844177	0.013459350433133292
91800000.0	-0.5039313008760189	-0.08612336286830669	0.0880816993657576	-0.11773136143439267	0.1885323871052771	-0.12037547482343473
92000000.0	-0.4245886019695604	-0.1809873481086015	0.11693302756673907	0.059749364553000284	-0.10107047376403155	-0.048340383201208426
92200000.0	-0.4514675829876751	-0.13574592058182589	0.14594552756760737	-0.05343479554376174	0.17918720841796887	-0.06240844540710558
92400000.0	-0.44501364198166016	-0.2104954426362724	0.20990605332426227	0.00033857975861284473	-0.0035394551986600575	0.1091636307011361
92600000.0	-0.4191867685167949	-0.2041973583237109	0.1877165665184748	0.00210755539533114	0.044858198028100205	0.01181940138503067
92800000.0	-0.3759148372378718	-0.2076856620290073	0.15857970284956435	0.03234926526396098	0.12294923489439302	-0.23741334708092832
93000000.0	-0.351533682504396	-0.2601345880152621	0.23970532685335444	0.02250029166089984	0.034014610022726544	0.07981005811379668
93200000.0	-0.39209775501859667	-0.2539498816095147	0.20623412893663096	-0.07733698686265988	-0.16755019897304457	-0.19786829096148187
93400000.0	-0.4020234562522944	-0.18306066302886848	0.28435573908326006	0.05843894839950359	-0.050420793600624236	0.08105050292333059
93600000.0	-0.40045080494883223	-0.16293988044594698	0.2489712258790937	0.0285496371860825	-0.06976134547987822	-0.061352013871765865
93800000.0	-0.36139462438143255	-0.132824425261731	0.2627761381655236	0.17428746854592703	-0.07789413149513535	0.064553706656406
94000000.0	-0.39787123616571307	-0.09669488964647144	0.26631155993352595	-0.11789931139381515	-0.10218186496947279	0.17273726252290036
94200000.0	-0.38207939529357304	-0.031547019675429055	0.20410691699073458	-0.17689426298814404	-0.007839264009868785	-0.057941579471803645
94400000.0	-0.29002179732998457	-0.0020276048917367007	0.24541422113728673	-0.002429937240993496	0.08308381506376161	-0.005535983486666438
94600000.0	-0.2668731654841281	-0.028366710720661104	0.2476186602269168	-0.06822265783145731	0.10036164996901853	-0.08574891786269252
94800000.0	-0.20766880739500948	-0.06398605665316381	0.3244079943039564	0.08178973818367474	0.1979275588511884	0.004172845261864781
95000000.0	-0.23074758639944548	-0.15070760987026688	0.32339787564617417	-0.08614213470068233	0.09014804778539354	0.0018389032283742252
95200000.0	-0.16973236247605428	-0.18820255332315128	0.3160442824737666	-0.07038206060735241	0.07706916291546406	-0.14299435589947962
95400000.0	-0.1557556739605559	-0.20962224775024652	0.3769588155690964	0.23798129354150976	-0.06902532749037249	0.07032756391642057
95600000.0	-0.2736193562007827	-0.2154804474323555	0.3439383929788915	0.13206168529649442	-0.06904939613230177	-0.03013994912735049
95800000.0	-0.3147927639662669	-0.2086182023693368	0.3879178809537165	-0.05710880585003242	-0.07779220023666156	-0.07268907581997625
96000000.0	-0.31519655032957417	-0.1737738074492654	0.4199609264344297	0.010857031718176202	-0.135840807753544	0.08130914569524844
96200000.0	-0.30864612384792167	-0.0956275566848035	0.4266214586228212	0.01375013853364404	-0.036370675124729246	0.10245188499903177
96400000.0	-0.3479760151947744	-0.08194099505686836	0.42918757512564176	-0.17356226874097125	0.010906751785954683	0.06848649880848658
96600000.0	-0.25050992998049537	-0.08966382385574434	0.41447381114319737	-0.11892588882545585	-0.0019573551197158423	0.21298230780517172
96800000.0	-0.16461006610424533	-0.09503930597776389	0.33374560643518736	-0.0018534062340940238	0.06456677930606958	0.023462148273001377
97000000.0	-0.15534150552392134	-0.12472310084751825	0.32955255089946633	-0.07496714747154787	-0.08564444367298041	0.08862750138158312
97200000.0	-0.14585999205723965	-0.0743134137146626	0.29260332663670674	0.08395147323157559	-0.0007188816519256847	-0.15790934807075707
97400000.0	-0.20122655959980307	-0.0752329391094122	0.2963360207393837	0.184991785006698	0.009001115738985987	-0.07424366205969903
97600000.0	-0.2951599592473144	-0.10490587486816594	0.3032825601366569	0.08476988292930976	0.11059078818974033	-0.0147182099442347
97800000.0	-0.304435621857607	-0.17070271146781124	0.2725130106916398	-0.022043710272397377	-0.026097077486155307	0.06238559267649984
98000000.0	-0.28865975512607633	-0.16977823232980427	0.25549029312810667	-0.12756567075972924	0.057083368647845134	0.09917135890783972
98200000.0	-0.26002091894838486	-0.1914292248298466	0.26946278945562874	-0.08330266330427882	0.0384525766429098	0.05042635501573855
98400000.0	-0.2806660526057101	-0.2246603615242293	0.221312946726677	0.23267375435808813	-0.06543317948563132	0.11647099608293292
98600000.0	-0.38250629589637697	-0.20566567014992643	0.15435723260115752	-0.02583070302098811	-0.1212898983615327	-0.15332732299267313
98800000.0	-0.35319139659731036	-0.1616017880377285	0.2530025799587008	-0.09177591265395613	-0.17127405446102717	0.05991200319550841
99000000.0	-0.2975644599146392	-0.0789741124206671	0.2048605346245349	-0.15057151068816665	0.15193976367533502	-0.09599792499489078
99200000.0	-0.2544960970855641	-0.13633151448971148	0.2827508408993289	0.1236820335472304	-0.2355799320129135	0.10532526260277934
99400000.0	-0.32438899787490527	-0.016532403357018666	0.21855539421255554	-0.007366556410097758	-0.12608641436192514	0.042439881017926354
99600000.0	-0.334318552913345	0.06803249535636269	0.21229175108181564	-0.04984326555451091	0.1362555616982446	-0.016274701936723937
99800000.0	-0.30968111029821443	0.024100068370387362	0.23616910227308407	0.12590669726750559	0.03480798575893029	-0.0764792448214177
100000000.0	-0.3230331673317153	0.034451604517641954	0.2916363883664581	-0.05166728538540166	0.06487775193352086	-0.07199974500132024
100200000.0	-0.3139400453185601	0.0127450553539461	0.3006376026980242	0.022311886450196106	0.043457067504856894	0.04212732259124928
100400000.0	-0.3071514436358882	0.0006358458495014929	0.24173523123042573	-0.02372800091751337	0.05381630591298281	0.08568383936837129
100600000.0	-0.31530756530199255	0.00677618206390207	0.1627156743785052	0.010878972054282343	-0.03939084415059835	0.11095081761113783
100800000.0	-0.29574331678784915	0.041127073944721815	0.07983371920009241	0.01385460691233309	0.0049383874334991695	-0.09292035232932327
101000000.0	-0.32680299107929045	0.0376111620051347	0.09037574211006394	0.13094303881577662	-0.11925939965324961	0.19103807803127648
101200000.0	-0.4055501114797835	0.09250680162057279	0.007814318790143826	-0.0957997818697347	0.19363363405622946	0.07847992754627373
101400000.0	-0.3997852090963079	0.00735030635593148	-0.02997131195738212	-0.09912876696532447	0.025045883187751805	-0.019576417455207343
101600000.0	-0.3895634211831691	-0.0024652530566982023	-0.04020432400548035	0.1126538217889621	0.031695205740248866	0.02470181502620135
101800000.0	-0.4169121100683242	-0.009997952832634383	-0.02664124060679085	-0.3046955705484722	0.02025813513536745	0.06093023864053618
102000000.0	-0.2621450405620749	-0.004833362641250005	-0.09577032268897678	-0.06985638855260135	0.11162685706992459	0.18385353525803758
102200000.0	-0.22133756788397818	-0.017820861368079477	-0.2032071623744458	-0.21325932502557166	-0.01815651440823851	0.06841234625749525
102400000.0	-0.18274933892661238	-0.002489554270937333	-0.20044468842663776	-0.13945993111052246	0.17325833552990177	-0.025516372296642716
102600000.0	-0.0861016207975922	-0.08190863565573636	-0.21908384371308687	0.28383553695920316	-0.046478340032831245	0.07012151954267437
102800000.0	-0.1598916292384729	-0.06434376422936339	-0.2505667447031612	-0.16173325034031638	0.10998532174484543	-0.056638537729742054
103000000.0	-0.10572840786397819	-0.07595034483779273	-0.21749232863351775	-0.03817577635535763	0.054855749126528686	-0.22762181642456897
103200000.0	-0.09614723210000875	-0.10281613727806871	-0.12180374528904259	-0.04774701710133389	-0.01703964250082901	0.10489353549038836
103400000.0	-0.026752515802627386	-0.09660049122055625	-0.1751330241353395	0.006937938366939456	0.04217529139219822	-0.08687420669098492
103600000.0	-0.06567737131280182	-0.13321991467500993	-0.1346939277496575	-0.15424622294727985	-0.1444338797947955	-0.1451994676344734
103800000.0	-0.0043760561217141	-0.07650216722782943	-0.055556355679700964	-0.031241580974934458	0.06221469905561472	-0.07174735008803676
104000000.0	-0.01337247953813403	-0.09955285540235081	-0.024995330218499756	-0.12178564952773474	-0.05238600633968593	-0.029532490003288447
104200000.0	0.03280097140677185	-0.08572270926094916	-0.03387202468264627	0.0006320862029474128	-0.06842540120386742	0.0766980049104655
104400000.0	0.045195548763302895	-0.04839267225969479	-0.09702157473798279	0.2408461286052317	0.003515442274454106	0.014935552231159437
104600000.0	-0.05767556995772338	-0.04923477759911066	-0.13099385602014402	0.07058869787284117	0.04364377447380363	-0.13945376399473672
104800000.0	-0.0973484086655958	-0.07975269123471662	-0.03325008717408684	0.17124384082793487	-0.05144157515923764	-0.09383971635069253
105000000.0	-0.14385804770833488	-0.0636548214515642	-0.025696563342745282	0.16009209633782184	-0.15345131765499698	-0.04518416560011595
105200000.0	-0.22564384933573933	-0.030258866280007624	0.052779222061491105	-0.0038665360284628747	-0.09709598019625343	0.01543328757633073
105400000.0	-0.22762945290838843	-0.013936439301801329	0.031846923530199245	-0.1007033696015176	-0.020338904628379506	-0.11820917702910848
105600000.0	-0.22128604232241855	-0.004904934088301616	0.0912370247257952	-0.13200568339610452	-0.11766549723745667	-0.15605476031356855
105800000.0	-0.15644649118448228	0.04035860059497054	0.2094039536861314	-0.12056577594354323	0.09436271610899194	0.0028772895476141327
106000000.0	-0.13391634387977547	0.015257410538026761	0.2222748688473115	0.14370862632840442	0.07302123990470188	0.08986886306982042
106200000.0	-0.1932848218284562	-0.010787757511764084	0.19690579617581339	0.11014336948464809	0.17779097584084957	0.0916419161564401
106400000.0	-0.24700701059254015	-0.08991015790905976	0.15429210122589776	0.025797328898645056	-0.0626914451123779	0.18256448880871493
106600000.0	-0.22156269644787585	-0.03924329000437865	0.04641097591208743	0.0973876075943112	-0.15772743599192385	0.07248937566601661
106800000.0	-0.28097713218366493	0.040264432546450735	0.030653724988709996	0.014317600401906994	-0.07950672655533153	-0.14173674446460655
107000000.0	-0.3105021463888704	0.043805241339100576	0.04791637010581118	-0.047263178023154495	0.025093621859796578	0.04565028502836773
107200000.0	-0.30180939252548455	0.014702171558781174	0.07127599730477474	-0.00041827263826466066	-0.056739640856011686	0.12661685580315551
107400000.0	-0.3038253099228996	0.034088514523659796	0.03494373149821106	-0.08545352812485696	0.07360450250431771	0.01350098305319862
107600000.0	-0.24942616071996326	0.010719135476392694	0.06468912934889426	0.1050756719132071	0.05881756333612809	0.030085529564042823
107800000.0	-0.29922144302622655	-0.015506724539818606	0.10793094800665437	0.0388808028989418	0.01630659866571116	-0.02990772701107036
108000000.0	-0.28396629942687923	-0.033122069633066076	0.1453905198226968	-0.06185257439852876	0.016418726912974968	0.07866233881956851
108200000.0	-0.26989126734983415	-0.03225130197972703	0.14481712561181226	0.08729350269029545	-0.08474964805093443	-0.1672628238186619
108400000.0	-0.29609716585045476	0.027808941553587374	0.18984466940502465	-0.12715468235944982	0.09697072394815676	-0.05841055224889306
108600000.0	-0.20623625349502106	0.014635627727273004	0.22051373635535176	0.09003861736960506	0.05523275452720866	-0.014939311386055393
108800000.0	-0.21968389407993527	0.01399647317259678	0.16565206142540267	-0.022199305134486202	-0.02102304069217298	0.07463527248946225
109000000.0	-0.16440859422412757	0.014711966685581501	0.1724598985306347	-0.12037428559787511	0.10090652961517299	0.04391108493727542
109200000.0	-0.08654656272227612	-0.021256314463983017	0.16380051791114592	0.10650406350588604	0.09216538411732111	0.04144027486571639
109400000.0	-0.11670329191953499	-0.04911585020539633	0.13187619231774605	0.0884531481910713	-0.08205544571733725	0.01536480278887144
109600000.0	-0.14254685895237174	-0.017893069883882617	0.09375625006578847	0.10833837413266512	-0.12525815283446518	-0.07551208995313988
109800000.0	-0.1753623412857479	0.022484393261834157	0.1387547270530376	-0.14373626927723926	0.098324966063571	-0.07408589285887968
110000000.0	-0.08852185857662676	0.000830449195291294	0.21454672738168434	-0.06546934578840169	0.0773547070244015	0.11986222857743559
110200000.0	-0.008447997823765263	-0.05028058101129318	0.21348780138232915	0.04414748678663827	-0.003953115351988612	0.0036956697405743978
110400000.0	0.0030940056286681283	-0.04005127607825898	0.18921139299274525	-0.011100442861149418	-0.009589053007176607	0.12165337827604908
110600000.0	0.005423821127052975	-0.027301203373838234	0.08531070375496363	0.031229770460376116	-0.02082302581395301	0.09883854024595277
110800000.0	-0.04628572542328868	-0.03372022709140765	0.04316387240234909	-0.035217469509433386	0.08843506316649485	0.027479779825066532
111000000.0	-0.017933072602048128	-0.08107081794793203	0.025925421381510327	-0.10171108000134677	-0.11045695511043552	-0.05367472285828192
111200000.0	0.018522227288755744	-0.02299074504469445	-0.010100925015442463	0.16119715060945605	-0.11493264079370691	0.006773267635006446
111400000.0	-0.02644712264228133	0.026918868935410956	-0.026656133891631795	0.3289056370667618	0.022704776777110025	-0.08997840039254572
111600000.0	-0.17503162172937436	0.016848261110453677	0.01580822410717908	-0.15691219347991137	0.0865570473053654	-0.02082860696557611
111800000.0	-0.05881470324763427	0.0037156236991222613	-0.001341767311546338	-0.03637853912812794	0.057406676178109683	0.05523943604799714
112000000.0	0.027451190717314944	-0.04271070197597737	-0.07350933317397135	0.099353641874532	0.028184074904196055	0.09602286521669395
112200000.0	-0.01001358248578299	-0.07258685377792062	-0.12207799993869184	0.12415730484903964	-0.0834704178107154	-0.14003725308560178
112400000.0	-0.061292980801908925	-0.05924005003083721	-0.09426819316920976	0.10330388075742203	-0.04245918810603899	0.16879107306991717
112600000.0	-0.1964204359413202	-0.0488171155816417	-0.17951445427224488	0.0181357465933889	-0.04665407004461064	-0.09268771156464539
112800000.0	-0.156918964722081	-0.0008877904666064751	-0.14424352428956944	0.08674714301879138	-0.0711868820039191	-0.09576418795482881
113000000.0	-0.20802093976620029	0.0076730291348781066	-0.14588334457504848	0.04103194869940552	0.1195882145055212	0.005737559642086302
113200000.0	-0.19264212521109414	-0.03957816954033433	-0.16785669691981342	-0.1950024929643348	-0.1730062121851605	0.038714865508234414
113400000.0	-0.13671058001204983	0.04739229097651787	-0.18730908537756585	0.003566618101917385	-0.036899329950542736	0.057934460391353346
113600000.0	-0.1444481793681689	0.09118369764814815	-0.199858038493111	0.10927475744832282	0.22374197328793066	0.03137801505720344
113800000.0	-0.15226924720371926	0.002517121216897067	-0.18211538112575454	0.04565552403376305	-0.23945926650486427	-0.060915659748988354
114000000.0	-0.1776409069470617	0.10179914788346878	-0.2028714441221553	-0.05249349719782437	0.09529932847203496	0.015058030661912535
114200000.0	-0.20947954090436838	0.05905427096990934	-0.19270313063549094	0.031157481298942358	0.025086091336642136	-0.10167687152258933
114400000.0	-0.23055218963617108	0.056353384849046506	-0.12367875769491166	0.09128987945597977	-0.03192876317138102	-0.27839723995993615
114600000.0	-0.2656542123074246	0.08298531229218042	0.0054076964328007016	-0.22774606814067866	0.07802929117366943	-0.0013600403250133009
114800000.0	-0.22626404555683166	0.04934798180073585	-0.029244738508150014	0.02228215653462673	-0.23269976927390837	-0.0007490109245268037
115000000.0	-0.19403020312356034	0.1598982836050027	-0.0130268182927753	-0.04041124022374021	0.07313715875241508	-0.012737426607119774
115200000.0	-0.18889073118721456	0.12053740948391578	-0.006151158430463433	-0.18878762309331343	-0.1663243984767237	0.0014644271096846753
115400000.0	-0.1154620328246665	0.20999997459773567	-0.047880477356646356	-0.033757542951498465	0.011485713252447162	0.05149040544176769
115600000.0	-0.09632057528421001	0.21145516830534916	-0.08199607950710375	-0.0530429018351688	0.14226342534927078	0.06861435268148275
115800000.0	-0.060418928864379495	0.1537586591328477	-0.10246506047049131	0.09859281944189924	-0.0018927555835826088	0.007663230639222914
116000000.0	-0.09700301329834815	0.154790813146235	-0.09116870908603403	-0.031823957701475614	-0.06982057434362629	-0.005951339057506106
116200000.0	-0.07372603277784151	0.18276406188510919	-0.08897552517040719	-0.010188085610609576	-0.0789146310261148	0.11726208319162972
116400000.0	-0.011644163041225397	0.18831431182002234	-0.15101995610225405	-0.09256966494979846	-0.06990549108821818	0.03737792360540032
116600000.0	0.03299210687582388	0.2051476836072652	-0.1849851327962968	-0.04830968747219089	-0.02251837934279617	-0.062096876884837456
116800000.0	0.01811757523057622	0.22027208456205472	-0.172268369677691	0.13972016556047695	-0.03386386132106596	0.13631586301453597
117000000.0	-0.033672117184977424	0.2532204863667289	-0.21260161359149432	0.06672341572986618	0.21450270164569263	-0.045691653904593496
117200000.0	-0.03643629519667968	0.17192225872423705	-0.164605283228354	0.07658387484024054	0.03545767032508887	-0.05943159122717445
117400000.0	-0.07193231768603425	0.14260687734326893	-0.14747957797702593	-0.13242586806189305	0.2093018439494615	0.002531681885167358
117600000.0	-0.0400864887781438	0.07052903545672962	-0.08795776795016641	0.10676207395536341	0.13846160945877023	-0.13636361596057378
117800000.0	-0.053396967603291046	0.022210877446752875	-0.029836230330593683	-0.04304274255930007	-0.08335687453003454	-0.08171287955829683
118000000.0	0.030071861908979258	0.05389170397319276	0.00813657322021788	-0.1151053270025324	0.13806336896114763	0.04762472769554381
118200000.0	0.08794277599452016	0.011801704265053559	0.03590391654315317	0.12500663995071015	-0.05658265471884655	-0.16441831929753326
118400000.0	0.02908306683538342	0.026485959361082223	0.10668910389632513	-0.13288360395251164	-0.09923178382427816	0.0645620965411324
118600000.0	0.0798204284167241	0.06132325349369694	0.09650331174783444	-0.2744051292441574	0.131332883553824	0.11149524138841672
118800000.0	0.18265426933088236	-0.0037280404668535994	0.014099272500925686	0.017422995161238575	0.04028386716970961	0.24112967194437007
119000000.0	0.19522978377558786	-0.018341230495252603	-0.10295375950276808	0.1260808447625532	-0.09344930394770573	-0.03798682785772206
119200000.0	0.09392579983905591	0.017224194092364087	-0.10253711968717827	-0.00422684037702048	0.08743979652837708	0.015125036647249946
119400000.0	0.1337639291400805	-0.02004548070749479	-0.08134732821451518	0.0041940148232733065	0.028709269240643542	-0.05577697524469365
119600000.0	0.18682908676442622	-0.02297043624997741	-0.022615647117294913	0.054584881015698805	0.22001140411300135	-0.0681842656161644
119800000.0	0.1363321518576015	-0.11772783559075606	0.0421501639760149	0.001064786697119402	0.0017174540546622818	-0.054260200157334584
120000000.0	0.14502932838511384	-0.07869238789743349	0.06231879151362829	0.02672903593899001	0.04350657383647738	0.08366903223870861
120200000.0	0.1446952474538321	-0.0821856131884715	0.039347026622980064	-0.033504592000968	-0.12008453107825684	0.1378641267079188
120400000.0	0.16890603566972828	-0.021498920891417583	0.01972368923849732	0.008496430233070562	0.08165804568956003	0.14694787009379523
120600000.0	0.17265996820425755	-0.06237357630442375	-0.022874139505445035	0.043282116324327546	-0.18903463618129357	0.04692361637712335
120800000.0	0.15510665255985145	0.01041186961265339	-0.0826992156534394	-0.07988648070018733	0.06676334154849961	0.08228102594554562
121000000.0	0.2297539934566899	-0.03271964176053643	-0.20357150263836	-0.010297272974113092	-0.09734023466420383	-0.0004445625946718351
121200000.0	0.226279064483613	0.0036277223077263443	-0.17291968913798916	0.10833819250180365	-0.06790003541013656	-0.027424842581975917
121400000.0	0.18994760533929167	0.048860083463239334	-0.16714212535672313	0.12695747159042003	-0.16245021684285732	-0.19238957082105704
121600000.0	0.08111706855653011	0.121718921303966	-0.09083347821594567	-0.058833837652554344	0.15090758392113046	-0.1545862527818343
121800000.0	0.09139243499646454	0.06546420327356373	-0.04972143072701796	0.04017117147954785	0.05161797906385457	-0.029431888600647105
122000000.0	0.06397811780374241	0.0534743988969808	-0.03580031757097624	-0.17810909510392747	0.1498771282443977	-0.11931757735628289
122200000.0	0.1385173363702279	-0.010657192568771734	0.0032519483612687416	0.029693645535687985	0.11032160779322375	-0.06615227681596673
122400000.0	0.12097367340259524	-0.04419361443598291	0.05170529018901604	-0.10661100476881913	0.011448348711065925	-0.0332844237651666
122600000.0	0.17128628541123447	-0.04967861698679599	0.08145989258109898	-0.09209327133594858	-0.12469502493568851	-0.02115394750256435
122800000.0	0.19045876696913666	0.0034510770094584586	0.09982646346276614	0.05710295283194444	-0.08788687472401058	-0.017885178324884225
123000000.0	0.11654809359203	0.06129813588302113	0.09024668939035463	-0.0238864377495398	0.0034720079687342587	0.08478453000921471
123200000.0	0.17373603263601822	0.06829861282710681	0.05011332650540945	0.03627213390023076	-0.27125347757133667	-0.1374147393611317
123400000.0	0.14905918134646967	0.1990921634991878	0.14098429330571527	-0.016214006911281942	-0.07110465626428852	0.00502086672465029
123600000.0	0.1654686070771092	0.22684920994436197	0.12079276790281268	-0.03242061154886411	-0.022356226532997736	-0.0631422862796845
123800000.0	0.19701649098759688	0.23834889434334627	0.18132042384478675	-0.05258414702021863	0.08539697652430012	0.0282555377485421
124000000.0	0.25458595727547007	0.2129369842935489	0.21505867475161056	0.09395134717816056	0.017205088983474726	0.032119891877792045
124200000.0	0.24892605106937182	0.20277889223302736	0.19737329294997874	0.12979926420280652	0.18229952747134048	0.038363045181996694
124400000.0	0.18582723207831364	0.1529016324774375	0.19217206642650497	0.16362217065053208	-0.04519488829066054	-0.12715230234979463
124600000.0	0.1265692356961523	0.16762948278335443	0.2924589286316599	0.00366994360848949	-0.05836431331470826	-0.207412215102606
124800000.0	0.10213068665118641	0.17172509676925074	0.38935243843198464	0.07029713956360606	0.06655424365826046	0.1524649098356016
125000000.0	0.05411683476328477	0.14195383909606107	0.333661946461403	0.16559973794206417	-0.0009194956915392627	0.017233193818193458
125200000.0	-0.03405255472317492	0.14191843371258983	0.3364705819761016	-0.027911863374628254	-0.002711405516972909	0.012776695856941609
125400000.0	-0.0017362626668031567	0.14717222919284723	0.3690949880147576	0.0818269796194091	-0.05911699581569008	0.022110319546065987
125600000.0	-0.04411703638322706	0.1699312259349881	0.3767948222704429	0.023531408736173987	-0.19681785616423286	-0.042209491023719195
125800000.0	-0.07142082140479289	0.24935864814585784	0.41076241968221616	-0.04131159093442793	0.027522711551652645	0.13580569774710405
126000000.0	-0.12982899922137747	0.23807519570084423	0.36291624684467005	0.06362723907980694	0.07651690061138672	-0.09903596173720267
126200000.0	-0.15100358995638352	0.22269328461356963	0.4208523487206479	-0.19372452899890025	0.07866306424106251	0.08815286197450017
126400000.0	-0.10096643391738347	0.17081187034995082	0.31387019612109013	0.04967221661565446	0.08541454435725737	-0.02420525094226459
126600000.0	-0.15261248849287057	0.13562347081278858	0.2838356444635324	-0.09540856832991551	-0.002876654964633074	0.00947724294187285
126800000.0	-0.11695549692112195	0.12372878652985264	0.33947910995647	0.040144375860468706	0.08890023263657665	-0.12925952448374647
127000000.0	-0.11248004111143217	0.0866437501546784	0.37124655562124875	-0.19200309878350996	-0.19292091118264487	0.026543265572696963
127200000.0	-0.09774916443880599	0.14699594301293928	0.32082987713309397	-0.0717085998716982	-0.198772205815682	0.10462203325656959
127400000.0	-0.07531703371143195	0.23077738230347222	0.3326979142840587	-0.08705907074123242	0.0754863011798177	-0.04943626519046074
127600000.0	-0.05461113543431928	0.1910779604982622	0.36810031340932525	0.05881755843578329	0.0986294914621908	0.19826632424910512
127800000.0	-0.12670065387100848	0.14299984713267122	0.25864189009100014	-0.04834738631142521	0.09940766719293803	0.060912088258704186
128000000.0	-0.09636759775585091	0.10828357708567182	0.24439898447040354	0.03190407845601939	0.08614839840117039	0.12623941352920245
128200000.0	-0.11816030434096803	0.061502544743405	0.17987350932695145	-0.05158436068871186	0.1681628641277142	0.13301379975568628
128400000.0	-0.03539723236444381	0.006699476209689692	0.18685337074717312	0.05552166684932658	0.0954522233866062	-0.09922093512883425
128600000.0	-0.05227269010283919	-0.04020193764341684	0.22315063115089795	0.06908954476702256	-0.007322342445921448	-0.06396846649589037
128800000.0	-0.028573329789562507	-0.05746911477081085	0.21595371803614505	0.12788462972124126	0.004830720173612413	-0.14665016316372032
129000000.0	-0.028960404550247176	-0.05546215225751894	0.25001883001615477	0.04990499065771292	0.07241128326006496	0.09634243936420325
129200000.0	-0.0023125797140481907	-0.0868370097254001	0.24076228452473036	0.004927064962340744	0.009181432484510532	0.21830304149275095
129400000.0	0.012085878345154066	-0.07644771378920723	0.13300265591748772	0.02113944607606566	0.15408064213849237	0.0648526646123073
129600000.0	0.08443273724465666	-0.18087058106948461	0.13123006954166305	-0.04111121695561426	-0.13015286594240516	0.045417369695955445
129800000.0	0.12519124086999533	-0.14074351679374786	0.11272503218548735	-0.08822139016841302	-0.16503441978720168	0.0001544936327615709
130000000.0	0.18572633866180244	-0.06284965184346447	0.0729598313530555	-0.05571445420748322	-0.15361259134584582	-0.025587285692963264
130200000.0	0.23030953870238502	-0.0016866171095557547	0.1318381238290618	-0.0699162204853625	-0.012822741314826969	-0.02884743171067241
130400000.0	0.2312874678738872	0.011582352623975112	0.20062151775759474	0.06098694307663166	-0.31101342212057026	0.06715939994654149
130600000.0	0.19550349263151645	0.14193583359792683	0.2026564390869301	-0.11801188754586	-0.1141042341940035	-0.20542827854417245
130800000.0	0.236638184873601	0.20787631664171613	0.3029870411115714	0.08159068306742778	0.09644090490204582	0.13436118898145727
