200000.0	-2.8330328842072047e-06	-3.0098791081889034e-06	4.48653768681415e-05	-8.88806700233094e-12	9.639295726048925e-12	-1.1772728324221853e-13
400000.0	4.568955541069544e-06	-4.680456190096013e-05	5.1896738863007865e-05	-2.7161027943990206e-10	-3.478595370389808e-11	-2.363962975880446e-12
600000.0	1.6783511666180109e-06	9.381718491698147e-05	0.00024872692316609197	8.358578028274245e-10	-2.6409006912855073e-11	8.233703432822935e-12
800000.0	-2.4586078087947565e-05	4.1674061056613766e-07	-0.0003166235004248148	-6.282124249500497e-11	2.8549598608242554e-10	-1.6646786032345397e-12
1000000.0	-0.00021235198226734572	0.00011167342046532326	0.0006641078962552235	1.219316135525707e-09	2.3577362054768515e-09	8.768131211507465e-12
1200000.0	-3.098013659398163e-05	-0.00022057177085330748	-0.0005186776150333249	-3.3683883407134625e-09	4.1588865920646095e-11	-5.373658176208901e-11
1400000.0	4.675578481628917e-05	-6.867212412693636e-05	0.0004525585351474878	-8.718502201440831e-10	-1.4415736741069323e-09	-2.2797016390838915e-11
1600000.0	0.00042201346894544075	0.0005072510951453882	0.0005892904823772802	1.059422076382467e-08	-8.954464531206943e-09	9.275870235460355e-11
1800000.0	0.00023834673421247853	6.290731680246231e-05	0.0031585935348508324	-3.4095678084295594e-10	-5.2410510595455064e-09	2.2697289311190066e-11
2000000.0	0.00018968356113760354	-6.41860176270074e-05	0.0028755992214332107	-4.173397609082634e-09	-3.668064750098774e-09	4.090211967974305e-12
2200000.0	-1.0618148178486055e-05	-0.00017076096355463113	0.004137385665508243	-8.32225001731827e-09	3.3712478272385853e-09	-1.781975404845663e-11
2400000.0	1.0155905700634262e-05	-0.0001168408828432167	0.005294091480253338	-5.760095908096505e-09	1.5768933355413636e-09	2.868483094550966e-12
2600000.0	5.6792982542618156e-05	-6.342215301958484e-05	0.003625157641719462	-2.242578845133196e-09	1.66346623435023e-10	6.112111155659615e-11
2800000.0	2.358117467707058e-05	1.0106078428107448e-05	0.005056941477302091	3.712547881149894e-09	1.1532938999104563e-09	1.750749828565663e-10
3000000.0	-9.222535867809216e-05	-0.00012014810014346296	0.006521228193693835	-1.0555467229600525e-08	1.1360819253038062e-08	-1.0174351138922531e-10
3200000.0	-0.0001726847938686953	-0.0002555392559819336	0.007076177199212474	-2.9670734606378608e-08	2.1601698864748235e-08	-5.488722267509059e-10
3400000.0	-2.1595348721675816e-05	-3.507948881987963e-05	0.003949295139569674	1.0759445779879239e-08	2.6647301915092204e-09	3.5103735117811813e-10
3600000.0	-0.00013197170813461333	-5.8801652772699076e-05	0.004860020267015159	5.211488026485682e-09	2.4830520376136357e-08	3.29796981913847e-10
3800000.0	2.3670491824986928e-05	-7.679909713197829e-05	0.006983711696771902	-1.4810635530062686e-09	-2.9641184713532676e-08	-7.065041308621715e-11
4000000.0	-0.00030668285238391363	2.104313332787212e-05	0.016381406800119454	2.935156342507618e-08	3.575477444009212e-08	7.691015419692e-10
4200000.0	-0.0002576289437347706	3.5388618641033326e-05	0.014578260996044848	3.658030274012575e-08	2.6738260249584407e-08	9.57931180753682e-10
4400000.0	-0.0002486110836649879	7.062335344802163e-05	0.017077608233376954	5.278115997028148e-08	4.723513526355343e-10	1.4612805951229546e-09
4600000.0	-7.984555176346545e-05	0.0001565594559621003	0.014095323930388341	1.0698327367643692e-07	-7.785028249589302e-08	3.1211524165967004e-09
4800000.0	-0.00015009334724345227	6.436512969503258e-05	0.015171111825176112	4.025097172329612e-08	-3.582300019681131e-08	1.4148564166098598e-09
5000000.0	-6.30714785995599e-05	-3.7629246269509683e-06	0.010081316682681769	-1.1525208522655518e-08	-3.7125956030928214e-08	4.3370976213223e-10
5200000.0	-5.580605498155679e-05	-3.3206057256977615e-06	0.007542745036581632	-6.010873124909889e-09	-5.978029683183756e-09	2.861716728758789e-10
5400000.0	7.452760788361309e-05	-5.6183614240823055e-06	0.0035183107324736514	-6.0180480323591584e-09	-7.549100562668855e-08	7.370302332640386e-10
5600000.0	2.9705383178532098e-05	2.4193376106799232e-05	0.005558736580697913	2.5928710150609625e-08	-6.368504405951e-08	1.196023056071834e-09
5800000.0	-8.072467280620618e-05	-2.8401292823069613e-05	0.013354856828426546	-5.4547872454335925e-08	-7.636930018946646e-08	1.2850557022677417e-10
6000000.0	-0.00017564915077144098	6.283868623301603e-06	0.016464177706721133	-9.978055177804246e-09	-1.8367984345080373e-08	5.230931047384281e-10
6200000.0	-0.00022413629548528934	-5.4937774157060146e-05	0.020404152849808403	-1.0843659966882874e-07	-3.6058185604586065e-08	-8.90474761169443e-10
6400000.0	-0.00028269224621583957	8.44346194112698e-06	0.02258343743560009	-1.1674285262517405e-08	-4.2138340059006835e-09	3.3289344189215693e-10
6600000.0	-0.00029380959042282334	-1.983270636626753e-05	0.01995369503534339	-4.768982142476083e-08	8.863251223024465e-08	-4.5022191251579037e-10
6800000.0	-0.0005543297819771429	2.0936987639755092e-05	0.028626779448833333	1.610979397444987e-08	2.95205603414444e-07	8.911236376028726e-11
7000000.0	-0.0005494887094650453	-2.4217812077603048e-06	0.03034306773399034	-3.5597876745645174e-08	2.372008277370127e-07	-5.822645784838539e-10
7200000.0	-0.000546497552239483	-3.12490099767495e-05	0.029249750427931712	-8.810285537014457e-08	2.6955240929312754e-07	-1.557313490283758e-09
7400000.0	-0.00043789414191017066	7.292704969355786e-05	0.028580392036868005	1.1867532018674823e-07	5.713529685694173e-08	2.5511205105857384e-09
7600000.0	-0.0006286883505702709	8.383772136703587e-05	0.0388162154386992	1.1325864697542017e-07	1.1410450335512788e-07	2.332355273213761e-09
7800000.0	-0.0006268188550341524	3.6120830683186e-05	0.037146543809466394	1.577723545133305e-08	1.7738837214407305e-07	4.4268258215252235e-10
8000000.0	-0.0007149627769956525	1.7798199481565924e-05	0.04003561481132876	-2.908382084073864e-08	2.740398264313421e-07	-5.734803486689397e-10
8200000.0	-0.0005558211235625859	-4.245233665452235e-05	0.03338681794572182	-1.572070041117505e-07	1.5822518550788923e-07	-2.5810270134884012e-09
8400000.0	-0.0003862499046447803	7.563922604682812e-06	0.03023732400656174	-4.4570751939819245e-08	-1.36276526457951e-07	2.6242988489296458e-11
8600000.0	-0.0005329798968808971	-7.736030602267221e-05	0.03865721853641792	-2.789473676553478e-07	-1.0167164083531831e-07	-4.274955835689548e-09
8800000.0	-0.0003925113730075241	-0.00011429351227394954	0.034567317208523275	-3.6939997916239325e-07	-2.8158916311031636e-07	-5.538806786151631e-09
9000000.0	-0.00046353643029719215	-1.827509513049671e-05	0.03519956150092469	-1.180492231797817e-07	-1.472063208827764e-07	-1.338594398047768e-09
9200000.0	-0.0005679578209774931	-0.00014061664378712844	0.03627914781273803	-4.144006516373766e-07	9.822300319367173e-08	-6.662892705171145e-09
9400000.0	-0.0005556702620734896	-0.0001784052490843448	0.034943810910443435	-5.037262116961093e-07	1.2972615499255277e-07	-8.175824830298693e-09
9600000.0	-0.0004758470103556775	-5.7623447992054234e-05	0.03446648384550207	-2.0726218539855569e-07	-8.149930186542223e-08	-2.988689411070583e-09
9800000.0	-0.00030667348981217957	-0.00012655607244611044	0.032425757713640264	-4.092170307492237e-07	-4.144741499192396e-07	-6.278747286627929e-09
10000000.0	-0.00037063971236653325	-0.00011952179822924092	0.03868498884658694	-4.268047965588221e-07	-5.09060531822563e-07	-6.508504540117868e-09
10200000.0	-0.000512462412891229	-0.0001558125934546621	0.0403543659030247	-4.989909689564389e-07	-2.043068312706104e-07	-7.80167947790578e-09
10400000.0	-0.000768402636932988	8.275184252932327e-05	0.04254303662928337	1.701156406208194e-07	3.0488080477204657e-07	3.057911474182583e-09
10600000.0	-0.0007009625164172819	-1.1942956221281886e-05	0.04500250328301328	-1.1891201020322563e-07	5.4245239031436556e-08	-1.4167193069747946e-09
10800000.0	-0.00044655017354088683	9.98146846278357e-05	0.04048983659967416	1.3749607257281725e-07	-4.520440249744134e-07	3.030127676085635e-09
11000000.0	-0.00048446263680168247	2.921854993233981e-05	0.039192757523074565	-2.2826063812871512e-08	-2.7344456385588765e-07	3.467723857277599e-10
11200000.0	-0.0006380779409367182	-0.000126334474529171	0.04009849416235465	-3.860302528712719e-07	1.4512763773460455e-07	-5.7328684291043434e-09
11400000.0	-0.0007405651732841121	-8.373443104637243e-05	0.04172287481843384	-2.545803313266061e-07	3.2742544838240014e-07	-3.730733865938838e-09
11600000.0	-0.0005800267088348619	0.00010637881479299802	0.04083650755125307	1.8875223075404163e-07	-1.268617640341294e-07	3.695463686682215e-09
11800000.0	-0.0003240507199645656	0.00013638354273942975	0.04066858912646673	1.6514011722086607e-07	-7.98452681702496e-07	3.967535774724383e-09
12000000.0	-0.0005538319558848643	0.0003706584167035683	0.04190427329626217	8.554229219663209e-07	-3.5371694437760136e-07	1.4640474590235166e-08
12200000.0	-0.0006887668191316769	0.0007275653504465484	0.043255245780854525	1.82303737625231e-06	-2.1958621053532203e-07	2.989433978391802e-08
12400000.0	-0.0005515949868250608	0.0005260336029012415	0.045358970998100184	1.210492575139857e-06	-5.649251157345258e-07	2.0851797026826157e-08
12600000.0	-0.0008472215414292984	0.00030915925785142504	0.0432161864725682	8.273599693202972e-07	3.923876121386542e-07	1.3195282935743835e-08
12800000.0	-0.0007850590741949738	-0.00024725258651314404	0.04267552853663237	-6.241592501555082e-07	5.388161880433898e-07	-1.000598143782064e-08
13000000.0	-0.0008126167960754	-7.64997394229412e-05	0.04580879799057962	-2.2180636390856628e-07	3.949986202330064e-07	-3.4207863770781215e-09
13200000.0	-0.000517268664380645	-0.0001109244772355861	0.04384364957280144	-4.3936834555440384e-07	-2.574097121082568e-07	-5.772207092437733e-09
13400000.0	-0.0005070135813449598	0.0001289826346182133	0.04288044423199503	1.7848100904693749e-07	-3.7842041659000863e-07	4.2109875421157336e-09
13600000.0	-0.0003034134849580037	-0.00011105511724090623	0.04188278253049441	-5.283207432969087e-07	-7.162968731073834e-07	-6.23360564127195e-09
13800000.0	-0.00048157148733452265	-0.0003857216933180992	0.041859206829891936	-1.1134659038768403e-06	-1.0525799572846767e-07	-1.6602802866984834e-08
14000000.0	-7.426838771877782e-05	-0.00033090229109304593	0.04277501264697409	-1.2374284718506039e-06	-1.1934362168445763e-06	-1.6830576633433556e-08
14200000.0	5.86984574196227e-05	-0.00043858378611331977	0.04402786965865873	-1.6111093458857898e-06	-1.5051460570551252e-06	-2.2071109787792003e-08
14400000.0	-0.0004511745960888553	-0.0007704683670162974	0.044972241000250206	-2.12744056118806e-06	-6.843483927819581e-08	-3.2474772902283164e-08
14600000.0	-0.0002122294792515852	-0.0008610120666606982	0.0432204833563984	-2.4761782693046955e-06	-5.334557387143872e-07	-3.722774611395802e-08
14800000.0	-0.00039588006860891405	-0.0005380922631715028	0.04406912541715636	-1.5789503753338124e-06	-3.279475794710105e-07	-2.3707495761668862e-08
15000000.0	-0.0003343724278678955	-0.00040962808339417914	0.04405422076443994	-1.3069246336848927e-06	-5.650207806351012e-07	-1.9119349266624243e-08
15200000.0	-0.000462011624622334	-0.0006840220775918336	0.04609762968644281	-1.9233901470934345e-06	-1.3878929501852405e-07	-2.917634865890374e-08
15400000.0	-0.001343159534640999	-0.0007826241359360088	0.04586179527558742	-1.5336188839129313e-06	2.069991066027581e-06	-2.6582261104875576e-08
15600000.0	-0.0016814101874126765	-0.0005979967323515162	0.04644342015641359	-8.574449216919032e-07	2.72928092861042e-06	-1.6893029567547578e-08
15800000.0	-0.0014572128614501506	-0.0012068600314806424	0.04513220075114192	-2.454849398347572e-06	2.6875798271123997e-06	-4.180410373975223e-08
16000000.0	-0.001445985440441266	-0.0010964868919183433	0.04527294616732001	-2.204313104628284e-06	2.5727437038523017e-06	-3.767234319498739e-08
16200000.0	-0.0014090313659174496	-0.0006527541889354417	0.043250346044134684	-1.1355634096733153e-06	2.2167611087182658e-06	-2.0012869772755195e-08
16400000.0	-0.0013898199117447223	-0.00028970920009147613	0.043210789660983406	-2.9617940121430986e-07	1.8884101373241521e-06	-6.225975155452047e-09
16600000.0	-0.001760142245387342	-2.9319738171223455e-05	0.04272042159706948	6.197033318760344e-07	2.5617177764689323e-06	7.303875216220175e-09
16800000.0	-0.001432454434285631	-5.1221382743850526e-05	0.041322921994769696	3.3879363227675475e-07	1.8678095548976926e-06	3.883807696478374e-09
17000000.0	-0.0019530812342478548	-0.0004047519439638824	0.03957846146716376	-3.3265125155377795e-09	3.4145195521228933e-06	-4.075713281892672e-09
17200000.0	-0.0017108490312588284	0.00014651073355879073	0.0397865364420588	1.0469750639415514e-06	2.392541045405697e-06	1.4963055454433978e-08
17400000.0	-0.0012420257261885506	0.0005437645544000677	0.039458615661129716	1.5572179713119971e-06	1.0028834748936235e-06	2.6006432738383892e-08
17600000.0	-0.001387917217842239	0.0005022670389917815	0.039793306393284905	1.5812604436109483e-06	1.3557147666489687e-06	2.572670159836565e-08
17800000.0	-0.0017006163912333398	0.0005063518066949573	0.04187234948659262	1.7990132252517713e-06	1.985503347862555e-06	2.7831908243500616e-08
18000000.0	-0.0021090441690320007	0.0002771148423766067	0.043274779501807886	1.6129150229156108e-06	3.048068575738669e-06	2.2364241500291972e-08
18200000.0	-0.001210495400934243	0.00011468217299365045	0.04407931487096378	4.1746386588541595e-07	1.2025867711666771e-06	7.079101598132533e-09
18400000.0	-0.0013124054055709846	0.0006849498768502413	0.04346869148737282	1.7730954326165904e-06	9.150689238158674e-07	2.999980473670689e-08
18600000.0	-0.0006810294873371026	0.0002332861863306946	0.043349983622331084	2.1142857744881566e-07	-2.0382802729495612e-08	6.673328875685542e-09
18800000.0	-0.0002768191868393754	0.000813658549304691	0.04334417003802248	1.0677598153034044e-06	-1.4376427131819622e-06	2.403117255552314e-08
19000000.0	-2.0482235261172412e-05	-0.00025809799655423767	0.04372983245919371	-1.4656791345111303e-06	-9.537447412158971e-07	-1.8530753715612162e-08
19200000.0	9.75818011445267e-05	-8.297508936182008e-05	0.04276322262174168	-1.1771818425155995e-06	-1.349264958157536e-06	-1.2730014497221204e-08
19400000.0	7.296512488259934e-05	-0.0004207706617136857	0.04307096230370848	-1.8670656074861865e-06	-9.692516298523542e-07	-2.477050482397641e-08
19600000.0	-0.0005244162544076065	-0.000287368422234244	0.04344121509955205	-1.0060778487699484e-06	1.2024921053542215e-07	-1.4129706239385256e-08
19800000.0	-0.0005909157971466339	-0.0008118730980742049	0.043570081077158186	-2.0164665580848915e-06	7.878966424132238e-07	-3.243539851835837e-08
20000000.0	0.0004219574709879259	-0.0018224535330909728	0.04230522353834241	-5.062191857937774e-06	-2.0205362229816475e-07	-7.809493250980746e-08
20200000.0	0.0011633468572465277	-0.0011400179431775314	0.04195435571989189	-4.448818513416344e-06	-2.397300918117547e-06	-6.144815400516055e-08
20400000.0	0.001219183498639486	-0.0013716372083485459	0.04078203952898091	-4.91924604512905e-06	-2.2431128359179163e-06	-6.948242200886626e-08
20600000.0	0.0009010595344772804	-0.0009619356261080588	0.03928809904140352	-3.7174364889316536e-06	-2.0340007720830496e-06	-5.113437087040398e-08
20800000.0	0.0004458421782182675	0.00042650763028575134	0.03765099129330057	-4.5365047621654177e-07	-2.6224997520112616e-06	2.761026121692207e-09
21000000.0	0.00048880814707348	0.0009993264720889012	0.03697852905198909	6.301501676884888e-07	-3.3197977212669323e-06	2.2219189386153512e-08
21200000.0	2.3457373417502163e-05	0.0007472599722837946	0.03823033658597239	6.107432415163513e-07	-2.1720355397486043e-06	1.8433610081428063e-08
21400000.0	4.938923386217236e-05	0.0014360998324429277	0.038270778125964564	1.8716811979410558e-06	-2.9853117239431156e-06	4.117543036511676e-08
21600000.0	-0.0002611097543594497	0.0019339981626695295	0.040186101757279616	3.049165114842614e-06	-2.985521288144381e-06	5.98099949909978e-08
21800000.0	-0.000496141307382438	0.0018501719170792884	0.040825295415968396	3.132009366911154e-06	-2.464581197710631e-06	5.93238708123411e-08
22000000.0	-0.0009239672865034128	0.0011224766494132869	0.03973496952986199	2.3599108592207823e-06	-8.58476348127048e-07	4.103132231710016e-08
22200000.0	-0.0008873524275374915	0.0010315549945233635	0.03938851118851833	2.1728559125903563e-06	-8.185362170217633e-07	3.7934576678868094e-08
22400000.0	-0.0021298711552446316	0.0009738375432638091	0.03874598348798961	3.5352485288374855e-06	1.4444022625686774e-06	5.033923055064953e-08
22600000.0	-0.0012608608753440066	0.0004577207903085883	0.039476458749745036	1.5825931375953882e-06	5.209382380406567e-07	2.3613413506177433e-08
22800000.0	-0.0013109832397174262	0.0016643946102632475	0.03742559358867559	3.8427016067171444e-06	-7.991042981329444e-07	6.472613300204634e-08
23000000.0	-0.000903824861139033	0.000886597675708436	0.037098762591993566	2.051417527556544e-06	-5.839657438670763e-07	3.6297449615677834e-08
23200000.0	-0.001687767905997009	-0.00025070731857737853	0.03560246969565657	1.1466196336842787e-06	2.0769213073593324e-06	9.831909936935683e-09
23400000.0	-0.001200709844782955	7.994558619034848e-05	0.03685669176640057	1.0473792527682996e-06	8.740004217220435e-07	1.3765989857168592e-08
23600000.0	-0.0003568046127639836	-0.0001422775960512675	0.03588541205176838	-2.722699772680209e-07	-2.6195646784965234e-07	-1.4036654018430872e-09
23800000.0	-0.0007713937073143601	0.00028844432927883825	0.035794730036902284	9.298565410903413e-07	-1.0394703464475713e-07	1.671633471517734e-08
24000000.0	-0.001362316340899575	0.000982475121478095	0.03664788516527174	2.7016737381955775e-06	1.5569300359507995e-08	4.4018099435726857e-08
24200000.0	-0.002557113836741033	-0.00041107940497503285	0.036248752606730814	1.9610149133558904e-06	3.5853597959705007e-06	1.5380724308050807e-08
24400000.0	-0.0005696247759696513	-0.0009441868695206783	0.03784093104704903	-1.384784703609289e-06	1.133532120233651e-06	-2.428601572569765e-08
24600000.0	-0.0009266149097546401	-0.0017602182596809274	0.03837224810568345	-2.2449269048411847e-06	2.6831604461155928e-06	-4.5969097028234587e-08
24800000.0	-0.0007561339319650869	-0.0021821479857273528	0.039985688825450956	-3.1901844481509475e-06	2.962356898103368e-06	-6.194032725757398e-08
25000000.0	-0.0024914840445425797	-0.0036021152180153136	0.04071209652415986	-3.2502534361222473e-06	7.327390980755556e-06	-8.724510835839782e-08
25200000.0	-0.0018305137477429559	-0.0030125193038354112	0.04132056302624514	-3.2210267247779906e-06	5.6240692230618875e-06	-7.742205498572288e-08
25400000.0	-0.0029837263088482186	-0.001868860340248914	0.04120538901234873	-1.0378358724537574e-07	5.91972522017158e-06	-3.0745796761661526e-08
25600000.0	-0.002533181530269026	-0.0018782961111716233	0.04221135796405632	-7.42910582406633e-07	5.289241070439876e-06	-3.7233155832782776e-08
25800000.0	-0.0023858229714727964	-0.0016756318619119926	0.04282738911535052	-6.741698502758518e-07	4.835438601583602e-06	-3.3491741968187716e-08
26000000.0	-0.004546886899377264	-0.0012230448471525217	0.043268154217611966	2.6308520946568776e-06	7.366232443587411e-06	3.3500492757176013e-09
26200000.0	-0.0051839054040420576	-0.0005005713372248636	0.042900507294879896	4.469690583040746e-06	7.3587865568723504e-06	3.2908639849293765e-08
26400000.0	-0.005737134271174046	-0.00035162687914607133	0.04307284035098835	5.356547909507813e-06	7.948500489066094e-06	4.346270684754399e-08
26600000.0	-0.005679111552085897	-1.4119065443858223e-05	0.04289493139110625	5.760881907542799e-06	7.441885562839965e-06	5.297386444680074e-08
26800000.0	-0.004715152029636669	-0.0005301290074148884	0.04580139753571403	3.6310533101936263e-06	6.840255003571073e-06	2.2634215750422244e-08
27000000.0	-0.004519560239418278	-0.0013421963931085773	0.04524101453746465	2.3358718003174698e-06	7.585271163341797e-06	-3.4381717752605822e-09
27200000.0	-0.0031662514013789346	1.795286176708554e-05	0.045950432734499606	2.381992714285203e-06	4.097889894716686e-06	2.1043786820729187e-08
27400000.0	-0.0033447228981273703	5.109403755550704e-05	0.044540345624853754	2.7591143635018434e-06	4.2505049338222795e-06	2.605038266048323e-08
27600000.0	-0.004340884968050133	-0.0008509594941364084	0.04434878888208111	2.8861146193073103e-06	6.655553052298858e-06	1.0401307287463812e-08
27800000.0	-0.005390456636212553	-0.0008567215864723067	0.04466440335164679	4.187626576178063e-06	7.989181427268644e-06	2.1085029385983966e-08
28000000.0	-0.007686578354876129	-0.0011253204321211257	0.04496630822366643	6.7461002113199e-06	1.117548195436089e-05	3.742404463912526e-08
28200000.0	-0.007140202937964336	-0.0024301347947379287	0.04570970103447068	4.401553165106979e-06	1.2182655861997893e-05	-8.8127109526521e-09
28400000.0	-0.006037489016734637	-0.003324601902594415	0.045137355122380075	1.9607985514072376e-06	1.1961761570884934e-05	-4.569782575053542e-08
28600000.0	-0.007266652891785514	-0.0011242385494600882	0.04400476967508939	6.245134078525397e-06	1.0606861210668844e-05	3.656573803045064e-08
28800000.0	-0.007614836662879621	-0.0007286655771253734	0.04529452861928996	7.047716224448742e-06	1.0558024575398336e-05	5.021097387576799e-08
29000000.0	-0.005305070783055624	0.0002618699100296251	0.046355293066390385	5.177114601589732e-06	6.665277929648064e-06	5.37211280074324e-08
29200000.0	-0.004816097312771136	-0.0015162744909432116	0.04597374057968035	2.5813499997664644e-06	8.347951576679522e-06	-4.927786408426099e-09
29400000.0	-0.0036961998333194445	-9.178468244687953e-05	0.04578860294300076	2.747955498348104e-06	5.300036887211358e-06	2.5998637792974564e-08
29600000.0	-0.004467721529611976	0.001478964213691077	0.04468431245848645	5.497626077501815e-06	4.102975904672031e-06	8.074007418368764e-08
29800000.0	-0.0035462952346800797	-0.0003685252085566229	0.04470405050641912	2.4046163592586415e-06	5.463900984191733e-06	1.6119720458815835e-08
30000000.0	-0.001637633466287002	-0.0008874842645807467	0.04448077094832761	-5.117330233937294e-07	4.1636125924170114e-06	-1.8914652640670386e-08
30200000.0	-0.002291578535683957	-0.0006909023881530396	0.04484172613002177	4.767921386255085e-07	4.581121426028908e-06	-7.422336790556132e-09
30400000.0	-0.001312204341085087	-0.0017243538375033246	0.044709475496579144	-1.7259492680103004e-06	4.92096843722975e-06	-4.718973333885162e-08
30600000.0	-0.0003692471156472798	-0.0012223192476329254	0.04543331513105103	-2.4950320982098617e-06	3.4588993024514464e-06	-4.441862634546767e-08
30800000.0	-0.00020383522442198295	-0.00026139477808124296	0.045393264720697296	-1.8353953348655513e-06	2.1261991089354554e-06	-2.0357188940316512e-08
31000000.0	-0.0005642946596468646	0.0002614727669769187	0.0445508396335925	-8.719811290913461e-07	1.7550006074406597e-06	-5.793023247602026e-10
31200000.0	0.0012861093906855157	-0.00038383615807511054	0.04427817083398454	-3.6584572284542973e-06	9.713938178547363e-07	-3.668261901527295e-08
31400000.0	0.0013508484658145072	-0.0012689514769002803	0.04306498674031291	-4.368764343182198e-06	1.911399140393162e-06	-5.780280947904648e-08
31600000.0	-0.00020400483925364274	-0.0003959976548505253	0.04283342738047871	-1.7996397758026197e-06	2.0673497691548902e-06	-1.850993724681195e-08
31800000.0	0.00039990279362303734	-0.0014130323040562863	0.042708030003778104	-3.2735346615487125e-06	2.807880041061276e-06	-5.0432732363733854e-08
32000000.0	-0.001915751408997985	-0.0025361717595805983	0.04263675052709743	-1.3292438076672054e-06	5.796122342681216e-06	-5.575594228401124e-08
32200000.0	-0.0020992139684443203	-0.002909797654379472	0.04204152638174604	-1.3325330086710445e-06	6.319921479002671e-06	-6.234220887941818e-08
32400000.0	-0.0032023450558135704	-0.004116987641408337	0.04264889704433712	-9.053796082037682e-07	8.50762984420491e-06	-8.280561808005795e-08
32600000.0	-0.0028431452511891633	-0.0025811411668886708	0.04206585079752533	-2.630434557880901e-07	6.4675056539227835e-06	-4.812502178420814e-08
32800000.0	-0.0023007049274159997	-0.0007710969021130314	0.04132771649030233	3.3383859470327283e-07	4.008818062014823e-06	-6.014794824213375e-09
33000000.0	-0.0009352787922516394	-0.0005299802025134728	0.04024435750431227	-1.0086180077735386e-06	2.8037405165678534e-06	-1.0882124752751359e-08
33200000.0	-0.0023128439359357015	0.0001896228627352092	0.040867990281628554	9.511280114725925e-07	2.8818356631803053e-06	1.6822544380233866e-08
33400000.0	-0.0020471409241087065	0.000921655315289279	0.04117234841267674	1.055686121422004e-06	1.9459689066269612e-06	3.183266525980387e-08
33600000.0	-0.0027929192943724184	-0.001513495943054069	0.041584081943342746	5.025427147910808e-07	5.030370025052156e-06	-2.0658147534177314e-08
33800000.0	-0.004377839061843857	-0.0015943023335153943	0.04100921625791512	2.23188344327811e-06	5.929785348689952e-06	-8.722615468841266e-09
34000000.0	-0.00610263846106723	-0.003389465857919455	0.04240858152526026	3.085349417420959e-06	8.841946630808041e-06	-4.054769504650338e-08
34200000.0	-0.0032465620305250154	-0.0023742727703988265	0.04241766396288192	5.119157606509039e-07	6.308402533153093e-06	-4.014507684123558e-08
34400000.0	-0.002613504862000732	0.00048588091710841195	0.04176159892787955	1.2798634997248125e-06	2.9621717264170895e-06	2.2173547251107558e-08
34600000.0	-0.0023696493234782573	0.0014254404284876796	0.04227458203836437	1.4319987566358237e-06	1.9214757243986118e-06	4.1839146137222006e-08
34800000.0	-0.0026478838614610325	0.0010510344340196006	0.04325785680969568	1.495355070128484e-06	2.502520243118351e-06	3.3134141990286196e-08
35000000.0	-0.0024785617475745533	0.00036308075901816657	0.04281611993949192	1.0440840617140727e-06	3.081425906343423e-06	1.7359165850103756e-08
35200000.0	-0.0006871631901530196	0.0006580103215242106	0.042813843063064676	-6.611514113439688e-07	2.0476053711133938e-06	1.0948455136530739e-08
35400000.0	-0.0013747531775655003	-0.0011476857580170687	0.041983654623597585	-6.356431693591168e-07	4.000138875581201e-06	-2.384670661458751e-08
35600000.0	-0.0033461997560294784	-0.004452775627627968	0.040547637275323296	1.40399882843948e-07	7.785354226856395e-06	-8.137730236514518e-08
35800000.0	-0.0030372853525599095	-0.002309157078639421	0.040321294273410274	6.32141874572557e-07	5.632714404060841e-06	-3.259028801507245e-08
36000000.0	-0.002003481546397315	0.0001503594651544012	0.039743109041719175	5.224212644953619e-07	2.9296928418082247e-06	1.8293432487338556e-08
36200000.0	-0.002106813220161572	-0.0011544697228251682	0.04029604955792589	1.5665752469177503e-07	4.206410779820371e-06	-1.0937981214339519e-08
36400000.0	-0.0017075344776369635	0.0002735828134798838	0.04143762411625574	1.7495229755025397e-07	2.887402604689968e-06	1.7009736400948985e-08
36600000.0	-0.0004449187247147935	0.001300137949626567	0.04184951095851403	-7.11379191660949e-07	1.6252168643826212e-06	3.150651468757606e-08
36800000.0	0.0015239796876915198	0.0011475962361937391	0.042458059423049956	-2.5903337859784828e-06	1.243908761226019e-06	1.671170898978194e-08
37000000.0	0.0013458038761150122	0.0008540034906024485	0.041921857471483505	-2.484722797995689e-06	1.4970541045859698e-06	1.2395193159231237e-08
37200000.0	0.0019440508519392714	0.0006355275369482173	0.043157794883799894	-3.126193992764312e-06	1.6314457074706463e-06	1.3276296965455744e-09
37400000.0	0.0020906712657245757	0.0008308293929701347	0.04142517183837285	-3.1474568055848206e-06	1.2911036381862025e-06	8.530548065354684e-09
37600000.0	0.005483095276093769	-0.0034693359097371966	0.042566200884098744	-7.064238747712007e-06	4.066726015965697e-06	-1.0756045203326414e-07
37800000.0	0.005921645064415737	-0.0028823989342789905	0.043115424192267805	-7.332080867979276e-06	3.5600499640322764e-06	-9.847106163073633e-08
38000000.0	0.007111972569398034	-0.0016691918459561664	0.04382965673920912	-8.101412694563462e-06	2.4474982076314773e-06	-8.003154242046922e-08
38200000.0	0.0075794054236105485	-0.0024094430467286277	0.04380334740736988	-8.620843677098795e-06	2.9194621662290224e-06	-9.829918764299563e-08
38400000.0	0.008310488974932487	-0.0037784925156310054	0.043830591479117297	-9.449044550427587e-06	3.812362550420449e-06	-1.3044746897338597e-07
38600000.0	0.009038848843586477	-0.0016358134968843278	0.04317651797652969	-9.653710339773107e-06	2.0755687558313124e-06	-8.876288813491734e-08
38800000.0	0.0023664964283712847	-0.0038590309096060934	0.04417679956778733	-4.838005379125445e-06	4.754613073659626e-06	-1.0862240820372285e-07
39000000.0	0.004009570064633503	-0.006058601688707548	0.045281631798983465	-6.445758492472278e-06	6.157709135421171e-06	-1.6356509612248163e-07
39200000.0	0.0036021218488077626	-0.005162224407020907	0.04528785139246353	-6.010909034875281e-06	5.591017339572504e-06	-1.4445604422023172e-07
39400000.0	0.0002269840172436058	-0.0030517271995179076	0.04519369351265941	-3.2102672002384457e-06	4.584524836966886e-06	-8.561346592395456e-08
39600000.0	0.00023161994435812094	-0.002309089779479489	0.04470975084085839	-3.110303796975033e-06	4.04711761197536e-06	-6.886492424846357e-08
39800000.0	0.0035938481335989884	-0.003820343275691367	0.046347676073617734	-5.763200370622557e-06	4.819493611349176e-06	-1.117966619843904e-07
40000000.0	0.00650900072644028	-0.0033299985614594356	0.04558731664343492	-7.77916764714677e-06	4.1423605427401846e-06	-1.0917193620121036e-07
40200000.0	0.010439334918351268	-0.007127847439475577	0.04696389138016351	-1.0945266032018042e-05	6.283790006871912e-06	-2.049112975052634e-07
40400000.0	0.008047799796770705	-0.009913585433091898	0.04715695869626649	-9.533313676631602e-06	8.226022132620906e-06	-2.565344352085807e-07
40600000.0	0.008915352210058453	-0.011590464937234628	0.045595186603134656	-1.023074505753691e-05	9.041696940728766e-06	-2.911874284871597e-07
40800000.0	0.004726444357931646	-0.010576008763722698	0.04480420506645408	-7.2865706525589135e-06	8.682165006843529e-06	-2.5574625148249104e-07
41000000.0	0.001041925695781278	-0.008818869801222397	0.04240874487371908	-4.640003606569362e-06	7.685407583714758e-06	-2.0712290064246518e-07
41200000.0	-0.0021385475153231533	-0.006542664845780807	0.0425944895570418	-2.371969100796255e-06	6.591061025914539e-06	-1.4829094045496094e-07
41400000.0	-0.004748139601405691	-0.008264225121198591	0.04395765277668648	-7.923180569809182e-07	7.83939822902507e-06	-1.8395844518917606e-07
41600000.0	-0.003163127967222913	-0.00807590901479279	0.0426914303785112	-1.796956645369638e-06	7.5482990339327734e-06	-1.7822341071223223e-07
41800000.0	-0.0012363940744888305	-0.008048553794723622	0.04269505648053017	-3.0316873611245786e-06	7.43397712233968e-06	-1.818071516388206e-07
42000000.0	-0.0013020029932244092	-0.011047538427486622	0.04177412051627948	-3.1209447239902787e-06	8.988049199267459e-06	-2.477391597588772e-07
42200000.0	-0.003497730935839845	-0.010717366068446667	0.04303033996778487	-1.7369005022030407e-06	8.987276040690618e-06	-2.4280364004238034e-07
42400000.0	-0.004508189937330622	-0.010474346118845988	0.042138649098746025	-1.0792241913219131e-06	8.82428646790732e-06	-2.3222069482614154e-07
42600000.0	-0.007934145244699622	-0.010887746612806884	0.04267713997979754	1.005203517715496e-06	9.188148761944802e-06	-2.39657753654484e-07
42800000.0	-0.005192929224250371	-0.010433021694054377	0.043936610851817534	-6.711137558780632e-07	8.984317116437006e-06	-2.3282682571153748e-07
43000000.0	-0.0064000959701909065	-0.010947827136164857	0.043044907302097694	6.21152257369811e-08	9.197713435936534e-06	-2.4150089243865617e-07
43200000.0	-0.005585939949135753	-0.011068557030051633	0.043627034707302254	-4.375650893950669e-07	9.282351678558394e-06	-2.4725296023790263e-07
43400000.0	-0.0050118633334707025	-0.007805160525577623	0.043948336419783844	-7.050215549436723e-07	7.718479005673176e-06	-1.6670626235443327e-07
43600000.0	-0.004608812088331129	-0.005610082450719638	0.04315973505460927	-8.880614347414089e-07	6.632649296180184e-06	-1.0486663638261745e-07
43800000.0	-0.0060660547069778074	-0.004627814632773894	0.04459050686214088	-7.437959436667661e-08	6.297052819618354e-06	-8.420031603397077e-08
44000000.0	-0.0059564212964125975	-0.003935531799273521	0.043683066735018025	-1.2141276666132127e-07	5.922413039222049e-06	-6.322590058562306e-08
44200000.0	-0.008282503312899486	-0.004073175502494832	0.04457989514782098	1.1344509841312069e-06	6.020241114572223e-06	-7.064952372982612e-08
44400000.0	-0.008764503475209238	-0.003579654672513459	0.04501786671660878	1.3788559104971048e-06	5.839917479101481e-06	-5.9433246114382184e-08
44600000.0	-0.007688754087023123	-0.004227279571806937	0.044317429664643575	8.286008027454753e-07	6.084753482847302e-06	-7.153521867998882e-08
44800000.0	-0.00864327701844956	-0.004733795444795643	0.042468001519735024	1.3696007031768597e-06	6.109703004067903e-06	-7.831922940368005e-08
45000000.0	-0.007952652741746967	-0.001814403659367738	0.04278139061599426	9.277093367011148e-07	5.083453302637453e-06	1.2888277358525278e-09
45200000.0	-0.0071365442874291515	-0.0005102351066313567	0.04224950487080686	4.832810763963806e-07	4.6223813386956875e-06	4.0002360636393143e-08
45400000.0	-0.006484208247148047	-0.00023798852688822647	0.04355866830249708	1.308838326708477e-07	4.6605986778790255e-06	4.255474399943695e-08
45600000.0	-0.00151097319855712	-0.0005270790252565438	0.04467893887297905	-2.2068878020888847e-06	5.148060185097367e-06	3.860271141243281e-08
45800000.0	-0.002310394471878912	0.0009143015388390387	0.04348870505743458	-1.9071534598414313e-06	4.557287349814896e-06	7.909163134194728e-08
46000000.0	-0.005754500440587954	0.003238090638272092	0.04236139869303543	-5.123821782895198e-07	3.5560918940738458e-06	1.4326792475429906e-07
46200000.0	-0.006860513647828753	0.004485824221040394	0.04327284544917003	-1.3755643667768556e-07	3.1827329576565882e-06	1.7020855580077173e-07
46400000.0	-0.004793101992424561	0.00421211563849094	0.042526417333931824	-9.75776010177738e-07	3.4171788723355196e-06	1.7435283458505763e-07
46600000.0	0.001486576161170242	0.002051043915369173	0.0418435587333443	-3.316573973029841e-06	4.510632912806033e-06	1.341737888291042e-07
46800000.0	-0.0006557386409173031	0.0024717226554641612	0.04114554513534436	-2.510661095900901e-06	4.142413318191382e-06	1.4219445855993465e-07
47000000.0	-0.00045923170748026203	-0.000407264890375748	0.04133935825233542	-2.331369683055642e-06	4.810965568488478e-06	6.924704114323146e-08
47200000.0	-0.0046665278468013115	-0.0015366149415054603	0.04176694891983183	-6.902100662974708e-07	4.564401978984052e-06	2.3263350771710748e-08
47400000.0	-0.006898341277283054	-0.0021172629207583194	0.04246258795516679	1.5537563418307743e-07	4.4382284632631195e-06	-3.886909113123385e-09
47600000.0	-0.006281737385633556	-0.00491700704284123	0.042027764960751314	2.1558755093823727e-07	5.009359363307433e-06	-7.039851606155994e-08
47800000.0	-0.005753398370367098	-0.008254993162682318	0.04323865890093338	3.6622790509984034e-07	5.683778438398438e-06	-1.677396786146576e-07
48000000.0	-0.0014350942412100654	-0.008463109872030264	0.042839276572223944	-1.0574961814809983e-06	6.2743280888374425e-06	-1.526513264240922e-07
48200000.0	-0.003123216026926586	-0.007652989935385516	0.04165513690768524	-5.824668898660211e-07	5.835655122413442e-06	-1.3469439261146707e-07
48400000.0	-0.001936330519812867	-0.0070781057611219965	0.04252730029946922	-1.0356590347806115e-06	5.9721870026581194e-06	-1.180222903424607e-07
48600000.0	0.0005077357479538328	-0.008803323728646926	0.04208993521171553	-1.6136339741587506e-06	6.521794123780411e-06	-1.5237917017306341e-07
48800000.0	0.0011101527698390956	-0.010193249965441832	0.04288500481530907	-1.6479144417953151e-06	6.835594510413479e-06	-1.9076136676831976e-07
49000000.0	0.0025935219413712875	-0.008873323148038664	0.041171641067390685	-2.233027029637111e-06	6.823118639373009e-06	-1.3457393851032685e-07
49200000.0	0.00023685787449518854	-0.008292411400174305	0.041093541290259286	-1.6046142320623914e-06	6.402376026331945e-06	-1.2988290185959117e-07
49400000.0	0.0055739525901688895	-0.010085046846302811	0.04102912876606366	-2.9383435077019695e-06	7.453749275957593e-06	-1.4319853288974803e-07
49600000.0	0.010828184613325187	-0.0111233080702987	0.04036451046946761	-4.280157445855075e-06	8.310212332243503e-06	-1.4317341311989778e-07
49800000.0	0.01044821139307175	-0.013118627010702237	0.04078645004184153	-3.932802464907216e-06	8.418458756629518e-06	-2.0591776371090315e-07
50000000.0	0.011229053198482462	-0.009310604813794483	0.043135313004355476	-4.593848339475709e-06	8.371427482587079e-06	-1.0738469014373197e-07
50200000.0	0.012366755963408431	-0.0072898375540664875	0.04294176322071203	-5.13649921263304e-06	8.439647167832126e-06	-3.9225845221918864e-08
50400000.0	0.011959133537142647	-0.009298107463705777	0.04211982646576963	-4.7776457594087555e-06	8.435133021252031e-06	-9.472477110694465e-08
50600000.0	0.011082756514727036	-0.00791184124942176	0.04223205966794782	-4.735840345023114e-06	8.208108045658276e-06	-6.382292432315812e-08
50800000.0	0.011273900295555578	-0.008200364787788642	0.04306781152115539	-4.738254982997352e-06	8.283324473772702e-06	-7.663372606449549e-08
51000000.0	0.011015350175610778	-0.008763938911883186	0.04238876611469117	-4.6043412051684515e-06	8.222424708758305e-06	-9.02671456284188e-08
51200000.0	0.0096510337438348	-0.00828095384330332	0.04137264985368844	-4.372010059210766e-06	7.90521469106234e-06	-8.203356487096949e-08
51400000.0	0.0032403633629373672	-0.007494180019986933	0.041515861995851014	-3.1165482619924e-06	6.753083113793259e-06	-1.0132744449698569e-07
51600000.0	0.0044520438667660965	-0.0065772652899416485	0.04137151214991453	-3.4903526087447187e-06	6.972708156900029e-06	-6.51284046128284e-08
51800000.0	0.0061492939727699515	-0.005314570468523141	0.04125756697604924	-4.001738569945824e-06	7.30700836420066e-06	-1.438417653823237e-08
52000000.0	0.007081660981470106	-0.006308406540303364	0.042646648310033175	-4.031091289889764e-06	7.5080766730142705e-06	-4.71279828020561e-08
52200000.0	0.007596356117844036	-0.006438689426726302	0.04011396834549937	-4.123235540438875e-06	7.51715183213663e-06	-2.9784175388227016e-08
52400000.0	0.004222780887363609	-0.0015802725275852096	0.04239949382171085	-4.186676545013149e-06	6.998949409492124e-06	5.805718746991837e-08
52600000.0	0.005965704002496672	-0.0009857974933194437	0.043067243870959164	-4.560948246573522e-06	7.403444320905601e-06	8.530848961477387e-08
52800000.0	0.006946651039805744	0.0009152084933926703	0.043785102279336026	-4.989031824431462e-06	7.734185631638903e-06	1.444591441217189e-07
53000000.0	0.003441598972055111	0.0030401189221883644	0.044641021583710964	-4.752747047890338e-06	7.086460944865426e-06	1.6077297214619808e-07
53200000.0	0.0013531442200481053	0.0053561438630223826	0.04512050609723613	-4.796006524163112e-06	6.845062305573059e-06	2.0848049495827912e-07
53400000.0	-0.0013191460108489842	0.008865545017601562	0.04466478939939998	-4.968540175165081e-06	6.528070986109322e-06	2.877599328690964e-07
53600000.0	0.00109273204498943	0.0029046995414089465	0.044172892209972364	-4.375978492972533e-06	6.632958000285938e-06	1.5491926176821712e-07
53800000.0	0.004121920559027841	-0.0005023646841990975	0.04608018826284902	-4.192499708086718e-06	6.9983892152762405e-06	6.704620785096265e-08
54000000.0	-0.0008315314302519711	-0.000839945193275398	0.04463808564304375	-3.5936787964457445e-06	5.7685104180400174e-06	1.4472993598557402e-08
54200000.0	-0.00047306364795993914	-0.0004830149599820532	0.04492441686201395	-3.6837324293799203e-06	5.905234263092853e-06	2.6958208841018923e-08
54400000.0	-0.0006911987543388132	-0.0008539392576144146	0.04384509559054545	-3.612615543438572e-06	5.785595063547882e-06	2.1873002268275598e-08
54600000.0	-0.007187356770381632	0.0003311760283905697	0.04405200843978915	-3.1813959694493987e-06	4.355670647899696e-06	-2.1289255787901264e-08
54800000.0	-0.007756351624764199	-0.0033534851904585294	0.04381330894043813	-2.5542852488511865e-06	3.724363266930388e-06	-1.356538005640902e-07
55000000.0	-0.007621403526310465	-0.0008298241718401643	0.044016232500082644	-2.967322624636784e-06	4.175718930237899e-06	-5.28226426022995e-08
55200000.0	-0.010476034718554137	-0.0010287809821497833	0.044356629766260744	-2.7077816952551097e-06	3.417380503293533e-06	-1.0001164085697349e-07
55400000.0	-0.010530955426499854	-0.0018492348354262704	0.04346581185658005	-2.5870239688071865e-06	3.262364398084525e-06	-1.1896288912554259e-07
55600000.0	-0.014951576184277997	0.0026835328278731873	0.04266591634419006	-3.0139793985301684e-06	2.9867181818427198e-06	-1.2897012826070712e-08
55800000.0	-0.011186764195668705	-0.0007493314694515265	0.04480050142645643	-2.6951627136244727e-06	3.364924000177022e-06	-9.52710578706419e-08
56000000.0	-0.019864248533718622	0.0024241539829978685	0.04188679321079682	-2.7172217342018584e-06	1.4317142181211764e-06	-1.0954864062629766e-07
56200000.0	-0.016894622945025927	0.00010747762468227805	0.039791496650323895	-2.5243493771299543e-06	1.716869551174941e-06	-1.2964201844658754e-07
56400000.0	-0.01474080068207911	-0.0016521712097192416	0.03976254978683689	-2.3564386114417666e-06	1.9347821349431766e-06	-1.5902754451418653e-07
56600000.0	-0.013839105705823161	-0.004721173101752706	0.040412555122150154	-1.9064036592720773e-06	1.5411434883087572e-06	-2.5857877654910217e-07
56800000.0	-0.011321057369303604	-0.0035384408075997487	0.03982646804642045	-2.2104116912985675e-06	2.5778224226062455e-06	-1.6188481132039085e-07
57000000.0	-0.01150098879661136	-0.0037108485048646285	0.040766308313872526	-2.178004589979976e-06	2.4809135600290743e-06	-1.82181410714863e-07
57200000.0	-0.006431145684989013	-0.003883396738691063	0.04174782902484275	-2.3156320800134617e-06	4.040816449017978e-06	-9.648283414754027e-08
57400000.0	-0.005436343022197208	-0.003784580349478215	0.04237191447865899	-2.361712476439087e-06	4.36402481571907e-06	-8.148414508652427e-08
57600000.0	-0.005874520178369196	-0.004220904347825364	0.042904272241276305	-2.283733878769337e-06	4.105095521413472e-06	-1.1406557454515677e-07
57800000.0	-0.0009049042782097814	-0.006707665292403863	0.04119209553797412	-1.985594642044642e-06	5.076162061263682e-06	-8.569945752195782e-08
58000000.0	-0.0023904556236147762	-0.006641189377138857	0.041798112882082274	-1.9797437433913977e-06	4.6312182063070105e-06	-1.1916705572200175e-07
58200000.0	-0.003237086872081219	-0.007889122679370364	0.04181065258169716	-1.7755953644962464e-06	3.983558103164959e-06	-1.8970029327711457e-07
58400000.0	-0.0025873211971787317	-0.008459057981133184	0.04205029242992777	-1.6871662942643658e-06	4.036358589510959e-06	-2.0077997407366252e-07
58600000.0	-0.00029006212764613997	-0.010636313099985192	0.04077669948779724	-1.3382534136970711e-06	4.06538322457943e-06	-2.3565155700447e-07
58800000.0	-0.0003333028927995283	-0.009659048402150379	0.040997282392131004	-1.497743648722961e-06	4.365168589231595e-06	-1.9657280814957672e-07
59000000.0	-0.00344999177200208	-0.00760735894325907	0.040317036986929795	-1.8726936988434941e-06	3.921666822963558e-06	-1.7848891952934305e-07
59200000.0	-0.0001691824797568982	-0.009854594220458273	0.039572519690388996	-1.4638981620102503e-06	4.221205859854422e-06	-2.0138816413837097e-07
59400000.0	0.0007786457906548015	-0.008208127539383039	0.03911525132466998	-1.7140169365635313e-06	5.116518614054127e-06	-9.95756047174654e-08
59600000.0	0.00161077602233863	-0.008063520605153454	0.04013048722554751	-1.7093800198794706e-06	5.440892374016955e-06	-8.500768437982009e-08
59800000.0	0.003995175846525772	-0.00850105907531366	0.04019832316924088	-1.5655381741184672e-06	6.083821923299333e-06	-5.1433852565696726e-08
60000000.0	0.004645307681105578	-0.008326709305294963	0.03949791831246712	-1.5749856641909744e-06	6.3915278654293495e-06	-1.847740744331407e-08
60200000.0	0.0032219042109386618	-0.007949528260472762	0.04044999893849339	-1.6895605234488033e-06	5.971019620773671e-06	-5.251224376568176e-08
60400000.0	-0.00021610298120982837	-0.006524251684942661	0.04078725442228618	-2.0839334559399207e-06	5.312587613624497e-06	-7.303778693165182e-08
60600000.0	0.0029103814840971097	-0.009134608615919085	0.04172698401626118	-1.4910516031700843e-06	5.439228385619686e-06	-1.2468608678589215e-07
60800000.0	0.003493991056373549	-0.010977923356017173	0.04063684216894351	-1.1697462745309663e-06	5.050504145390871e-06	-1.7246526778356278e-07
61000000.0	0.004285206407053752	-0.01069140329737151	0.0413108618416121	-1.1641060306556252e-06	5.4227710958366185e-06	-1.4819947112869388e-07
61200000.0	0.007770399933033044	-0.012303013129296627	0.03963666556989117	-6.792898957019037e-07	6.147837941488743e-06	-1.0516588019279808e-07
61400000.0	0.006693641826596265	-0.01224781914535297	0.039707329054479316	-7.681160590096778e-07	5.745574016615395e-06	-1.3527092479349605e-07
61600000.0	0.00910758003013761	-0.01159661387473583	0.03892594930193192	-6.904432925893337e-07	6.932412450747128e-06	-2.713791078397896e-08
61800000.0	0.013134894598276483	-0.012740783729550826	0.037213729936713257	-1.8141216856454096e-07	8.066922603760573e-06	5.758184664714785e-08
62000000.0	0.01650974528980314	-0.01451201764621486	0.037213788848814815	4.142570100229831e-07	8.763963199785436e-06	8.532556349549419e-08
62200000.0	0.015170933580295585	-0.012183013733666304	0.037421578266002724	-8.664010067392475e-08	9.214300488785987e-06	1.5534784695789076e-07
62400000.0	0.012588791468837145	-0.00918768515198281	0.037941136382576325	-8.317497219747774e-07	9.372222311835412e-06	2.062044785862382e-07
62600000.0	0.009588192417654223	-0.007633932876298227	0.035968848980142125	-1.4375033678630425e-06	8.7961491243476e-06	2.027937736340252e-07
62800000.0	0.01115619997971185	-0.008156967786272996	0.03687975137325335	-1.1649405784967167e-06	9.139494935668084e-06	2.1037840221354517e-07
63000000.0	0.009847204862126133	-0.011812846240090845	0.036373239066553965	-7.226548764923162e-07	7.22381489937276e-06	2.2614609108224717e-08
63200000.0	0.009842653960135762	-0.010352207711067932	0.03933993067645345	-9.250961546437198e-07	7.63349355601185e-06	3.902221141208366e-08
63400000.0	0.009901586517906609	-0.012937092709903224	0.03864053287703127	-4.989620320389596e-07	6.613794213514405e-06	-6.522132508910596e-08
63600000.0	0.007942036776677083	-0.013453844931252153	0.040311569679222316	-6.606968028014307e-07	5.5372646986448165e-06	-1.738402439981267e-07
63800000.0	0.008674809180845889	-0.016490657178275664	0.04035699975555701	-4.983011553647468e-08	4.726959767255409e-06	-2.690342120599299e-07
64000000.0	0.00760258453903368	-0.015964859100984982	0.04100703539814041	-2.8444655956464e-07	4.478053146835924e-06	-2.898788743247245e-07
64200000.0	0.008739733722695448	-0.015610421334156369	0.043996609341291626	-1.4070093368044762e-07	4.943931599089103e-06	-2.81858650573413e-07
64400000.0	0.006760991223717189	-0.015190944230822487	0.04322837593963638	-5.271203216371604e-07	4.264606539931418e-06	-3.2628393448496957e-07
64600000.0	0.008269077149142903	-0.016602179036695454	0.0435352101214212	-5.92361239488217e-08	4.259647615235028e-06	-3.459929070179752e-07
64800000.0	0.009055892619456952	-0.016612987530594293	0.04448773505913591	8.013494427111924e-08	4.541145499798241e-06	-3.332695201675056e-07
65000000.0	0.007871321581255053	-0.015323920191258335	0.0431570817496512	-3.48368595896611e-07	4.568729236003568e-06	-3.0591857721520365e-07
65200000.0	0.010389096694082082	-0.01625341681161099	0.04517233957739929	2.486263708525105e-07	5.1192016279724854e-06	-2.920035679551997e-07
65400000.0	0.00821903118073496	-0.012537388468899046	0.043667343022878016	-7.473695170733383e-07	5.832649311373624e-06	-1.7992985956243593e-07
65600000.0	0.011183305866554692	-0.010641691915676639	0.043158581318479376	-5.244413055836417e-07	8.015309771008266e-06	3.2441784923921997e-08
65800000.0	0.010524717018556782	-0.01526454610503973	0.04172395340028322	8.138609063058524e-08	5.679764899282067e-06	-1.9687127110654835e-07
66000000.0	0.01006427544448482	-0.015628158055724557	0.04079987448738132	4.4573678399040175e-08	5.365251853581363e-06	-2.1690577624949772e-07
66200000.0	0.013717974840672203	-0.019045402147252078	0.04264986616615883	1.3560719178512138e-06	5.681222409671522e-06	-2.278247843789947e-07
66400000.0	0.014755732683220925	-0.015854630001130444	0.04187182513171297	1.0532434167734655e-06	7.721525924444036e-06	-9.622259492830283e-09
66600000.0	0.0115205997300034	-0.013989528795440815	0.043388402933963	1.0084497451484456e-07	6.880884929854981e-06	-9.196672065708828e-08
66800000.0	0.011740556174909104	-0.011539445918656377	0.0436859953958608	-2.515252335529631e-07	7.955546717585348e-06	1.555454862051819e-08
67000000.0	0.010708613219774498	-0.010967458297997076	0.04416787936985636	-5.599301623983729e-07	7.683350255707048e-06	-1.1755063933895678e-08
67200000.0	0.01016279214472304	-0.011333067418476263	0.042806801349988516	-6.327280780704039e-07	7.345914529349746e-06	-2.94769197054016e-08
67400000.0	0.013712394805134018	-0.013931160241831154	0.04249883103360084	6.19044608274083e-07	8.196178076178077e-06	4.748591461563953e-08
67600000.0	0.00929464490564474	-0.012270252518243813	0.04250561862590171	-6.788095925709681e-07	6.7207730603462436e-06	-8.524149617587059e-08
67800000.0	0.0052873131813370505	-0.010745995993284718	0.04233746542023546	-1.8904430998906423e-06	5.310942201483195e-06	-2.1382465654203628e-07
68000000.0	0.007251285627310389	-0.00785482993780134	0.04163824499049567	-1.8930388233813972e-06	7.6264284489962965e-06	2.5572441507159598e-08
68200000.0	0.005636318906207047	-0.005760167393959254	0.0419512342179506	-2.628698914659922e-06	7.739266811174879e-06	3.9455930650022226e-08
68400000.0	0.005875869245066061	-0.004619597075743814	0.04371918476861493	-2.7353678329897486e-06	8.252398510026719e-06	7.207267217606582e-08
68600000.0	0.005398621289297929	-0.006935722579013537	0.04493571727960598	-2.4601515636070977e-06	6.9218955558518405e-06	-7.60888103320062e-08
68800000.0	0.007425478546117506	-0.007434053087036714	0.04391505482114383	-1.8364597377865295e-06	7.95157039540315e-06	3.93165033446476e-08
69000000.0	0.0035283301040955175	-0.004410575381905868	0.04458849781772915	-3.4008746618712367e-06	6.984860670335151e-06	-6.56771909156808e-08
69200000.0	0.004101373067516407	-0.00403571012125797	0.04588915464903854	-3.2861624120626034e-06	7.399656876036995e-06	-3.7907172932495056e-08
69400000.0	0.0006583914326309995	-0.003117638342148672	0.04574998781193701	-4.430463435780834e-06	5.730462538743949e-06	-2.0988652392512827e-07
69600000.0	0.0026377741370632694	-0.004419699391549522	0.044608659640904096	-3.6410832110540847e-06	6.486747786770431e-06	-1.1586887962541354e-07
69800000.0	0.005674436468640084	-0.009479787614836865	0.044543211570104616	-1.876495862919854e-06	6.330781336915015e-06	-1.2091669990729173e-07
70000000.0	0.0064287500001801836	-0.01390005013002952	0.04520882746184311	-9.632002548427203e-07	4.416098239557275e-06	-3.3009401142173247e-07
70200000.0	0.0034151755672172813	-0.012358687087593157	0.04583175840182741	-2.1588478479909794e-06	3.0492388098819477e-06	-4.885763589583548e-07
70400000.0	0.005190338848609102	-0.011691472199734052	0.04598853731246825	-1.6909732319399543e-06	4.601862646215037e-06	-3.221722855860311e-07
70600000.0	0.004137281713550349	-0.009708453880386327	0.04557194893540748	-2.3361878831242533e-06	4.9817113570605126e-06	-2.7930789060283896e-07
70800000.0	0.0029025612915837664	-0.009922923364861362	0.04660878067303059	-2.7169590444673636e-06	3.856387430874919e-06	-4.166038179033523e-07
71000000.0	0.006980950607259985	-0.011438416897124439	0.046012868529422254	-1.0682017890964407e-06	6.3167556847600765e-06	-1.2561699549636082e-07
71200000.0	0.008290426679136835	-0.013597689178075467	0.04568220496509304	-2.890926356481916e-07	6.143736326909369e-06	-1.339064789808779e-07
71400000.0	0.007268781312634834	-0.014621485502883882	0.04538911946135365	-4.957604797804286e-07	4.8605513631908335e-06	-2.7232828437749265e-07
71600000.0	0.00942351424104654	-0.015807989745848815	0.0456663746041928	4.852951267197908e-07	5.9909128341004965e-06	-1.3889465471892627e-07
71800000.0	0.008714571614600998	-0.016221579209491663	0.04601560678194683	2.8148445258022557e-07	5.142090331878604e-06	-2.39452133204157e-07
72000000.0	0.010916267086198295	-0.01801116575127144	0.046530052037859065	1.3871292331431336e-06	5.912460683541506e-06	-1.4598276294325737e-07
72200000.0	0.012187594052611495	-0.01844108033063008	0.04719588124291612	1.950234646948633e-06	6.680643344798414e-06	-6.068900509353941e-08
72400000.0	0.01349134315328623	-0.018417241014961512	0.047028022820022275	2.460313252508537e-06	7.789195663412482e-06	7.201660292686686e-08
72600000.0	0.013954625944210921	-0.01756668583538791	0.04654437451916157	2.514438623819601e-06	8.658763775557517e-06	1.749435900721832e-07
72800000.0	0.013917877447789962	-0.017321134904336368	0.04687998388496011	2.462329969803255e-06	8.701052988754542e-06	1.7441565909321545e-07
73000000.0	0.0130422624793642	-0.013814262015044343	0.047588326775971176	1.5695907375963397e-06	9.783279165747506e-06	2.6902417316774763e-07
73200000.0	0.012048178875593887	-0.012465325485580107	0.04632716045672762	9.418486114594623e-07	9.770774359391072e-06	2.7124680679679617e-07
73400000.0	0.010298621888493363	-0.011590013026877333	0.04537753615636221	4.4181552244675136e-08	8.761691737677221e-06	1.5248141675326762e-07
73600000.0	0.00895019162281823	-0.01069445476573202	0.044289766194882056	-6.744486695210721e-07	8.213817567447074e-06	9.111599133164952e-08
73800000.0	0.00887757982345339	-0.009362876276257088	0.043836680666035084	-9.216069902047061e-07	8.846466291988496e-06	1.6058812300389424e-07
74000000.0	0.008376235953820905	-0.007597164373557973	0.042980048811698424	-1.4564931687350109e-06	9.23073654718999e-06	1.9852479133244105e-07
74200000.0	0.00854051244474598	-0.006740706876102502	0.04426110559931954	-1.5209760106570358e-06	9.65631519290584e-06	2.2702126071313972e-07
74400000.0	0.010937923569094541	-0.011016466345064788	0.04385165295047274	3.105037192335241e-07	9.898371765132895e-06	3.100158230738988e-07
74600000.0	0.011091003533419139	-0.012011764991672034	0.042788729012572614	5.628428915854675e-07	9.761797660936712e-06	3.172337774066259e-07
74800000.0	0.011454591808133765	-0.011876603202031617	0.04142192740220442	7.362838910838007e-07	1.0389849922340808e-05	4.114094725716625e-07
75000000.0	0.010895571045800205	-0.01072171792745559	0.04173947123716668	2.668406412323022e-07	1.0345076015924243e-05	3.8759215746765307e-07
75200000.0	0.010172563860275716	-0.013688984640425166	0.04008824672885337	4.438136112617195e-07	8.662216895449615e-06	2.319521143459636e-07
75400000.0	0.008689247616368138	-0.01217294182572632	0.04030377040146884	-5.692184263123619e-07	7.883950111535533e-06	1.0918497965639972e-07
75600000.0	0.008527660068290876	-0.012065297479013292	0.04118534937723381	-6.770693676601259e-07	7.650213078856486e-06	6.729999519957166e-08
75800000.0	0.00593903738786865	-0.0068062231184764475	0.04062508250239471	-3.02794539390748e-06	7.052298876178738e-06	-8.241110705163203e-08
76000000.0	0.005084975299623215	-0.006984669382077851	0.04001882872854616	-3.464171819389068e-06	6.119650961252056e-06	-1.9559291151755152e-07
76200000.0	0.0064345748527186546	-0.009703011779713454	0.03931860315277832	-2.2401570405380753e-06	6.482952040055601e-06	-9.72924275771137e-08
76400000.0	0.006522995284186926	-0.011246912991440563	0.03729941524213432	-1.8921365097190042e-06	6.2610368406599535e-06	-7.906026519627474e-08
76600000.0	0.006444337672858259	-0.01060260236234325	0.03682232282000948	-2.0297022633263674e-06	6.576433924423813e-06	-4.0916183326350925e-08
76800000.0	0.007538762383179881	-0.012134262188429749	0.03652291766404112	-1.110607869662587e-06	7.241974254962839e-06	7.90565156656857e-08
77000000.0	0.008097611308810669	-0.012489316491232822	0.03635413260247507	-7.026607110059937e-07	7.805686287861854e-06	1.6472458721527064e-07
77200000.0	0.00994853352456161	-0.014289633804689676	0.03789285457122855	7.2101023456324e-07	9.015887708530027e-06	3.455451453574622e-07
77400000.0	0.010818623376865448	-0.016763304070298645	0.038669345667021814	1.6881824422617766e-06	8.915270712923092e-06	3.671913058876514e-07
77600000.0	0.010511179625478708	-0.013736185062874069	0.03780460092263502	9.222933381404959e-07	9.715815752486771e-06	4.3304097226586066e-07
77800000.0	0.011724216414051351	-0.016887278824910323	0.038381118882302404	2.2321823454563862e-06	9.718107172763966e-06	4.862891165205079e-07
78000000.0	0.012556338704943075	-0.018612054536973684	0.038323705437523	3.1014534588875434e-06	1.010127801787898e-05	5.751805474736195e-07
78200000.0	0.01142380116005749	-0.01688376292594445	0.03780835417667555	2.0081006733561398e-06	9.296478627713191e-06	4.324591194580818e-07
78400000.0	0.0119222584533637	-0.017293520326726437	0.03686099258239369	2.4548957803937805e-06	9.964714784655286e-06	5.480464518838427e-07
78600000.0	0.012820163216486921	-0.018797356405751326	0.03830272117386778	3.3417018111919233e-06	1.0359146634155234e-05	6.201341911162519e-07
78800000.0	0.011305966747824586	-0.017840343426903896	0.03960640390456472	2.0726869691090997e-06	8.50149840360301e-06	3.169301254497891e-07
79000000.0	0.009652204970664836	-0.014187119014023496	0.038600194202241214	2.450781226979571e-07	7.9235301846494e-06	1.6537446210286867e-07
79200000.0	0.010025215613394638	-0.014729747859099198	0.039422935770905644	6.114670922913389e-07	8.118569047753364e-06	1.9705167330195667e-07
79400000.0	0.009797012331339044	-0.012963171386382102	0.03893438740974088	7.132872899818067e-08	8.366511572702906e-06	1.9942246479062697e-07
79600000.0	0.010992409695897997	-0.013193887481360567	0.03878763799713196	1.058917575746333e-06	1.01073024819911e-05	4.6685436043761747e-07
79800000.0	0.009924795628589129	-0.010458917589223817	0.03673701481885967	-2.709702262581983e-07	9.796068388604872e-06	3.792546909340011e-07
80000000.0	0.008990866712127142	-0.005099035582354879	0.03624700616781591	-2.2020580898677645e-06	9.82927555232802e-06	2.6115856232548725e-07
80200000.0	0.009652492454783342	-0.008174332406070496	0.03757719399214794	-1.0817799126753954e-06	9.575937698593461e-06	2.8284546434960277e-07
80400000.0	0.009748816717650715	-0.00906678478865286	0.03778789519967807	-7.98592003734772e-07	9.484715260485867e-06	2.8897039731946667e-07
80600000.0	0.009150406631453358	-0.008990876273119886	0.03880441033700087	-1.3452935522322064e-06	8.372771063369233e-06	1.0263419715988127e-07
80800000.0	0.008452303739818796	-0.010102462727121144	0.03877945949391813	-1.7143778712082735e-06	6.903305735377302e-06	-9.934551696263295e-08
81000000.0	0.008450682482927975	-0.011707538360477396	0.03966643803083702	-1.2565135047690848e-06	6.746071456101898e-06	-9.256070974836124e-08
81200000.0	0.008962509846236743	-0.009439845325329693	0.040150082440013925	-1.5405379076231237e-06	7.334341856414478e-06	-6.24979306741165e-08
81400000.0	0.00951568727297929	-0.006829260576287915	0.04026143868418581	-1.8679931916895896e-06	8.097938228486263e-06	-8.956159274762551e-09
81600000.0	0.009019647034504549	-0.008895999501669865	0.04028247509260181	-1.5806435451574724e-06	7.642366559229829e-06	-2.8538225522975356e-08
81800000.0	0.008656405671071647	-0.006731502068876079	0.03934863037975353	-2.841166163440084e-06	6.2616110469468295e-06	-3.041095765903737e-07
82000000.0	0.008756681378935283	-0.004441608715696011	0.03991450863970709	-3.7084117017241623e-06	5.498400202110292e-06	-4.990921010501376e-07
82200000.0	0.008959997367190829	-0.003703767948391082	0.040112705768623726	-3.831359559475651e-06	5.5273725955272835e-06	-5.161376847252962e-07
82400000.0	0.007925201820003816	-0.008582927463597886	0.040940647981830995	-2.5184458541767597e-06	6.211136148180798e-06	-2.7622186237537e-07
82600000.0	0.007880895380806517	-0.007345437148488578	0.04000689129677543	-3.1901954287043434e-06	5.477888348864485e-06	-4.269097684041255e-07
82800000.0	0.007113669050944643	-0.011230612696828644	0.0405340136212865	-1.9873017195891813e-06	6.426592695060732e-06	-1.601788877140146e-07
83000000.0	0.006743240693114337	-0.01261794610040275	0.04232726489612525	-1.5821248951834062e-06	6.551443543721792e-06	-1.1776516435237432e-07
83200000.0	0.0073862175173006975	-0.01054993736480737	0.04230946113418718	-2.020202300259425e-06	6.337094217532862e-06	-2.1259390897521525e-07
83400000.0	0.0059577123697330025	-0.014324878003141849	0.041952939778263094	-1.4201597020062978e-06	6.497462127932063e-06	-7.64556849512712e-08
83600000.0	0.007126608649823597	-0.011841024072230803	0.0401242609631885	-1.7060044411576309e-06	6.772493380176615e-06	-7.755726118771624e-08
83800000.0	0.003778212496172488	-0.017768344215182495	0.041740099796836266	-1.70791471592492e-06	5.272737307471847e-06	-2.0573187289535964e-07
84000000.0	0.0030184028333179657	-0.020461819103471866	0.04110070039156477	-9.576773402467692e-07	6.051899295378765e-06	2.099585688861368e-08
84200000.0	0.003651201727403947	-0.019888071378616902	0.041546220521387366	-6.61932170058063e-07	6.553181760546194e-06	9.698654629717867e-08
84400000.0	0.005297371029423913	-0.015018465566828874	0.04087139829458129	-1.861341897387747e-06	5.612575993910202e-06	-2.1537457611806528e-07
84600000.0	0.00660605002613511	-0.012878087495158185	0.04317955633899161	-1.7524043901701346e-06	5.814327594025105e-06	-2.5310391252324673e-07
84800000.0	0.005606268429904021	-0.015420058202023381	0.042988614788960225	-1.2238833542154117e-06	6.281631583272036e-06	-8.754117013599427e-08
85000000.0	0.0062734693072367086	-0.015324784357321639	0.0431227441469964	-6.663551441929421e-07	7.069040149376035e-06	6.688264279096551e-08
85200000.0	0.004913244061995404	-0.01664197035370969	0.04247743255459453	-1.1570421441705923e-06	6.325345807185653e-06	-4.256552333239373e-08
85400000.0	0.005817548040887794	-0.014522649169384592	0.04145094138367162	-1.6179343832158542e-06	6.028609139252186e-06	-1.5905311444297605e-07
85600000.0	0.005635109550520116	-0.016027457327438474	0.04236647286477111	-8.985754167974829e-07	6.710126924468404e-06	2.348644826941708e-08
85800000.0	0.005616503323196049	-0.016142976285170377	0.04121638889977919	-9.10821529093952e-07	6.812000717177229e-06	5.423254710866952e-08
86000000.0	0.0042274022107171155	-0.018308860490667316	0.0416999713842357	-8.306652585387238e-07	6.717850799304929e-06	9.52769086190228e-08
86200000.0	0.001177373699883349	-0.022685153785407735	0.041672811604521215	-9.521590631858399e-07	6.273218771224602e-06	1.2736918794393375e-07
86400000.0	0.005735102272342157	-0.0160757839542816	0.04049610209968032	-9.323098196515582e-07	6.794430157901773e-06	5.1013801898862816e-08
86600000.0	0.006382654522314497	-0.015260343007868733	0.03986089352848668	-9.002949053545973e-07	6.927832771754244e-06	5.906968493171401e-08
86800000.0	0.007236267716821454	-0.011652338759649489	0.040715386014330404	-2.059068684790529e-06	5.803951057397613e-06	-3.182628082472202e-07
87000000.0	0.005990169773285654	-0.012455551248153087	0.03974955307918185	-2.6326075150830938e-06	5.293696437658223e-06	-4.15948733754243e-07
87200000.0	0.007007792085230234	-0.01201517644044608	0.03781218951208534	-2.2293232982409762e-06	5.881762913979873e-06	-2.81692882195353e-07
87400000.0	0.008441297741661061	-0.012022709582721572	0.03845463388139465	-1.1596812898008056e-06	6.8222945800311066e-06	-4.135659890292229e-08
87600000.0	0.007779772774412352	-0.013962753676719356	0.03876982571265839	-6.59818134300496e-07	7.210175434801896e-06	1.2145574014764264e-07
87800000.0	0.010147407169405213	-0.00979741722730702	0.038637431111422676	-1.054534693550577e-06	6.8898548117241e-06	-9.395383232509262e-08
88000000.0	0.01263194942840647	-0.0073360575388095595	0.03983935060046172	-4.524682018321412e-07	7.307458191905143e-06	-5.371543036975733e-08
88200000.0	0.016025773430321275	-0.005554850402619758	0.039518889330034966	9.561584635359512e-07	8.43920196059491e-06	2.1804978339309648e-07
88400000.0	0.011161846502474489	-0.010565534027461479	0.040131487494927696	1.2849921183476613e-07	7.829565314747399e-06	1.9300591314033634e-07
88600000.0	0.009580719599807656	-0.012380381406277468	0.041022139848849684	-2.6757826960184358e-08	7.65345135632973e-06	2.0027258027625407e-07
88800000.0	0.008456937223118494	-0.014081138939988403	0.041812441087743214	5.8152171709180944e-08	7.67081370530311e-06	2.645078400823898e-07
89000000.0	0.007829744215888945	-0.01384231209227198	0.043013913319330396	-3.573719624243809e-07	7.298738645893342e-06	1.388761007388668e-07
89200000.0	0.007929241720204904	-0.013104526220665604	0.042876779036731746	-6.091367455711737e-07	7.1417512618439625e-06	5.886540216722542e-08
89400000.0	0.0068515147096721365	-0.014969136291831848	0.04446679307324443	-3.937940604168119e-07	7.19020203415928e-06	1.5012890638063957e-07
89600000.0	0.0076996095751766785	-0.015333420033319977	0.04380005406804611	2.0677183385942395e-07	7.576760429512033e-06	3.058637378348834e-07
89800000.0	0.007723897046141672	-0.01406418384641685	0.042996837325395686	-3.1049785394224885e-07	7.3384835813306314e-06	1.5913944206065992e-07
90000000.0	0.0029298090297998304	-0.019577286870289118	0.04336314418554437	-8.830585579485847e-07	7.171724098207671e-06	2.7799385079624623e-07
90200000.0	0.005924891227658383	-0.016355591853473683	0.04245515183241087	-4.924310268584908e-07	7.300517078144164e-06	2.211109345734837e-07
90400000.0	0.00919139287125743	-0.014043969670573713	0.043289375399455814	4.899537074128562e-07	7.609789200094821e-06	3.013942173893909e-07
90600000.0	0.0061871452051685885	-0.016783547017102506	0.04452917240821851	-7.290941693250485e-08	7.38704909783675e-06	3.014077483081017e-07
90800000.0	0.00462310352904302	-0.019489162635431417	0.0455308017747578	9.809734240092918e-08	7.474429332236851e-06	4.582659415954538e-07
91000000.0	0.0029473201802439576	-0.0195346816849738	0.04534472583237753	-7.46223990362894e-07	7.216244143759048e-06	3.0083514230606825e-07
91200000.0	0.008149009793403102	-0.015617131548957363	0.04395240847638946	5.3261174227681e-07	7.564605962554207e-06	3.645326443843251e-07
91400000.0	0.010142267870271629	-0.014605179019372189	0.044830479706512674	1.2406996489274857e-06	7.661067464961108e-06	4.3181259781962677e-07
91600000.0	0.008402801029727342	-0.017301760684519683	0.044770578918394095	1.193308166448664e-06	7.69393649691547e-06	5.643738513060155e-07
91800000.0	0.011491539247354292	-0.013586610007357867	0.045781813767655104	1.6387472479869836e-06	7.644110179796132e-06	4.315169826482361e-07
92000000.0	0.009859215397064962	-0.015541216224904505	0.046288539571282615	1.4555681764618958e-06	7.639162183276421e-06	5.06906016739656e-07
92200000.0	0.012906270112922523	-0.01249653029760377	0.04676299792202081	2.064772123696328e-06	7.646478174597318e-06	4.414945165028224e-07
92400000.0	0.012766769950416344	-0.012539463849339747	0.045737728623983544	1.9664297115760834e-06	7.681978083023945e-06	4.3779463182423047e-07
92600000.0	0.01360282159210266	-0.01188083576034589	0.0455941140307473	2.163617256478812e-06	7.679731862141594e-06	4.330423627914305e-07
92800000.0	0.016172829318267756	-0.010282853629826871	0.04773279290875087	2.995241522665554e-06	7.586160695969797e-06	4.615944046856969e-07
93000000.0	0.01689925841618409	-0.009895475467306363	0.046955867272264876	3.1822698302500526e-06	7.610119840062168e-06	4.76781297918657e-07
93200000.0	0.013334111209589342	-0.0119594141196392	0.04890414593326211	2.23623873536127e-06	7.584518603058619e-06	4.3483381396291986e-07
93400000.0	0.012857344528634504	-0.012926137592725083	0.048153174416420766	2.201294876341179e-06	7.6172630237957884e-06	4.989145628593983e-07
93600000.0	0.011877799192560578	-0.014032756006281049	0.04874929810654422	2.0434192434467246e-06	7.607937466085967e-06	5.435427991954733e-07
93800000.0	0.011944208259076997	-0.01583785179419333	0.04814325990111289	2.3696377624414877e-06	7.60907622707282e-06	7.362180149324356e-07
94000000.0	0.009029390655302838	-0.01669930227106448	0.04659269127330373	1.3319844112596662e-06	7.827039359526685e-06	6.350203205805706e-07
94200000.0	0.007246513154888576	-0.0161101954064982	0.04716738122684394	5.895409675917268e-07	7.942524679271233e-06	4.664244122387732e-07
94400000.0	0.00863504471864956	-0.015009000995957023	0.047172118917944025	9.404251947271213e-07	7.863765864412357e-06	4.3952111144964925e-07
94600000.0	0.009620161372219228	-0.013475144589887007	0.04793462900676929	1.123170643573601e-06	7.813451713512938e-06	3.5199170219390437e-07
94800000.0	0.013690698136090165	-0.011246291103332254	0.04777915333729107	2.2991559413347365e-06	7.525239864484183e-06	3.694537882409258e-07
95000000.0	0.014247263349114792	-0.009812587441223158	0.04773112542838192	2.3287199195658504e-06	7.537145109601467e-06	2.575321675731498e-07
95200000.0	0.014741260297322643	-0.008650699773776672	0.04904111577715469	2.4280510356499915e-06	7.487580972729394e-06	1.7540060979130488e-07
95400000.0	0.016267132306368417	-0.010281533800229071	0.04834290864424637	3.0668775231848896e-06	7.2058857296451495e-06	4.11928145035762e-07
95600000.0	0.01667125745211682	-0.011558587355013937	0.04860884369960571	3.312108247928558e-06	7.043822043471163e-06	5.598007813483972e-07
95800000.0	0.014855698093477775	-0.0123205916076663	0.0493170368421731	2.788745268579021e-06	7.206786545656963e-06	5.39910951997762e-07
96000000.0	0.012906638027086222	-0.013936079684973377	0.04858834200148739	2.2304223237064217e-06	7.411266805879337e-06	5.98751174100773e-07
96200000.0	0.012473939252268897	-0.014379115726674918	0.04762456518123419	2.085672930272946e-06	7.493438291896126e-06	6.218167380540946e-07
96400000.0	0.010460669194311552	-0.013715406367197279	0.04700646838403646	1.4235848911691022e-06	7.929434912540694e-06	4.67646404497228e-07
96600000.0	0.008859097749293129	-0.013338130977854589	0.04502901981267846	8.757692237700053e-07	8.355331819935578e-06	3.5973493003427677e-07
96800000.0	0.009732069114842359	-0.012608714644577962	0.04477754719442481	1.1204977771537992e-06	8.268107818204978e-06	3.261927842683693e-07
97000000.0	0.007571735689631135	-0.01332138247442223	0.04398081658569224	4.6531044587163544e-07	8.654778340330647e-06	2.995079294896754e-07
97200000.0	0.008705888462285974	-0.013607444446179898	0.04542691126498123	8.234956907613854e-07	8.313774360700253e-06	3.734878744009739e-07
97400000.0	0.011267670454872888	-0.01405255480192442	0.046063800401920145	1.5593117162158524e-06	7.695369593498449e-06	5.1830358822672e-07
97600000.0	0.013797524298870045	-0.01311312407250225	0.046140386471909	2.2994161404405665e-06	7.244054437451605e-06	5.308473886762864e-07
97800000.0	0.013136146379644366	-0.013316914674300682	0.04555948513315217	2.0967764031632364e-06	7.395848013366411e-06	5.245374074509848e-07
98000000.0	0.012078937831515788	-0.01234815238643819	0.04463872863378901	1.8406708542209908e-06	7.786506767764191e-06	3.924460491972133e-07
98200000.0	0.011366328618671111	-0.011712796929483417	0.04416785377605499	1.6835310659519572e-06	8.047874868799538e-06	3.0971747578116284e-07
98400000.0	0.01375388968176649	-0.012999159669928179	0.043032065142805796	2.195078646519942e-06	7.3822215966465515e-06	5.06616659574375e-07
98600000.0	0.011999941529799609	-0.0142018259088321	0.044493987969342765	1.6679067276593555e-06	7.597957917545192e-06	5.668499863044902e-07
98800000.0	0.008754485302539923	-0.01566891761791314	0.04398274835821571	6.951663724185034e-07	8.276908290031927e-06	5.950366344970291e-07
99000000.0	0.008330810588186584	-0.0137676190408675	0.04487605115479428	8.005357199906041e-07	8.549147988720066e-06	4.094141777858758e-07
99200000.0	0.00744235371774224	-0.016406870264756318	0.04390002627107161	2.669806589905289e-07	8.546526668698649e-06	6.338784173571249e-07
99400000.0	0.005994063164484958	-0.017618613398753702	0.04352110447530357	-2.422850464061822e-07	8.815516863697166e-06	7.000631602088541e-07
99600000.0	0.0066755125160400065	-0.01615461124779178	0.04365199578293009	1.144190813068346e-07	8.782605933692996e-06	5.858868092518208e-07
99800000.0	0.008864193438727191	-0.016174857496355215	0.044325287691821126	6.30560715361418e-07	8.114323461649266e-06	6.442213108583233e-07
100000000.0	0.008751975631885898	-0.015426168477988892	0.04498847593218568	7.230487407411249e-07	8.19135378830344e-06	5.769024261451125e-07
100200000.0	0.009469924120801103	-0.015057859395997577	0.04457207179374582	9.395428067640353e-07	8.040969204377461e-06	5.598521239114588e-07
100400000.0	0.009597572797348054	-0.01446004742501275	0.04375895732369434	1.0601634357937373e-06	8.111319669935507e-06	5.053137470755145e-07
100600000.0	0.009360442325263549	-0.014832970380498606	0.04271929555481727	9.294807860380937e-07	8.197250139939132e-06	5.309764933045832e-07
100800000.0	0.009624959756633232	-0.014846950689789393	0.04358214105764223	9.877952759448227e-07	8.058495581626316e-06	5.390956862447996e-07
101000000.0	0.01043873433859774	-0.01625887267387697	0.041782339558898526	8.598416608950775e-07	7.751029972552515e-06	6.8358858716177e-07
101200000.0	0.010596708272059245	-0.014166674310359903	0.04104294154778955	1.3271296586964891e-06	7.970171729472476e-06	5.025645508924803e-07
101400000.0	0.009325836074200655	-0.013669965560455048	0.04124381169160651	1.1719022206306014e-06	8.424357748704825e-06	4.366981212501955e-07
101600000.0	0.011229214448011768	-0.013676661382695934	0.04098966719214789	1.553539458427309e-06	7.795743803205196e-06	4.6668643274315635e-07
101800000.0	0.006840953391684745	-0.012644312853430663	0.040476165202050905	9.168541864785825e-07	9.420272040900175e-06	3.0669763388362366e-07
102000000.0	0.006591797916901584	-0.01138081724041826	0.03876193481782346	1.1746357525793932e-06	9.732304958694855e-06	1.866046136958591e-07
102200000.0	0.0032752212469272977	-0.010945853871468514	0.03817020489562859	6.38972823037446e-07	1.0972136081764507e-05	1.0205223222733625e-07
102400000.0	0.002431354340347797	-0.008991441472366175	0.03842480589549953	1.0002492780108583e-06	1.1449737454240874e-05	-7.898971502285106e-08
102600000.0	0.006284440569109803	-0.010169811845171956	0.0377322690288215	1.3983716357909131e-06	9.982536510806034e-06	6.997831267860387e-08
102800000.0	0.004661076031069597	-0.00875538970189333	0.038289592166628264	1.5042935501587336e-06	1.06721110881341e-05	-7.798719085080396e-08
103000000.0	0.004501043627265219	-0.008219005150588658	0.04042823273037869	1.6339755771799875e-06	1.0655486712338464e-05	-1.2232831886521586e-07
103200000.0	0.0036619493387869506	-0.008215745274991916	0.03946102847166616	1.4850404232138535e-06	1.1027083335221077e-05	-1.3242194255331746e-07
103400000.0	0.004046754787584819	-0.00788421247109033	0.040275822000579685	1.6592644729827372e-06	1.0858673104785471e-05	-1.5890118972242066e-07
103600000.0	0.0009726425824346761	-0.008808542842089788	0.04167233370347343	8.279586782828445e-07	1.1893056805486892e-05	-1.0246847188220777e-07
103800000.0	0.0008894608584708141	-0.008187870232237734	0.04234611329222161	1.019626745443946e-06	1.1936215437451386e-05	-1.5696769267725313e-07
104000000.0	-0.0011770647686543394	-0.008334953577062309	0.04264439615061948	6.242049478477648e-07	1.2733459055151644e-05	-1.5469965284464877e-07
104200000.0	-0.0015465051452474728	-0.008931902442610277	0.04193216215598271	3.596285245725608e-07	1.287801266108923e-05	-1.0716037625786738e-07
104400000.0	0.0019595147178599163	-0.009547201811473817	0.04176159372366974	7.089293748649341e-07	1.140734976054714e-05	-3.638432042000596e-08
104600000.0	0.0032306771166123556	-0.009389680049904895	0.0430585641223479	9.666372525720562e-07	1.0814489228743488e-05	-4.437296525029022e-08
104800000.0	0.005462833574458531	-0.010336930314047098	0.04391643928289566	9.58105174583461e-07	9.763115171140079e-06	4.693508974424784e-08
105000000.0	0.007042706074101134	-0.012148649481770728	0.044325355270541364	5.064961120850926e-07	8.952258233277177e-06	2.100943670866131e-07
105200000.0	0.006522692954091866	-0.012995313052358733	0.044183583714041214	9.542478301586988e-08	9.13405097863976e-06	2.869558980927049e-07
105400000.0	0.005013779685217576	-0.012942081484840542	0.045301327317485394	-1.1318258057181024e-07	9.731527114216439e-06	2.822512757120916e-07
105600000.0	0.0026586579438028428	-0.013682420834759387	0.04677749135715174	-7.64421523429971e-07	1.0653013315693283e-05	3.5032482410894385e-07
105800000.0	0.0013416041349270046	-0.012525583542288839	0.046754470312067066	-4.7191565807974157e-07	1.1296332343111056e-05	2.4701394634632997e-07
106000000.0	0.003630113918243279	-0.012225169666831584	0.04588714387830853	-2.3867977953726787e-08	1.0315810181834792e-05	2.170519689333249e-07
106200000.0	0.005831671909725762	-0.010905326349344609	0.04500590360109937	8.48090583457328e-07	9.400203340904905e-06	9.395862421204431e-08
106400000.0	0.005913458263645386	-0.011478762179687194	0.0432920153027352	6.126542231416442e-07	9.431376192328936e-06	1.4282314588632334e-07
106600000.0	0.0066998868482091795	-0.013120386430483364	0.04260576057706812	-1.4533911971835428e-08	9.03944882075333e-06	2.778360551520939e-07
106800000.0	0.006640753260102337	-0.013903117022666413	0.0439301598478827	-3.896028678648937e-07	8.969563979251255e-06	3.485422770924868e-07
107000000.0	0.006052699108365137	-0.01354496766197383	0.043506192106333115	-2.982346281271005e-07	9.28079258995857e-06	3.193322525363679e-07
107200000.0	0.005838650945454702	-0.014015147256931388	0.04232094784482791	-5.404115804277883e-07	9.434068275243786e-06	3.584685510393819e-07
107400000.0	0.004877924523590911	-0.013137455437084762	0.042200819689392495	-2.3721412135797175e-07	9.92671133975045e-06	2.894798444646565e-07
107600000.0	0.00647721266650983	-0.012873802497418704	0.04190685166054755	7.992076492210808e-08	9.138863974443498e-06	2.4854225338531724e-07
107800000.0	0.007043509769209211	-0.012833789826537118	0.042178972605187506	1.602402284687791e-07	8.832592188145122e-06	2.4020327314678685e-07
108000000.0	0.006228467596562845	-0.012512189712016567	0.0414436058747234	2.3330710791198524e-07	9.286252316737798e-06	2.196457476287568e-07
108200000.0	0.007192044138173566	-0.013527184033248289	0.04299534315715151	-1.9149445213642782e-07	8.699656794921629e-06	3.020487064820859e-07
108400000.0	0.005724720727958975	-0.01236323096348634	0.0435444476401376	2.480772457519239e-07	9.43481595294544e-06	2.2083731239911483e-07
108600000.0	0.007052460732181937	-0.012093884958565273	0.04366861963064795	5.258432922406133e-07	8.71689531219302e-06	1.7945696395511844e-07
108800000.0	0.006688438717069714	-0.012205545687131265	0.042966634336546176	4.298751676974208e-07	8.946378323557436e-06	1.9415208241991466e-07
109000000.0	0.005305822533509307	-0.011002091326000395	0.04255859851198443	9.463842698107684e-07	9.699099542836703e-06	1.1053888114337602e-07
109200000.0	0.006890431359765553	-0.010421749337568823	0.042157361060814205	1.42097625510805e-06	8.834374960960458e-06	3.4002165284272944e-08
109400000.0	0.007869304383277261	-0.011356839935702126	0.04200261916185994	9.895917777872912e-07	8.316736683499936e-06	1.0178342681568646e-07
109600000.0	0.009044975178020342	-0.012751684178851487	0.0426976673162646	3.023231738517244e-07	7.654661539694333e-06	2.0216802305629682e-07
109800000.0	0.007369205617853824	-0.011559687478621189	0.043394821403418785	8.316661920718777e-07	8.535019373521793e-06	1.2919413600629486e-07
110000000.0	0.0066486872726274765	-0.01068933834370375	0.04227084087344658	1.2823467769382506e-06	8.972102914989142e-06	6.252565058243103e-08
110200000.0	0.007205931970621714	-0.010824716227793407	0.042225643900384774	1.2497638010960065e-06	8.654285580435458e-06	6.353567487065097e-08
110400000.0	0.007034631387333865	-0.010854592644230507	0.041081982314326186	1.2253954232724216e-06	8.810867767400761e-06	6.825527641072111e-08
110600000.0	0.007385701732827985	-0.011083974229297779	0.04015296687681989	1.118384681002162e-06	8.656670127272078e-06	8.035866410897789e-08
110800000.0	0.007061629322394004	-0.01020716418792683	0.03989700655398921	1.6317192650921134e-06	8.81839559065872e-06	1.1883200296106954e-08
111000000.0	0.005640753709286346	-0.010992275510033712	0.04040221748750029	1.0390561488602557e-06	9.70038030319896e-06	1.1345749726486507e-07
111200000.0	0.007496713333983546	-0.012360849458146007	0.04033011191750836	3.095438883114423e-07	8.644351900938401e-06	1.9297824699328035e-07
111400000.0	0.011607648272161167	-0.012868866594443258	0.041156419348293	2.577477077749541e-07	6.086333568715399e-06	1.4229941572236994e-07
111600000.0	0.009767010347219506	-0.011771043415751567	0.04135874742927398	8.402147736918262e-07	7.156853118502319e-06	9.220186845032776e-08
111800000.0	0.00937831718063045	-0.01116984781725132	0.040844740290389675	1.2097797361950524e-06	7.383172457265094e-06	4.6959904338136486e-08
112000000.0	0.010610010525587393	-0.011094491091117938	0.03994595473355554	1.3389193950655603e-06	6.628429152070458e-06	8.27090038300477e-09
112200000.0	0.012050679163990233	-0.012128853760087665	0.04125336449841314	7.28644658437914e-07	5.716361517472354e-06	6.111508666591615e-08
112400000.0	0.013239540434022179	-0.012672223500747338	0.039674643538759796	4.333170760171804e-07	5.049026937162009e-06	7.484681227909333e-08
112600000.0	0.01342000708675917	-0.013150844879500927	0.04054645572864563	1.120618826215747e-07	4.9283302942367625e-06	1.1166505985557565e-07
112800000.0	0.014402886008922464	-0.013979743354035951	0.04144295652676421	-4.144797166679101e-07	4.302584118287533e-06	1.56459954689764e-07
113000000.0	0.014982082758419002	-0.012992481926060642	0.041395142865117675	3.065122171817815e-07	3.818240293175435e-06	4.5799837988242065e-08
113200000.0	0.012546563020634055	-0.014170105543873922	0.0410434912736656	-6.359087237559897e-07	5.6051600733375465e-06	2.2148740778093213e-07
113400000.0	0.012553756178489231	-0.01449131228141661	0.040508404315039805	-8.655326566898296e-07	5.65214668185776e-06	2.494460367963183e-07
113600000.0	0.013978480769729778	-0.012693217185855579	0.0402229259163437	5.004094185707802e-07	4.483873990397995e-06	3.1694247669843014e-08
113800000.0	0.01437857605917418	-0.014935264061722587	0.0407943222585607	-1.120970347487603e-06	4.412487197746833e-06	2.1481962048624317e-07
114000000.0	0.013812331448158627	-0.013984010835610138	0.04066401649788068	-4.427352104691212e-07	4.714736081866139e-06	1.4898941143141714e-07
114200000.0	0.014187027267842203	-0.013839214711402346	0.04162118918442305	-3.2287463647725575e-07	4.388048429962389e-06	1.21777356551237e-07
114400000.0	0.015234155171465069	-0.014345941146830316	0.04422516634046785	-6.780790505593553e-07	3.5805917196117376e-06	1.3081224727843642e-07
114600000.0	0.012653463945670301	-0.01325920128512209	0.04424385954945142	6.529159496623233e-08	5.3381048910772475e-06	1.286613427542655e-07
114800000.0	0.012803984328127856	-0.015360286299888042	0.044247694745083395	-1.558225481627528e-06	5.480346987712324e-06	3.205290076986923e-07
115000000.0	0.012362311354510049	-0.014639196855904658	0.04436926449917783	-1.0149002043368564e-06	5.712730506763456e-06	2.735533823231379e-07
115200000.0	0.010184152169887953	-0.01581080840467132	0.04435639643861227	-1.991253484226152e-06	7.504539127100269e-06	4.6488943037675536e-07
115400000.0	0.009799939817281068	-0.015637041966385445	0.04387781871952867	-1.8675206460177467e-06	7.791051417563165e-06	4.6448206097533747e-07
115600000.0	0.00922380424211552	-0.014263516441103687	0.04324289692406689	-7.883580302197574e-07	8.069569253245296e-06	3.6692016319782546e-07
115800000.0	0.010313754048698867	-0.014425312802741265	0.04317378221595981	-9.036595952917984e-07	7.251069153916056e-06	3.359932447280957e-07
116000000.0	0.009948541928346223	-0.0149926149646805	0.0432320325412034	-1.3756901987563194e-06	7.614983924196342e-06	4.0491762995614946e-07
116200000.0	0.009822886150732934	-0.015650485240221255	0.04213839022587762	-1.91891057879993e-06	7.849412912026606e-06	4.6685908969209216e-07
116400000.0	0.00880627505678433	-0.016125451157435182	0.041794532931911876	-2.324402674871312e-06	8.741818100937578e-06	5.533092211580928e-07
116600000.0	0.00828432197078193	-0.016263949499236048	0.04238180011373792	-2.4459316206410545e-06	9.163459531135187e-06	5.904100504334794e-07
116800000.0	0.00978926401861906	-0.016720152776491484	0.04111267836272311	-2.8290693896826475e-06	8.065370625355216e-06	5.635992656056394e-07
117000000.0	0.010487411329857794	-0.014906435284329755	0.041550851751997915	-1.2988630235908554e-06	7.1942035229090675e-06	3.732377347491372e-07
117200000.0	0.011307706276915214	-0.01470280438342435	0.04211255379608162	-1.1248226810010436e-06	6.469449509560279e-06	3.1541054989731073e-07
117400000.0	0.009854603980462994	-0.012667739396014678	0.04209871192373975	6.221927169359369e-07	7.336955188200808e-06	2.0865992903060285e-07
117600000.0	0.01096647351405306	-0.011600093962730743	0.043378162393544126	1.5431311214358461e-06	6.186517474778661e-06	6.346715303489225e-08
117800000.0	0.01053020036326341	-0.012299320881270712	0.044141512987084894	9.357740364745751e-07	6.648120058297526e-06	1.4844936688159392e-07
118000000.0	0.009281495576680628	-0.01092661006055842	0.04369885079010234	2.152972010875158e-06	7.4851522378220076e-06	9.117473066380974e-08
118200000.0	0.010617218231116034	-0.011605610445485309	0.045232685486022293	1.5406154861054524e-06	6.415153060279268e-06	8.501701585258804e-08
118400000.0	0.009257805958085655	-0.01231398010752562	0.04462381151621169	9.194682681796249e-07	7.734630474183453e-06	2.1756679189991386e-07
118600000.0	0.006366868846174898	-0.010829917370492067	0.04358066239455309	2.303252372032609e-06	1.0013640453452647e-05	2.3211834103229219e-07
118800000.0	0.006526069363283137	-0.010443790661716372	0.041327712244081966	2.6404407613906542e-06	9.874507710001904e-06	1.9152532147620647e-07
119000000.0	0.007865825157969207	-0.01140425164847015	0.04168505637634205	1.7352645429649269e-06	8.864761784492768e-06	2.077678060593018e-07
119200000.0	0.007785479398618029	-0.010623367919153066	0.04154897098471024	2.453157556038021e-06	8.793828865206517e-06	1.4763843225873277e-07
119400000.0	0.00782189724108311	-0.010385489998647175	0.04207362418915114	2.676452706397561e-06	8.702781324603466e-06	1.2603640886236433e-07
119600000.0	0.008282384189713124	-0.008520269647505097	0.042715440475549704	4.415210112611928e-06	7.908722638820724e-06	-6.088705133868814e-08
119800000.0	0.008299693665678254	-0.008519504687438052	0.04322084015078247	4.421060451798431e-06	7.880527305296038e-06	-6.169557942145496e-08
120000000.0	0.00854610473537637	-0.008146038088609782	0.042437575160878406	4.762982404290097e-06	7.603846586554421e-06	-1.0492909863242612e-07
120200000.0	0.008275533406908087	-0.009144457182144046	0.04114578972500119	3.811149951049896e-06	8.092067661682983e-06	-4.150101676035924e-09
120400000.0	0.008311372215832842	-0.008406217358405627	0.03977340484393499	4.509498536014723e-06	7.948040129689379e-06	-6.47203972583752e-08
120600000.0	0.008859268387485535	-0.010089633644748417	0.039333125735773494	2.8612765877935504e-06	7.795390066469392e-06	4.46829914969546e-08
120800000.0	0.008033495819209795	-0.009431490891485459	0.03856786209938638	3.533686454271691e-06	8.461909814100544e-06	3.299455252696019e-08
121000000.0	0.008005437968248045	-0.01027824439249058	0.03857797943497687	2.711046647876509e-06	8.670764013389256e-06	1.0145880140212167e-07
121200000.0	0.009117055187696146	-0.010949253956592105	0.03884056203608462	1.9992729941613684e-06	7.744848096283535e-06	9.787099303898536e-08
121400000.0	0.010473872284372585	-0.012478643222172058	0.04064299974783191	4.264399422473168e-07	6.721165209602158e-06	1.5288246660526788e-07
121600000.0	0.009803035521763351	-0.011147503374169308	0.04209231175861421	1.7970343315523689e-06	7.055697022673428e-06	8.343878027456022e-08
121800000.0	0.01015637032257379	-0.010724898958662148	0.0423703423621329	2.2043119658374745e-06	6.613684225478673e-06	3.115852172751973e-08
122000000.0	0.008343301332876515	-0.009340777620108662	0.043486574984615826	3.718873250458842e-06	8.079736526047835e-06	1.569723074257048e-08
122200000.0	0.00854871798084545	-0.008407638112542148	0.04410639648578648	4.66150207095065e-06	7.65935733001436e-06	-6.687261684533195e-08
122400000.0	0.007530439899006909	-0.008259893668817388	0.04441424698044119	4.877913410618991e-06	8.642441183849873e-06	-2.387391295475667e-08
122600000.0	0.006759178991940642	-0.009294201917148782	0.04460586582438824	3.855332437680568e-06	9.649305536650287e-06	1.0392555244972508e-07
122800000.0	0.007376209762344888	-0.010083625802101901	0.04476883548084022	2.9992439539973378e-06	9.199628160590033e-06	1.3168023294426986e-07
123000000.0	0.007149936448725705	-0.010027334007590592	0.043973111342820614	3.0649802942845927e-06	9.438183884470039e-06	1.3988950947048269e-07
123200000.0	0.0077209948620623955	-0.012394558928950809	0.04525196439324349	5.406153863006663e-07	9.36339119761721e-06	2.98588014940738e-07
123400000.0	0.007634435017681742	-0.012995186061577586	0.0451987237612372	-9.148305584055011e-08	9.595528288210514e-06	3.480758149167022e-07
123600000.0	0.007357860051029763	-0.013178608150151086	0.045783401705217795	-2.6537086331623563e-07	9.919583559450287e-06	3.7719140185845567e-07
123800000.0	0.006801025562656701	-0.012416589472897699	0.04551296974984936	5.864287378676748e-07	1.0341141371924512e-05	3.489536910023019e-07
124000000.0	0.007657205654103085	-0.012285016788758242	0.045206708407602096	6.594872029776229e-07	9.416995027279858e-06	2.9336933478309144e-07
124200000.0	0.00869041084635858	-0.010748155702941827	0.04484536114450572	2.245990054940811e-06	7.973248614783384e-06	1.2153016348792818e-07
124400000.0	0.010238238920007236	-0.011194755002669886	0.04602847198441939	1.6575434173212706e-06	6.399736068190958e-06	6.633961053219717e-08
124600000.0	0.010332999906765991	-0.01172033328846826	0.04795472823958028	1.090810368610976e-06	6.388020471534021e-06	9.855976226083099e-08
124800000.0	0.010908229959991097	-0.011140951323852136	0.046517987496720446	1.6695608840063759e-06	5.655994858583181e-06	2.3841487133357146e-08
125000000.0	0.012409694479957418	-0.011179538756769391	0.04634776044266355	1.5109875080206469e-06	4.025304300619266e-06	-6.135473858048109e-08
125200000.0	0.012158125813236633	-0.011191492615502327	0.04621536951496657	1.5125793709533045e-06	4.307910926926914e-06	-4.647911053978749e-08
125400000.0	0.012947860314306526	-0.011699506872244763	0.0459961706025034	8.723569072736419e-07	3.553498551568118e-06	-5.43860109979377e-08
125600000.0	0.013341409864691548	-0.013364284549789208	0.04637508072027141	-1.057375936105945e-06	3.4941433721884038e-06	5.082205433463917e-08
125800000.0	0.012939405053153242	-0.013099808810301462	0.04509060999486169	-7.446808451787545e-07	3.9052417276218515e-06	5.497787724772899e-08
126000000.0	0.013427648897899084	-0.012470553507508702	0.04600435680732065	-4.9161548872696406e-08	3.1901885135129383e-06	-2.0446309575540212e-08
126200000.0	0.011625039521116988	-0.011767262011202708	0.04516176514632638	8.856452577842187e-07	5.093990389769341e-06	3.4848525535223e-08
126400000.0	0.011975942824369631	-0.011052200306886103	0.045378029412816885	1.6918134156906047e-06	4.520886121933911e-06	-3.687132141734053e-08
126600000.0	0.011132419407053546	-0.011063529557898934	0.045276821326303326	1.7374269174638806e-06	5.497354294892533e-06	1.3788058289044742e-08
126800000.0	0.011397501476617068	-0.010340069088464451	0.046473297177121516	2.5933291601438894e-06	5.005600006381795e-06	-5.873856563620293e-08
127000000.0	0.00990543262176114	-0.011939194096670151	0.04620578506394235	8.009583077526416e-07	7.121980942155627e-06	1.4141548115117243e-07
127200000.0	0.009470144911696426	-0.0135748338222356	0.045213544056438605	-1.1447095005965104e-06	8.020349758511617e-06	2.862175550538925e-07
127400000.0	0.008636187550682625	-0.012945864246576823	0.04566144477759653	-3.203081285292985e-07	8.85978989796996e-06	2.897576287659853e-07
127600000.0	0.009039250302352662	-0.012094782946959797	0.04379772064604928	6.477479144757232e-07	8.207190840914418e-06	2.07345515720455e-07
127800000.0	0.00851603992782324	-0.011259943611966325	0.043218514137823585	1.6927956478050401e-06	8.650232461515346e-06	1.7957927892684553e-07
128000000.0	0.00869817986390178	-0.010530211439689036	0.042031466792127686	2.5551722339209875e-06	8.276707674071116e-06	1.144531601680223e-07
128200000.0	0.008078992258325137	-0.009124800854943469	0.040781803045009474	4.31276867265948e-06	8.723547050690879e-06	5.4765196480883366e-08
128400000.0	0.008456980995690836	-0.008346787940343924	0.04170353302625526	5.263371066812131e-06	8.076168690892703e-06	-2.2678025135009598e-08
128600000.0	0.00905305915625613	-0.008411850232804222	0.04229450216193191	5.1494122201456575e-06	7.351129769240153e-06	-5.511643419465703e-08
128800000.0	0.010134494576402966	-0.00837810170348208	0.043659644576908005	5.130700584360749e-06	5.991249998620017e-06	-1.2082709269183818e-07
129000000.0	0.010480368200394713	-0.007769493263249087	0.042751946561913126	5.858864801782588e-06	5.434444124867462e-06	-1.8268094230696916e-07
129200000.0	0.010508680833656876	-0.007670796544492855	0.04070397439169629	5.948754884503808e-06	5.3945903902889315e-06	-1.904724878150047e-07
129400000.0	0.010527810784511394	-0.006403192346607214	0.04009420600437895	7.554039289051784e-06	5.099549515206912e-06	-2.7574197411964496e-07
129600000.0	0.010320104539868818	-0.007469396436834598	0.039663658469247444	6.198446528453746e-06	5.598180385271345e-06	-1.9093194773043563e-07
129800000.0	0.009755234923407295	-0.008823925488044799	0.03965528271495944	4.487705540008413e-06	6.609348200556183e-06	-6.039684072166787e-08
130000000.0	0.00945646015587062	-0.010085913087844222	0.03988982841056642	2.880470780034643e-06	7.263083639639419e-06	3.964093365624727e-08
130200000.0	0.008897068451566542	-0.01020500133215129	0.04015247582152916	2.76946907269162e-06	8.01221772584248e-06	7.996899069051784e-08
130400000.0	0.009723432408810129	-0.012691622337204049	0.039519131582071355	-5.674465667334793e-07	7.4683470187945425e-06	2.0580393894273173e-07
130600000.0	0.008875745805531207	-0.013655478475658756	0.04142718372059004	-1.7490648061323734e-06	8.764326945513878e-06	3.15323299459543e-07
130800000.0	0.009451351901512578	-0.012839785100691765	0.040163224052304734	-7.312898307242914e-07	7.857190137930297e-06	2.2887321178114753e-07
