0.126055	-0.090154	-0.073974	-2.127922	1.014882	-2.326664	0.100000	0.027558	0.021283	0.131585	
-0.015793	-0.006214	-0.013863	-2.142864	1.008263	-2.339596	0.100000	0.006057	0.147368	0.123457	
-0.036911	-0.020069	0.033670	-2.178919	0.987790	-2.304990	0.100000	0.013118	-0.053133	-0.114819	
-0.026585	-0.018414	0.029488	-2.204632	0.968981	-2.274581	0.100000	0.038874	0.021479	0.254326	
-0.013896	-0.002137	-0.026904	-2.217646	0.966457	-2.300575	0.100000	0.148970	-0.050249	-0.088379	
0.001662	0.003536	-0.019974	-2.215098	0.969606	-2.319629	0.100000	0.073337	0.103061	0.189585	
0.008699	-0.023336	0.086807	-2.205513	0.945883	-2.231894	0.100000	0.050016	0.034299	0.031251	
-0.000331	-0.025684	-0.003602	-2.204963	0.919820	-2.234603	0.100000	-0.118115	-0.215025	0.061174	
0.001570	-0.007101	0.005431	-2.202511	0.912352	-2.228278	0.100000	-0.053993	-0.008842	-0.091024	
0.000908	0.005197	-0.049534	-2.200722	0.917184	-2.276921	0.100000	-0.057965	0.016091	0.009567	
0.016740	-0.012214	0.015026	-2.183102	0.904603	-2.260984	0.100000	0.026392	0.068479	-0.042411	
-0.004932	0.005293	0.031031	-2.187161	0.909534	-2.229049	0.100000	-0.020599	0.033893	-0.043780	
0.042188	0.007484	0.000206	-2.144099	0.916655	-2.227951	0.100000	-0.032958	0.009620	0.040846	
0.010792	-0.002173	-0.011010	-2.132449	0.914115	-2.238070	0.100000	-0.022406	-0.033016	-0.024986	
-0.025709	-0.000074	-0.019662	-2.157305	0.913676	-2.256837	0.100000	0.047668	0.095039	-0.025238	
-0.010020	-0.005633	-0.010462	-2.166462	0.907678	-2.266396	0.100000	0.095340	0.195079	-0.003729	
-0.006340	-0.013548	0.002183	-2.171935	0.893767	-2.263307	0.100000	-0.032355	-0.071060	0.076723	
-0.001738	0.005653	-0.008734	-2.172805	0.899063	-2.271136	0.100000	0.119194	0.050753	0.018536	
0.016073	-0.006709	-0.009035	-2.155864	0.891994	-2.279263	0.100000	-0.153706	0.071155	-0.003552	
0.030010	-0.013101	0.010872	-2.124991	0.878537	-2.267480	0.100000	0.197567	-0.053511	-0.132915	
-0.012380	0.029814	0.016404	-2.136522	0.907999	-2.250169	0.100000	0.048782	-0.023973	0.035742	
-0.048201	-0.014741	0.008843	-2.183868	0.892895	-2.240426	0.100000	-0.003724	-0.061432	-0.027907	
0.022689	-0.003832	0.001108	-2.160306	0.888706	-2.238422	0.100000	-0.162892	-0.180368	0.060133	
0.020386	-0.017287	-0.007630	-2.139056	0.871063	-2.245157	0.100000	0.035330	0.038132	0.010178	
-0.037029	0.022587	-0.013356	-2.175229	0.893302	-2.257615	0.100000	-0.024087	0.052885	0.116342	
-0.026067	-0.014265	0.003289	-2.200426	0.878679	-2.253423	0.100000	0.033988	-0.021119	0.098849	
0.018390	-0.006085	0.042256	-2.181156	0.872242	-2.210266	0.100000	-0.122792	-0.017009	0.139301	
-0.031115	0.007034	0.036864	-2.211399	0.878927	-2.172518	0.100000	-0.033327	-0.067280	0.057092	
-0.018737	0.013526	0.013476	-2.229252	0.892102	-2.158173	0.100000	-0.063130	0.072491	-0.047736	
-0.018720	0.009244	-0.027366	-2.247081	0.900989	-2.184676	0.100000	0.012899	-0.057657	0.012688	
-0.037868	0.015674	0.006460	-2.284050	0.916302	-2.177342	0.100000	-0.056132	0.093597	-0.012104	
0.035281	-0.011491	0.040272	-2.247856	0.904445	-2.136200	0.100000	-0.010597	-0.086531	0.009364	
0.029418	-0.000550	-0.031770	-2.217538	0.903533	-2.167115	0.100000	0.051391	0.018440	0.099974	
-0.018512	-0.012209	-0.011146	-2.235163	0.890963	-2.177394	0.100000	0.181698	-0.065638	-0.112695	
0.037910	-0.016283	0.020927	-2.196359	0.874324	-2.155596	0.100000	0.000421	0.019379	-0.007421	
-0.002486	-0.015564	0.017813	-2.197967	0.858410	-2.136922	0.100000	0.059218	0.027760	0.048623	
0.017112	-0.023408	0.071835	-2.179976	0.834659	-2.064232	0.100000	-0.113147	-0.155641	0.044600	
-0.018775	-0.005122	0.008424	-2.197879	0.829203	-2.054982	0.100000	0.046483	-0.041758	-0.201211	
0.011757	-0.012107	0.017310	-2.185242	0.816765	-2.036851	0.100000	0.052583	0.015776	0.032163	
-0.007178	0.015004	-0.025171	-2.191546	0.831442	-2.061207	0.100000	0.085602	-0.005321	-0.070971	
0.025195	0.023629	-0.011285	-2.165475	0.854738	-2.071667	0.100000	-0.026419	0.047532	0.158710	
-0.025448	0.016528	-0.023145	-2.190057	0.870924	-2.093983	0.100000	-0.136996	-0.070949	0.103736	
-0.040755	0.006892	0.027014	-2.229935	0.877468	-2.066132	0.100000	0.009320	0.095156	-0.194775	
-0.006012	-0.023343	-0.005265	-2.235056	0.853775	-2.070571	0.100000	-0.096098	0.047464	0.113648	
-0.011646	0.010606	0.018970	-2.245808	0.864039	-2.050773	0.100000	0.030194	-0.102783	0.001645	
-0.026380	0.000801	0.009880	-2.271290	0.864495	-2.040073	0.100000	0.090788	0.116355	-0.013905	
-0.023124	0.017344	0.002277	-2.293506	0.881494	-2.036980	0.100000	0.018949	0.053234	0.056570	
-0.023065	0.012199	-0.038658	-2.315654	0.893340	-2.074824	0.100000	-0.076836	-0.092373	0.037364	
-0.026183	0.015425	0.041850	-2.340911	0.908407	-2.032144	0.100000	-0.133960	0.076689	0.094791	
0.007925	0.008506	-0.067129	-2.332050	0.916549	-2.098461	0.100000	-0.065301	0.023776	-0.181991	
-0.012012	-0.010264	0.056832	-2.343130	0.905918	-2.040790	0.100000	0.059354	0.042224	-0.055560	
-0.024675	-0.016469	0.008240	-2.366868	0.889087	-2.031734	0.100000	0.141441	-0.192973	-0.085696	
0.033998	0.003791	0.023583	-2.331923	0.892523	-2.007339	0.100000	-0.069370	0.073810	-0.115314	
0.027425	0.023371	-0.065077	-2.303565	0.915536	-2.071613	0.100000	-0.162410	-0.076561	0.146491	
0.042803	-0.014197	0.013964	-2.259841	0.900973	-2.056821	0.100000	0.013874	0.031158	0.049496	
-0.028615	-0.007864	-0.018190	-2.287552	0.892749	-2.074188	0.100000	0.086068	0.092833	-0.033421	
0.021821	0.004098	0.002098	-2.264816	0.896490	-2.071260	0.100000	0.037397	-0.024265	-0.072553	
0.009718	-0.009982	0.033028	-2.254192	0.886149	-2.037404	0.100000	-0.115733	-0.105290	0.026993	
-0.030596	-0.005091	0.055704	-2.283887	0.880704	-1.980885	0.100000	-0.182693	-0.006220	-0.000403	
0.009502	0.006185	0.001757	-2.273472	0.886536	-1.978336	0.100000	0.052938	-0.173455	-0.063286	
-0.030751	-0.023879	0.013476	-2.303314	0.862302	-1.964069	0.100000	-0.002892	-0.254719	-0.079963	
-0.022801	0.001298	0.020971	-2.325194	0.863256	-1.942312	0.100000	-0.101625	0.057526	-0.131203	
-0.020162	0.013975	-0.021781	-2.344426	0.876885	-1.963316	0.100000	0.153098	0.021469	0.076954	
0.015894	-0.014279	0.069339	-2.327594	0.862256	-1.893192	0.100000	0.017767	0.243903	0.006816	
0.001868	-0.011386	-0.024353	-2.324795	0.850525	-1.916788	0.100000	-0.034121	-0.078678	-0.192295	
-0.054029	-0.003143	-0.050350	-2.377895	0.847042	-1.966372	0.100000	-0.136483	0.026181	0.067696	
0.032804	0.021232	0.038776	-2.344140	0.867935	-1.926810	0.100000	-0.053639	-0.118987	0.027531	
0.009666	0.015365	-0.031677	-2.333536	0.882953	-1.957716	0.100000	-0.094671	0.099738	0.037975	
0.009738	-0.008988	-0.015812	-2.322865	0.873612	-1.972745	0.100000	0.057288	0.089893	-0.010140	
0.027445	-0.003568	-0.024906	-2.294491	0.869695	-1.996862	0.100000	-0.207055	0.027650	-0.071576	
-0.004094	0.000203	0.047070	-2.297667	0.869550	-1.948993	0.100000	-0.104927	0.070126	-0.100434	
-0.028348	-0.002056	-0.019718	-2.325096	0.867146	-1.967932	0.100000	0.155370	0.095373	-0.088925	
-0.001450	0.005241	0.052575	-2.325616	0.872041	-1.914570	0.100000	-0.106008	0.081640	0.077531	
0.018276	-0.011210	0.010573	-2.306410	0.860482	-1.903231	0.100000	-0.017228	-0.091013	-0.081560	
0.022180	0.013049	0.002908	-2.283307	0.873187	-1.899562	0.100000	-0.077733	-0.017762	-0.030765	
0.012580	-0.001529	0.015783	-2.269814	0.871309	-1.883020	0.100000	0.012457	0.100293	-0.174982	
0.003873	-0.011840	-0.052378	-2.265033	0.859120	-1.934645	0.100000	0.248849	-0.023952	-0.028555	
0.029447	0.010714	-0.033207	-2.234680	0.869490	-1.967078	0.100000	0.078542	-0.066582	-0.088540	
0.038118	0.005012	0.000502	-2.195668	0.874154	-1.965789	0.100000	0.000385	0.211432	0.045487	
0.040325	-0.022875	-0.031896	-2.154465	0.850929	-1.996899	0.100000	-0.010075	0.007359	-0.052355	
-0.007480	-0.005427	-0.023177	-2.161083	0.845162	-2.019278	0.100000	-0.042379	-0.094056	0.111907	
-0.004170	0.016313	0.013896	-2.164389	0.861137	-2.004575	0.100000	-0.039432	-0.077875	-0.023507	
0.030470	-0.002617	0.018984	-2.133053	0.858176	-1.984789	0.100000	0.067622	-0.094793	0.013581	
-0.000193	-0.012239	-0.023915	-2.132393	0.845594	-2.007910	0.100000	-0.075398	0.025931	0.090360	
-0.012281	0.009796	-0.013248	-2.143821	0.855051	-2.020355	0.100000	0.159486	0.034899	0.135297	
-0.004242	0.009516	0.028839	-2.147205	0.864225	-1.990708	0.100000	-0.095451	-0.104923	-0.011665	
0.013422	-0.009679	0.057062	-2.132924	0.854200	-1.932850	0.100000	-0.142072	-0.061789	0.031123	
0.003468	0.014695	0.017965	-2.128604	0.868553	-1.914112	0.100000	0.022232	-0.018002	-0.019753	
-0.013848	-0.012092	-0.033053	-2.141600	0.856114	-1.946399	0.100000	0.052450	-0.036480	-0.172290	
-0.027967	0.009135	-0.010575	-2.168710	0.864907	-1.956196	0.100000	0.100402	-0.002949	-0.133384	
0.022315	-0.003549	-0.014307	-2.145528	0.861012	-1.969720	0.100000	-0.162182	0.096466	-0.096907	
0.013296	0.004185	-0.013902	-2.131374	0.864853	-1.982835	0.100000	-0.039977	-0.128084	0.021447	
0.012139	0.003242	-0.027497	-2.118382	0.867749	-2.009539	0.100000	-0.096765	0.121506	-0.016506	
-0.011322	-0.010643	0.027473	-2.128857	0.856759	-1.981262	0.100000	-0.147406	-0.078301	-0.026943	
-0.022221	0.001390	-0.006562	-2.150227	0.857806	-1.987032	0.100000	0.006372	0.208899	-0.060633	
0.011935	0.015292	0.017503	-2.137432	0.872755	-1.968734	0.100000	-0.067268	-0.014037	0.059080	
0.049703	-0.015904	0.035107	-2.086875	0.856502	-1.932840	0.100000	-0.002654	0.066455	-0.049741	
-0.022830	-0.005771	0.033937	-2.108870	0.850388	-1.898130	0.100000	0.054115	-0.054423	-0.058934	
0.006924	-0.007654	-0.003272	-2.101103	0.842395	-1.900642	0.100000	0.030426	0.087689	-0.039429	
0.032998	0.024863	0.028318	-2.067265	0.866921	-1.871565	0.100000	-0.095592	0.258581	0.092121	
-0.030035	-0.002198	-0.001658	-2.096473	0.864376	-1.872474	0.100000	-0.200657	-0.002184	0.014905	
0.005104	0.011180	-0.025151	-2.090531	0.875211	-1.896876	0.100000	-0.034337	0.072831	0.099963	
-0.025192	-0.021769	-0.002312	-2.114887	0.853092	-1.898429	0.100000	-0.030762	-0.047737	0.142822	
0.039612	-0.008097	0.028261	-2.074429	0.844653	-1.869409	0.100000	-0.094455	-0.205234	0.170963	
0.042511	0.026829	-0.025866	-2.031089	0.871144	-1.894528	0.100000	-0.101699	-0.069567	0.093537	
-0.008546	-0.007082	-0.001642	-2.038823	0.863714	-1.895412	0.100000	0.030247	0.002989	-0.088746	
0.030094	-0.027432	0.058915	-2.007913	0.835936	-1.835739	0.100000	-0.108319	-0.084335	0.019124	
-0.009078	0.000420	-0.021069	-2.016188	0.836022	-1.856074	0.100000	-0.051685	-0.090267	-0.168223	
-0.008952	0.000472	0.036865	-2.024333	0.836160	-1.818466	0.100000	-0.021797	-0.018758	-0.057347	
0.009444	-0.004339	-0.010625	-2.014080	0.831487	-1.828363	0.100000	0.054597	0.037401	0.112900	
-0.061534	-0.014730	-0.003399	-2.074809	0.816424	-1.831031	0.100000	-0.038149	-0.000042	0.047694	
0.027858	-0.010418	0.003342	-2.046120	0.805679	-1.826957	0.100000	0.107791	-0.102109	0.082053	
-0.016238	0.009915	-0.029339	-2.061540	0.815272	-1.855565	0.100000	-0.087609	0.110840	-0.051058	
-0.002488	0.022232	0.053687	-2.063203	0.837178	-1.801136	0.100000	-0.122750	-0.153801	0.226176	
0.027317	-0.022700	0.019010	-2.035061	0.814144	-1.781405	0.100000	-0.026013	0.092734	0.071356	
0.011721	-0.003696	-0.027131	-2.022527	0.810122	-1.807823	0.100000	0.123588	0.046145	0.197219	
-0.004264	-0.007721	0.012016	-2.025981	0.802077	-1.795084	0.100000	-0.097567	-0.000619	-0.074020	
-0.010170	0.020411	-0.004241	-2.035342	0.822167	-1.798607	0.100000	-0.101700	0.077396	0.147258	
0.014978	-0.006875	-0.010528	-2.019550	0.814964	-1.808416	0.100000	-0.033510	-0.069485	0.065186	
-0.013603	0.016823	0.064886	-2.032345	0.831460	-1.742806	0.100000	-0.030694	-0.114405	-0.032055	
0.004143	0.005326	0.007323	-2.027389	0.836454	-1.734786	0.100000	0.178714	0.026239	0.094316	
-0.082075	-0.015526	-0.013280	-2.108653	0.820594	-1.747373	0.100000	-0.162246	0.191824	-0.109594	
-0.024014	-0.009329	-0.009851	-2.131824	0.810937	-1.756526	0.100000	0.063497	0.055093	-0.012415	
0.017001	0.012466	-0.027976	-2.113971	0.823079	-1.783799	0.100000	-0.001581	0.067182	-0.130617	
-0.007543	0.015771	-0.016667	-2.120668	0.838521	-1.799753	0.100000	0.232826	0.019262	-0.051134	
-0.062923	-0.004476	0.022285	-2.182743	0.833709	-1.776748	0.100000	-0.092750	0.015875	-0.046669	
0.039263	0.001446	0.007910	-2.142607	0.834822	-1.768127	0.100000	0.010363	-0.160866	0.023013	
-0.012791	-0.014321	0.005203	-2.154541	0.820167	-1.762217	0.100000	-0.040821	0.040386	-0.092493	
-0.007795	0.016646	-0.001375	-2.161474	0.836485	-1.762887	0.100000	-0.030141	-0.000614	-0.060841	
0.014410	0.011115	-0.007983	-2.146200	0.847266	-1.770166	0.100000	0.133734	-0.183936	-0.049270	
-0.019449	0.020458	0.000077	-2.164791	0.867384	-1.769381	0.100000	-0.001291	-0.113976	0.032629	
0.022616	0.011297	-0.004119	-2.141309	0.878335	-1.772793	0.100000	0.039155	-0.075451	-0.020733	
0.001408	0.009623	-0.040064	-2.139045	0.887607	-1.812148	0.100000	-0.018905	-0.050685	0.015104	
0.024946	-0.005865	0.007206	-2.113244	0.881386	-1.804217	0.100000	-0.024256	0.087847	-0.310117	
-0.005016	-0.005915	-0.002129	-2.117414	0.875119	-1.805625	0.100000	0.047547	0.047509	0.031467	
0.041631	-0.001351	0.043101	-2.074936	0.873418	-1.761802	0.100000	-0.181755	-0.014084	-0.101020	
0.008055	0.007846	0.004248	-2.066051	0.880915	-1.756850	0.100000	-0.007283	-0.032755	0.118330	
0.005134	-0.001187	-0.008328	-2.060091	0.879375	-1.764475	0.100000	0.124661	-0.028359	0.001762	
-0.012338	0.017158	-0.004223	-2.071605	0.896182	-1.767993	0.100000	0.077861	-0.090152	-0.051823	
-0.006346	0.011662	0.018612	-2.077123	0.907485	-1.748674	0.100000	0.179649	-0.164162	-0.054194	
0.025030	0.003841	-0.021838	-2.051262	0.910963	-1.769813	0.100000	0.089021	0.083082	-0.101529	
-0.017012	-0.022550	-0.043606	-2.067453	0.888050	-1.812710	0.100000	0.026122	0.102803	0.031808	
-0.016574	-0.001826	-0.011902	-2.083200	0.885868	-1.823887	0.100000	-0.049355	-0.241138	0.091662	
-0.007692	-0.008069	-0.015500	-2.090060	0.877445	-1.838657	0.100000	0.028627	-0.083830	-0.154480	
-0.012058	-0.010889	0.047714	-2.101281	0.866205	-1.790208	0.100000	-0.177981	0.059845	-0.141593	
0.028831	-0.014754	-0.019423	-2.071610	0.851105	-1.808915	0.100000	0.099272	0.105014	0.004168	
-0.042325	-0.000264	0.028727	-2.113107	0.850500	-1.779464	0.100000	-0.145497	-0.029885	-0.017085	
0.013615	-0.004647	0.002817	-2.098646	0.845513	-1.775935	0.100000	-0.064754	-0.167192	0.080660	
-0.004637	0.013118	-0.003249	-2.102445	0.858294	-1.778474	0.100000	0.070179	0.128609	-0.024668	
-0.008034	0.013554	0.008316	-2.109638	0.871505	-1.769447	0.100000	-0.061678	0.131636	0.000178	
-0.012129	-0.004342	0.020613	-2.120924	0.866815	-1.748126	0.100000	0.021856	-0.060669	-0.063193	
0.008074	-0.003434	0.019359	-2.112001	0.863034	-1.728068	0.100000	0.016496	0.106810	-0.011577	
-0.027967	-0.004199	-0.028644	-2.139123	0.858489	-1.756021	0.100000	-0.073903	0.037698	-0.103665	
0.004722	0.019788	0.021459	-2.133546	0.877934	-1.733860	0.100000	-0.077757	-0.031610	-0.030379	
0.001007	0.007943	0.019167	-2.131686	0.885526	-1.713999	0.100000	-0.040093	-0.048335	0.055169	
-0.027155	-0.001906	0.001935	-2.157989	0.883266	-1.711379	0.100000	-0.053844	0.141416	0.004854	
-0.027327	-0.013887	-0.018399	-2.184453	0.869025	-1.729094	0.100000	0.033314	0.046571	0.106600	
0.008433	0.010228	0.000542	-2.175147	0.878906	-1.727860	0.100000	-0.013502	-0.121738	0.009407	
-0.007190	-0.002040	-0.042776	-2.181467	0.876514	-1.769945	0.100000	0.030782	0.075870	0.004315	
0.048974	0.021355	0.011461	-2.131620	0.897519	-1.757776	0.100000	0.157915	-0.099418	-0.002772	
-0.056443	0.005940	0.009693	-2.187211	0.903101	-1.747380	0.100000	0.029687	0.000637	0.054909	
0.010585	0.009614	0.036310	-2.175751	0.912353	-1.710372	0.100000	0.136539	-0.030315	-0.068002	
-0.012254	0.000725	-0.012466	-2.187135	0.912714	-1.722154	0.100000	-0.094747	-0.037925	0.051928	
0.014083	0.014363	-0.025220	-2.172177	0.926712	-1.746685	0.100000	-0.138136	-0.035085	0.073773	
0.035973	0.004057	0.007739	-2.135336	0.930398	-1.738248	0.100000	-0.071406	0.060997	0.120034	
0.010841	-0.016711	-0.014472	-2.123641	0.913315	-1.752024	0.100000	-0.004843	-0.111901	-0.055009	
0.021266	0.000661	-0.038545	-2.101526	0.913610	-1.789868	0.100000	-0.070798	-0.016475	-0.024661	
-0.003626	0.033423	0.001570	-2.104312	0.946668	-1.787582	0.100000	0.169457	0.010196	-0.036021	
-0.009031	0.008446	-0.069586	-2.112502	0.954735	-1.856453	0.100000	0.055645	-0.108960	0.062644	
-0.007224	0.004849	0.033020	-2.118881	0.959203	-1.822691	0.100000	0.177669	-0.069355	-0.140998	
-0.025324	0.001236	-0.010569	-2.143358	0.960055	-1.832531	0.100000	-0.124342	0.115034	-0.003873	
0.025638	-0.015052	0.009710	-2.116863	0.944619	-1.822088	0.100000	-0.192579	-0.054558	0.062631	
-0.002776	-0.025085	0.002220	-2.118792	0.919156	-1.819139	0.100000	-0.079595	-0.022762	-0.054473	
0.001175	-0.021346	-0.005911	-2.116769	0.897442	-1.824323	0.100000	0.023249	-0.026644	-0.108392	
0.017043	-0.005312	0.064308	-2.098880	0.891772	-1.759285	0.100000	0.023492	0.005949	0.035209	
0.030445	-0.004245	0.002753	-2.067596	0.887170	-1.755828	0.100000	-0.081794	0.084404	-0.007046	
-0.005067	0.014506	0.002346	-2.071835	0.901321	-1.752781	0.100000	0.109651	-0.012858	0.081248	
-0.031670	0.008348	0.037856	-2.102677	0.909309	-1.714223	0.100000	0.239126	-0.054089	0.153997	
-0.008414	0.002883	0.038761	-2.110250	0.911828	-1.674777	0.100000	-0.127094	-0.037444	0.034355	
0.018510	-0.005779	0.002313	-2.090896	0.905684	-1.671795	0.100000	-0.169697	-0.011471	0.074557	
-0.035661	0.009755	0.000310	-2.125721	0.915076	-1.670817	0.100000	0.073910	0.004933	-0.037242	
-0.005621	0.019532	-0.060259	-2.130492	0.934243	-1.730408	0.100000	-0.098478	-0.012070	-0.106958	
-0.037464	0.010192	-0.033332	-2.167104	0.944061	-1.763048	0.100000	-0.096575	0.035487	-0.037832	
0.044724	0.003000	-0.010533	-2.121513	0.946684	-1.772876	0.100000	-0.050057	0.103773	-0.060193	
0.006977	0.023558	0.022389	-2.113687	0.969864	-1.749778	0.100000	-0.015335	0.000099	0.054353	
-0.015476	-0.010818	0.032580	-2.128318	0.958658	-1.716498	0.100000	-0.012508	0.036281	-0.129173	
0.035474	0.009564	0.007803	-2.091993	0.967838	-1.708008	0.100000	-0.048994	0.008361	0.175398	
0.024146	0.027927	0.034848	-2.067010	0.995378	-1.672477	0.100000	0.160319	0.254534	-0.106207	
0.012383	0.007318	-0.017431	-2.053800	1.002298	-1.689239	0.100000	-0.042845	0.042932	-0.061889	
-0.001477	0.002978	-0.054263	-2.054456	1.004875	-1.742827	0.100000	-0.095810	0.080203	-0.084254	
-0.059902	-0.021987	0.024508	-2.113536	0.982486	-1.717622	0.100000	0.015819	0.068803	-0.010462	
-0.008910	-0.017087	0.009250	-2.121601	0.965006	-1.707685	0.100000	0.050499	0.093480	-0.014953	
-0.011767	-0.036246	0.015130	-2.132520	0.928374	-1.691873	0.100000	-0.145660	0.061768	0.053120	
-0.010757	-0.011761	0.053658	-2.142424	0.916243	-1.637538	0.100000	0.196651	-0.260363	-0.121192	
-0.017291	-0.015537	-0.010582	-2.158858	0.900340	-1.647465	0.100000	0.106537	0.124610	-0.132181	
-0.019590	0.007148	-0.038357	-2.177585	0.907127	-1.685163	0.100000	-0.033704	0.002120	-0.031066	
-0.033934	0.011073	-0.029468	-2.210648	0.917838	-1.713957	0.100000	-0.073687	-0.156461	-0.025888	
-0.036039	-0.004886	-0.017929	-2.245803	0.912584	-1.731200	0.100000	-0.044079	0.000826	0.021321	
0.000910	0.002924	0.005946	-2.243994	0.915144	-1.724562	0.100000	0.041805	0.192889	-0.194520	
0.029985	-0.005607	-0.010370	-2.213112	0.909171	-1.734242	0.100000	-0.080960	0.174754	0.043474	
0.047069	0.007242	-0.012385	-2.165157	0.916050	-1.745934	0.100000	0.160091	0.264726	-0.171319	
-0.002799	-0.002591	-0.005638	-2.167090	0.913092	-1.750874	0.100000	0.189286	-0.030791	-0.066015	
-0.016951	-0.007646	0.010335	-2.183175	0.905081	-1.739839	0.100000	0.087521	0.117136	0.121367	
0.026278	0.020784	-0.006871	-2.156024	0.925503	-1.746014	0.100000	0.025377	-0.152601	0.043621	
0.000554	0.003932	-0.008469	-2.154608	0.929065	-1.753785	0.100000	-0.034171	-0.148762	0.220982	
-0.007453	0.021631	0.008359	-2.161199	0.950325	-1.744725	0.100000	-0.067996	-0.139873	-0.033599	
-0.026899	-0.016401	-0.025985	-2.187233	0.933544	-1.770012	0.100000	0.156335	-0.112920	-0.155416	
0.022479	-0.022260	-0.050893	-2.163880	0.910911	-1.820197	0.100000	-0.003707	0.073747	0.115213	
-0.025027	-0.014940	0.029131	-2.188042	0.895607	-1.790338	0.100000	-0.000686	0.103281	-0.008366	
-0.009585	0.008180	0.032983	-2.196752	0.903429	-1.756639	0.100000	0.191053	0.021376	0.092278	
-0.003075	0.010817	0.018280	-2.198948	0.913884	-1.737656	0.100000	0.062184	-0.096092	-0.138427	
-0.008778	0.014321	-0.023927	-2.206846	0.927840	-1.760888	0.100000	0.029984	-0.042279	0.080910	
0.031481	0.003929	-0.029221	-2.174483	0.931398	-1.789405	0.100000	0.115225	-0.172517	-0.065439	
-0.037318	-0.020594	-0.000857	-2.210931	0.910431	-1.789546	0.100000	0.011040	0.112140	-0.142042	
0.047204	-0.009314	-0.027675	-2.162843	0.900753	-1.816505	0.100000	0.078087	-0.058766	0.073466	
-0.007459	-0.002952	0.004868	-2.169437	0.897442	-1.810910	0.100000	0.063441	0.022268	-0.074440	
0.026173	-0.002861	0.051371	-2.142397	0.894222	-1.758815	0.100000	-0.130117	0.006579	-0.057442	
-0.028145	0.005120	0.002578	-2.169685	0.898984	-1.755534	0.100000	-0.106442	0.010657	0.058893	
0.015511	-0.009230	0.014096	-2.153307	0.889394	-1.740735	0.100000	-0.002283	-0.085745	-0.171811	
0.062972	0.016658	-0.003602	-2.089473	0.905696	-1.743641	0.100000	-0.025077	-0.011643	0.066590	
0.029008	-0.006851	-0.041518	-2.059630	0.898484	-1.784462	0.100000	0.044050	-0.121246	-0.119451	
0.003749	0.004505	-0.008722	-2.055057	0.902630	-1.792470	0.100000	0.004181	-0.056156	-0.078066	
0.040150	0.011408	0.019652	-2.014085	0.913676	-1.772101	0.100000	0.040400	0.020627	0.042374	
-0.049587	0.005395	-0.000747	-2.062866	0.918706	-1.772140	0.100000	0.033028	-0.064927	0.169054	
-0.021854	0.006205	-0.063307	-2.083895	0.924544	-1.834738	0.100000	-0.139758	-0.004782	-0.048591	
0.050221	0.001892	-0.038261	-2.032840	0.926066	-1.872265	0.100000	-0.077219	0.008833	0.041169	
0.010674	-0.014615	-0.000123	-2.021354	0.911081	-1.871640	0.100000	-0.021215	0.009389	-0.149512	
-0.003787	0.000980	-0.023683	-2.024332	0.911696	-1.894575	0.100000	-0.010747	0.196537	-0.135879	
0.024008	0.012025	-0.029168	-1.999515	0.923357	-1.922986	0.100000	-0.089374	-0.035010	0.092009	
-0.024216	0.005826	-0.030855	-2.022931	0.928813	-1.953071	0.100000	-0.141775	-0.146221	0.091327	
0.006878	-0.005316	0.025330	-2.015244	0.923125	-1.926960	0.100000	-0.079258	-0.072317	-0.113040	
-0.041417	0.001075	-0.001914	-2.055854	0.923830	-1.928104	0.100000	-0.040649	0.065172	0.061235	
0.022638	-0.011740	0.000949	-2.032394	0.911721	-1.926383	0.100000	0.029036	0.255267	0.069052	
-0.007620	-0.016715	-0.067284	-2.039202	0.894640	-1.992897	0.100000	-0.046263	-0.084964	0.064483	
-0.036472	0.008019	-0.007744	-2.074858	0.902302	-1.999844	0.100000	0.113962	-0.002934	-0.016724	
0.009573	-0.004151	0.039179	-2.064456	0.897790	-1.959865	0.100000	0.051270	-0.176707	-0.050708	
-0.014436	0.018452	0.018099	-2.078066	0.915883	-1.940983	0.100000	0.037875	-0.122988	-0.082166	
0.025382	0.005050	-0.004505	-2.051853	0.920566	-1.944712	0.100000	0.129888	-0.017797	0.039036	
0.035417	-0.005662	0.026045	-2.015615	0.914536	-1.917890	0.100000	0.181153	-0.021732	-0.131587	
0.015755	-0.002105	-0.006596	-1.999054	0.912065	-1.923719	0.100000	0.022314	0.143971	0.028879	
0.046530	0.009849	0.030355	-1.951725	0.921549	-1.892594	0.100000	-0.016860	-0.078420	0.108304	
0.007101	0.013179	0.057485	-1.943843	0.934360	-1.834352	0.100000	-0.012817	0.038566	-0.097673	
0.023289	-0.016096	-0.032289	-1.919777	0.917890	-1.865908	0.100000	0.100867	0.071005	0.039798	
-0.020529	-0.018708	0.002371	-1.939538	0.898815	-1.862791	0.100000	0.106090	0.007409	-0.089981	
-0.024302	-0.008642	0.020343	-1.963064	0.889813	-1.841703	0.100000	-0.062917	0.077201	0.167317	
-0.012639	0.016851	0.039386	-1.974917	0.906308	-1.801580	0.100000	0.008451	-0.098395	0.005237	
-0.037032	-0.002238	-0.013848	-2.011159	0.903708	-1.814708	0.100000	0.098707	0.203862	0.016754	
-0.008514	-0.013177	-0.027473	-2.018869	0.890169	-1.841454	0.100000	0.058015	0.234321	0.081271	
-0.047940	0.000138	0.016688	-2.066001	0.889951	-1.824030	0.100000	0.152054	-0.002829	-0.032060	
0.010348	0.015594	0.010353	-2.054826	0.905189	-1.812947	0.100000	-0.128090	0.088996	-0.250727	
0.007784	0.006966	-0.002287	-2.046220	0.911793	-1.814509	0.100000	-0.090115	0.113874	0.002588	
-0.000735	-0.001595	0.014861	-2.046137	0.909833	-1.798922	0.100000	0.120825	0.009989	0.077058	
-0.038506	0.014002	0.009263	-2.083824	0.923472	-1.788940	0.100000	-0.037317	0.019877	-0.021745	
0.029984	-0.003366	-0.048035	-2.053007	0.919736	-1.836259	0.100000	0.036130	0.054893	-0.095906	
0.017932	0.009224	-0.043975	-2.034253	0.928593	-1.879499	0.100000	0.052282	0.024755	0.058669	
-0.024806	0.000543	0.020618	-2.058246	0.928765	-1.858129	0.100000	-0.001989	-0.005118	0.097803	
0.003517	0.011215	-0.002941	-2.053906	0.939609	-1.860327	0.100000	-0.014252	-0.207165	-0.022459	
-0.010662	0.009282	-0.026668	-2.063746	0.948516	-1.886251	0.100000	-0.024583	0.065855	0.013914	
0.015700	0.016236	-0.021258	-2.047221	0.964373	-1.906755	0.100000	-0.052205	0.102176	0.011857	
0.044004	-0.001685	0.044503	-2.002399	0.962302	-1.861490	0.100000	0.063686	0.059618	-0.144174	
-0.008979	0.018488	-0.005397	-2.010577	0.980405	-1.866143	0.100000	0.000428	0.054058	0.260529	
0.019068	-0.004343	0.028525	-1.990705	0.975670	-1.836871	0.100000	-0.204731	-0.062142	-0.244920	
0.038792	-0.001653	0.022344	-1.951116	0.973627	-1.813793	0.100000	-0.046736	0.110597	-0.080623	
0.029692	0.010878	0.048152	-1.920644	0.984116	-1.764915	0.100000	-0.103087	0.086893	-0.095864	
0.014580	-0.009741	0.100673	-1.905296	0.973981	-1.663537	0.100000	-0.119396	-0.082177	-0.122702	
0.011054	-0.002092	0.024583	-1.893480	0.971499	-1.638289	0.100000	-0.160588	-0.018269	-0.090433	
-0.001346	-0.001506	-0.018911	-1.894069	0.969604	-1.656544	0.100000	-0.228933	-0.045459	0.001157	
-0.000151	-0.008694	0.057974	-1.893462	0.960523	-1.597908	0.100000	0.212408	0.045155	0.032185	
-0.023017	-0.016229	0.008756	-1.915722	0.943909	-1.588513	0.100000	0.138165	0.097842	-0.223156	
-0.012828	0.008211	-0.029345	-1.927784	0.951742	-1.617223	0.100000	-0.016261	-0.178014	0.104305	
-0.016691	-0.004048	0.022729	-1.943704	0.947314	-1.593847	0.100000	-0.038582	0.023084	-0.064564	
0.004568	0.006287	0.010108	-1.938358	0.953221	-1.583101	0.100000	-0.028330	0.008888	0.079537	
0.016437	0.011602	-0.012162	-1.921147	0.964443	-1.594630	0.100000	-0.078906	-0.250860	-0.057032	
-0.028935	-0.004625	-0.022311	-1.949313	0.959432	-1.616303	0.100000	0.149453	-0.097232	0.004021	
-0.002976	-0.026194	0.028395	-1.951510	0.932854	-1.587262	0.100000	-0.151768	0.022598	-0.053533	
0.026243	0.012968	0.011042	-1.924486	0.945449	-1.575585	0.100000	-0.010706	-0.158703	-0.067256	
-0.004713	0.024862	-0.017378	-1.928430	0.969933	-1.592333	0.100000	0.004715	-0.053391	0.064843	
0.010548	-0.004576	0.019936	-1.917110	0.964969	-1.571761	0.100000	-0.284059	-0.137944	0.047478	
0.023874	0.017332	-0.026773	-1.892470	0.981916	-1.597905	0.100000	0.150849	0.023240	-0.235099	
-0.050458	0.022047	0.012904	-1.942171	1.003570	-1.584362	0.100000	-0.217440	-0.354340	0.260959	
0.038180	0.014057	-0.036119	-1.903215	1.017226	-1.619848	0.100000	0.036208	0.022117	0.221038	
0.041512	0.017900	-0.020570	-1.860941	1.034719	-1.639770	0.100000	0.051349	-0.024800	0.018488	
0.008052	0.007202	0.015605	-1.852145	1.041508	-1.623509	0.100000	0.134864	-0.094521	-0.050569	
0.041384	0.012064	-0.062403	-1.810020	1.053155	-1.685263	0.100000	-0.089244	0.052899	0.068054	
-0.014567	-0.001656	0.031997	-1.823863	1.051078	-1.652592	0.100000	-0.003395	-0.089961	-0.088106	
0.004680	-0.005535	0.023687	-1.818454	1.045122	-1.628243	0.100000	-0.017194	0.150957	-0.097295	
-0.005657	-0.011945	-0.026161	-1.823384	1.032759	-1.653754	0.100000	-0.035265	0.009224	-0.070798	
0.009208	-0.008619	0.047180	-1.813447	1.023726	-1.605912	0.100000	0.007166	-0.082287	-0.066385	
-0.013074	-0.021494	0.029585	-1.825795	1.001823	-1.575684	0.100000	0.082315	0.141668	0.177240	
-0.020085	0.012338	-0.031370	-1.845151	1.013761	-1.606424	0.100000	-0.017967	-0.084575	-0.064126	
-0.023113	0.004321	0.039233	-1.867526	1.017676	-1.566548	0.100000	0.062901	-0.111199	-0.002336	
0.010744	0.006832	-0.039808	-1.856035	1.024101	-1.605730	0.100000	0.028080	-0.028646	-0.026819	
-0.024000	-0.005250	-0.005287	-1.879293	1.018442	-1.610374	0.100000	0.099445	0.031342	0.138460	
-0.000869	0.013851	-0.057488	-1.879411	1.031886	-1.667218	0.100000	-0.044040	-0.014405	-0.018186	
-0.031971	-0.024360	-0.008132	-1.910630	1.007114	-1.674682	0.100000	-0.114400	-0.132534	0.071764	
-0.013763	-0.012078	-0.024268	-1.923629	0.994632	-1.698281	0.100000	0.104120	0.067102	0.099816	
0.005166	0.001900	-0.014133	-1.917694	0.996135	-1.711735	0.100000	-0.098255	0.044480	0.065157	
-0.014305	0.012224	0.001362	-1.931232	1.007960	-1.709689	0.100000	-0.006280	0.006889	-0.083816	
-0.011324	-0.017821	-0.022372	-1.941783	0.989737	-1.731377	0.100000	0.007589	0.090280	0.011125	
0.027418	0.000126	-0.038560	-1.913588	0.989467	-1.769245	0.100000	-0.024248	0.019669	0.090699	
-0.032052	-0.001655	-0.020761	-1.944875	0.987416	-1.789298	0.100000	-0.016547	-0.078943	-0.080395	
0.025098	-0.011462	0.001230	-1.918999	0.975559	-1.787352	0.100000	-0.098846	-0.133523	-0.027000	
0.013698	0.001809	-0.042036	-1.904534	0.976978	-1.828673	0.100000	0.145889	0.032187	-0.080048	
-0.028270	0.017828	-0.012992	-1.932042	0.994415	-1.840933	0.100000	0.089016	-0.034636	0.125920	
0.007678	-0.012418	-0.010443	-1.923592	0.981599	-1.850640	0.100000	-0.009451	0.027849	-0.057818	
-0.011549	0.004619	-0.008449	-1.934371	0.985825	-1.858349	0.100000	0.080349	0.112747	0.193509	
-0.009276	0.032787	-0.020869	-1.942874	1.018218	-1.878475	0.100000	0.013888	-0.062252	0.016790	
0.007538	0.004464	-0.038619	-1.934559	1.022275	-1.916343	0.100000	-0.043670	0.149758	0.107083	
0.005427	-0.007418	0.012840	-1.928358	1.014448	-1.902736	0.100000	0.054883	0.182454	0.219623	
0.010307	-0.013754	-0.015203	-1.917280	1.000288	-1.917178	0.100000	0.109294	0.150625	0.054903	
-0.012193	-0.005528	-0.019554	-1.928706	0.994360	-1.935965	0.100000	-0.119779	0.055231	0.020372	
0.002763	0.009492	0.027339	-1.925171	1.003454	-1.907852	0.100000	-0.155370	-0.018555	-0.017188	
-0.038961	-0.011824	0.072106	-1.963362	0.991229	-1.834983	0.100000	-0.124325	-0.036135	0.248237	
0.021744	0.012158	0.005142	-1.940833	1.002991	-1.829107	0.100000	0.014119	0.096774	-0.033767	
-0.015982	-0.011878	0.010388	-1.956039	0.990712	-1.817987	0.100000	0.180263	-0.144178	0.119362	
-0.035344	-0.018529	0.038906	-1.990601	0.971786	-1.778354	0.100000	-0.040380	0.023235	-0.260465	
0.034155	-0.004614	0.011941	-1.955649	0.966784	-1.765701	0.100000	0.129427	-0.036104	0.116942	
-0.006477	-0.005565	-0.039767	-1.961344	0.960833	-1.804762	0.100000	0.061966	-0.138207	-0.135096	
0.005446	-0.003777	0.034433	-1.955114	0.956671	-1.769608	0.100000	0.183332	-0.053813	0.032109	
0.066622	-0.008786	0.009543	-1.887711	0.947503	-1.759357	0.100000	0.007522	-0.045062	-0.042946	
0.005946	-0.003720	-0.001940	-1.881010	0.943404	-1.760593	0.100000	0.056124	0.008592	-0.297787	
0.034299	-0.021161	-0.016297	-1.845958	0.921866	-1.776186	0.100000	0.006699	-0.104468	0.075752	
0.029502	-0.011856	-0.015551	-1.815718	0.909641	-1.791027	0.100000	0.116730	0.022205	-0.026069	
-0.008595	-0.002019	-0.009923	-1.823587	0.907258	-1.800234	0.100000	0.061540	-0.001840	-0.102230	
-0.024172	-0.010126	-0.032863	-1.847029	0.896769	-1.832378	0.100000	-0.036660	-0.033220	0.128537	
-0.005749	-0.024999	-0.033211	-1.852040	0.871411	-1.864856	0.100000	0.128240	0.051910	-0.209933	
-0.019519	0.013748	0.002652	-1.870818	0.884811	-1.861458	0.100000	-0.178760	-0.005405	0.132077	
0.016452	-0.002570	-0.010312	-1.853618	0.881888	-1.871026	0.100000	-0.081539	0.229952	0.043546	
-0.016186	-0.008354	0.021692	-1.869062	0.873181	-1.848585	0.100000	0.253945	-0.151220	0.168342	
0.016864	-0.010537	-0.000031	-1.851451	0.862295	-1.847878	0.100000	0.051292	-0.043683	0.114037	
-0.005795	0.016285	0.024600	-1.856505	0.878235	-1.822539	0.100000	0.250503	0.079380	-0.164125	
-0.011430	-0.006471	0.019996	-1.867193	0.871413	-1.801814	0.100000	-0.128520	0.208147	0.078502	
-0.032356	-0.016108	0.039418	-1.898802	0.854956	-1.761676	0.100000	-0.044241	-0.140979	-0.155146	
0.064407	-0.035998	0.018030	-1.833636	0.818617	-1.742942	0.100000	-0.088704	0.094352	-0.042050	
0.004620	-0.019920	-0.029497	-1.828282	0.798369	-1.771742	0.100000	-0.010396	-0.015671	-0.058693	
0.029119	-0.010127	-0.001195	-1.798432	0.787922	-1.772229	0.100000	0.024271	-0.027280	0.136415	
0.036918	0.008480	0.000295	-1.760794	0.796087	-1.771225	0.100000	0.158806	0.155849	0.042585	
-0.035775	-0.021777	0.013485	-1.795864	0.773992	-1.757032	0.100000	-0.072243	-0.175700	0.000299	
-0.025492	-0.004541	-0.000308	-1.820638	0.769141	-1.756638	0.100000	-0.067942	-0.212759	0.019281	
-0.020080	-0.000520	-0.025526	-1.839990	0.768313	-1.781462	0.100000	-0.138232	0.214924	0.070345	
0.009004	0.007285	0.005291	-1.830250	0.775291	-1.775458	0.100000	-0.122385	-0.008668	-0.028342	
0.015605	0.019714	0.032770	-1.813913	0.794696	-1.741978	0.100000	-0.055598	0.019939	-0.184610	
0.032440	-0.002333	-0.036495	-1.780747	0.792045	-1.777777	0.100000	0.110538	-0.127852	-0.129664	
-0.027590	0.004883	-0.044491	-1.807625	0.796611	-1.821557	0.100000	0.008647	0.145937	0.090974	
0.022264	0.016329	-0.033184	-1.784638	0.812621	-1.854013	0.100000	-0.167394	-0.178416	-0.090208	
0.008289	-0.000844	0.027969	-1.775636	0.811452	-1.825303	0.100000	-0.028999	0.019007	-0.157535	
-0.040541	-0.014004	-0.028964	-1.815467	0.797123	-1.853537	0.100000	-0.087333	-0.205066	-0.015667	
-0.009733	-0.001096	0.041198	-1.824473	0.795709	-1.811597	0.100000	0.025466	0.069179	0.096205	
0.007242	0.003523	-0.007780	-1.816502	0.798914	-1.818652	0.100000	0.231491	0.027290	0.004099	
0.022503	0.014742	0.004451	-1.793273	0.813337	-1.813474	0.100000	0.249880	-0.146899	-0.072238	
0.000250	-0.029941	0.008993	-1.792306	0.783070	-1.803756	0.100000	-0.051504	-0.233993	-0.091955	
-0.005707	-0.007746	0.004026	-1.797296	0.775011	-1.799008	0.100000	-0.013392	0.109542	-0.049462	
-0.021017	0.010694	-0.010318	-1.817595	0.785395	-1.808607	0.100000	-0.103175	-0.008883	0.006704	
-0.026693	-0.007572	0.011056	-1.843561	0.777509	-1.796828	0.100000	0.023627	-0.185177	-0.137163	
-0.027961	-0.001223	-0.032364	-1.870785	0.775976	-1.828473	0.100000	0.075160	0.247718	0.026649	
0.004705	0.000008	-0.017921	-1.865332	0.775673	-1.845663	0.100000	0.126062	0.014647	0.008640	
0.025084	0.008158	-0.068461	-1.839501	0.783521	-1.913386	0.100000	0.073183	-0.163237	0.005992	
-0.016222	0.016192	0.009691	-1.854988	0.799400	-1.902929	0.100000	0.094060	0.103972	-0.055429	
0.006300	-0.000114	0.011632	-1.847946	0.798966	-1.890536	0.100000	0.061753	-0.094276	-0.065664	
0.024060	0.005358	-0.007527	-1.823147	0.804004	-1.897307	0.100000	0.142083	0.065248	-0.085088	
-0.012408	0.010632	-0.014264	-1.834826	0.814315	-1.910812	0.100000	0.082975	0.066769	-0.110624	
-0.004979	0.005739	-0.006745	-1.839070	0.819728	-1.916793	0.100000	0.056354	0.136149	-0.030497	
-0.018585	0.001742	-0.026801	-1.856920	0.821143	-1.942827	0.100000	0.009222	0.082987	0.001525	
-0.005635	-0.012318	0.016616	-1.861813	0.808496	-1.925434	0.100000	0.044968	0.013516	-0.079736	
0.053090	0.018356	0.002136	-1.807978	0.826529	-1.922528	0.100000	-0.123598	0.103487	-0.135389	
-0.004581	0.007105	0.068185	-1.811836	0.833303	-1.853574	0.100000	-0.051579	0.001344	0.074807	
-0.031281	0.015068	-0.017367	-1.842392	0.848038	-1.870200	0.100000	-0.033869	-0.095117	0.055211	
0.032207	-0.005869	0.039329	-1.809448	0.841830	-1.830123	0.100000	-0.044025	-0.037105	0.077176	
-0.027603	0.006962	0.047204	-1.836327	0.848456	-1.782187	0.100000	-0.059119	0.049189	0.015108	
0.045052	-0.014244	-0.012537	-1.790541	0.833873	-1.794011	0.100000	-0.086787	0.041700	0.060761	
-0.005951	-0.004654	0.031042	-1.795776	0.828885	-1.762251	0.100000	-0.034491	0.060622	-0.157943	
0.006080	-0.003349	0.009206	-1.788978	0.825205	-1.752340	0.100000	0.202947	0.079649	0.026697	
0.045104	-0.023848	-0.001729	-1.743159	0.801027	-1.753368	0.100000	0.050928	0.026678	0.091627	
-0.014313	0.007472	0.012315	-1.756775	0.808179	-1.740352	0.100000	0.004710	0.126162	0.129053	
-0.027685	-0.004349	-0.002055	-1.783757	0.803506	-1.741711	0.100000	-0.043499	0.004913	-0.040506	
-0.029155	0.007260	-0.015305	-1.812198	0.810445	-1.756319	0.100000	0.119373	-0.118213	0.183239	
0.025234	-0.001745	0.027693	-1.786240	0.808376	-1.727923	0.100000	-0.060042	-0.065082	-0.015490	
-0.010849	-0.026553	0.008364	-1.796374	0.781499	-1.718868	0.100000	0.007595	-0.039812	-0.085100	
0.004486	0.001321	-0.001302	-1.791170	0.782507	-1.719483	0.100000	-0.248415	-0.097658	0.045977	
-0.010129	-0.001985	-0.018548	-1.800583	0.780209	-1.737343	0.100000	-0.021953	-0.086621	0.073214	
-0.008605	-0.012490	0.016882	-1.808469	0.767407	-1.719766	0.100000	0.107605	0.035058	0.094760	
0.033184	0.021984	-0.022322	-1.774561	0.789084	-1.741400	0.100000	0.047822	-0.011872	0.241056	
0.024239	-0.020544	-0.054296	-1.749613	0.768224	-1.795000	0.100000	-0.030838	0.040226	0.088220	
0.009903	-0.000012	-0.047548	-1.739010	0.767905	-1.841829	0.100000	0.070211	0.065842	0.080508	
0.001835	0.049975	0.003463	-1.736479	0.817573	-1.837630	0.100000	0.026026	0.066301	0.066988	
-0.022270	0.000290	-0.025560	-1.758054	0.817536	-1.862455	0.100000	0.128224	0.165679	-0.109926	
-0.010561	0.022533	-0.023950	-1.767912	0.839741	-1.885660	0.100000	0.138966	0.011490	-0.036506	
-0.079363	-0.005582	0.050695	-1.846568	0.833823	-1.834211	0.100000	-0.099433	0.106752	0.113639	
-0.018513	-0.017033	-0.014551	-1.864343	0.816457	-1.848028	0.100000	0.186605	0.074287	-0.011558	
-0.023352	-0.005710	0.021178	-1.886950	0.810420	-1.826111	0.100000	0.121205	0.080574	0.047087	
0.023347	-0.006898	0.042322	-1.862848	0.803198	-1.783059	0.100000	-0.048792	-0.049175	0.089180	
-0.020512	-0.017450	0.041370	-1.882615	0.785427	-1.740976	0.100000	0.069837	0.141685	0.144045	
0.002020	-0.005326	0.007317	-1.879842	0.779787	-1.732963	0.100000	0.125206	0.074375	-0.097967	
-0.048588	-0.000828	0.025619	-1.927679	0.778648	-1.706651	0.100000	-0.022934	-0.173091	-0.097885	
-0.024785	0.019060	0.025415	-1.951692	0.797396	-1.680554	0.100000	-0.146705	-0.029402	0.126769	
0.068022	0.006908	-0.003530	-1.882890	0.803986	-1.683412	0.100000	0.050774	0.023383	-0.048271	
-0.016149	-0.000956	0.034749	-1.898286	0.802708	-1.647990	0.100000	-0.050771	0.046403	0.077494	
-0.012503	-0.004052	-0.002346	-1.910030	0.798335	-1.649677	0.100000	0.074481	0.242361	0.048436	
-0.001112	-0.023930	-0.039248	-1.910378	0.774086	-1.688265	0.100000	-0.131872	0.006332	0.249247	
-0.064547	0.014716	-0.008434	-1.974161	0.788493	-1.696024	0.100000	-0.237080	0.036866	0.091976	
0.055283	-0.006779	0.026729	-1.918088	0.781399	-1.668616	0.100000	0.135383	0.035972	-0.070684	
0.024820	0.012224	0.038115	-1.892502	0.793310	-1.629834	0.100000	0.025666	0.019780	0.031215	
0.030754	-0.000627	-0.000918	-1.860990	0.792365	-1.630100	0.100000	-0.030106	-0.094022	-0.056309	
0.034348	0.002240	-0.041525	-1.825898	0.794289	-1.670973	0.100000	0.015338	-0.116300	0.051897	
-0.006169	-0.012813	0.012889	-1.831337	0.781158	-1.657415	0.100000	0.048676	-0.030038	-0.045462	
0.004296	-0.016478	-0.060274	-1.826308	0.764368	-1.717027	0.100000	-0.066427	0.074822	-0.024237	
-0.006668	-0.020210	-0.027047	-1.832246	0.743852	-1.743387	0.100000	-0.075881	0.126660	0.009354	
-0.047090	0.000933	0.017988	-1.878603	0.744488	-1.724702	0.100000	0.034362	-0.046948	0.036615	
-0.008782	0.006389	0.011315	-1.886634	0.750580	-1.712697	0.100000	-0.126403	-0.120088	0.127084	
-0.009490	-0.004717	0.025866	-1.895369	0.745562	-1.686147	0.100000	-0.132607	-0.095269	-0.026425	
0.033433	-0.005734	0.043302	-1.861178	0.739530	-1.642170	0.100000	-0.074960	-0.011363	0.011182	
-0.026631	0.024756	0.005044	-1.887064	0.763990	-1.636469	0.100000	0.122450	0.031142	-0.038921	
-0.013556	-0.016493	-0.044131	-1.899865	0.747192	-1.679946	0.100000	-0.080210	-0.048876	0.125056	
0.051962	-0.016245	0.000545	-1.847143	0.730648	-1.678729	0.100000	0.105641	0.056081	-0.008099	
0.009974	-0.004239	-0.010538	-1.836431	0.726117	-1.688596	0.100000	0.025877	-0.013609	-0.153853	
0.020876	-0.004963	0.013926	-1.814820	0.720863	-1.673995	0.100000	-0.068928	0.011970	0.011943	
-0.019199	0.001972	-0.031793	-1.833293	0.722547	-1.705118	0.100000	0.083492	-0.029078	0.068612	
-0.041375	-0.001987	0.017464	-1.873934	0.720271	-1.686973	0.100000	-0.055830	0.072241	0.206365	
-0.045745	-0.017619	-0.051798	-1.918930	0.702364	-1.738096	0.100000	0.082172	-0.239699	-0.108063	
0.025039	0.015163	0.003432	-1.893124	0.717246	-1.733969	0.100000	0.109862	0.033232	0.101317	
0.045519	-0.010952	0.022356	-1.846848	0.706007	-1.710919	0.100000	0.031339	0.047105	-0.019733	
0.013112	0.000249	-0.008111	-1.832998	0.705974	-1.718346	0.100000	-0.164973	-0.042849	0.084640	
-0.045075	0.009557	0.004504	-1.877340	0.715248	-1.713155	0.100000	-0.071676	0.011563	-0.222385	
-0.024399	-0.007402	0.022352	-1.900988	0.707560	-1.690118	0.100000	0.085082	0.008615	0.039534	
0.030386	-0.010464	-0.012902	-1.869842	0.696813	-1.702344	0.100000	0.068339	0.104156	-0.004313	
-0.018675	0.002022	0.042369	-1.887769	0.698557	-1.659295	0.100000	-0.029973	-0.123275	0.088342	
0.004363	-0.008979	-0.028194	-1.882651	0.689299	-1.686825	0.100000	-0.079697	-0.011830	0.121097	
0.008151	-0.003403	0.022758	-1.873746	0.685620	-1.663393	0.100000	0.106234	0.059352	-0.067829	
-0.001755	0.026996	-0.004822	-1.874752	0.712342	-1.667550	0.100000	0.008776	-0.002192	0.141906	
0.011519	-0.014842	-0.008499	-1.862484	0.697215	-1.675382	0.100000	0.054078	-0.064183	-0.013363	
0.030800	0.011313	-0.041985	-1.830939	0.708250	-1.716696	0.100000	0.108748	-0.142074	0.047566	
-0.001164	-0.020476	0.021332	-1.831370	0.687490	-1.694678	0.100000	-0.113183	0.162212	0.126463	
0.001689	0.002727	-0.089123	-1.828949	0.689942	-1.783123	0.100000	-0.000134	0.026724	0.101464	
-0.000137	-0.008241	0.051963	-1.828355	0.681425	-1.730447	0.100000	-0.236088	-0.066869	-0.055622	
-0.025085	-0.006591	-0.073713	-1.852709	0.674562	-1.803468	0.100000	-0.084738	-0.103913	0.144820	
-0.008566	-0.009415	0.000321	-1.860535	0.664877	-1.802426	0.100000	0.037889	0.075475	0.247560	
0.049865	0.018671	-0.003821	-1.809926	0.683281	-1.805527	0.100000	0.125765	0.134118	-0.011142	
-0.046744	-0.005591	0.030296	-1.855946	0.677417	-1.774508	0.100000	0.096500	-0.000117	0.028047	
0.015192	-0.017981	-0.045928	-1.840012	0.659165	-1.819727	0.100000	-0.174008	0.066098	0.056133	
0.005329	-0.025051	0.003974	-1.833948	0.633850	-1.815025	0.100000	-0.012682	0.152457	-0.084156	
0.028504	-0.006408	-0.037107	-1.804710	0.627189	-1.851406	0.100000	0.119306	0.239513	0.064239	
-0.011896	-0.009851	-0.001968	-1.815884	0.617087	-1.852634	0.100000	0.019473	-0.191859	0.004080	
-0.007073	0.013211	-0.007689	-1.822231	0.630051	-1.859583	0.100000	0.036871	-0.045790	-0.044392	
-0.008055	-0.003579	0.004770	-1.829557	0.626220	-1.854069	0.100000	0.050388	-0.044735	-0.043124	
-0.003716	0.004475	0.011604	-1.832542	0.630445	-1.841723	0.100000	-0.080980	-0.045383	-0.097482	
-0.056727	0.010157	0.003755	-1.888536	0.640350	-1.837231	0.100000	-0.046453	0.011835	0.031484	
-0.046909	-0.009299	0.021244	-1.934690	0.630795	-1.815252	0.100000	0.059914	-0.058777	-0.145555	
-0.004290	-0.006686	0.029022	-1.938206	0.623857	-1.785504	0.100000	0.123647	0.045324	0.072514	
0.023132	0.001040	0.044346	-1.914299	0.624648	-1.740443	0.100000	-0.086141	0.010020	0.093799	
-0.050109	-0.014776	0.040550	-1.963643	0.609623	-1.699197	0.100000	0.116559	-0.251550	-0.002003	
0.012202	-0.000421	-0.026686	-1.950655	0.608957	-1.725204	0.100000	-0.035356	0.118352	0.098547	
-0.043252	0.006588	0.049441	-1.993126	0.615302	-1.675073	0.100000	0.078373	0.157218	-0.080513	
-0.051894	0.020753	-0.036830	-2.044223	0.635808	-1.711233	0.100000	0.011370	-0.160576	-0.107694	
-0.042433	0.000732	0.008412	-2.085838	0.636286	-1.702137	0.100000	0.152406	-0.113180	-0.098068	
-0.040619	-0.001352	0.005111	-2.125624	0.634680	-1.696346	0.100000	-0.081383	-0.088484	0.017694	
-0.022364	0.022448	0.038428	-2.147138	0.656874	-1.657240	0.100000	0.064872	0.217184	0.123331	
0.011416	-0.009611	0.047488	-2.134863	0.647001	-1.609089	0.100000	0.081718	0.078044	-0.095997	
-0.032068	0.023613	0.013581	-2.166077	0.670355	-1.594865	0.100000	0.167031	-0.109027	0.009491	
-0.013695	-0.010713	-0.000612	-2.178906	0.659374	-1.594839	0.100000	-0.085959	0.166610	-0.123891	
0.021166	-0.014305	-0.019889	-2.156868	0.644805	-1.614090	0.100000	0.088951	-0.094596	-0.062091	
-0.002045	-0.001988	0.008083	-2.158051	0.642559	-1.605362	0.100000	0.000644	0.181716	-0.081004	
-0.023465	0.002461	0.037036	-2.180653	0.644762	-1.567684	0.100000	0.018882	0.007049	0.084889	
0.022016	0.004594	0.021347	-2.157765	0.649098	-1.545710	0.100000	0.032273	0.059198	-0.003832	
0.039908	0.016461	-0.024212	-2.116993	0.665300	-1.569304	0.100000	0.079689	0.152202	-0.252463	
0.033934	0.003103	-0.016651	-2.082213	0.668136	-1.585328	0.100000	0.044032	0.064798	0.044169	
-0.032670	0.024401	-0.003684	-2.114050	0.692270	-1.588378	0.100000	-0.041964	-0.128378	-0.227536	
-0.042034	-0.001855	-0.005260	-2.155238	0.690139	-1.593003	0.100000	0.105093	-0.022457	0.033755	
0.024491	-0.001256	-0.006586	-2.129885	0.688606	-1.598952	0.100000	0.052834	-0.060313	-0.102906	
0.051091	-0.001192	-0.015295	-2.077942	0.687139	-1.613607	0.100000	0.213633	-0.074100	0.016770	
0.040347	0.000769	0.024847	-2.036764	0.687633	-1.588114	0.100000	-0.042740	-0.101398	0.129182	
-0.031426	0.016343	0.004810	-2.067375	0.703702	-1.582669	0.100000	-0.141676	-0.030479	-0.087712	
0.016418	0.021291	0.015375	-2.050130	0.724711	-1.566661	0.100000	0.026893	0.062161	-0.040709	
0.020071	0.007815	-0.002701	-2.029239	0.732236	-1.568735	0.100000	-0.021784	0.096337	-0.121967	
0.027750	0.006880	0.038936	-2.000677	0.738822	-1.529172	0.100000	0.092450	0.195321	-0.039870	
0.009106	0.002615	-0.002148	-1.990770	0.741142	-1.530708	0.100000	-0.056258	0.113730	-0.042454	
0.023194	0.005118	-0.009321	-1.966781	0.745964	-1.539417	0.100000	-0.031395	0.119241	-0.187678	
-0.017228	0.016389	-0.000682	-1.983222	0.762054	-1.539484	0.100000	0.241619	-0.026754	0.012859	
-0.014962	-0.029195	-0.008952	-1.997391	0.732554	-1.547821	0.100000	0.170563	-0.032146	-0.082817	
0.018231	-0.019256	0.027291	-1.978362	0.713005	-1.519911	0.100000	0.012600	-0.042285	-0.128923	
-0.020701	0.001649	-0.001648	-1.998272	0.714370	-1.520952	0.100000	0.047152	-0.117949	0.017967	
0.015444	0.018837	0.035208	-1.982028	0.732920	-1.485135	0.100000	0.062878	-0.032606	0.044896	
-0.030078	-0.002571	0.041146	-2.011314	0.730056	-1.443395	0.100000	-0.105117	0.016061	0.018795	
0.025043	-0.005431	0.011847	-1.985466	0.724333	-1.430971	0.100000	-0.095537	-0.003710	0.168591	
0.036117	-0.007973	0.005759	-1.948555	0.716070	-1.424641	0.100000	0.021038	0.063769	-0.003264	
0.008524	-0.002007	0.006418	-1.939252	0.713777	-1.417653	0.100000	-0.034494	-0.073752	0.063809	
-0.021110	0.011080	0.000671	-1.959586	0.724572	-1.416415	0.100000	0.088308	-0.005756	-0.175396	
-0.019622	-0.002040	-0.059100	-1.978425	0.722242	-1.474948	0.100000	0.208250	0.004730	-0.105195	
-0.014673	-0.025200	-0.024361	-1.992307	0.696754	-1.498719	0.100000	0.143344	0.112333	-0.052324	
0.027573	-0.017631	-0.038730	-1.963936	0.678845	-1.536850	0.100000	0.017249	-0.018078	0.023171	
0.010002	-0.011717	0.005675	-1.953149	0.666856	-1.530560	0.100000	-0.079217	0.062781	0.064767	
-0.023132	0.000777	0.052521	-1.975500	0.667366	-1.477427	0.100000	-0.029208	0.054471	0.024202	
-0.055231	-0.018060	-0.027673	-2.029941	0.649039	-1.504509	0.100000	0.250990	-0.050936	0.094411	
-0.002083	-0.007475	-0.019927	-2.031212	0.641305	-1.523834	0.100000	0.025586	-0.112459	-0.165740	
0.021057	-0.012095	0.035854	-2.009343	0.628953	-1.487370	0.100000	-0.025860	-0.172609	0.034402	
0.019387	0.002006	-0.024102	-1.989153	0.630707	-1.510878	0.100000	-0.122213	0.126304	-0.116731	
-0.021020	0.001536	0.038237	-2.009378	0.631992	-1.472036	0.100000	0.148918	-0.245955	0.076509	
-0.016144	0.013500	-0.021810	-2.024718	0.645239	-1.493258	0.100000	0.045481	-0.158873	0.022143	
-0.012499	0.022011	0.010906	-2.036407	0.666992	-1.481754	0.100000	-0.026392	0.084983	-0.033156	
0.002045	0.007207	0.017749	-2.033548	0.673932	-1.463413	0.100000	0.155584	-0.003315	-0.094616	
0.039306	0.021024	0.024717	-1.993429	0.694687	-1.438110	0.100000	0.007363	0.033048	-0.096607	
-0.012286	0.000313	-0.019913	-2.004918	0.694722	-1.457448	0.100000	0.049137	0.014273	0.011368	
0.016771	0.002522	-0.042172	-1.987346	0.696966	-1.499037	0.100000	0.015927	0.028327	0.058331	
-0.017339	0.025199	-0.044947	-2.003890	0.721886	-1.543385	0.100000	0.065602	-0.057322	0.090761	
0.024893	0.014193	-0.038748	-1.978195	0.735790	-1.581516	0.100000	0.042124	-0.020034	-0.103828	
-0.023905	-0.004774	-0.028706	-2.001310	0.730722	-1.609589	0.100000	0.170751	-0.144892	0.172263	
-0.021343	0.001534	-0.006968	-2.021852	0.731964	-1.615913	0.100000	-0.027150	0.157821	0.075711	
-0.034606	-0.007052	-0.006464	-2.055650	0.724619	-1.621731	0.100000	-0.065187	0.006200	-0.015393	
-0.032018	-0.003558	-0.018583	-2.086846	0.720770	-1.639665	0.100000	0.147158	0.013540	0.027497	
0.019060	0.005227	0.022743	-2.066951	0.725709	-1.616267	0.100000	-0.242455	0.007488	0.066068	
0.024465	0.006659	-0.044121	-2.041660	0.732078	-1.659741	0.100000	-0.063965	0.097713	0.194443	
0.008046	0.032347	-0.032468	-2.032797	0.764132	-1.691545	0.100000	-0.204066	-0.022199	0.095018	
-0.055542	0.003595	0.031406	-2.087526	0.767421	-1.659463	0.100000	-0.135326	0.167400	0.007454	
0.029439	-0.007375	-0.027058	-2.057252	0.759739	-1.685858	0.100000	0.247918	-0.036029	0.101703	
0.040290	0.003182	-0.001722	-2.016139	0.762617	-1.686906	0.100000	-0.161536	0.116571	-0.018517	
-0.019018	0.034005	0.011857	-2.034351	0.796317	-1.674374	0.100000	-0.037412	0.072775	-0.193512	
-0.013009	-0.001524	0.004179	-2.046547	0.794474	-1.669525	0.100000	-0.077341	0.006543	0.120315	
0.042820	0.001315	-0.010396	-2.002908	0.795471	-1.679253	0.100000	-0.018960	0.063033	-0.062248	
-0.042324	-0.015441	0.005544	-2.044431	0.779712	-1.673037	0.100000	-0.164049	-0.118138	-0.127462	
-0.011303	-0.005144	0.019734	-2.054916	0.774257	-1.652634	0.100000	-0.083817	0.074590	-0.066139	
-0.031694	0.004459	0.000533	-2.085788	0.778406	-1.651440	0.100000	-0.169112	-0.035335	-0.029860	
-0.015872	-0.008674	-0.022206	-2.100826	0.769422	-1.672985	0.100000	-0.044305	-0.056520	0.073858	
0.000756	0.009313	-0.033700	-2.099229	0.778427	-1.706016	0.100000	0.168418	0.010511	0.018513	
-0.012167	0.005431	-0.029896	-2.110556	0.783547	-1.735230	0.100000	0.029084	0.050746	-0.134555	
-0.019770	-0.009646	0.038180	-2.129482	0.773587	-1.696357	0.100000	0.151374	-0.039513	-0.100717	
0.016895	-0.001811	-0.033743	-2.111735	0.771466	-1.729422	0.100000	0.130531	-0.143665	-0.060202	
-0.020332	-0.028800	0.055569	-2.131223	0.742358	-1.673161	0.100000	-0.010523	-0.103147	-0.003798	
-0.009708	-0.026459	-0.018116	-2.140079	0.715601	-1.690609	0.100000	-0.093334	-0.036236	-0.136476	
-0.043630	-0.004193	0.007257	-2.182853	0.711122	-1.682675	0.100000	-0.159891	-0.134105	-0.184698	
0.000050	-0.010490	0.049618	-2.181930	0.700348	-1.632384	0.100000	-0.154169	0.063434	-0.039566	
-0.039722	0.008479	0.009246	-2.220780	0.708546	-1.622485	0.100000	0.112922	0.049314	0.047075	
-0.010985	0.003747	0.006778	-2.230877	0.712010	-1.615058	0.100000	0.068035	0.164068	0.055899	
-0.018426	-0.004370	-0.008769	-2.248410	0.707355	-1.623181	0.100000	0.002800	-0.061451	0.154225	
0.026646	0.023551	-0.036267	-2.220865	0.730622	-1.658799	0.100000	0.091001	-0.163121	0.059307	
-0.026733	0.012933	0.011496	-2.246710	0.743263	-1.646640	0.100000	-0.007944	-0.096289	-0.148942	
-0.032171	-0.032564	-0.042330	-2.277982	0.710401	-1.688311	0.100000	-0.060885	-0.001920	0.026380	
-0.021165	-0.023073	0.038527	-2.298236	0.687044	-1.649109	0.100000	-0.004321	-0.083252	0.111006	
-0.012569	-0.008800	0.013206	-2.309886	0.677970	-1.635244	0.100000	-0.114080	0.044977	0.008486	
0.006895	0.001524	0.034402	-2.302067	0.679223	-1.600188	0.100000	0.075783	0.033633	0.026308	
-0.016741	-0.003941	0.055536	-2.317887	0.675010	-1.544012	0.100000	0.033765	-0.004777	-0.030952	
0.020870	-0.013858	0.026629	-2.296091	0.660882	-1.516766	0.100000	-0.087082	0.000604	0.075306	
-0.021999	0.003071	0.033428	-2.317171	0.663688	-1.482731	0.100000	0.063300	-0.102223	-0.163728	
0.000334	0.021753	-0.020429	-2.315910	0.685175	-1.502567	0.100000	-0.129344	0.069886	-0.068740	
0.025052	0.021923	0.008053	-2.289932	0.706824	-1.493913	0.100000	0.052480	0.040627	-0.030130	
0.014077	0.021338	-0.060053	-2.274940	0.727879	-1.553369	0.100000	-0.043880	-0.033275	0.058220	
0.036632	-0.010040	0.036898	-2.237398	0.717548	-1.515850	0.100000	-0.130614	0.084638	0.033770	
0.017219	0.002898	0.010326	-2.219284	0.720158	-1.504917	0.100000	0.061950	0.089466	0.035119	
0.005288	0.011520	-0.013384	-2.213108	0.731390	-1.517699	0.100000	0.061229	-0.078767	0.012761	
0.003932	-0.001887	-0.030250	-2.208292	0.729211	-1.547343	0.100000	0.102883	-0.131132	-0.076611	
0.006401	-0.011461	0.015106	-2.201007	0.717458	-1.531618	0.100000	-0.161567	0.086216	-0.081445	
0.019166	0.015649	0.046276	-2.180961	0.732820	-1.484729	0.100000	-0.089623	0.070657	0.106321	
0.044898	-0.020181	0.049230	-2.135190	0.712345	-1.434905	0.100000	0.027325	-0.006037	0.000403	
0.023479	0.008731	-0.019568	-2.110857	0.720792	-1.453899	0.100000	-0.045856	-0.006477	0.118927	
-0.007912	0.008316	-0.051242	-2.117924	0.728820	-1.504560	0.100000	0.002215	-0.021506	0.106692	
-0.044289	-0.014869	0.001118	-2.161367	0.713660	-1.502841	0.100000	-0.048128	0.083606	0.044112	
0.006135	-0.011295	-0.002273	-2.154368	0.702079	-1.504513	0.100000	-0.139220	-0.101684	-0.034184	
-0.012965	0.010310	-0.054164	-2.166472	0.712109	-1.558075	0.100000	0.120286	-0.119369	0.022213	
0.015937	0.002917	-0.011532	-2.149668	0.714741	-1.568984	0.100000	0.315752	0.005521	-0.073553	
-0.015432	0.001756	0.007722	-2.164240	0.716212	-1.560635	0.100000	-0.159790	0.077670	-0.011609	
0.046051	0.019535	-0.024068	-2.117323	0.735460	-1.584079	0.100000	-0.047002	0.052677	0.062980	
0.066913	-0.023176	-0.048596	-2.049563	0.711990	-1.632042	0.100000	0.098589	0.025742	0.108708	
0.001956	-0.017099	-0.008823	-2.046788	0.694607	-1.640212	0.100000	0.112549	-0.076981	-0.118927	
0.000439	-0.020544	-0.028526	-2.045531	0.673786	-1.668081	0.100000	0.110118	-0.046553	0.178391	
-0.021561	-0.002819	-0.017011	-2.066273	0.670697	-1.684425	0.100000	0.024704	-0.052364	-0.068620	
-0.023207	0.021617	-0.002086	-2.088654	0.692045	-1.685838	0.100000	0.098777	-0.080130	-0.079166	
-0.013652	-0.022290	-0.041216	-2.101470	0.669478	-1.726380	0.100000	0.068140	0.100748	0.014444	
0.033001	0.000032	-0.021541	-2.067628	0.669242	-1.747230	0.100000	-0.150409	-0.184562	0.048019	
-0.023705	0.010362	-0.005925	-2.090507	0.679337	-1.752457	0.100000	0.010738	-0.058006	0.070520	
-0.006272	0.024864	0.009144	-2.095942	0.703929	-1.742612	0.100000	0.123360	0.195443	0.048982	
0.036818	0.002686	0.029381	-2.058286	0.706334	-1.712534	0.100000	0.083338	-0.251293	-0.040378	
-0.003166	-0.001415	-0.046098	-2.060629	0.704636	-1.757947	0.100000	-0.029332	0.068525	0.030647	
-0.052561	-0.007124	0.014611	-2.112366	0.697230	-1.742633	0.100000	0.056292	0.002833	-0.084656	
-0.007657	0.005249	0.026111	-2.119179	0.702200	-1.715825	0.100000	0.132113	-0.055777	-0.269813	
0.004074	0.011753	0.013467	-2.114257	0.713672	-1.701671	0.100000	-0.196519	0.057870	-0.016378	
-0.055684	-0.006198	-0.038786	-2.169096	0.707189	-1.739777	0.100000	0.038886	-0.250005	-0.016228	
0.041356	0.011670	0.011417	-2.126873	0.718576	-1.727664	0.100000	-0.009778	0.031148	-0.028680	
-0.013152	-0.013267	-0.002512	-2.139175	0.705021	-1.729485	0.100000	-0.179808	-0.195349	-0.015924	
-0.006587	0.014464	-0.045497	-2.144907	0.719204	-1.774290	0.100000	-0.036699	-0.036644	0.033804	
0.001506	0.000961	-0.018288	-2.142543	0.719878	-1.791869	0.100000	-0.047552	0.090665	0.054891	
0.008884	-0.003770	0.002493	-2.132802	0.715820	-1.788659	0.100000	0.081192	-0.034263	-0.000582	
0.001247	-0.002440	0.009928	-2.130701	0.713094	-1.778016	0.100000	-0.034627	-0.106297	-0.013789	
0.007342	-0.005173	-0.004443	-2.122507	0.707636	-1.781748	0.100000	-0.004738	-0.125941	0.108692	
0.055113	-0.031877	-0.018296	-2.066546	0.675476	-1.799331	0.100000	-0.105765	-0.117111	0.038512	
0.003989	-0.019170	-0.022277	-2.061730	0.656036	-1.820888	0.100000	-0.064938	-0.080327	-0.057883	
-0.038150	-0.001761	-0.016441	-2.099055	0.654013	-1.836601	0.100000	0.129384	-0.098502	0.135215	
0.003016	0.012935	0.010991	-2.095200	0.666686	-1.824876	0.100000	0.051788	0.153598	-0.035363	
0.021132	0.001166	0.026270	-2.073229	0.667586	-1.797876	0.100000	0.073035	-0.010828	-0.052889	
-0.005208	-0.019240	-0.010029	-2.077608	0.648079	-1.807186	0.100000	-0.117865	0.161655	0.004075	
-0.026620	0.008317	0.057139	-2.103397	0.656137	-1.749324	0.100000	0.092600	0.116465	-0.134668	
0.027853	0.006876	0.000087	-2.074703	0.662751	-1.748537	0.100000	-0.042356	-0.096784	-0.091582	
0.064542	-0.005264	0.001163	-2.009331	0.657222	-1.746675	0.100000	-0.107641	0.113166	0.030612	
0.007997	0.011615	0.043346	-2.000530	0.668574	-1.702631	0.100000	0.105695	-0.061568	-0.177707	
-0.007133	-0.008891	0.000774	-2.006863	0.659416	-1.701176	0.100000	-0.135823	-0.112704	0.037108	
-0.004841	-0.009403	0.012244	-2.010901	0.649750	-1.688252	0.100000	-0.279039	0.104879	0.089080	
-0.015387	-0.015674	-0.039883	-2.025484	0.633815	-1.727460	0.100000	-0.028413	0.033193	0.227842	
0.015055	0.000347	-0.021309	-2.009618	0.633909	-1.748079	0.100000	0.086008	-0.100437	-0.030990	
-0.051934	-0.003633	-0.016580	-2.060748	0.630022	-1.763959	0.100000	-0.022948	0.068131	0.019041	
0.033117	-0.003275	0.025369	-2.026807	0.626495	-1.737885	0.100000	-0.030764	0.025106	-0.050515	
0.051067	0.007457	0.034570	-1.974930	0.633701	-1.702620	0.100000	0.024307	0.215489	-0.067545	
-0.031499	-0.003951	0.035845	-2.005639	0.629496	-1.666094	0.100000	-0.014286	0.012707	-0.059313	
0.006396	0.040776	-0.002875	-1.998441	0.670021	-1.668302	0.100000	-0.003722	0.063137	0.074001	
0.008213	0.016700	0.009999	-1.989429	0.686453	-1.657636	0.100000	-0.057302	-0.099584	0.135226	
0.008926	0.013322	0.036484	-1.979707	0.699501	-1.620489	0.100000	-0.008596	0.087897	0.156074	
0.004480	-0.004813	0.019247	-1.974436	0.694409	-1.600594	0.100000	0.012097	-0.167033	0.068821	
-0.000101	-0.002645	-0.037301	-1.973747	0.691486	-1.637255	0.100000	-0.103070	0.069055	0.108680	
0.038965	-0.015020	-0.084165	-1.933992	0.676189	-1.720765	0.100000	-0.031190	-0.093137	0.033507	
-0.008912	-0.002720	0.032417	-1.942131	0.673198	-1.687660	0.100000	0.071980	-0.063909	0.007061	
0.007625	0.018305	-0.002755	-1.933729	0.691234	-1.689740	0.100000	0.104385	-0.167836	-0.159618	
-0.055391	0.006640	-0.000068	-1.988347	0.697598	-1.689132	0.100000	-0.060535	0.126876	-0.137577	
-0.016454	0.004881	-0.021335	-2.004006	0.702200	-1.709792	0.100000	0.019223	0.048865	-0.025271	
-0.012635	0.010097	0.000992	-2.015840	0.712016	-1.708116	0.100000	-0.191392	0.148281	-0.117614	
-0.002846	-0.002120	-0.010901	-2.017880	0.709611	-1.718334	0.100000	0.009497	0.117854	-0.074578	
-0.009350	0.015039	0.019030	-2.026423	0.724366	-1.698617	0.100000	-0.137983	0.037288	-0.047523	
0.002280	0.002369	0.013632	-2.023332	0.726446	-1.684305	0.100000	-0.129470	-0.100666	-0.038489	
-0.022892	0.004866	0.007196	-2.045415	0.731022	-1.676436	0.100000	0.020054	-0.078634	-0.037319	
-0.055186	0.024995	-0.019452	-2.099783	0.755725	-1.695218	0.100000	-0.069560	0.013495	0.063499	
0.040884	0.011139	-0.008498	-2.058059	0.766561	-1.703037	0.100000	-0.008310	-0.264025	-0.151865	
-0.013446	0.021710	0.031967	-2.070682	0.787965	-1.670389	0.100000	-0.049288	-0.091904	-0.021344	
0.004292	-0.000641	-0.021216	-2.065562	0.787009	-1.690937	0.100000	-0.080310	-0.041408	-0.089503	
0.012357	0.002443	0.031153	-2.052379	0.789137	-1.659108	0.100000	-0.100276	0.060743	-0.003892	
0.029138	0.009965	0.041928	-2.022421	0.798786	-1.616516	0.100000	0.049409	-0.004397	0.001904	
0.027700	-0.001051	-0.006816	-1.993912	0.797416	-1.622686	0.100000	0.080718	0.170226	0.010482	
-0.014228	0.027974	0.008348	-2.007342	0.825071	-1.613689	0.100000	0.129303	-0.044553	-0.152105	
0.006110	0.000716	0.046475	-2.000430	0.825457	-1.566569	0.100000	-0.007749	-0.065820	-0.243422	
-0.024343	-0.016823	0.010055	-2.023973	0.808304	-1.555887	0.100000	0.047179	0.062061	0.098415	
-0.021111	0.000527	0.003324	-2.044275	0.808507	-1.551941	0.100000	0.152172	-0.002803	-0.024568	
-0.020777	0.003530	0.007723	-2.064235	0.811714	-1.543597	0.100000	-0.018020	-0.008901	-0.028016	
0.019861	0.006910	0.035984	-2.043549	0.818299	-1.506996	0.100000	0.077748	-0.057452	-0.018039	
-0.008245	0.001730	0.015701	-2.050977	0.819702	-1.490692	0.100000	0.030374	-0.203578	-0.080854	
-0.016073	0.000402	0.016073	-2.066230	0.819776	-1.474023	0.100000	-0.023778	-0.001004	0.093258	
-0.075817	0.000530	0.007150	-2.141220	0.819978	-1.466283	0.100000	0.066449	0.058042	-0.130425	
0.003113	0.017553	0.017967	-2.137252	0.837203	-1.447730	0.100000	-0.181751	0.063425	0.048203	
-0.032484	-0.018573	-0.070756	-2.168880	0.818296	-1.517906	0.100000	0.052313	0.072787	-0.056942	
-0.035054	0.002782	-0.040649	-2.203067	0.820751	-1.557948	0.100000	-0.099287	-0.000076	-0.025539	
-0.007890	-0.010674	0.057733	-2.210076	0.809749	-1.499592	0.100000	0.030716	0.088420	-0.163766	
0.015933	0.002814	-0.021713	-2.193259	0.812239	-1.520705	0.100000	-0.190340	-0.189663	-0.019142	
-0.068289	-0.017102	-0.041674	-2.260671	0.794812	-1.561771	0.100000	-0.097969	-0.204477	0.060747	
-0.013431	0.002390	0.051910	-2.273198	0.796884	-1.509237	0.100000	-0.117250	0.048973	-0.084851	
-0.024205	-0.009164	0.014311	-2.296493	0.787401	-1.494322	0.100000	0.027737	0.074220	0.158449	
-0.057552	-0.006606	-0.029198	-2.353127	0.780481	-1.522923	0.100000	-0.085123	0.091227	0.037660	
-0.000376	0.007145	0.010806	-2.352562	0.787314	-1.511508	0.100000	-0.007122	0.083612	0.108160	
-0.019320	-0.008863	-0.011954	-2.370941	0.778136	-1.522857	0.100000	-0.081224	0.169149	0.125764	
0.049788	0.017333	0.063181	-2.320205	0.795158	-1.459068	0.100000	0.010593	0.119266	-0.094910	
-0.003989	-0.002436	-0.000168	-2.323266	0.792404	-1.458652	0.100000	0.031136	0.022389	-0.067551	
0.043342	-0.014470	-0.030067	-2.278995	0.777617	-1.488135	0.100000	0.102539	0.030386	-0.155274	
0.045240	0.009871	-0.023871	-2.232844	0.787178	-1.511411	0.100000	0.025947	0.106543	0.075520	
0.041742	0.004266	0.030620	-2.190209	0.791129	-1.480187	0.100000	-0.012222	0.047335	0.205683	
0.057593	0.009212	-0.016488	-2.131740	0.800024	-1.496083	0.100000	-0.000560	0.197576	0.070943	
0.031676	-0.022327	0.028349	-2.099211	0.777378	-1.467136	0.100000	-0.058361	-0.072691	0.057536	
0.022797	-0.006628	0.004713	-2.075575	0.770439	-1.461836	0.100000	-0.106582	-0.121098	0.016743	
0.023208	0.015182	-0.034574	-2.051537	0.785314	-1.495826	0.100000	-0.075145	-0.127660	-0.008298	
0.020367	0.002248	0.052820	-2.030350	0.787247	-1.442407	0.100000	-0.103479	0.007405	-0.013097	
-0.029930	0.011251	0.062328	-2.059468	0.798184	-1.379502	0.100000	0.023396	-0.294573	0.081113	
-0.011815	0.005445	0.035994	-2.070459	0.803309	-1.342957	0.100000	-0.143899	-0.129066	-0.185090	
-0.010377	0.019101	0.023945	-2.080008	0.822089	-1.318475	0.100000	0.036088	0.078440	0.138042	
0.035483	0.009699	0.034896	-2.043693	0.831459	-1.283052	0.100000	0.004328	0.195966	-0.031383	
