2536.3076171875	4.792604572051724e-06	-0.0005822014830678293	-3.006841057329656e-05	-0.00027354241174019136	0.00016070993882414072	-0.0979732577085785
2645.832275390625	9.730932551549743e-06	0.0011097190057640105	5.029057620045131e-06	0.019136096341803147	-0.0011137831657044694	-0.06611383027644788
2751.365478515625	-5.687924231727883e-08	1.374186359904892e-09	5.562332359115321e-07	-0.012487772509481354	0.00034274856821285625	-0.137115858937554
2857.206787109375	-1.1309901563607297e-08	1.4210037319348007e-08	-8.094599105696926e-08	-0.00011227914214247277	0.00015935563045458355	-0.09797342721479545
2980.403564453125	-1.0358915008693943e-08	1.3531828974615245e-08	-1.6157304038197663e-07	-8.638515351074507e-05	0.00015864593998000405	-0.09797355384392148
3090.463134765625	-9.926630645751328e-09	1.3366071444648776e-08	-1.8434506127595106e-07	-8.601908178702922e-05	0.00015948194466531277	-0.0979736466150875
3197.40576171875	-9.390092125447798e-09	1.322215968402611e-08	-1.8578187024886346e-07	-8.654642000947023e-05	0.00016001213191333343	-0.09797356126664859
3302.36572265625	-8.921654314090351e-09	1.3070796475206702e-08	-1.7322196786852715e-07	-8.693829333906772e-05	0.00016072480442929526	-0.09797372111820965
3410.67333984375	-8.52180570399884e-09	1.2926772002752236e-08	-1.5346484846587356e-07	-8.724621283267198e-05	0.0001609702350895395	-0.09797360901618209
3514.45849609375	7.869513845511597e-07	-2.739921951562529e-07	2.8780278459022704e-06	-8.992042452858628e-05	5.042537818490946e-05	-0.09798229105436608
3627.25537109375	5.91858342916392e-08	-7.801200029518309e-08	-2.0692144161341906e-06	-7.968796695310684e-05	0.0002330764817784128	-0.09796804348875832
3740.962890625	-4.07578165530713e-09	-8.620133315151843e-08	-7.500284853668796e-07	-7.507154471403954e-05	0.00017763821575711187	-0.0979736994208737
3855.69091796875	-9.099135480247333e-10	-8.596342379881485e-08	-2.25442678465651e-07	-9.686360347860366e-05	0.000177969655825142	-0.09797352955473324
3968.937255859375	-1.2052676065481978e-08	-8.660997419724419e-08	-1.141583431195842e-07	-9.29701843191293e-05	0.0001641269958027654	-0.09797359570182473
4083.9423828125	-1.3665947788854505e-08	-8.707845202423509e-08	-1.075734765588421e-07	-8.79189418570699e-05	0.0001606857595773162	-0.09797370675559297
4193.204833984375	-1.3944081382386385e-08	-8.71714041662977e-08	-1.0649638070641995e-07	-8.750627708761576e-05	0.00016017250692017458	-0.09797336581469929
4308.474365234375	-1.4021577949872725e-08	-8.722580360170436e-08	-1.0593182594737762e-07	-8.712883797756253e-05	0.00016014112840758462	-0.09797382628541369
4417.869873046875	-1.3987600759687455e-08	-8.720513924718835e-08	-1.0628197494602759e-07	-8.721725219181954e-05	0.0001601514453385417	-0.0979733703116438
4529.50927734375	-1.4000745405806387e-08	-8.721076695767604e-08	-1.0628226277820972e-07	-8.738070462747732e-05	0.0001603941928969014	-0.09797332122484814
4629.906494140625	-1.3966360173711546e-08	-8.723145521222256e-08	-1.0628864389784028e-07	-8.720587461992431e-05	0.00015992720906436912	-0.09797367501054924
4734.224853515625	-1.3977022405824305e-08	-8.723188895879834e-08	-1.0627272575930082e-07	-8.708509325291297e-05	0.000160159288383654	-0.0979733797724901
4834.011962890625	-1.3979253038301905e-08	-8.725501919409256e-08	-1.0628368390682016e-07	-8.752742945305457e-05	0.00016023151027802198	-0.09797366961974052
4924.32421875	-1.3978788790730961e-08	-8.729376236301172e-08	-1.0629657145617924e-07	-8.734095507974308e-05	0.00015999833933530588	-0.09797364793646487
5012.7880859375	-1.3986326568937694e-08	-8.729608939312401e-08	-1.0627848845503943e-07	-8.755565237121499e-05	0.0001601066065320819	-0.09797340719524394
5095.333740234375	-1.3951348818645363e-08	-8.731236268259958e-08	-1.062810635000001e-07	-8.759368504552688e-05	0.00015994301480607603	-0.09797361628108224
5183.870849609375	-1.397196656571336e-08	-8.731580519491385e-08	-1.0630255799921596e-07	-8.780311867795715e-05	0.00015993468908896946	-0.09797365436765773
5258.748291015625	-1.3961602352483189e-08	-8.73286412747083e-08	-1.0630097475340816e-07	-8.763352550790583e-05	0.0001599170402164136	-0.09797334025732721
5340.715087890625	-1.3952703026998104e-08	-8.733419734881462e-08	-1.062919153498705e-07	-8.790090686024348e-05	0.0001600809839838105	-0.09797358875863786
5423.841552734375	-1.3961255585878007e-08	-8.735370370671045e-08	-1.0628974167618809e-07	-8.77436041341673e-05	0.00016007674990753629	-0.09797347301197769
5493.910888671875	-1.3960647862150717e-08	-8.738248501061832e-08	-1.0629950499676138e-07	-8.788534625104512e-05	0.00015987195672203795	-0.09797352022588719
5550.71875	-1.3961152015885298e-08	-8.738511953565242e-08	-1.0630095000141211e-07	-8.804083126864426e-05	0.00016011056665618393	-0.09797342424648596
5603.296875	-1.3943750271378933e-08	-8.740251655162077e-08	-1.0630007781729576e-07	-8.797965389787514e-05	0.0001602165150177146	-0.09797360683531003
5651.261474609375	-1.3953909513958275e-08	-8.741249005449797e-08	-1.062755577596606e-07	-8.825270826463442e-05	0.00016000726756897562	-0.0979735612396318
5700.381103515625	-1.3947940646058614e-08	-8.742705663832121e-08	-1.0629436707163239e-07	-8.793130375895169e-05	0.00016015259508131308	-0.09797354350888673
5751.005859375	-1.3953630603706826e-08	-8.745353300860782e-08	-1.062997367612624e-07	-8.810385027463707e-05	0.00016003029313834964	-0.0979736739529439
5801.61962890625	-1.3955616061812482e-08	-8.744789915850733e-08	-1.0629997666839154e-07	-8.832586503585133e-05	0.00016029007930981872	-0.09797350438100322
5852.299560546875	-1.3941949448506356e-08	-8.74725385518831e-08	-1.0630732633479162e-07	-8.819989866155979e-05	0.00015963412843166444	-0.09797374857939085
5899.787841796875	-1.3941278936387358e-08	-8.748835824130996e-08	-1.0630278418656436e-07	-8.837221028190947e-05	0.00015997812738402728	-0.09797346209723476
5946.72119140625	-1.3934045401084337e-08	-8.750435583762804e-08	-1.0629466328905503e-07	-8.8578185066933e-05	0.0001602502257360767	-0.09797362207214518
5995.802490234375	-1.393663911861004e-08	-8.751043349204511e-08	-1.0630561938552352e-07	-8.837072637146941e-05	0.00016002983830275873	-0.09797353586173989
6047.801025390625	-1.3929618495738414e-08	-8.753019733493206e-08	-1.0628688525532667e-07	-8.846257492506508e-05	0.00015974194211013066	-0.0979734786978191
6105.1875	-1.3928084449722135e-08	-8.754577324489641e-08	-1.0631007430970524e-07	-8.840988875537737e-05	0.00015987352282870464	-0.09797356625861925
6161.43310546875	-1.3933822231861525e-08	-8.755324305588296e-08	-1.0629089493902423e-07	-8.870616926570145e-05	0.00015987278280255553	-0.09797379403169039
6215.8935546875	-1.3916018258238192e-08	-8.757177768801429e-08	-1.062992792187298e-07	-8.874164760792513e-05	0.00016012074617252652	-0.09797327951954668
6272.041259765625	-1.3931838353916931e-08	-8.757696442819986e-08	-1.0629274355483067e-07	-8.876423044091775e-05	0.0001602949567534737	-0.09797349699148664
6326.270263671875	-1.3925184896997933e-08	-8.758898434869286e-08	-1.0630472261850515e-07	-8.881131505899288e-05	0.0001598290211961824	-0.0979735114951726
6387.821533203125	-1.3905421036308257e-08	-8.758874389282708e-08	-1.0631215587849494e-07	-8.856896198031866e-05	0.00015988767927992164	-0.09797328079374555
6443.833984375	-1.3926700068589226e-08	-8.760998284079106e-08	-1.0629247530658846e-07	-8.873611433856081e-05	0.00015988873359852384	-0.09797341631391795
6491.33935546875	-1.390148797123099e-08	-8.761175717551046e-08	-1.0630857443709582e-07	-8.892372126905874e-05	0.00015974808931411362	-0.09797349330779312
6537.003173828125	-1.3915733064433912e-08	-8.764881661169413e-08	-1.0629340491739574e-07	-8.897665010501257e-05	0.0001599325328663185	-0.09797338368836686
6578.05224609375	-1.3934699064137337e-08	-8.765406831566198e-08	-1.0630078609745823e-07	-8.901063087829367e-05	0.00015978200461284886	-0.09797348970985288
6618.919921875	-1.3920882199747993e-08	-8.768465902877407e-08	-1.0629991422237195e-07	-8.927572925250519e-05	0.00015979127315323457	-0.09797348634134262
6660.125	-1.390732929898986e-08	-8.766310571534538e-08	-1.0629310220649535e-07	-8.912285017445054e-05	0.00016015604901099101	-0.09797377508467993
6700.949462890625	-1.3904249487548015e-08	-8.768642394653876e-08	-1.0630340304791883e-07	-8.902708972068982e-05	0.00015991806842283456	-0.0979736753273309
6741.22705078125	-1.3912017277257033e-08	-8.77001626127007e-08	-1.0629062397958054e-07	-8.8984674462872e-05	0.00015978891341452315	-0.09797357415634621
6781.628662109375	-1.3883613314944561e-08	-8.772821591499625e-08	-1.0629411608357986e-07	-8.911985515689171e-05	0.00015979749806035022	-0.0979733964054174
6821.7177734375	-1.390244564397121e-08	-8.771945442234717e-08	-1.0628421237541788e-07	-8.958080624136014e-05	0.00015989406469861108	-0.09797356092935898
6862.20068359375	-1.3906238980406959e-08	-8.774989500135212e-08	-1.0629337959999214e-07	-8.971963241372172e-05	0.00015963704029861453	-0.0979735551951266
6902.307861328125	-1.3919476466485438e-08	-8.775724920677588e-08	-1.0630311467526672e-07	-8.956275571746934e-05	0.00015999531291707391	-0.09797358024870036
6942.31591796875	-1.3892065580407078e-08	-8.776173791890398e-08	-1.0629357432075308e-07	-8.973484926962749e-05	0.00015993772156371204	-0.09797378406074897
6982.60107421875	-1.3892358090431586e-08	-8.777833278988053e-08	-1.0627839880302782e-07	-9.008706316306315e-05	0.00015969715103736622	-0.09797356258044268
7023.107177734375	-1.3883742059351467e-08	-8.779623139572477e-08	-1.0629382970316246e-07	-8.960925700101808e-05	0.00015951036611725963	-0.09797371706177639
7063.1015625	-1.389429341640321e-08	-8.780443283390303e-08	-1.0629623387384274e-07	-8.967779705188803e-05	0.00015977616608062092	-0.09797339595629616
7103.384033203125	-1.397268401625831e-08	-8.786832816593688e-08	-1.0660734120224369e-07	-8.969571481770957e-05	0.00015982068587613876	-0.09797340090955295
7143.65576171875	-1.3856220605577271e-08	-8.785750420371643e-08	-1.0638312550203186e-07	-8.979526629608074e-05	0.00015958833814325266	-0.09797381136622041
7184.063720703125	-2.151291773136557e-08	-9.627671317678508e-08	-1.7859704202295432e-07	-8.98503627323775e-05	0.00016283746402136605	-0.09797386877841875
7224.236328125	-1.3802651104119115e-08	-8.788115167520984e-08	-1.0626880580817514e-07	-8.994599529525133e-05	0.00015688432095325023	-0.09797310307893925
7264.514404296875	-1.3882128880758093e-08	-8.788498508801888e-08	-1.0625324751272737e-07	-9.036519016049119e-05	0.00015955274574893437	-0.09797340449840881
7305.541259765625	-1.3865294784032853e-08	-8.790192085380616e-08	-1.0629114499526714e-07	-9.012012637355202e-05	0.0001597133466767305	-0.09797348139577414
7346.065185546875	-1.0628265913951686e-08	-8.67281204383525e-08	-1.1979822484661757e-07	-9.005519034204881e-05	0.00016034154108215138	-0.09797328692477329
7385.965576171875	-1.3871362263893667e-08	-8.792835701037932e-08	-1.0620927860674042e-07	-9.013260514287725e-05	0.00015913951562371943	-0.09797354891122749
7426.98828125	-1.386179664888548e-08	-8.793490309847669e-08	-1.0624973456703473e-07	-9.040193153947805e-05	0.00015959447226210948	-0.09797319479963695
7467.306396484375	-1.3872761082005683e-08	-8.795729891534302e-08	-1.0629424811021606e-07	-9.049010070978578e-05	0.0001597526737275043	-0.09797346324548667
7507.07080078125	-1.3853217875093615e-08	-8.796390261130766e-08	-1.0626949342058979e-07	-9.046132644988679e-05	0.00015979471183995232	-0.0979735158695596
7548.203857421875	-1.3864701866004308e-08	-8.797044968095434e-08	-1.0627390488311577e-07	-9.037261740108484e-05	0.00015963683811366495	-0.09797373434807533
7588.34130859375	-1.3589217228674299e-08	-8.791011823942134e-08	-1.0768237192347773e-07	-9.067672764252898e-05	0.00015984185740135714	-0.0979736994120084
7628.942138671875	1.9598788604484007e-06	4.2963955897187376e-07	-2.6861149353266088e-08	-9.184642078920916e-05	0.00015006201442955267	-0.09799214307583438
7668.937744140625	-4.282592279062553e-08	9.444960579339953e-07	-1.0133880732632497e-07	-9.135174276401906e-05	0.00016874798287635958	-0.09799216118189043
7709.01611328125	-3.811782347265773e-08	9.443101548735172e-07	-1.0613082743998813e-07	-8.810510676154322e-05	0.00015883103932942935	-0.09797367445073153
7749.0224609375	-3.7707125786588006e-08	9.443941203868151e-07	-1.0776374699778245e-07	-8.935376354468319e-05	0.00015905084308497267	-0.09797388239362129
7789.5166015625	-3.7674141051799995e-08	9.443967118386444e-07	-1.0796596204887554e-07	-8.928219280278007e-05	0.00015914992636056294	-0.09797349780430606
7830.09521484375	-3.7640685071987995e-08	9.443617569908873e-07	-1.0801741125621145e-07	-8.902556849933815e-05	0.00015890637584104126	-0.09797347802415157
7870.927734375	-3.765342216756959e-08	9.443652112880103e-07	-1.080023167338153e-07	-8.852665290816007e-05	0.00015915665922370937	-0.09797334304185672
7910.43994140625	-3.878442242431335e-08	5.14903034575632e-07	-2.51446382728129e-07	-8.572882436007135e-05	0.0001664041251181319	-0.09798848350508205
7951.065185546875	-3.9942406226354585e-08	5.159042726315355e-07	-2.522181532391662e-07	-8.770702049301022e-05	0.00015867006169666882	-0.09797348992265568
7991.26953125	-3.9811908044452524e-08	5.158696280102388e-07	-2.527445548213062e-07	-8.784937762522421e-05	0.00015904696397302958	-0.09797375864775823
8031.50732421875	-3.977197039977516e-08	5.1579316338954e-07	-2.5279595122050583e-07	-8.753065308439911e-05	0.00015920851202824902	-0.0979733854266508
8072.09423828125	-3.409300776297189e-08	3.4051906475901026e-07	-2.327065561870667e-07	-8.93455502956592e-05	0.00015822884053106294	-0.09797955922213288
8114.96923828125	-3.627888670232971e-08	5.7549679253602574e-08	-1.0266353760102464e-07	-8.799436104455266e-05	0.0001522799154893501	-0.09798356568015881
8154.971435546875	-3.732095698548859e-08	5.7305834684998116e-08	-9.879318865865822e-08	-8.80070040722927e-05	0.00015906631035790864	-0.09797357284653732
8194.82666015625	-3.7520608528927537e-08	5.726139968325594e-08	-9.824210235020197e-08	-8.737954629240669e-05	0.0001591674320858067	-0.09797347896599926
8234.97705078125	-3.4577939940863264e-08	5.903098818971254e-08	-1.0938121832248461e-07	-8.738292875516213e-05	0.00015977809202970088	-0.09797329142425681
8274.8759765625	-3.86791015723487e-08	5.730299951598062e-08	-8.844071534979657e-08	-8.74912817981726e-05	0.00015831025550908779	-0.09797344309655281
8314.91064453125	-3.8590703991805634e-08	5.738105372653763e-08	-8.985169845075795e-08	-8.794446756967163e-05	0.00015924423435192896	-0.09797345994338277
8354.9716796875	-3.386161079680124e-08	5.8713300990925105e-08	-1.3883208599022053e-07	-8.751788886629513e-05	0.0001610672776860922	-0.09797361838314972
8395.25927734375	-3.787261795468971e-08	5.7287399582582134e-08	-8.874031483274404e-08	-8.758675613499499e-05	0.000157286198680132	-0.0979734526728989
8435.272216796875	-4.505646952363016e-08	5.0762822603039904e-08	-1.330887898170701e-07	-8.751019348396349e-05	0.00016077172846343222	-0.0979739528783028
8476.22314453125	-3.100038293865702e-08	5.994388357057067e-08	-1.2653068768292488e-07	-8.754323605527313e-05	0.0001587273757541349	-0.0979731167121514
8515.908203125	-4.3759412850255015e-08	5.183103861998875e-08	-1.2692699995275773e-07	-8.742418910503902e-05	0.00015899399189300527	-0.0979738873252477
8556.443115234375	-4.0009254083760355e-08	5.7316050413415776e-08	-7.228687626786727e-08	-8.744566678981863e-05	0.00015652985772426347	-0.09797335987367502
8596.724365234375	-3.9024870781189726e-08	5.7495195063321244e-08	-6.972442453842143e-08	-8.760022320195277e-05	0.00015923619256998724	-0.09797364481542103
8637.418212890625	-3.315033323833246e-08	5.910272853474501e-08	-1.0301417776968884e-07	-8.737903554890132e-05	0.00016043353614496737	-0.09797348026602486
8677.406494140625	-3.446859913799313e-08	5.876841130656321e-08	-1.3224647729130105e-07	-8.742634205615518e-05	0.00016007244387959867	-0.09797386664421408
8718.202880859375	-3.7240960566271326e-08	5.775509603009441e-08	-7.973175552050435e-08	-8.726469317408758e-05	0.00015702313895554098	-0.09797350583237403
8759.378662109375	-4.2015199622050954e-08	4.920829426592078e-08	-1.5386365671267108e-07	-8.811302740120087e-05	0.00016167113749813845	-0.09797392687450664
8799.4970703125	-3.931989399273201e-08	5.7260906823985123e-08	-7.897232346647246e-08	-8.698654290123936e-05	0.0001558658673084908	-0.09797315543610662
8839.064697265625	-3.2357436666596893e-08	5.966782125067523e-08	-1.2004717819501647e-07	-8.751731027562264e-05	0.00016086905946724364	-0.09797326074357507
8879.230224609375	-3.8316028665325566e-08	5.7262010284034675e-08	-8.339629368184223e-08	-8.767225527616349e-05	0.00015753569279560692	-0.09797380737506234
8919.060791015625	-3.6209191104026725e-08	5.84738777182906e-08	-1.1645464573512919e-07	-8.749694087784593e-05	0.0001603277175024722	-0.0979736280234162
8959.474853515625	-3.6018835931555735e-08	5.770319054305958e-08	-9.939820479711166e-08	-8.719395162055074e-05	0.00015835483985249518	-0.09797335108263205
8999.866943359375	-4.466993514169673e-08	5.04760649813201e-08	-1.4879883424649018e-07	-8.768295616999388e-05	0.00016076981151949267	-0.09797380071909886
9040.223388671875	-3.13323769475374e-08	5.998965721575778e-08	-1.2619642173104964e-07	-8.75956014093599e-05	0.00015832072992236635	-0.09797304429768251
9079.9345703125	-3.9532986982205777e-08	5.7298944270238084e-08	-8.11795380681695e-08	-8.776170087409225e-05	0.000157106198912161	-0.09797337374849764
9120.208984375	-3.823410364076478e-08	5.726563857649882e-08	-8.82403947045909e-08	-8.750231361963195e-05	0.0001598288079922382	-0.09797346093584214
9159.9755859375	-3.838105747176535e-08	5.729141998487583e-08	-8.367593513219695e-08	-8.751164133872828e-05	0.0001590242510049321	-0.09797360143434222
9200.446533203125	-3.8931100031328386e-08	5.72510254122046e-08	-7.84120026110295e-08	-8.723827952925965e-05	0.0001588783242238339	-0.09797368329800087
9241.041015625	-3.8205570187831336e-08	5.734018091896266e-08	-8.141896425983539e-08	-8.740793120280672e-05	0.00015936467076614025	-0.09797378285839234
9280.956787109375	-3.957530759698391e-08	5.725970025885786e-08	-8.009243224580322e-08	-8.786735368857081e-05	0.0001589536333301756	-0.09797356924772188
9320.853759765625	-3.233729066769825e-08	6.01455244518292e-08	-1.1514445867857531e-07	-8.761781234209978e-05	0.00016054368260061476	-0.0979732978197905
9361.06396484375	-3.82772473573475e-08	5.734769268554714e-08	-8.066436226155462e-08	-8.747581190375842e-05	0.000157815562333535	-0.09797386505865685
9401.3212890625	-3.877666929070405e-08	5.7464903658633395e-08	-7.587059934286305e-08	-8.760854122179438e-05	0.00015879817578632084	-0.09797373851478426
9441.9921875	-3.591294949209106e-08	5.822052709939938e-08	-9.465803134471098e-08	-8.740280157769453e-05	0.00015984347580417382	-0.09797358707900902
9482.927001953125	-3.489256480740497e-08	5.908396910216789e-08	-1.0411276351827453e-07	-8.75508138550774e-05	0.00015927751110426336	-0.09797381508271177
9523.022216796875	-3.124677382017056e-08	6.008918260008047e-08	-1.256149161984921e-07	-8.767415514766654e-05	0.00015984725757411413	-0.09797351808302444
9563.517578125	-3.344379980139991e-08	5.87176713630498e-08	-1.0837760429778959e-07	-8.766740682655123e-05	0.0001585342394222593	-0.09797399619995321
9603.752685546875	-3.983276703834681e-08	5.726344465263876e-08	-7.825355312683409e-08	-8.771715699768098e-05	0.00015787286246488337	-0.09797341758653642
9643.780029296875	-3.8372784174102705e-08	5.7266910940013855e-08	-8.683132850993361e-08	-8.736707827911639e-05	0.0001592135010997634	-0.09797347429120735
9683.6826171875	-3.524423123766244e-08	5.8634826157043574e-08	-1.2584751951506745e-07	-8.718670627521338e-05	0.00016035081657738814	-0.09797370010204398
9723.89453125	-3.063406593989025e-08	6.033779117263348e-08	-1.2865425693029018e-07	-8.773210116232322e-05	0.00015916498886989146	-0.09797374266776496
9764.16748046875	-3.470806391169696e-08	5.823377835344212e-08	-9.379172682994006e-08	-8.735152511467314e-05	0.0001578335737414478	-0.09797312957070094
9805.0185546875	-3.783777326512779e-08	5.7335182032068114e-08	-8.51049035734934e-08	-8.774164593464275e-05	0.0001586947741419605	-0.09797384632057556
9845.32666015625	-3.25204785445788e-08	5.994967582543635e-08	-1.1512142153267652e-07	-8.746375742775479e-05	0.00016031949853095994	-0.09797334285067667
9885.7939453125	-3.778213591733044e-08	5.767143301594326e-08	-7.93852483823242e-08	-8.748682596644712e-05	0.0001576886286498167	-0.09797376257338447
9925.758056640625	-3.6283819025522255e-08	5.807285487548941e-08	-9.420970517311228e-08	-8.779019936013696e-05	0.00015972236913316815	-0.09797319559433958
9967.089111328125	-3.9121242081883675e-08	5.727862403864227e-08	-8.70782761184975e-08	-8.745894969978338e-05	0.00015873843429770707	-0.09797380072088543
10008.056640625	-3.711237158179375e-08	5.843048352432189e-08	-1.0403796638817751e-07	-8.752667583584867e-05	0.0001597608379263192	-0.09797335728846404
10047.544189453125	-3.9438837827943046e-08	5.72502213827782e-08	-7.873528514500926e-08	-8.763828022713088e-05	0.00015805019594717552	-0.09797345462289396
10087.65966796875	-3.078380388986188e-08	6.018463091445232e-08	-1.2850822126881116e-07	-8.744322494998875e-05	0.00016114216477325938	-0.09797363323126457
10128.058349609375	-3.621321410014157e-08	5.763954149874573e-08	-9.887895189992511e-08	-8.721262011430456e-05	0.0001577996063816876	-0.09797373407295641
10168.480224609375	-3.9380294344773446e-08	5.7265726114832154e-08	-7.626640233864061e-08	-8.75292215294294e-05	0.00015828673833070996	-0.09797370435903872
10208.864990234375	-3.9988936313979094e-08	5.727459009216496e-08	-7.690708061839652e-08	-8.747896445734663e-05	0.00015893616180240235	-0.09797343061656069
10249.088134765625	-3.834913951042096e-08	5.744301514795008e-08	-9.158666108723084e-08	-8.733975093839104e-05	0.0001596179383069478	-0.09797337565257401
10289.36474609375	-3.0480793101624145e-08	6.023515152295743e-08	-1.295447937924322e-07	-8.766407062675295e-05	0.00016077100494798151	-0.09797318264140849
10329.59619140625	-3.1028946540162296e-08	6.021123391448249e-08	-1.2706814317777718e-07	-8.761584070987075e-05	0.00015919325778337762	-0.09797361807884408
10369.8896484375	-3.506789408342243e-08	5.822672415524791e-08	-9.161912226301695e-08	-8.713776415990872e-05	0.00015788243994573338	-0.09797362599844983
10410.423095703125	-3.72686028359231e-08	5.772987290271435e-08	-8.100733685077897e-08	-8.750578550543355e-05	0.00015870512330979318	-0.0979736944915958
10450.549560546875	-3.95062817650989e-08	5.7227770649043324e-08	-7.846822893893435e-08	-8.765257429621085e-05	0.00015873299502392447	-0.0979735742089151
10491.00830078125	-3.8777898803102105e-08	5.729552913645401e-08	-8.897849508549974e-08	-8.742423162278753e-05	0.00015934486949704737	-0.09797376852915424
10531.342041015625	-3.3047171332914954e-08	5.9394434652648695e-08	-1.179929395713527e-07	-8.764855465163655e-05	0.0001605052527814054	-0.09797337456718173
10571.503173828125	-3.805386477151651e-08	5.7375125922462356e-08	-8.241428140926176e-08	-8.758683929427823e-05	0.00015763792320668284	-0.0979736770541327
10611.51123046875	-4.4443591478210314e-08	5.059370142502932e-08	-1.479481907864355e-07	-8.747654642991718e-05	0.0001614632163560887	-0.09797387610628829
10652.3212890625	-3.9808574691240837e-08	5.725222956935673e-08	-8.026697807345276e-08	-8.735778327026553e-05	0.00015627289852623686	-0.09797328534296217
10692.64013671875	-3.848834835503181e-08	5.7295746516796484e-08	-8.306052251360248e-08	-8.752295193887349e-05	0.00015958827022701815	-0.09797334839760252
10732.96435546875	-3.9404568771465104e-08	5.724540426152094e-08	-7.971072123081305e-08	-8.766361257649036e-05	0.00015877020835514143	-0.09797352851022022
10773.414794921875	-3.275091796579068e-08	6.003307433781532e-08	-1.1297405228142739e-07	-8.765288370449944e-05	0.00016041392387305446	-0.09797316706686761
10813.74169921875	-3.307064463080347e-08	5.8983416224189e-08	-1.4892309203459521e-07	-8.753074679011426e-05	0.00016048888381096587	-0.09797341617224663
10853.742431640625	-3.385783368593575e-08	5.8297775183922214e-08	-1.0140073415508775e-07	-8.746518624127348e-05	0.00015752861879197313	-0.09797376010924636
10894.21728515625	-3.7059558465010904e-08	5.838383303040678e-08	-1.0688615332660325e-07	-8.763662265209035e-05	0.00015889921040117074	-0.0979736776159805
10934.2861328125	-3.8585779248917054e-08	5.723645990264239e-08	-8.351281107310376e-08	-8.760711886438417e-05	0.00015837297085494092	-0.09797346847004573
10974.41455078125	-3.29818766419978e-08	5.875602999581008e-08	-1.1107486733271977e-07	-8.752392638676375e-05	0.00016026634156696167	-0.09797344309727805
11014.639404296875	-3.499373487683959e-08	5.8244772755458604e-08	-9.123134596528764e-08	-8.736285079386855e-05	0.00015832875293150106	-0.09797352122777211
11054.924560546875	-3.9492466454606405e-08	5.724969238920658e-08	-8.46138975374164e-08	-8.797328882652642e-05	0.00015844900213666076	-0.09797351801208581
11095.7109375	-3.335115132375646e-08	5.8620908832531085e-08	-1.100691640624544e-07	-8.753850216847456e-05	0.000160374867882972	-0.09797342123750148
11136.548828125	-3.4884511789655806e-08	5.8253042907346404e-08	-9.219905047931937e-08	-8.750139743339225e-05	0.00015874020728023734	-0.09797373399711687
11177.494140625	-3.949254046943971e-08	5.7257067128838296e-08	-8.482107641296596e-08	-8.788491095993495e-05	0.000158401851451507	-0.09797360938420305
11217.453857421875	-3.3537523271925795e-08	5.856428801448808e-08	-1.096107606998615e-07	-8.756126025975865e-05	0.00016038311630825106	-0.09797339573612787
11257.496826171875	-3.489962247875244e-08	5.827984078224035e-08	-9.178186729817253e-08	-8.726089719577412e-05	0.00015851615916987716	-0.09797349681498865
11298.330078125	-3.950257791432199e-08	5.726218910734976e-08	-8.466375449705368e-08	-8.779520448633009e-05	0.00015833568743187665	-0.09797374684289954
11338.5771484375	-3.772132080633697e-08	5.73810937206669e-08	-9.02475229758315e-08	-8.751560152643332e-05	0.0001593955008268111	-0.09797340382912854
11378.698486328125	-3.3851380308458633e-08	5.8715627647293563e-08	-1.3844398631078594e-07	-8.741127486918263e-05	0.00016069299765066234	-0.09797366344091417
11419.65185546875	-3.4264888916237915e-08	5.890897587322388e-08	-1.355254958404402e-07	-8.753182762060056e-05	0.0001591423992576968	-0.09797348060128627
11459.9111328125	-3.179313755944941e-08	5.921629920149993e-08	-1.141009997477344e-07	-8.769067376027664e-05	0.00015871742502146375	-0.09797370868486154
11500.302490234375	-3.397826949731671e-08	5.8536969492521485e-08	-1.0788880974270032e-07	-8.747091522970452e-05	0.00015889690083568375	-0.09797370750108933
11540.969970703125	-3.409225026855819e-08	5.889000565849845e-08	-9.869427234565177e-08	-8.771405019619282e-05	0.0001585751170950105	-0.09797360920014224
11582.260498046875	-4.694511042303517e-08	4.8164725893740226e-08	-1.649297989378867e-07	-8.771844485118676e-05	0.0001614657551608303	-0.09797422167640629
11622.32080078125	-4.537019442689971e-08	5.015524496565705e-08	-1.4155845840145732e-07	-8.777111009442572e-05	0.00015805524271270816	-0.09797326469498133
11663.364013671875	-3.407989064203243e-08	5.8266697375314384e-08	-1.0051587388071318e-07	-8.703381337802076e-05	0.00015734381330796376	-0.09797310526907502
11704.00390625	-3.2612728667663915e-08	5.8927818657215575e-08	-1.4798719215465852e-07	-8.735360179803262e-05	0.0001605030393594056	-0.09797351528917107
11744.532958984375	-3.416431092237347e-08	5.8295939817087605e-08	-1.0769049986102321e-07	-8.776588266332295e-05	0.00015759869300446396	-0.09797355427251195
11784.379638671875	-3.176861067504353e-08	6.045955004649917e-08	-1.1543467109632706e-07	-8.746354961934765e-05	0.00015945001670253665	-0.09797322707362513
11825.19091796875	-3.286623348658278e-08	5.955593636666413e-08	-1.1763980013377303e-07	-8.760231790579706e-05	0.00015913138369129804	-0.09797326380823806
11864.906494140625	-3.847953865828261e-08	5.72490170182916e-08	-8.764541532597797e-08	-8.780396991960717e-05	0.00015763407939777219	-0.09797357415608411
11905.3984375	-3.789138440376951e-08	5.738621782169719e-08	-8.710790004754614e-08	-8.771003103713902e-05	0.00015928038531888954	-0.09797374379183409
11945.555908203125	-4.591787234701637e-08	4.8391813740739257e-08	-1.7562029507205933e-07	-8.752958255701399e-05	0.00016245281163297008	-0.09797374987855222
11986.654052734375	-3.490452067707174e-08	5.873174410539814e-08	-1.28730535989688e-07	-8.706439481341825e-05	0.00015755166683144723	-0.0979730652757441
12026.253662109375	-3.820292632599764e-08	5.7274145782876664e-08	-9.04024222769821e-08	-8.738283040807019e-05	0.0001574564576473708	-0.09797356467900128
12067.42333984375	-3.303148730710313e-08	5.890853257302214e-08	-1.4646257661464906e-07	-8.754195807144644e-05	0.00016100438676649038	-0.09797343891550879
12108.50634765625	-3.39406965386526e-08	5.877313100860605e-08	-1.130206649126308e-07	-8.769381321881698e-05	0.0001579212596819138	-0.09797365889482823
12149.304443359375	-3.8340043775235955e-08	5.7380425286386314e-08	-9.284040729358744e-08	-8.771714367660348e-05	0.00015815013902459443	-0.09797367696990775
12190.062744140625	-3.8860517865739837e-08	5.7274883708911845e-08	-8.659220385738895e-08	-8.75417872885494e-05	0.00015909311991526515	-0.09797330439505947
12230.388671875	-3.9436130446872406e-08	5.730337160902585e-08	-7.639622786926685e-08	-8.756319448375415e-05	0.00015875950813247597	-0.09797358594255612
12270.66845703125	-3.8493511017863495e-08	5.7409475320316286e-08	-9.168665824114357e-08	-8.785718893949087e-05	0.00015946273941663244	-0.0979734042773436
12310.718017578125	-4.5585317080791246e-08	5.017979579749577e-08	-1.3910280791370303e-07	-8.748312073078753e-05	0.00016123473403111707	-0.09797388001794069
12351.41357421875	-3.386277817873764e-08	5.9555129920339444e-08	-1.0767881143098896e-07	-8.751332093174633e-05	0.00015801926953272808	-0.09797298470306023
12391.13720703125	-3.84408436291894e-08	5.7266182872519934e-08	-8.59179928785857e-08	-8.759401373529048e-05	0.00015800271848195725	-0.09797358068572037
12431.48388671875	-3.84888206404875e-08	5.7389986945290386e-08	-7.896115368491792e-08	-8.762687566453232e-05	0.00015881249621356856	-0.09797344603556038
12472.514404296875	-3.3805406490030035e-08	5.873549835603137e-08	-1.3846752288843209e-07	-8.769781978991623e-05	0.00016144408053876027	-0.09797356803284413
12512.559814453125	-3.465684506819066e-08	5.881409783626623e-08	-1.3162309184881553e-07	-8.745872849905679e-05	0.00015889090280950914	-0.0979737248523584
12553.89794921875	-4.6608545773946605e-08	4.8124301886681734e-08	-1.753151372773637e-07	-8.759604912119292e-05	0.00016062801450962474	-0.09797379280439128
12594.537109375	-3.1447213429297317e-08	5.979857202095459e-08	-1.245714600201451e-07	-8.746582056130702e-05	0.000157359699564817	-0.097972949677415
12635.328857421875	-3.155911381057882e-08	5.913390823491416e-08	-1.154871264930349e-07	-8.760022520495001e-05	0.00015911947841987063	-0.09797365942871347
12676.135498046875	-3.446461971681598e-08	5.9519829154903256e-08	-1.0116441530526541e-07	-8.715378979912406e-05	0.0001584690485930374	-0.09797349150209769
12717.316650390625	-3.535241835048591e-08	5.774894440395158e-08	-1.0102540704682352e-07	-8.750392919989393e-05	0.00015928287507718501	-0.09797361088127049
12757.9658203125	-3.999245549521581e-08	5.7280570837916375e-08	-7.776107380452912e-08	-8.755243165002867e-05	0.00015794106434837609	-0.09797365403371654
12798.741943359375	-5.1466749626340786e-08	6.14895891140489e-08	-8.375400178223742e-08	-9.014049739459364e-05	0.00015762296824336383	-0.09797335317848674
12838.9296875	-3.667745262230929e-08	5.754603851588768e-08	-1.0136527428735141e-07	-8.455145575327236e-05	0.00016153427203874547	-0.09797350225133927
12879.498046875	-3.741053085940696e-08	5.7321662809026804e-08	-9.884143903533433e-08	-8.803127217765412e-05	0.00015931925092616315	-0.09797366506586355
12919.88671875	-3.758312576140481e-08	5.730518729838757e-08	-9.839781817042224e-08	-8.74859589983155e-05	0.0001591474780236791	-0.09797341307111729
12959.819580078125	-3.769412348445605e-08	5.731410707955592e-08	-9.36803586234651e-08	-8.733113278845059e-05	0.0001587729466657525	-0.09797374524641621
13000.182373046875	-3.8627695899194155e-08	5.734960225759409e-08	-9.081320542551651e-08	-8.773546290975057e-05	0.00015886492223414383	-0.0979733509560155
13041.106689453125	-3.4898014248050426e-08	5.873894346552904e-08	-1.294157529456854e-07	-8.743349770279493e-05	0.00016069923599981614	-0.09797378086353437
13080.6435546875	-3.921797806204915e-08	5.729404466824107e-08	-8.606627326475374e-08	-8.743869716831486e-05	0.00015721928373724063	-0.09797374280470685
13120.48095703125	-3.827763115200648e-08	5.739358409504736e-08	-8.190331967328825e-08	-8.723575496350259e-05	0.00015906323196001343	-0.0979732133621648
13160.90625	-3.021268802645726e-08	6.043708399732015e-08	-1.3144800863503244e-07	-8.734880404114451e-05	0.000160739715617174	-0.09797344412803854
13201.289306640625	-3.8074342630255554e-08	5.732620083308543e-08	-8.735279497331358e-08	-8.743357811413983e-05	0.0001574404317716981	-0.09797356857072963
13240.96728515625	-3.705474278485351e-08	5.742840477373925e-08	-9.95849191605392e-08	-8.784488280344566e-05	0.000159298463534855	-0.09797369782519916
13281.060791015625	-4.503100556759635e-08	4.9989902932795134e-08	-1.5401102602741417e-07	-8.76474989263684e-05	0.0001609043724300673	-0.09797413299048138
13321.30078125	-3.31397585841377e-08	5.978753453183332e-08	-1.1181266851273735e-07	-8.706685125279801e-05	0.00015740386791217566	-0.09797315586230117
13361.778564453125	-3.2210142146354615e-08	5.911593638523214e-08	-1.5453682709565205e-07	-8.780004588588479e-05	0.00016070674389997823	-0.09797362874467008
13402.201904296875	-3.2288549235651134e-08	5.9102750065995907e-08	-1.1269991422166704e-07	-8.740726552486724e-05	0.00015772909755192087	-0.09797372332003508
13442.29541015625	-3.453696709391493e-08	5.825727373468732e-08	-9.893080731237874e-08	-8.742947354772136e-05	0.00015868217390435844	-0.09797332216302597
13482.893798828125	-3.899217472137758e-08	5.7346164798937605e-08	-8.213629370645534e-08	-8.754842185107036e-05	0.00015822202803120907	-0.09797348434339741
13523.129638671875	-3.239156302237678e-08	5.905523542947915e-08	-1.1236916774154839e-07	-8.743219813381019e-05	0.00016051067701006974	-0.09797333307219974
13564.01904296875	-3.941743738557787e-08	5.728652048953281e-08	-8.547144594954409e-08	-8.769352753655978e-05	0.00015780836023130275	-0.09797376470716172
13605.203369140625	-3.855813888472207e-08	5.738662624549534e-08	-9.212697531999553e-08	-8.760028483473875e-05	0.00015926846796176773	-0.09797366023578276
13646.085205078125	-3.992858487804902e-08	5.728027191805874e-08	-7.560440468095646e-08	-8.731824958373621e-05	0.0001586122078209785	-0.09797364523308412
13686.268798828125	-3.5337970175088135e-08	5.7844728953965866e-08	-9.316314667312439e-08	-8.750243428426407e-05	0.00016005306129412492	-0.09797349533909605
13726.9990234375	-3.921551398628095e-08	5.73068078428218e-08	-8.605799696129708e-08	-8.775748313545205e-05	0.00015858648779473814	-0.09797384184596405
13766.603271484375	-3.268122284838864e-08	5.888608428730419e-08	-1.1219364735909698e-07	-8.754708371718529e-05	0.00016023423882657997	-0.09797379616381094
13807.441162109375	-3.7199291951680795e-08	5.844634427148822e-08	-1.0174701490392858e-07	-8.773702344564129e-05	0.00015866938224883283	-0.0979734708298027
13847.542724609375	-3.962667777517182e-08	5.7257195695646375e-08	-7.828738711457629e-08	-8.755145353950289e-05	0.00015841629242656263	-0.09797385907354292
13887.735107421875	-3.827435244370095e-08	5.7334202564105686e-08	-8.79515980856696e-08	-8.725594827209766e-05	0.00015936486999522297	-0.09797381693592547
13927.9560546875	-3.284352006554413e-08	5.9074122534295806e-08	-1.5164419106947156e-07	-8.746462745968976e-05	0.00016146703580601204	-0.09797369148933363
13968.397216796875	-3.6588581792155906e-08	5.8075751025379906e-08	-8.641559209776685e-08	-8.723253406184493e-05	0.00015648587320996594	-0.09797354857357389
14008.258056640625	-3.4618749328063586e-08	5.880258010662437e-08	-1.3225465210676633e-07	-8.743225885358009e-05	0.00016062497984663547	-0.09797366697415517
14049.85009765625	-3.903184510273635e-08	5.726954282331311e-08	-8.68280974445544e-08	-8.773066133895703e-05	0.0001573326462325688	-0.09797373653931774
14089.738525390625	-4.5961129019663183e-08	4.994853151636876e-08	-1.3978423136980015e-07	-8.745985364429623e-05	0.00016150157414444478	-0.09797382807451648
14129.97265625	-3.939511289599078e-08	5.7250121329953845e-08	-8.58652866913004e-08	-8.721670167966554e-05	0.00015685838021855804	-0.09797320065809452
14170.256103515625	-4.009467925948294e-08	5.730085946238085e-08	-7.505805892108629e-08	-8.76272029499544e-05	0.00015865766806813454	-0.09797362463731263
14210.771240234375	-3.529489909004125e-08	5.785031369951598e-08	-9.285532996875049e-08	-8.748173377319783e-05	0.0001601402106505951	-0.09797354079133262
14251.111572265625	-3.973141168782091e-08	5.72432249937238e-08	-8.189145193004113e-08	-8.75421123171501e-05	0.00015849140052202199	-0.09797350507594459
14291.8779296875	-3.603084154331581e-08	5.817714824664318e-08	-8.733079414053686e-08	-8.75333686223454e-05	0.00015932887013832893	-0.09797328561002211
14333.123046875	-3.493615766050511e-08	5.936331197463959e-08	-9.964558287418633e-08	-8.754764909929392e-05	0.0001596229877768836	-0.09797346120194135
14372.494873046875	-3.903100688763747e-08	5.745392982732332e-08	-7.444694714347187e-08	-8.73986040284715e-05	0.00015822502929642405	-0.09797360293424673
14414.054931640625	-3.9413044261575174e-08	5.726768797514042e-08	-7.950663236370904e-08	-8.779080512781789e-05	0.00015929163875462037	-0.09797346732332791
14453.8076171875	-3.9013759985109456e-08	5.740245017620522e-08	-7.970822914939015e-08	-8.746074293448464e-05	0.00015903499518257492	-0.09797357182075304
14494.245849609375	-3.556593576717673e-08	5.7861302947233856e-08	-9.080471998829267e-08	-8.751421258778307e-05	0.00015984687471208196	-0.09797329498337021
14534.24853515625	-4.72108333593058e-08	4.849983462264253e-08	-1.56855797167414e-07	-8.774473441582368e-05	0.00016156772692074484	-0.09797407156584653
14575.301025390625	-3.76470123846426e-08	5.737645576700122e-08	-9.683050544932377e-08	-8.761058730191084e-05	0.00015666389182562236	-0.09797305944583722
14616.165771484375	-3.155807296659615e-08	6.004623731935925e-08	-1.2468172326016242e-07	-8.743276909779829e-05	0.00016015412678978846	-0.09797360533926446
14655.97802734375	-3.2948041247046246e-08	5.980311513034395e-08	-1.1313134924739676e-07	-8.772121648724334e-05	0.00015888041272414636	-0.09797370007741363
14696.271728515625	-3.946274740818873e-08	5.723968861816025e-08	-8.290166783280152e-08	-8.762471056503525e-05	0.00015794903588970885	-0.09797356676328026
14737.0439453125	-3.955615398877828e-08	5.7268372312860916e-08	-8.19883380670453e-08	-8.740829964572646e-05	0.00015898294169242624	-0.09797350279981246
14777.561767578125	-3.912734732069517e-08	5.7502307604449126e-08	-7.351842208682831e-08	-8.752797542564308e-05	0.00015870537672413147	-0.0979733995093049
14818.057373046875	-3.842798484585337e-08	5.7447365639370464e-08	-9.293644551143246e-08	-8.783050206147608e-05	0.00015974915964148495	-0.09797353210719782
14857.96240234375	-3.94565335661241e-08	5.726523037257443e-08	-7.865760024492301e-08	-8.768612091846837e-05	0.00015874290916014478	-0.0979734408801
14898.078857421875	-3.857040396568393e-08	5.7387967684990466e-08	-7.96205664870808e-08	-8.722348181940585e-05	0.00015919821680558403	-0.09797363506655993
14938.603759765625	-3.781477977354319e-08	5.7388761828324847e-08	-9.538739330376948e-08	-8.765991912760543e-05	0.00015957490763925062	-0.0979732918888075
14979.341552734375	-3.538992462625577e-08	5.863367596034176e-08	-1.2455310244680884e-07	-8.753044997981759e-05	0.00016023976042033053	-0.09797308213765205
15020.346435546875	-3.82319264558952e-08	5.740791493143998e-08	-8.023473832876796e-08	-8.762025052922697e-05	0.00015748845591069893	-0.09797319919355861
15060.447509765625	-3.962571515657661e-08	5.7243291535303715e-08	-7.79329811539297e-08	-8.7558608779576e-05	0.00015888966916972173	-0.09797336971088826
15100.425048828125	-3.853919948004254e-08	5.739108264207216e-08	-8.049645497473692e-08	-8.753426651064192e-05	0.00015932836723906455	-0.09797358485899968
15141.3134765625	-3.218671763514751e-08	6.015589525858953e-08	-1.1740304638644522e-07	-8.745104116250246e-05	0.00016064779718342177	-0.09797353799951658
15181.7421875	-3.7572547508041785e-08	5.736642905971065e-08	-9.80535078112883e-08	-8.761950123132705e-05	0.0001582099550121165	-0.0979733684189143
15221.528076171875	-3.336231510778058e-08	5.8889066203230865e-08	-1.4515989292267523e-07	-8.733215003099987e-05	0.0001607475369382971	-0.09797352380117488
15262.45556640625	-3.763715152772421e-08	5.731616599238723e-08	-9.539309280433677e-08	-8.746657531562068e-05	0.0001573394188845683	-0.09797359981003229
15303.0869140625	-4.500900496815087e-08	4.9830998733744174e-08	-1.585022956245857e-07	-8.76367929441357e-05	0.00016145797036559142	-0.09797369572917672
15343.1533203125	-2.938244300194998e-08	6.06817121329217e-08	-1.349187631153668e-07	-8.714256995520751e-05	0.00015823021976547885	-0.0979730801207446
15384.110595703125	-3.3145193794627325e-08	5.875840181880728e-08	-1.4140262244833773e-07	-8.773020643630143e-05	0.0001591468973107983	-0.0979734901955618
15424.3876953125	-3.614535895464117e-08	5.846872071987791e-08	-1.1572636267594392e-07	-8.754667771694714e-05	0.00015822521523651788	-0.0979733148820627
15465.374267578125	-3.291678705901449e-08	5.903448376228191e-08	-1.5006358549635873e-07	-8.768605916440009e-05	0.00016040249841885225	-0.09797352013152587
15505.4970703125	-3.356490369819639e-08	5.918809281189313e-08	-9.782709908081657e-08	-8.723288487808996e-05	0.0001572187018493729	-0.09797347512910466
15545.68505859375	-4.024746606155748e-08	5.742231090720148e-08	-6.421076726902482e-08	-8.73930005186384e-05	0.000157486274686986	-0.09797333051970847
15586.127685546875	-3.9203196425134796e-08	5.729054102171933e-08	-8.820977226645776e-08	-8.77293621945341e-05	0.00015952749117265406	-0.09797370588618814
15627.364990234375	-3.1856789907636726e-08	5.9232199115176084e-08	-1.1402675191614654e-07	-8.739431697931778e-05	0.00016031695515164067	-0.09797356137907062
15667.040283203125	-3.5823031247220974e-08	5.846351629829339e-08	-1.2326556784723118e-07	-8.764323529359715e-05	0.00015950045613266213	-0.09797341391147926
15707.86767578125	-3.8160808969805144e-08	5.742946161344035e-08	-9.378188188513028e-08	-8.751203441144086e-05	0.00015779018651566637	-0.09797367147109422
15749.1416015625	-3.859145396779548e-08	5.733652610585494e-08	-8.324709135047765e-08	-8.739565241048677e-05	0.0001590803038748004	-0.09797326734063143
15789.244140625	-3.795351466727286e-08	5.7347111675181546e-08	-9.191188595451213e-08	-8.732331369389085e-05	0.00015966328824823902	-0.09797367034864307
15829.507080078125	-3.974412762983711e-08	5.7371324969521345e-08	-7.145174102065985e-08	-8.757970629191715e-05	0.00015840642745653858	-0.09797381746907131
15870.15771484375	-3.9636671251128564e-08	5.736448259734275e-08	-7.926138265573087e-08	-8.768242841274748e-05	0.0001592272708701538	-0.09797352764218782
15910.311279296875	-3.7587394171172e-08	5.7446173036837565e-08	-9.778376973711013e-08	-8.76525712772512e-05	0.00016000708706284547	-0.09797350228546606
15950.103515625	-3.048084289498584e-08	6.043664473489787e-08	-1.2971320372725996e-07	-8.7219050477964e-05	0.0001604444810535105	-0.09797338487091185
15990.49951171875	-3.7049622003078365e-08	5.7403452054364725e-08	-9.409100868319669e-08	-8.739940096603794e-05	0.00015756705193099719	-0.09797365907315113
16030.436279296875	-3.8266192281019666e-08	5.740419033537417e-08	-8.02692937876638e-08	-8.761020664423834e-05	0.00015875423200099054	-0.09797340382880945
16070.498291015625	-4.615679412383587e-08	4.8163691736957414e-08	-1.787153341010387e-07	-8.788209952595185e-05	0.00016274663171982008	-0.09797390490091637
16110.3994140625	-3.9427072987943445e-08	5.7253475989611025e-08	-8.582386654998338e-08	-8.725034966466945e-05	0.00015578337792487374	-0.09797296176143155
16151.036865234375	-3.331322826601184e-08	5.833931901154836e-08	-1.0321151920815133e-07	-8.735947330941585e-05	0.00016005059402279733	-0.09797353736490387
16191.383544921875	-3.3016913677534844e-08	5.90033512727446e-08	-1.4882977621344984e-07	-8.765893021862325e-05	0.0001605513430864393	-0.09797359118955899
16231.135986328125	-3.428987010774935e-08	5.825130254145156e-08	-1.0740966767515046e-07	-8.75601354118135e-05	0.00015764938656270176	-0.09797344274908242
16271.577880859375	-3.9784840225059834e-08	5.737000752553416e-08	-7.078165740117724e-08	-8.739295823856424e-05	0.0001579926424634328	-0.09797362711679215
16311.82666015625	-3.8948045192957126e-08	5.7362025264462836e-08	-8.988891643561358e-08	-8.780618155461701e-05	0.00015940182897995344	-0.09797364043292378
16352.08251953125	-3.2477671903520945e-08	5.9124246447918645e-08	-1.5440935081000767e-07	-8.705892035344669e-05	0.00016141509162720947	-0.09797325486667653
16392.091796875	-3.9455362980354584e-08	5.725069013081857e-08	-8.570816713505302e-08	-8.757950515556e-05	0.0001564754508040831	-0.09797376248528161
16432.912353515625	-3.316167638149446e-08	5.8385493735779105e-08	-1.0332856250345748e-07	-8.740367384313943e-05	0.0001599490803640868	-0.09797340714007521
16472.872314453125	-4.013612483469798e-08	5.729717124275376e-08	-7.15873897605692e-08	-8.748960837823679e-05	0.00015766128421642068	-0.09797371119068579
16513.409423828125	-3.2909493988273185e-08	5.89523661429541e-08	-1.4781315112954542e-07	-8.730883061702075e-05	0.00016188177689436558	-0.09797343905235902
16553.73291015625	-3.8689280470282784e-08	5.7417314085226356e-08	-9.012403495286593e-08	-8.749308546285115e-05	0.00015720531468375634	-0.09797327011315173
16594.1474609375	-3.800698573833055e-08	5.7400422677705125e-08	-8.285189963677609e-08	-8.741503326566753e-05	0.00015923036353043127	-0.09797348269507959
16634.513916015625	-3.243589240338972e-08	5.907461891069526e-08	-1.5257664164386333e-07	-8.745771871234264e-05	0.0001613938413418311	-0.09797348844182821
16674.599609375	-3.9326879968143184e-08	5.725939314565525e-08	-8.626884328356833e-08	-8.786246541243309e-05	0.00015668478780626421	-0.09797368934883449
16714.955078125	-3.1396575480007927e-08	5.939000565715551e-08	-1.1490401427248694e-07	-8.76158761557193e-05	0.00016040181759990272	-0.09797351300795165
16755.647705078125	-3.992335284947305e-08	5.727224078080784e-08	-8.052979106977338e-08	-8.764957708327274e-05	0.00015763991523670066	-0.09797362941221781
16796.2392578125	-3.806795743041912e-08	5.7350575196550517e-08	-9.434858065490448e-08	-8.762127570651784e-05	0.00015949841949656105	-0.09797324043261824
16836.08154296875	-3.6890641061180684e-08	5.756733350611644e-08	-8.739503244005067e-08	-8.74534366388e-05	0.00015930407043500858	-0.09797368703871662
16877.123046875	-4.716256766306585e-08	4.8219327134582807e-08	-1.653702871256342e-07	-8.742174168925109e-05	0.0001618624806140444	-0.09797389114780919
16916.671142578125	-3.765343047395667e-08	5.739693365726073e-08	-9.690001441563667e-08	-8.74200311434005e-05	0.00015650786949129018	-0.0979729890152966
16957.378173828125	-4.573781755844412e-08	4.906800683475515e-08	-1.664316774705786e-07	-8.779775865842696e-05	0.00016182907616392393	-0.09797384065320415
16997.663818359375	-3.94341027935691e-08	5.7271278455824725e-08	-7.897521062255748e-08	-8.758496929080075e-05	0.0001558079163429271	-0.097973277590007
17038.2578125	-3.8604800567285655e-08	5.739946483970079e-08	-7.925754083119514e-08	-8.749277359727071e-05	0.0001593000158701657	-0.09797345529978117
17078.378173828125	-3.302420814938548e-08	5.893461120041453e-08	-1.467684584416655e-07	-8.760302171299243e-05	0.00016178606295388088	-0.0979736275466598
17118.69970703125	-3.982316701891198e-08	5.729406979705397e-08	-8.246172195681095e-08	-8.746119820378503e-05	0.00015648574807794688	-0.09797352534780059
17158.6875	-3.692321550891575e-08	5.7565039434820825e-08	-8.745609353589529e-08	-8.739911221368391e-05	0.00015943444679970617	-0.09797381451190786
17198.86962890625	-3.605992373588019e-08	5.8447242126813615e-08	-1.1679665342237804e-07	-8.775363945396028e-05	0.00016008666204886052	-0.09797355830690574
17239.246826171875	-3.9288927383619695e-08	5.725749546893594e-08	-8.401595646891993e-08	-8.774244127784119e-05	0.00015753670838275453	-0.09797344947635774
17279.46337890625	-3.9691688416632957e-08	5.7269839420557815e-08	-7.58962419675848e-08	-8.765965625906469e-05	0.0001588909087062781	-0.09797346608621263
17319.639892578125	-3.5095850331579356e-08	5.789584015011404e-08	-9.236077890924645e-08	-8.767952699098922e-05	0.00015983285651359515	-0.0979736195281164
17359.737060546875	-4.047105532890583e-08	5.729098825663569e-08	-7.446908128470251e-08	-8.754967128700985e-05	0.0001580798068947759	-0.09797353968178396
17399.893798828125	-3.529323414940781e-08	5.786288139051244e-08	-9.23835778976145e-08	-8.741612685630266e-05	0.00016007199855468777	-0.09797358187745255
17440.031494140625	-4.6183541833782163e-08	4.8326949325348015e-08	-1.76677284440507e-07	-8.796352808324476e-05	0.0001618124991686607	-0.09797393657455844
17480.03125	-3.4493057443862514e-08	5.860301461108182e-08	-1.3241608953650703e-07	-8.759971506780796e-05	0.00015723582463641355	-0.0979728760457537
17520.7802734375	-3.742563610849292e-08	5.7568740323469165e-08	-8.481705751112544e-08	-8.743449378297525e-05	0.00015751521062432828	-0.09797359179984208
17561.061767578125	-3.869462752242036e-08	5.7280881460128666e-08	-8.541073618676438e-08	-8.75300422236251e-05	0.00015909389947076202	-0.0979733354905362
17601.0	-3.9602510558589095e-08	5.7275348528925515e-08	-8.157926224970992e-08	-8.780150044321476e-05	0.00015874245586240527	-0.09797359844148604
17641.27099609375	-3.711304641438711e-08	5.743327486554107e-08	-9.960755083736008e-08	-8.775900631634278e-05	0.00015999633942580883	-0.09797342497155126
17681.083251953125	-3.857990981592646e-08	5.7673529219545325e-08	-7.400332527947698e-08	-8.733775008864341e-05	0.00015857463098252044	-0.09797339417257991
17721.5751953125	-3.917185927613626e-08	5.731880576065048e-08	-8.848452587304279e-08	-8.766286760146973e-05	0.0001596070860900888	-0.09797361997271217
17761.872314453125	-3.509812283785975e-08	5.791074321729013e-08	-9.221483243939594e-08	-8.739557813062586e-05	0.00015963025791284656	-0.09797365164019137
17802.31396484375	-4.025962634886678e-08	5.7298136534055086e-08	-7.630401278796296e-08	-8.791562159338603e-05	0.00015810200716955027	-0.09797356844505699
17842.596435546875	-3.509130343059048e-08	5.791718646357809e-08	-9.201322659342534e-08	-8.71533314700985e-05	0.00015999183378908165	-0.09797326805744166
17883.118896484375	-3.806831859089054e-08	5.737238108066001e-08	-9.405110191179941e-08	-8.77551502729781e-05	0.00015901302873391786	-0.09797357676671795
17923.167724609375	-3.805167825176307e-08	5.740280234299161e-08	-8.321935089244328e-08	-8.74418865968165e-05	0.0001588843601093175	-0.0979736014322616
17964.13330078125	-3.847486181075771e-08	5.7395918804066434e-08	-8.101101837734421e-08	-8.73620786466271e-05	0.00015893859219936527	-0.097973484713971
18004.159912109375	-3.87379522293309e-08	5.74336359945379e-08	-9.194250451115358e-08	-8.74496315067767e-05	0.00015931377602274044	-0.09797351634002203
18045.03662109375	-3.700475482338848e-08	5.746861658400893e-08	-9.951516675020498e-08	-8.747841232451815e-05	0.00015934320540998985	-0.09797362119758271
18085.71826171875	-3.971492929363993e-08	5.738587208819366e-08	-7.216159082719979e-08	-8.749978959945527e-05	0.00015809390912719843	-0.0979734255857582
18126.427978515625	-4.073051834714781e-08	5.73274158091821e-08	-6.79637310522531e-08	-8.767147459965558e-05	0.00015890202060398945	-0.09797362002781643
18166.6025390625	-3.934911746314095e-08	5.7336527531439394e-08	-8.733890593727009e-08	-8.785055720776595e-05	0.00015976028160093292	-0.09797342303207178
18207.323486328125	-3.3040105511100766e-08	5.841317984460786e-08	-1.0328551990448668e-07	-8.738996761563832e-05	0.00016027202553187624	-0.09797358728165445
18247.86279296875	-4.616447211108488e-08	4.8632199031429345e-08	-1.7100936702598488e-07	-8.752222489450082e-05	0.0001612578074648594	-0.09797393608954892
18288.791015625	-3.7649203359344255e-08	5.740202738836605e-08	-9.70371142781154e-08	-8.746740164507421e-05	0.00015621582877047688	-0.09797322096613076
18329.049072265625	-4.0096606849031454e-08	5.7309793607036033e-08	-7.159222532192359e-08	-8.713266252967415e-05	0.00015821469489020896	-0.09797358552791784
18369.489501953125	-3.229321488133067e-08	5.912801160822779e-08	-1.5363063589526685e-07	-8.761150481121399e-05	0.00016219031331109215	-0.09797355601822354
18409.6416015625	-3.951564899654193e-08	5.7248528862356495e-08	-8.569507748879627e-08	-8.778053930052869e-05	0.00015640158139305406	-0.09797351358281758
18450.3369140625	-3.9174207769777554e-08	5.726646262891802e-08	-7.849417515246414e-08	-8.741465437076707e-05	0.00015908177217976595	-0.09797329130992921
18490.3740234375	-3.5289426930066974e-08	5.787842477625491e-08	-9.268630870987647e-08	-8.737878027957717e-05	0.000159624151108968	-0.0979734495120361
18530.63525390625	-3.457317458959246e-08	5.810641085587407e-08	-1.0167488442923231e-07	-8.774802080006125e-05	0.0001596041538186822	-0.09797348981704562
18570.923828125	-3.9471427960424835e-08	5.7353266085250044e-08	-7.200077877022208e-08	-8.757671309460275e-05	0.0001579431815448847	-0.09797385846194916
18611.592529296875	-3.877375558822398e-08	5.737316394822587e-08	-9.085149722966776e-08	-8.763105044806732e-05	0.00015926537470441177	-0.09797345451514046
18651.82080078125	-3.892972537641317e-08	5.749169840578382e-08	-7.507015026515657e-08	-8.749273585328505e-05	0.00015836853890573784	-0.09797347514207236
18691.9423828125	-3.401863361974501e-08	5.9297407114645425e-08	-1.3436792115461208e-07	-8.766251296014337e-05	0.00016108428777931893	-0.0979733374744295
18733.14404296875	-3.897571417530014e-08	5.735166049874536e-08	-8.898897313247107e-08	-8.771121919008554e-05	0.00015701199350292715	-0.09797359559051842
18773.705322265625	-3.795527282256539e-08	5.739990262524124e-08	-8.387789855752759e-08	-8.72155378534847e-05	0.00015914441617690287	-0.0979735316796105
18814.01708984375	-3.7151412647513984e-08	5.746092608710697e-08	-9.91280772946999e-08	-8.780177485264499e-05	0.00015928288555965703	-0.09797343396072378
18853.888916015625	-3.847206774304346e-08	5.695462879486028e-08	-9.793448636853945e-08	-8.724319337680713e-05	0.0001590576686150144	-0.09797375720450827
18894.600830078125	-3.4215989478019967e-08	5.868253981059067e-08	-1.3675344082996305e-07	-8.726420197694916e-05	0.00016032285305165	-0.09797341821156215
18934.45263671875	-3.956880999115232e-08	5.72730143633616e-08	-7.831662458094351e-08	-8.733922137680156e-05	0.0001570081034184606	-0.0979736787779167
18974.65478515625	-3.864990739295406e-08	5.741407083784643e-08	-7.785386112206126e-08	-8.742000548256074e-05	0.00015919192009928709	-0.09797345583622052
19014.982666015625	-3.4789457096819034e-08	5.8982570693187036e-08	-9.133064746903268e-08	-8.743947538685794e-05	0.00015967952303285336	-0.09797343987392522
19055.450927734375	-3.726128694879369e-08	5.749577375635771e-08	-8.897477546789181e-08	-8.758702561441547e-05	0.00015927267369795388	-0.09797349296988485
19095.62060546875	-3.711509638818428e-08	5.745196131419973e-08	-9.940617605850556e-08	-8.789602480435406e-05	0.00015919180012838617	-0.09797342993165285
19135.865478515625	-3.9553011882208204e-08	5.727719538568738e-08	-7.684445910583973e-08	-8.733595689396825e-05	0.00015843325829896775	-0.09797359190592367
19176.778564453125	-3.509604625537867e-08	5.7902346279892034e-08	-9.227294351884118e-08	-8.756204722291304e-05	0.00015971799494009345	-0.09797333794407803
19216.748291015625	-3.904851938041381e-08	5.736494671074359e-08	-8.15733561754334e-08	-8.757956181575959e-05	0.00015855622376689037	-0.09797369180031519
19257.728515625	-3.5112215079687334e-08	5.78844935049401e-08	-9.248364515199157e-08	-8.748535276176487e-05	0.00015974625225059256	-0.09797345182231099
19298.553466796875	-3.8490566411605084e-08	5.730183640761628e-08	-8.625123973940308e-08	-8.770305987382902e-05	0.00015879646747662425	-0.09797361009783608
19338.74560546875	-3.991297691235534e-08	5.725577554344676e-08	-7.486867420583948e-08	-8.748975878599441e-05	0.00015878010549809973	-0.09797358735771114
19378.90869140625	-3.539880632961483e-08	5.7760950265141596e-08	-9.322466261973072e-08	-8.742358970110298e-05	0.0001601914903426177	-0.09797306208978114
19419.0595703125	-3.8215839964195644e-08	5.736291668678208e-08	-9.337012219143956e-08	-8.756093662263716e-05	0.0001587244963706743	-0.09797380372631136
19459.76513671875	-3.727942674005129e-08	5.743642082408412e-08	-9.81781902025712e-08	-8.749317728080738e-05	0.00015938607361734843	-0.09797352954713918
19500.212158203125	-3.830467372158904e-08	5.73572744832132e-08	-9.26820878325818e-08	-8.730008189766346e-05	0.00015906166233307188	-0.09797347838332357
19540.025634765625	-3.7383982298404645e-08	5.7426864765467544e-08	-9.729932156521692e-08	-8.752720586847758e-05	0.00015931385576379618	-0.09797341054622402
19581.860595703125	-3.971623151260886e-08	5.7285774676097935e-08	-7.587479743238701e-08	-8.702533350462955e-05	0.00015842206087222772	-0.09797350091830323
19621.484619140625	-3.515645899063873e-08	5.788708776315003e-08	-9.234869940895812e-08	-8.734248880263315e-05	0.00015997796912623968	-0.0979735103020124
19662.40576171875	-3.344728352543347e-08	5.8365019538998943e-08	-1.0282678842476827e-07	-8.752628071924619e-05	0.00015949967675668453	-0.09797356207285793
19727.8818359375	-3.967722032740563e-08	5.724239007764115e-08	-8.232797933671212e-08	-8.787714490653771e-05	0.00015810103539492536	-0.09797355166018851
19768.006103515625	-4.6499971744047485e-08	4.879560187741951e-08	-1.6712794069696278e-07	-8.736491642425358e-05	0.00016233805081863352	-0.09797376648547226
19808.62255859375	-3.349706730467178e-08	5.845071025837244e-08	-1.010091203033465e-07	-8.74123845737573e-05	0.00015679668696733578	-0.09797315429803514
19850.73193359375	-3.272032280168919e-08	5.905441425436121e-08	-1.50953048982617e-07	-8.75791262072794e-05	0.0001604949067630515	-0.09797340139403221
19891.854248046875	-3.9363593831762757e-08	5.7248617338056056e-08	-8.632073972063992e-08	-8.776543043049907e-05	0.00015635987448178436	-0.09797351144956487
19932.16748046875	-4.0143994972113935e-08	5.7301071625216086e-08	-7.483143923366216e-08	-8.759253430531855e-05	0.00015853909995310213	-0.09797325099803514
19971.765625	-3.256633390911639e-08	5.9399808162830835e-08	-1.0338304432547424e-07	-8.768681561233245e-05	0.0001603828754809301	-0.09797353994972176
20013.16357421875	-3.7516413380854904e-08	5.7410752633354656e-08	-9.772065534764968e-08	-8.78353384888344e-05	0.00015852584367229063	-0.09797366631499856
20053.794189453125	-3.814376452452759e-08	5.736800413948358e-08	-9.349773782666095e-08	-8.736369136169775e-05	0.00015901225333634242	-0.097973503513922
20094.650390625	-3.891591793579261e-08	5.7371780115255444e-08	-9.072984360721937e-08	-8.729664549998697e-05	0.00015899420521762854	-0.09797375000427884
20135.265380859375	-3.937065507333491e-08	5.726079126913882e-08	-7.652475276860486e-08	-8.750403751159598e-05	0.0001586732708793829	-0.0979733684540232
20176.07861328125	-3.339592384929157e-08	5.9192257035319584e-08	-1.0028033570795235e-07	-8.73246472992846e-05	0.0001603720797499211	-0.09797340917102522
20217.20166015625	-4.553883102182211e-08	4.964788812762634e-08	-1.5702326359186013e-07	-8.760908947834466e-05	0.00016116217593458769	-0.09797374808738742
20257.46435546875	-3.9318902315983885e-08	5.7255191967660825e-08	-8.644757652885065e-08	-8.737991510274123e-05	0.0001563187976093945	-0.09797333815157788
20297.763427734375	-3.75518166822955e-08	5.730770062246731e-08	-9.833790530006042e-08	-8.782009753232031e-05	0.00015924025593272187	-0.09797357990028291
20338.51708984375	-3.543920539122803e-08	5.87564963891971e-08	-1.1949805114366852e-07	-8.749564111357068e-05	0.00015997019956980754	-0.0979733543956213
20379.7666015625	-3.952332153366199e-08	5.731709256976211e-08	-8.458283615954258e-08	-8.761173414614588e-05	0.00015751658488420258	-0.09797345219947035
20419.707763671875	-3.272628278457278e-08	5.9228082642570826e-08	-1.5415582181260998e-07	-8.745295886310907e-05	0.00016206885167002784	-0.09797333958081644
20460.397216796875	-3.83368863906768e-08	5.734509796703542e-08	-9.254935608629143e-08	-8.754987064681866e-05	0.0001566909080240894	-0.09797362604430769
20500.725830078125	-3.0628030248860574e-08	5.9422600686917204e-08	-1.1824879571628154e-07	-8.732599683838588e-05	0.00016042722246763225	-0.09797334261964456
20541.177978515625	-3.974219909694937e-08	5.7310088761691344e-08	-8.323752244405995e-08	-8.764004594504942e-05	0.00015749455228570327	-0.09797380660648866
20581.3330078125	-3.296468628469644e-08	5.915743980567369e-08	-1.5179216557473362e-07	-8.700510828984874e-05	0.00016209287000695016	-0.09797341410068759
20622.259521484375	-3.940375980343562e-08	5.72534711051775e-08	-8.615999151596974e-08	-8.761016143936755e-05	0.00015658208632483405	-0.09797377061419232
20662.224853515625	-3.9435805509459484e-08	5.7278641332498556e-08	-7.656264184400928e-08	-8.723349104512963e-05	0.0001592319014441124	-0.09797377146742794
20703.185302734375	-3.0745637456255994e-08	6.017820133214817e-08	-1.2822405201560007e-07	-8.744377741756363e-05	0.00016075943494359637	-0.09797351715509865
20744.060791015625	-3.2638369580921916e-08	5.939017727160223e-08	-1.0240153023400369e-07	-8.729811623273384e-05	0.00015827334827795355	-0.0979736983998151
20783.837158203125	-3.0736368924450206e-08	6.02779474813431e-08	-1.286470689252262e-07	-8.746583919812354e-05	0.00015982219040601927	-0.09797357336611821
20824.133544921875	-2.9303772681451955e-08	6.084250567376753e-08	-1.357231277791899e-07	-8.727192030043239e-05	0.00015935547607385443	-0.09797326264637761
20864.8642578125	-3.911227110860219e-08	5.7399874675262227e-08	-8.889588483765188e-08	-8.762491481649567e-05	0.00015712522318613874	-0.09797331738743192
20905.284912109375	-4.0327134533138344e-08	5.728241016052798e-08	-7.313524772690546e-08	-8.737463836782264e-05	0.00015869429624462128	-0.09797350700679797
20945.671875	-4.014589230203905e-08	5.725294857627832e-08	-7.630788486700563e-08	-8.764039592741765e-05	0.00015947211943339738	-0.0979734176142687
20986.38134765625	-3.8767807024525966e-08	5.740152550305373e-08	-7.617298803130279e-08	-8.721797004311285e-05	0.00015956616194191098	-0.09797337717308237
21028.074462890625	-4.0636047698497394e-08	5.73573316632667e-08	-7.042807274487516e-08	-8.759841426874973e-05	0.00015890046459256831	-0.0979737339370615
21067.09228515625	-3.7148763622587055e-08	5.736601981428592e-08	-9.975396067203416e-08	-8.77929768926522e-05	0.00016049058190813434	-0.09797368829003088
21107.210205078125	-3.7585767330419676e-08	5.7418271796926676e-08	-9.733621403704168e-08	-8.760037377115686e-05	0.00015891856477007914	-0.09797346236693022
21147.931396484375	-3.8185396481077684e-08	5.7367120588355456e-08	-9.336355369249002e-08	-8.753309896603039e-05	0.00015876261896617655	-0.09797349579609162
21188.53076171875	-3.9185715248178625e-08	5.731685648697723e-08	-7.547718367768154e-08	-8.758193510900272e-05	0.00015869359459906232	-0.09797355500686226
21228.978271484375	-3.762539939097988e-08	5.7605356520008845e-08	-7.894259180037377e-08	-8.76175705945439e-05	0.00015955026376513807	-0.09797384020384593
21269.347412109375	-3.7609671430614797e-08	5.735189431838483e-08	-9.834347411930104e-08	-8.748730294423496e-05	0.00015950171955385944	-0.09797360623378736
21309.834228515625	-3.399873103489747e-08	5.826361041256362e-08	-1.025647457153974e-07	-8.734907024302149e-05	0.00015953745581327215	-0.09797322071766815
21350.747314453125	-3.8662134371184e-08	5.7404385750231325e-08	-8.055614667563415e-08	-8.748754400660177e-05	0.00015814050476019932	-0.09797346168775287
21390.700927734375	-3.252988306247111e-08	5.912011405582115e-08	-1.5266010847555247e-07	-8.75883661051914e-05	0.0001616580796779576	-0.09797364546499575
21431.0478515625	-3.505073369298951e-08	5.7896810118829595e-08	-9.206368017516674e-08	-8.748505779936789e-05	0.0001571173612146347	-0.09797322761162104
21470.90673828125	-3.8109049039850855e-08	5.732051144273231e-08	-9.062071463516312e-08	-8.770042271906768e-05	0.00015864842715075788	-0.09797321726490398
21511.345947265625	-4.6339012640255575e-08	4.8949432397861284e-08	-1.6551830675591143e-07	-8.745003866102504e-05	0.00016206495295423813	-0.09797351464112489
21553.7763671875	-3.9490145358136933e-08	5.728940967092881e-08	-8.591182104298547e-08	-8.771937793296901e-05	0.00015590070448209136	-0.0979731511992758
21593.885498046875	-3.9083077285105217e-08	5.756430836147221e-08	-6.795700716772472e-08	-8.746918073324917e-05	0.0001586861493909774	-0.09797344901511075
21634.12451171875	-3.053488378743164e-08	6.033660599977196e-08	-1.2967860644830178e-07	-8.739467119248353e-05	0.0001613233553223538	-0.09797357168778933
21674.345458984375	-2.9246700387279247e-08	6.086216436233815e-08	-1.3587306781101628e-07	-8.76609265982041e-05	0.0001596223050425842	-0.0979732865545517
21714.545654296875	-3.9143821722988726e-08	5.740468946368059e-08	-8.889891236495756e-08	-8.767140320166412e-05	0.0001569811648646082	-0.09797384531451085
21755.169677734375	-3.189942941510586e-08	5.933668184575356e-08	-1.5908125158063145e-07	-8.737970399352862e-05	0.00016180861321426864	-0.0979735531919992
21794.993408203125	-3.9142088621663826e-08	5.7396656154369317e-08	-8.879239125746183e-08	-8.767118865862217e-05	0.00015656170660745424	-0.09797345044552583
21835.404541015625	-3.685609645705992e-08	5.7442675661858336e-08	-1.0048190256199367e-07	-8.752568310843513e-05	0.00015948340896940828	-0.09797346068066506
21875.730712890625	-3.921516407339155e-08	5.7368358742500045e-08	-7.634196116847258e-08	-8.744250544843785e-05	0.00015830181253548016	-0.09797342670957024
21916.81103515625	-3.758359782578217e-08	5.74244663239109e-08	-9.691927396901974e-08	-8.743228575934694e-05	0.0001596166628077591	-0.09797366876363776
21957.1181640625	-4.8016809988246496e-08	4.7111909531933216e-08	-1.8584575178129536e-07	-8.73280651261052e-05	0.00016259774868666974	-0.09797382563119802
21997.33740234375	-3.7301170550866764e-08	5.7331555858247366e-08	-9.900747353427887e-08	-8.76256302394788e-05	0.0001558422038799849	-0.09797308230175877
22037.19775390625	-3.7682262886176084e-08	5.7382367256829236e-08	-9.691558157386017e-08	-8.733875775937217e-05	0.00015912014452527175	-0.09797349018101034
22077.31640625	-3.9023449132481286e-08	5.733168433272131e-08	-7.788618334538465e-08	-8.745131822849581e-05	0.00015858332377796213	-0.09797354891789185
22118.129150390625	-3.935433854515741e-08	5.7254982681005906e-08	-8.008113178269738e-08	-8.744211226873704e-05	0.00015927115504738723	-0.09797372469204563
22158.506591796875	-3.883297008153554e-08	5.756965213226458e-08	-7.421473752003666e-08	-8.712830869375048e-05	0.00015915354585177216	-0.09797371594788913
22198.823486328125	-3.755605879145762e-08	5.743261018519026e-08	-9.695073879476515e-08	-8.77033877924335e-05	0.000159524865242269	-0.09797347502858283
22239.139892578125	-4.759958689776269e-08	4.75278484056423e-08	-1.8158862484955452e-07	-8.751134952174938e-05	0.0001625285964184167	-0.09797369202880901
22279.56494140625	-3.668818775841231e-08	5.745769430157419e-08	-1.0109789886869062e-07	-8.793879553539518e-05	0.00015554543057236025	-0.09797291818205325
22320.0517578125	-3.8004058453085626e-08	5.7382128570507274e-08	-9.493655652306357e-08	-8.734861834399935e-05	0.00015868516356812708	-0.09797366892159808
22359.93408203125	-3.9806161436780746e-08	5.7282263490139715e-08	-8.06519641995345e-08	-8.729382193179019e-05	0.00015871321917300532	-0.09797391895427197
22400.558837890625	-3.4089800452194023e-08	5.899445983484861e-08	-9.807204531142468e-08	-8.732296412632877e-05	0.00016003614153224755	-0.09797353270167532
22441.277099609375	-4.716473662395461e-08	4.7988905784543125e-08	-1.749663803936194e-07	-8.771045212292232e-05	0.0001619067450435827	-0.09797393902258222
22480.9423828125	-3.731338680934089e-08	5.74404057370643e-08	-9.777960227256827e-08	-8.750395136551556e-05	0.00015608475093373885	-0.09797334747540054
22521.56689453125	-3.8873801925241895e-08	5.73116142402291e-08	-8.053570605040142e-08	-8.726074382235262e-05	0.00015875343119918452	-0.09797345642830521
22561.710693359375	-3.711422475909875e-08	5.745921788937319e-08	-9.941042618504612e-08	-8.76253807932801e-05	0.00015980134604097753	-0.09797361042723714
22601.68310546875	-4.7936262570652685e-08	4.719180968818154e-08	-1.8508862901059416e-07	-8.766387014083144e-05	0.0001625003092573934	-0.09797411363186748
22642.720703125	-3.564224441820541e-08	5.778851119786663e-08	-9.39765172732717e-08	-8.71142605341094e-05	0.00015582654749189353	-0.09797301131501883
22683.87841796875	-3.9308358581231214e-08	5.739082883878558e-08	-8.64024443586103e-08	-8.766964934931567e-05	0.00015821800785082455	-0.09797338056097839
22723.807373046875	-4.018604137567829e-08	5.7256864493223795e-08	-7.570946443769992e-08	-8.74654050943276e-05	0.00015890328041552	-0.09797358489620345
22764.282470703125	-3.8554502617917546e-08	5.741567542975967e-08	-9.205807307745647e-08	-8.761842802119863e-05	0.00015944426102957967	-0.0979736607144003
22804.13720703125	-3.6991517670242473e-08	5.761371228213724e-08	-8.379152562437702e-08	-8.745206888650208e-05	0.00015921257186475964	-0.09797358881121261
22845.7958984375	-4.520805126934637e-08	4.9605423785435916e-08	-1.6224962200938496e-07	-8.763760946688877e-05	0.0001620064093105746	-0.09797405040955758
22885.651123046875	-3.541425945092249e-08	5.785166113526508e-08	-9.32165461173624e-08	-8.705441353929803e-05	0.00015658095172224024	-0.09797324118082598
22925.3408203125	-3.148349488020031e-08	5.929370746874456e-08	-1.5851931911798217e-07	-8.753665001934478e-05	0.0001613771265831725	-0.0979733456172302
22965.38232421875	-3.2898988166430644e-08	5.924746774916841e-08	-1.4721483289864657e-07	-8.735048621596312e-05	0.00015893724041865373	-0.09797342857170635
23005.671875	-3.043028302916615e-08	6.042734726956816e-08	-1.3004556137421957e-07	-8.739270456839994e-05	0.0001584138846252477	-0.09797331706660789
23046.2998046875	-3.749413329257449e-08	5.741777464101547e-08	-9.795272081618127e-08	-8.77294393132772e-05	0.00015776365900001536	-0.09797380712628989
23086.664306640625	-4.0442624310657155e-08	5.730475269256544e-08	-7.358971119600963e-08	-8.773368876257912e-05	0.00015788907960267054	-0.097973162930752
23126.783447265625	-3.809507504469518e-08	5.7407291676523014e-08	-8.715654385877286e-08	-8.757742109921347e-05	0.00015985799124407812	-0.09797377102990709
23167.371337890625	-3.5377434875538424e-08	5.787786824047225e-08	-9.310484323225089e-08	-8.745392323511639e-05	0.00015952611159599704	-0.0979737220649772
23207.451171875	-3.716427697835519e-08	5.7369517053560036e-08	-9.980209012994113e-08	-8.762362670343966e-05	0.00015917605774006077	-0.09797356542809574
23247.652099609375	-3.906034650257568e-08	5.731981665885418e-08	-7.726060084392464e-08	-8.763802507033599e-05	0.0001583727768790204	-0.09797346871552773
23287.785888671875	-3.258958887994859e-08	5.9279601877607945e-08	-1.5486352704755826e-07	-8.764996914095888e-05	0.0001618907345405618	-0.09797360678044853
23328.089111328125	-2.9047307922305292e-08	6.096041690765753e-08	-1.3681402231620534e-07	-8.762045519561619e-05	0.00015843081061174856	-0.09797362303151612
23368.282470703125	-3.912394920430793e-08	5.7367673955920706e-08	-8.872019603185161e-08	-8.768314015992079e-05	0.00015694464780578604	-0.09797350698277177
23408.82275390625	-3.096911938414833e-08	6.089652354052802e-08	-1.172459282981764e-07	-8.718631737276468e-05	0.00016071703248911388	-0.09797333971223685
23449.21923828125	-3.7703035443679787e-08	5.738914125688839e-08	-9.697166603330763e-08	-8.791448930137151e-05	0.00015790264096555504	-0.09797366099640989
23489.38916015625	-3.9868566748602026e-08	5.7232343682998995e-08	-8.14529900823306e-08	-8.744853908971606e-05	0.00015856315157617942	-0.09797340382619674
23530.09375	-3.913437637853615e-08	5.729519415867621e-08	-8.869016828595885e-08	-8.745572802885593e-05	0.00015937146822904088	-0.09797356032442749
23570.69482421875	-3.703364335518657e-08	5.7354950426337296e-08	-9.998185539529593e-08	-8.765677349765395e-05	0.00015976583855031528	-0.0979735038896816
23611.5419921875	-3.41365114763018e-08	5.912884735468886e-08	-1.3424106962624095e-07	-8.703765432781757e-05	0.00016059120787873852	-0.09797342540578464
23652.17724609375	-4.0515361276369554e-08	5.728158677382385e-08	-7.61219695321801e-08	-8.786282113035939e-05	0.00015683527009066316	-0.09797361883751199
23692.43408203125	-3.745491899906049e-08	5.7341665333880496e-08	-9.845535017479111e-08	-8.752367849554569e-05	0.00016009785910357926	-0.097973585251198
23732.302734375	-3.233027772872869e-08	5.918093391198108e-08	-1.5408512093527433e-07	-8.76538472409356e-05	0.00016106151726986016	-0.09797352509586689
23773.4365234375	-3.923504893318945e-08	5.728588340961766e-08	-8.117147326467044e-08	-8.780012720098334e-05	0.00015652548824198473	-0.09797342603220303
23813.257568359375	-4.6094685926182114e-08	4.988237120570897e-08	-1.4064057690343837e-07	-8.73587145821935e-05	0.00016168745303585746	-0.09797368325208083
23853.70654296875	-3.6835347897713496e-08	5.7582795717299705e-08	-8.69775425691826e-08	-8.744155577888142e-05	0.0001570516298802253	-0.09797338660532956
23893.851806640625	-4.6811165393793443e-08	4.8547925710883345e-08	-1.6831709497334246e-07	-8.798593808270415e-05	0.00016225918396063548	-0.09797411006780804
23934.326416015625	-3.159067140441733e-08	6.06026559969658e-08	-1.1484350874506807e-07	-8.728835241719374e-05	0.00015699191414958013	-0.097972870448551
23974.663818359375	-3.924815947641503e-08	5.724440461525788e-08	-8.704790263260858e-08	-8.7622288364763e-05	0.00015758641394682046	-0.09797368813303994
24015.216796875	-4.813110560272063e-08	4.7227983638708075e-08	-1.7328053940879925e-07	-8.750666947883543e-05	0.00016241572315374236	-0.0979739421517799
24055.802490234375	-3.758247358803085e-08	5.7302351648721546e-08	-9.801298884986053e-08	-8.751158587664147e-05	0.00015619984445762545	-0.09797316113460416
24097.101318359375	-3.7149367853079206e-08	5.741004454172528e-08	-1.0012550664342886e-07	-8.757629998264077e-05	0.00015926703976087368	-0.09797365961874537
24137.205078125	-3.9403963382222186e-08	5.7299689563752744e-08	-7.370699725747635e-08	-8.742593682996772e-05	0.00015807122247341572	-0.09797348078575255
24178.256103515625	-3.711347936951391e-08	5.736350269068489e-08	-9.984863867712742e-08	-8.738120926529115e-05	0.00016006304955025407	-0.09797340961859272
24218.588134765625	-3.3178074657265735e-08	5.847101522607707e-08	-1.0311407013793136e-07	-8.735206690790353e-05	0.00015956444723420096	-0.09797352933378405
24258.624755859375	-3.9635023932415875e-08	5.724940283125043e-08	-8.274573015579459e-08	-8.775833964560119e-05	0.00015802979321283183	-0.09797345792535221
24298.6416015625	-3.353670642146007e-08	5.8957265360557234e-08	-1.446041141030059e-07	-8.730738662600696e-05	0.0001612908455466232	-0.09797360328513284
24339.220703125	-3.9778091682289916e-08	5.728827575821815e-08	-8.300184129864759e-08	-8.759115614705067e-05	0.00015675522477002376	-0.09797356311124909
24379.6220703125	-3.8230033565292054e-08	5.7462318936899435e-08	-8.018520952191502e-08	-8.742395078802808e-05	0.00015935660045962761	-0.09797342762786006
24420.0888671875	-3.5094720482181844e-08	5.792480355332516e-08	-9.200316171228445e-08	-8.765515503042663e-05	0.00015937294637439982	-0.09797328256619882
24461.569580078125	-3.2698061650196297e-08	5.852474811168553e-08	-1.034950112592609e-07	-8.761243245251518e-05	0.0001597338672987848	-0.09797337243175233
24501.505615234375	-3.993101491058355e-08	5.722829597047435e-08	-8.036087974426499e-08	-8.747294901103555e-05	0.00015789691650091968	-0.09797365428016061
24542.158203125	-3.5338186444252166e-08	5.7909910164854454e-08	-9.274292713415406e-08	-8.722450594226316e-05	0.00016008896650669465	-0.09797342869483344
24582.23779296875	-3.740028856391607e-08	5.743694304749691e-08	-9.867864668295767e-08	-8.781377269835748e-05	0.00015908033301620953	-0.09797357468900168
24622.24755859375	-3.431729791228236e-08	5.897915021875364e-08	-1.3205016880429928e-07	-8.721982918483472e-05	0.00016046861095452084	-0.09797334207627625
24662.506591796875	-3.945309572837326e-08	5.726054370590971e-08	-8.616557095080349e-08	-8.765926363471231e-05	0.0001570642918915122	-0.09797346185728371
24703.322509765625	-3.804090701207298e-08	5.7353570470920706e-08	-9.46943484174153e-08	-8.761109415438237e-05	0.00015944589485325066	-0.0979736182236964
24743.193115234375	-3.9157591630884047e-08	5.7312916295796126e-08	-8.854916403535541e-08	-8.739324595766813e-05	0.0001589021437802021	-0.09797381023175407
24783.9052734375	-3.8522706220939365e-08	5.741612472059038e-08	-7.571367805498157e-08	-8.736407302361463e-05	0.00015902849880741955	-0.09797354212564743
24824.342529296875	-3.916104335620233e-08	5.740023454214905e-08	-8.973371503266012e-08	-8.741507740786755e-05	0.00015925538623349012	-0.09797352882982932
24864.840087890625	-3.701845485057005e-08	5.735451864150364e-08	-9.988701428971069e-08	-8.778293655648293e-05	0.0001597559485814834	-0.09797337591274734
24905.52734375	-3.881374403410797e-08	5.734550355107265e-08	-9.04615320133916e-08	-8.75420086518297e-05	0.00015877427082459393	-0.09797351598810869
24945.421875	-3.6946370583227194e-08	5.7420795366309436e-08	-1.0050396569520985e-07	-8.761694231038212e-05	0.00015950783484816236	-0.09797360721272347
24986.59130859375	-3.802852232084237e-08	5.738932336219164e-08	-9.47348118535317e-08	-8.751306330073072e-05	0.00015902463097120038	-0.09797353600580067
25026.294677734375	-3.8872945347652e-08	5.7317497299455786e-08	-9.025864621685311e-08	-8.745816446304285e-05	0.00015890205363467642	-0.09797373456808656
25069.098388671875	-3.905868298091323e-08	5.734691990192482e-08	-8.960704623083507e-08	-8.771815583268085e-05	0.0001591029139039286	-0.09797351392202865
25108.524169921875	-3.89927596360441e-08	5.7417703488945216e-08	-9.117533119456731e-08	-8.73631891135718e-05	0.0001589207350208221	-0.0979734633686148
25148.535400390625	-3.78527538370116e-08	5.740061766726248e-08	-9.57911599124678e-08	-8.756029469713183e-05	0.00015962956935484208	-0.09797324774886908
25188.393310546875	-3.877391139615459e-08	5.733121474743468e-08	-9.063455742139645e-08	-8.743132146241606e-05	0.00015912863530588822	-0.09797345327078474
25228.683837890625	-3.16628031560441e-08	5.9153952951186414e-08	-1.150260587058431e-07	-8.763829212812835e-05	0.00016032813279215894	-0.09797354876928664
25268.70703125	-3.437810183823694e-08	5.875026728016371e-08	-1.368794674343539e-07	-8.751075718522e-05	0.00015987278077914327	-0.09797375890791951
25309.43359375	-3.749199827102768e-08	5.742292198438326e-08	-9.801719959445225e-08	-8.771693128675573e-05	0.00015715220947067662	-0.09797382042673126
25349.93017578125	-3.8831190673272827e-08	5.732900837056047e-08	-9.048854925260243e-08	-8.738148275694489e-05	0.00015852841551021514	-0.09797351420475209
25390.4619140625	-4.7164922606927966e-08	4.754500650178597e-08	-1.837895403805039e-07	-8.77081046006256e-05	0.00016285027935016128	-0.09797430696742382
25430.498046875	-3.4923272889942566e-08	5.7928693824717256e-08	-9.214100188106238e-08	-8.760837166771144e-05	0.00015616277902054122	-0.09797323878005042
25471.8125	-3.9849283809096905e-08	5.727090619352871e-08	-7.215375038014238e-08	-8.768686029038884e-05	0.00015813174947240161	-0.09797366468300593
25511.474609375	-3.719636912918797e-08	5.744769493477838e-08	-9.912067985452745e-08	-8.796043557307089e-05	0.00015988361700407399	-0.09797340556907162
25551.814697265625	-3.8366295979153615e-08	5.7362371145742134e-08	-9.274586774341516e-08	-8.768888117354174e-05	0.0001589530202727595	-0.09797365973252116
25592.263427734375	-3.3120838075847185e-08	5.8438046763226824e-08	-1.0302028358479958e-07	-8.727727747940887e-05	0.00015985881355063723	-0.09797342676761638
25632.493408203125	-3.918451612243128e-08	5.7297732289766466e-08	-8.826139772580129e-08	-8.762001450688607e-05	0.0001583912775534102	-0.09797316731226227
25672.893798828125	-3.725716302183834e-08	5.7401558485105515e-08	-9.973359990213689e-08	-8.770322885748006e-05	0.00015982979469500794	-0.09797347472690757
25713.994384765625	-3.7064343345565216e-08	5.741535554160168e-08	-1.0039468688552102e-07	-8.786208180686466e-05	0.00015875917253026648	-0.09797368417066578
25753.708984375	-3.937863022364159e-08	5.732157766572615e-08	-7.386086818802943e-08	-8.754116852829289e-05	0.0001583154652310671	-0.09797346454615495
25794.87060546875	-3.9378106584618545e-08	5.741927404096232e-08	-8.643519891085928e-08	-8.735626407063611e-05	0.00015919888464818618	-0.09797328761743472
25835.120361328125	-3.90518897277068e-08	5.732328784540758e-08	-8.930382012013988e-08	-8.74771618139347e-05	0.000159346301607421	-0.09797329893254936
25875.044189453125	-3.7546732440626975e-08	5.7308598931934505e-08	-9.81668633976499e-08	-8.767252784149477e-05	0.0001593838080191867	-0.09797362321915644
25915.710693359375	-3.7458984637683764e-08	5.731546563231369e-08	-9.849991783417862e-08	-8.746503900929164e-05	0.0001589858910264567	-0.09797375780531263
25955.938232421875	-3.743447493390708e-08	5.7309613792346476e-08	-9.853715933878527e-08	-8.751469922131228e-05	0.00015921185110950235	-0.09797343456151544
25996.7763671875	-4.776423963004324e-08	4.6798658439663414e-08	-1.9297712533240826e-07	-8.777299401138975e-05	0.0001623679289991615	-0.09797406080870673
26036.7314453125	-3.478540537387061e-08	5.794376457007312e-08	-9.138425526917074e-08	-8.728049134652483e-05	0.00015531937598065108	-0.09797324958632203
26077.1435546875	-3.925965959709462e-08	5.729833442411776e-08	-8.80463805416208e-08	-8.75061407947083e-05	0.00015867570249089292	-0.09797362409443977
26117.468994140625	-4.867186592119038e-08	4.720589639409876e-08	-1.6652275096785707e-07	-8.752691943715491e-05	0.00016257877800361477	-0.09797399097596848
26157.7314453125	-3.757519402278265e-08	5.730563557772618e-08	-9.79325217158079e-08	-8.792805403983473e-05	0.00015618819115400224	-0.09797325833118352
26197.6318359375	-4.000704284958429e-08	5.727675624962689e-08	-7.26518335425417e-08	-8.780573044232016e-05	0.00015823817075858113	-0.09797333553001196
26238.0634765625	-3.823887100027962e-08	5.74469024420873e-08	-7.99705673382627e-08	-8.750083735529841e-05	0.00015971156619991247	-0.09797334931862788
26278.7314453125	-3.911778802289675e-08	5.74120913365017e-08	-8.930777954954677e-08	-8.767043609384462e-05	0.00015904410358835854	-0.09797322799692575
