6165.30029296875	0.0	0.0	0.0	0.0	0.0	0.0
6371.4365234375	-1.1224373063194244e-09	-1.1948263575461741e-09	3.279528532473587e-11	0.0	0.0	0.0
6574.75830078125	-1.329252412115994e-08	6.127786702863138e-08	6.297702148836461e-10	0.0	0.0	0.0
6776.579833984375	2.609142922312642e-07	6.980319996128415e-08	1.9900307314903315e-09	0.0	0.0	0.0
6979.631591796875	5.26146068983398e-07	-2.4125577845455135e-07	4.317918145990762e-09	0.0	0.0	0.0
7182.16552734375	-3.2985928323912233e-07	-1.5872132746717385e-07	7.889542399020229e-09	0.0	0.0	0.0
7381.81787109375	1.6757282734781144e-07	4.279359777336109e-07	1.2809966229958003e-08	0.0	0.0	0.0
7585.248291015625	-1.94560097232704e-06	1.9140390650746168e-06	2.0101174481990412e-08	0.0	0.0	0.0
7785.917236328125	1.797055519395809e-06	3.1854965978770404e-06	2.90146374753555e-08	0.0	0.0	0.0
7988.098388671875	1.7251542475984292e-06	-3.009517124690593e-06	4.078911144610118e-08	0.0	0.0	0.0
8189.861328125	-3.820666812432456e-06	5.448191984381844e-07	5.6688083396392964e-08	0.0	0.0	0.0
8390.3193359375	-2.2949885651663204e-06	5.541260736338774e-07	7.678184531518912e-08	0.0	0.0	0.0
8590.9609375	-3.0320909287955645e-06	-1.150266007704482e-06	1.0122155085778747e-07	0.0	0.0	0.0
8799.507080078125	2.504107749052819e-06	8.80253346751722e-06	1.3159397968631452e-07	0.0	0.0	0.0
9004.7470703125	-2.189809343915825e-05	2.3196576552722742e-05	1.6900548639507447e-07	0.0	0.0	0.0
9210.727783203125	4.6858950514640625e-06	2.820767805229857e-06	2.1396898625251228e-07	0.0	0.0	0.0
9418.996826171875	-2.422105463947188e-05	-2.7866785985379333e-06	2.674147065830583e-07	0.0	0.0	0.0
9626.705810546875	-5.242905865614909e-07	1.9099212041436064e-06	3.336501104639543e-07	0.0	0.0	0.0
9836.0751953125	4.459005288748971e-05	2.164875525834568e-05	4.007623600537537e-07	0.0	0.0	0.0
10045.2216796875	-1.934631072796084e-06	1.411650361367381e-05	4.872772776169016e-07	0.0	0.0	0.0
10258.534912109375	-2.0954805003133864e-05	-4.358794451309209e-05	5.766684121818333e-07	0.0	0.0	0.0
10463.05078125	-2.25701997575635e-05	2.636250076440084e-05	6.756747072708394e-07	0.0	0.0	0.0
10671.89892578125	-1.069058224863366e-05	3.0102492432241804e-05	7.960933088777399e-07	0.0	0.0	0.0
10883.347900390625	0.00013122818155746473	-2.786460101901303e-05	9.284717912290557e-07	0.0	0.0	0.0
11092.003662109375	-0.0001633974198709643	-3.33915957539804e-05	1.0702906266275964e-06	0.0	0.0	0.0
11300.947265625	3.50272768177091e-05	-8.375418030705908e-05	1.2322852757911503e-06	0.0	0.0	0.0
11508.942626953125	-3.747180726671866e-07	-4.720409596414586e-05	1.41267696290359e-06	0.0	0.0	0.0
11716.228271484375	-6.728375521215423e-05	0.0001176969336034958	1.6157795666674887e-06	0.0	0.0	0.0
11924.429443359375	0.0001908069782389342	-1.7710726220824624e-05	1.836483234783656e-06	0.0	0.0	0.0
12134.197021484375	0.00023378881620047889	0.00014653277861977198	2.0939585181434093e-06	0.0	0.0	0.0
12340.30029296875	0.00024345383747589996	5.122646074869923e-06	2.355614984252775e-06	0.0	0.0	0.0
12548.476806640625	0.00026850913193390185	0.00013901834013130046	2.6555810467197227e-06	0.0	0.0	0.0
12756.2041015625	0.0003493136589026561	3.7444602420729745e-05	2.9706995606314142e-06	0.0	0.0	0.0
12967.10009765625	0.00048238877037787514	0.00016317805258912917	3.3262269115785e-06	0.0	0.0	0.0
13173.917236328125	0.0005204581224751014	-2.9690905246975408e-05	3.680393334175495e-06	0.0	0.0	0.0
13384.204345703125	0.000455409242289118	0.0002240480892155472	4.090343562045382e-06	0.0	0.0	0.0
13592.651123046875	0.0012630247931708718	-0.00027091780401455006	4.479026549912058e-06	0.0	0.0	0.0
13801.532470703125	0.0010403939572408449	0.0002513130684218829	4.915944575127321e-06	0.0	0.0	0.0
14012.0478515625	0.0013334327948050235	0.00015961233614991384	5.3499849266532455e-06	0.0	0.0	0.0
14219.35498046875	0.00155243854161275	0.00015729551561255624	5.819720109471988e-06	0.0	0.0	0.0
14427.434814453125	0.001406265344367479	-7.031435676467126e-05	6.329719244429331e-06	0.0	0.0	0.0
14636.404052734375	0.0011788180973032886	0.0005925304424894916	6.8724542045736795e-06	0.0	0.0	0.0
14843.33837890625	0.001664868316451725	-0.000484647757201992	7.338081432244062e-06	0.0	0.0	0.0
15050.775390625	0.0020272372426832588	-0.00034018418000842564	7.8591349639817e-06	0.0	0.0	0.0
15257.072998046875	0.0014163440693624992	8.928558713733941e-05	8.44933262815952e-06	0.0	0.0	0.0
15468.0234375	0.0013729115756776088	-0.0001246540373235214	9.112749871335321e-06	0.0	0.0	0.0
15674.868408203125	0.0012266327214439142	-0.000284660341971445	9.705103345924936e-06	0.0	0.0	0.0
15881.511962890625	0.002441499377128144	-9.558439954137146e-05	1.039366171057591e-05	0.0	0.0	0.0
16091.202392578125	0.0018369613611168881	0.00014147310158329896	1.1145110954644887e-05	0.0	0.0	0.0
16298.07470703125	0.0019925588731757914	0.0006744845495331217	1.1924164659060026e-05	0.0	0.0	0.0
16503.477294921875	0.001955071405331131	0.0001858643280002014	1.2633011400143647e-05	0.0	0.0	0.0
16712.1181640625	0.0022446308311974243	0.00019657304775772856	1.3366635358811587e-05	0.0	0.0	0.0
16919.59130859375	0.0037248957823341443	0.0006415661120636751	1.4207596987147265e-05	0.0	0.0	0.0
17127.701171875	0.001501110784065459	0.0007189636284789746	1.497277268934465e-05	0.0	0.0	0.0
17339.817138671875	0.0007490895245216825	9.051939225664824e-05	1.5870248191703543e-05	0.0	0.0	0.0
17543.594970703125	0.0014752252971816275	0.0008250986326525203	1.6714272568487505e-05	0.0	0.0	0.0
17753.649169921875	0.0014527884465651787	-0.0011785728851894505	1.752515479602566e-05	0.0	0.0	0.0
17959.046875	0.003027214099326534	0.00027635058882601737	1.8351498118478703e-05	0.0	0.0	0.0
18168.148193359375	0.002069861507753028	-0.0009130744168388918	1.9083397762338038e-05	0.0	0.0	0.0
18377.857421875	0.001946160958811973	0.000523842609154757	2.0083940032012352e-05	0.0	0.0	0.0
18587.12841796875	4.1524370497842994e-05	-0.0010748572877161448	2.0752743840827963e-05	0.0	0.0	0.0
18792.9814453125	-0.002224416970313633	-0.0008301634175515217	2.14823229625245e-05	0.0	0.0	0.0
19007.072265625	-0.0002911540742871145	-0.0016083987286037913	2.2162314262678982e-05	0.0	0.0	0.0
19215.087890625	-0.0019281149250934904	-0.0012612466893742605	2.290472571710396e-05	0.0	0.0	0.0
19422.853759765625	-0.0016970926372673937	-0.0028935095184504807	2.3513434011459892e-05	0.0	0.0	0.0
19623.0029296875	-0.002899093903155134	-0.001955358159004712	2.414294777685757e-05	0.0	0.0	0.0
19828.461669921875	-0.001955847973363654	-0.0039773826725844775	2.4409684921746858e-05	0.0	0.0	0.0
20040.44091796875	-0.003882550276268498	-0.003583550199474903	2.489303529887222e-05	0.0	0.0	0.0
20251.314208984375	-0.003308222776943565	-0.0054102658357232155	2.5055466437372047e-05	0.0	0.0	0.0
20461.031982421875	-0.00564154335519471	-0.00455552400707462	2.532879736878945e-05	0.0	0.0	0.0
20669.48779296875	-0.006602067273803812	-0.005239862837007338	2.5312303428012402e-05	0.0	0.0	0.0
20877.45068359375	-0.008034838281466452	-0.006397896120577551	2.5173093624263867e-05	0.0	0.0	0.0
21086.4951171875	-0.007575333890247286	-0.009283999408894787	2.4977066960770785e-05	0.0	0.0	0.0
21296.9482421875	-0.006106314671878345	-0.005107414134095867	2.5471548415941065e-05	0.0	0.0	0.0
21508.228759765625	-0.004924878741394519	-0.008089086956227714	2.524596549393372e-05	0.0	0.0	0.0
21716.712646484375	-0.009535125282231537	-0.0057553985255634574	2.4801846870602916e-05	0.0	0.0	0.0
21923.209716796875	-0.006697715420217828	-0.008137428419252725	2.455003916530961e-05	0.0	0.0	0.0
22133.181640625	-0.00852186163108894	-0.009384676878331843	2.3877772787204673e-05	0.0	0.0	0.0
22345.2080078125	-0.00869918861719983	-0.007570996579426444	2.3575402180839634e-05	0.0	0.0	0.0
22558.380615234375	-0.007100266542631543	-0.00829615141907006	2.3204173972602177e-05	0.0	0.0	0.0
22768.466064453125	-0.006423997391680302	-0.0076684495652407205	2.266976878504573e-05	0.0	0.0	0.0
22985.344970703125	-0.00891933973828219	-0.004795560854108246	2.144996434371173e-05	0.0	0.0	0.0
23192.209716796875	-0.004627911820811616	-0.005521772065897326	2.139777547558105e-05	0.0	0.0	0.0
23403.54541015625	-0.004219824720298728	-0.0077143663462141765	2.029265836843298e-05	0.0	0.0	0.0
23614.124267578125	-0.004091343927023396	-0.002767782470656216	1.9322475050098745e-05	0.0	0.0	0.0
23825.72265625	-0.003774259547190225	-0.0005500557774286636	1.7898638351152517e-05	0.0	0.0	0.0
24034.04150390625	-0.00423164804578182	-0.005438468933814947	1.6663107415773887e-05	0.0	0.0	0.0
24243.14111328125	-0.0036246780101967103	-0.002246222105457103	1.5588145095647774e-05	0.0	0.0	0.0
24451.379150390625	-0.005073224934654913	-0.0011188083607816892	1.3818146687892734e-05	0.0	0.0	0.0
24660.777099609375	-0.004603127847890367	0.000185178086836777	1.2522689561967456e-05	0.0	0.0	0.0
24863.337646484375	-0.004366789411686878	-0.001980807366083593	1.1814131171997474e-05	0.0	0.0	0.0
25074.650634765625	-0.00488848620095348	-0.0029617884577193493	1.0658748817240945e-05	0.0	0.0	0.0
25283.0498046875	-0.0020599668467529207	-0.00027889508926366794	1.073058921803219e-05	0.0	0.0	0.0
25493.7705078125	0.0009977883082137842	-0.0005262858773297032	1.1087267601091723e-05	0.0	0.0	0.0
25700.359375	-0.003305677949981797	0.0007454848763641221	7.907220734293562e-06	0.0	0.0	0.0
25908.389404296875	-0.0013780012798251958	0.001937712227451959	7.933087535396817e-06	0.0	0.0	0.0
26116.26904296875	0.00108764654406437	0.0007892928959796439	8.425797401729866e-06	0.0	0.0	0.0
26325.287841796875	0.005147773167262001	0.00033476079053294247	1.0287880019910184e-05	0.0	0.0	0.0
26539.4931640625	0.005412951591026602	0.002563763482415889	9.73948208695224e-06	0.0	0.0	0.0
26748.235595703125	0.009744223636198965	0.0019938679305772818	1.1866691993802301e-05	0.0	0.0	0.0
26958.986572265625	0.006707363735172476	0.00305906551580772	8.885573895636705e-06	0.0	0.0	0.0
27163.68408203125	0.007695299326758975	0.0053712190653508836	8.44834333221981e-06	0.0	0.0	0.0
27370.54443359375	0.007300793702861854	0.0028276453824382726	7.977423569151092e-06	0.0	0.0	0.0
27580.6640625	0.0064218876768946725	0.003943287369321382	6.333654694709184e-06	0.0	0.0	0.0
27784.845458984375	0.0086984951745629	0.002162124827955709	7.4053752544742915e-06	0.0	0.0	0.0
27996.6474609375	0.007423382637834889	0.0002066185623188607	6.054506701344577e-06	0.0	0.0	0.0
28204.761474609375	0.007489567508036547	0.0027405533114948943	4.4436483586773794e-06	0.0	0.0	0.0
28410.67822265625	0.009116070615438671	0.0036399613069884214	4.046393290698882e-06	0.0	0.0	0.0
28621.18798828125	0.005066970031609542	0.0008755479198699783	1.225635248482136e-06	0.0	0.0	0.0
28831.2939453125	0.006999769809895906	0.0051279234170118195	3.6447489693151565e-07	0.0	0.0	0.0
29037.145751953125	0.005208157813811913	0.0027140890005786554	-8.148167197389702e-07	0.0	0.0	0.0
29251.019287109375	0.006802669084276891	0.004953369046834623	-1.4606379615334846e-06	0.0	0.0	0.0
29461.974609375	0.005131856996606226	0.0005570247686103387	-1.7965106261550099e-06	0.0	0.0	0.0
29671.2421875	0.006182540752994537	0.0021210764399141628	-2.4342866289555844e-06	0.0	0.0	0.0
29880.78466796875	0.006292760730521967	0.0034316805715759167	-3.6841722358619195e-06	0.0	0.0	0.0
30090.962646484375	0.002442680223905709	0.0008958677163170852	-6.558397279296709e-06	0.0	0.0	0.0
30306.916259765625	0.0043237859316165965	0.004221951557049115	-7.646057633407576e-06	0.0	0.0	0.0
30517.131103515625	0.0017346402247317859	0.0007921403343579675	-9.171834119137458e-06	0.0	0.0	0.0
30725.527587890625	0.0036484809076195108	0.0006319937401269192	-8.442437358699734e-06	0.0	0.0	0.0
30939.560302734375	0.0048251888918214615	0.0034775572655850614	-9.709664507850265e-06	0.0	0.0	0.0
31148.162353515625	0.001579626886629076	0.0011606375351628623	-1.1758977302142343e-05	0.0	0.0	0.0
31355.816162109375	0.0037788830517077546	0.004575593599874739	-1.2339034982417663e-05	0.0	0.0	0.0
31559.87744140625	0.001690440121274151	0.0019318262501318829	-1.343119812927184e-05	0.0	0.0	0.0
31773.060791015625	0.0019909080783401226	0.005746106000893528	-1.5937761137073033e-05	0.0	0.0	0.0
31981.4794921875	0.0005344159723934602	0.004543364749889624	-1.754947800941004e-05	0.0	0.0	0.0
32185.86328125	0.0013024045095305014	0.0042522913113716854	-1.7182143124329323e-05	0.0	0.0	0.0
32393.306884765625	0.004128638429812281	0.0011938532064372648	-1.3820654978544152e-05	0.0	0.0	0.0
32609.736328125	0.00031478648447825055	0.002896975587537201	-1.8880355072113583e-05	0.0	0.0	0.0
32820.7421875	0.005924730184488151	0.00233820831877312	-1.4329703850764899e-05	0.0	0.0	0.0
33030.853271484375	0.00239290264114392	0.003125410494234017	-1.8650470997585656e-05	0.0	0.0	0.0
33235.738037109375	0.0006195198211339139	0.0026739997861842456	-2.0277259983991383e-05	0.0	0.0	0.0
33444.432861328125	0.0016183108016245128	0.0024907469530406267	-2.0141583094947684e-05	0.0	0.0	0.0
33651.032470703125	-0.002741776203759817	-0.00041944645368024514	-2.246965886127443e-05	0.0	0.0	0.0
33862.620849609375	-0.0009316799124946475	0.0034991130096643846	-2.3970448877442834e-05	0.0	0.0	0.0
34073.981689453125	0.001397527686612786	-0.0014910122241485353	-1.9070888338016596e-05	0.0	0.0	0.0
34281.797607421875	0.002160841538088559	0.0021912558627389753	-2.1123670397056713e-05	0.0	0.0	0.0
34492.262939453125	0.00039191795753262733	0.004552357369620496	-2.4641414832827543e-05	0.0	0.0	0.0
34702.515869140625	0.0014525176512440307	0.0009633386545314693	-2.213909629110618e-05	0.0	0.0	0.0
34911.5478515625	0.0006186465013488734	0.00038006671297845967	-2.3082867222006602e-05	0.0	0.0	0.0
35117.82763671875	0.00134701167903235	0.002257717932685151	-2.4112305922676408e-05	0.0	0.0	0.0
35323.421875	1.7950125729425114e-05	0.0038941796988625054	-2.6949717079116825e-05	0.0	0.0	0.0
35535.933837890625	0.00036798434546877204	0.0013186178290039575	-2.5596528285685956e-05	0.0	0.0	0.0
35745.06884765625	-0.0005677329322653722	0.003191879591234676	-2.799458336929132e-05	0.0	0.0	0.0
35956.08447265625	-9.08634402883362e-05	8.160938742656992e-05	-2.5443228634306457e-05	0.0	0.0	0.0
36159.96484375	0.0020359421225052353	0.0007831476117318666	-2.4066953346231426e-05	0.0	0.0	0.0
36366.11279296875	-1.3549562817125153e-05	0.004099436245586767	-2.8447353895828912e-05	0.0	0.0	0.0
36577.195068359375	-0.005236395355863395	0.0019778516068461936	-3.169159889395229e-05	0.0	0.0	0.0
36788.041748046875	-0.0036951503477267813	-0.00034703221875960163	-2.844623126744776e-05	0.0	0.0	0.0
36996.39453125	0.003018261738123435	0.00048378221854876246	-2.3687972098907747e-05	0.0	0.0	0.0
37206.50927734375	-0.0008792121191592003	0.002491884632848839	-2.844492674881919e-05	0.0	0.0	0.0
37416.95458984375	-0.0004698398950974031	0.0011636617588386838	-2.7042369754449623e-05	0.0	0.0	0.0
37623.25	0.0004945922560896175	0.0032173513623623647	-2.7769100976081244e-05	0.0	0.0	0.0
37828.346923828125	-0.0009318959904529348	-0.002727115889559793	-2.4468513566106078e-05	0.0	0.0	0.0
38036.8466796875	-0.001955621683817757	0.0026115615244589135	-2.9489382339783946e-05	0.0	0.0	0.0
38247.668212890625	-0.005015271421495743	0.0003135962426492711	-2.9665606787828752e-05	0.0	0.0	0.0
38455.59912109375	7.975472216712112e-05	-0.0016676078444574347	-2.366543455929682e-05	0.0	0.0	0.0
38661.6533203125	-0.0041326307965650465	-0.0004499664979062032	-2.787176883485957e-05	0.0	0.0	0.0
38869.773681640625	-0.007099174875171053	-0.0014385960138511818	-2.9224121326056105e-05	0.0	0.0	0.0
39082.908447265625	-0.004591943159743867	-0.0022397776163801146	-2.6223310266875973e-05	0.0	0.0	0.0
39290.39501953125	-0.008319657962594245	-0.002730352082866866	-2.849386920368432e-05	0.0	0.0	0.0
39500.9111328125	-0.010000090162450645	-0.00593983854799022	-2.7249798794583657e-05	0.0	0.0	0.0
39706.96728515625	-0.008975963115542327	-0.006448634775100623	-2.5617867216267448e-05	0.0	0.0	0.0
39919.30322265625	-0.013292804424395578	-0.007259465413854961	-2.825046807642353e-05	0.0	0.0	0.0
40124.89501953125	-0.01664310440854769	-0.010189944425441454	-2.8366246990289894e-05	0.0	0.0	0.0
40333.5673828125	-0.014929381765911411	-0.012488936715446512	-2.47961857903733e-05	0.0	0.0	0.0
40545.197265625	-0.01640568707369596	-0.010007292930846724	-2.778990862456113e-05	0.0	0.0	0.0
40752.89306640625	-0.01278851106767059	-0.012036137302446218	-2.2586367463559757e-05	0.0	0.0	0.0
40958.710205078125	-0.01349627847211284	-0.012451934382902305	-2.2471366144249545e-05	0.0	0.0	0.0
41166.022216796875	-0.013524069409473618	-0.01269074283321232	-2.2071661790710793e-05	0.0	0.0	0.0
41371.604248046875	-0.012231312500120039	-0.014040235819895093	-1.9606754313688695e-05	0.0	0.0	0.0
41581.199462890625	-0.009370083229073128	-0.013684207748650893	-1.738960876175072e-05	0.0	0.0	0.0
41789.7978515625	-0.013006542814458899	-0.0141794978846905	-1.965767255704978e-05	0.0	0.0	0.0
41999.768310546875	-0.009988583434705623	-0.01320028554644581	-1.720785341168414e-05	0.0	0.0	0.0
42211.53759765625	-0.008429499772665298	-0.015009006336169107	-1.3496814718070176e-05	0.0	0.0	0.0
42421.6435546875	-0.015107983925008516	-0.015110927733303107	-1.930109082921719e-05	0.0	0.0	0.0
42629.555419921875	-0.009112264688339927	-0.01806482150141961	-1.0066431174029037e-05	0.0	0.0	0.0
42837.138427734375	-0.00899548527212317	-0.015488618841837528	-1.1938574527429595e-05	0.0	0.0	0.0
43042.757080078125	-0.008161819460665066	-0.01870249340977204	-6.800616909232888e-06	0.0	0.0	0.0
43252.08984375	-0.00923901271697912	-0.021007780509359152	-4.706522885439186e-06	0.0	0.0	0.0
43456.315185546875	-0.0069847356345141215	-0.0212126464742405	-1.1705188599532602e-06	0.0	0.0	0.0
43662.59423828125	-0.0040949451042905545	-0.01724351779037086	-1.8121790081769463e-06	0.0	0.0	0.0
43868.15478515625	-0.004219891832570722	-0.020240157723677345	2.7173055228286936e-06	0.0	0.0	0.0
44075.086669921875	-0.007846492144097026	-0.020735940606931992	5.351405284305102e-07	0.0	0.0	0.0
44283.942138671875	-0.00038642440496170996	-0.020585140757871843	1.0247520072573892e-05	0.0	0.0	0.0
44496.80419921875	-0.005284787189880193	-0.019999557617138012	5.06234101808129e-06	0.0	0.0	0.0
44707.6142578125	-0.00021604225324669342	-0.024391053329782173	1.888179944700777e-05	0.0	0.0	0.0
44913.2021484375	-0.00042397202803636636	-0.019573226818301325	1.2725017155164873e-05	0.0	0.0	0.0
45122.0478515625	-0.0012085592748970594	-0.017205479467027773	9.273935791372557e-06	0.0	0.0	0.0
45331.671875	-0.0015393171998991184	-0.023512753365732674	2.0437396847788207e-05	0.0	0.0	0.0
45535.683837890625	0.0005768459716242173	-0.02207664046005521	2.215657364515481e-05	0.0	0.0	0.0
45745.6845703125	-0.0007290875656330004	-0.021828146620147905	2.0961917563562187e-05	0.0	0.0	0.0
45950.584716796875	0.0025834963210139257	-0.017405368035167568	1.872586371628789e-05	0.0	0.0	0.0
46157.18212890625	0.00010120617569803988	-0.019991892623218984	2.090502415010707e-05	0.0	0.0	0.0
46363.846435546875	0.0038668617406606622	-0.021373260756685504	3.0168482661034397e-05	0.0	0.0	0.0
46573.8193359375	0.003523400464234202	-0.020670765019518166	2.9443742619671736e-05	0.0	0.0	0.0
46781.17041015625	0.00789793767247508	-0.02342028722495945	4.3183564983765436e-05	0.0	0.0	0.0
46991.95849609375	0.008275827896438454	-0.027405537591453463	5.3786786808174e-05	0.0	0.0	0.0
47204.939208984375	0.002060101158161145	-0.024788309104699254	3.975911331890723e-05	0.0	0.0	0.0
47416.79248046875	0.004921406699199736	-0.025808925995056395	4.781124611415303e-05	0.0	0.0	0.0
47626.994873046875	0.00126167801682396	-0.026118142969744858	4.375817505376308e-05	0.0	0.0	0.0
47832.40576171875	0.002237316606558259	-0.029645500644743368	5.4215059148182813e-05	0.0	0.0	0.0
48041.91455078125	0.00023927891407959215	-0.028776745448308518	5.0217783479201e-05	0.0	0.0	0.0
48254.16748046875	0.002761400873344189	-0.03275123723766804	6.59533041359879e-05	0.0	0.0	0.0
48462.9765625	0.005526821815369779	-0.03318176343309877	7.413267505277724e-05	0.0	0.0	0.0
48669.53564453125	0.006995296229279811	-0.03229479931001729	7.743775298663272e-05	0.0	0.0	0.0
48881.66455078125	0.0039818971823102605	-0.031096974120578682	7.082975465074476e-05	0.0	0.0	0.0
49090.372802734375	0.004391911242246612	-0.03280151381953901	7.90196914876647e-05	0.0	0.0	0.0
49298.484619140625	0.008646510811724267	-0.030255303701367985	8.277401699208289e-05	0.0	0.0	0.0
49507.4130859375	0.006226493244749473	-0.032081742356042095	8.522227101469509e-05	0.0	0.0	0.0
49711.8115234375	0.009648876566197302	-0.029661436365735146	8.689484602012695e-05	0.0	0.0	0.0
49917.024658203125	0.007509354971409028	-0.02940306007249007	8.421563994563607e-05	0.0	0.0	0.0
50127.001708984375	0.009461935057180343	-0.031221025028712178	9.55904135509597e-05	0.0	0.0	0.0
50340.421875	0.011428364031626446	-0.029929360850200946	0.00010062052244388843	0.0	0.0	0.0
50550.7841796875	0.010024170102401303	-0.02815982115942169	9.456443523873435e-05	0.0	0.0	0.0
50762.363525390625	0.008077629832155118	-0.02832865050341965	9.132932920907183e-05	0.0	0.0	0.0
50968.71875	0.011479779259640981	-0.02289441862693772	8.41806817651946e-05	0.0	0.0	0.0
51182.63671875	0.011377185764222844	-0.016695298396750186	6.714790011423416e-05	0.0	0.0	0.0
51392.36962890625	0.01296777071445263	-0.015827488909373497	7.058511629758822e-05	0.0	0.0	0.0
51606.178955078125	0.00793447409296402	-0.015154995171184477	5.90063702377862e-05	0.0	0.0	0.0
51817.146728515625	0.008862096695360708	-0.006694653209133761	3.419546780784851e-05	0.0	0.0	0.0
52028.404296875	0.011011221714073796	-0.0056907203371293295	3.730472316756704e-05	0.0	0.0	0.0
52243.89404296875	0.009793750744232272	-0.0060107659234938235	3.704359859355043e-05	0.0	0.0	0.0
52453.46484375	0.006714422236243001	-0.0016969656294648968	1.4927538238498213e-05	0.0	0.0	0.0
52669.306884765625	0.009795960904346545	-0.0008434676588420624	2.032286750156976e-05	0.0	0.0	0.0
