1847.48095703125	0.6962207526140292	0.5721445918098029	934.0000026479488	-5.8535588948070354e-05	0.00015136958932702457	-1.9945136038201916e-05	3.8460634846979674e-06	-0.0005818153168755582	-2.899852544231252e-05
1914.586669921875	0.6962207526438261	0.5721445918077922	933.9996852561163	0.018958663759515406	-0.0009854865010591907	0.03173918325243813	1.2454196967026744e-05	0.0005282604329230187	-2.308521072512608e-05
1979.98583984375	0.6962207526535883	0.5721445918063358	933.9997603538083	0.006211344549866124	-0.0007138059425922691	-0.007509769190461993	1.2512087774834401e-05	0.0005282662316232551	-2.151207786754952e-05
2045.19482421875	0.6962207526637374	0.5721445918043176	933.9998314211475	0.006457533391215368	-0.000989142194964218	-0.007106733929126502	1.2131015663670742e-05	0.0005285798325724969	-1.9602614185924903e-05
2114.090576171875	0.6962207290381994	0.5721445320491401	934.0030956024405	0.006278554702924095	-0.0011076417576264038	-0.006915478651669901	1.1271462715330447e-05	0.0005298749913058184	-1.8467531335456052e-05
2177.93798828125	0.6962207290484327	0.572144532046111	934.0031699089187	0.0065110567736642155	-0.001484569760219695	-0.007430647830067985	1.0456760806048327e-05	0.0005301750608465878	-1.807666308029303e-05
2247.46533203125	0.696220729058545	0.572144532043461	934.0032449542974	0.006434099213995606	-0.0012988009593752161	-0.007504537876432502	1.1003245592673955e-05	0.0005308514175619378	-1.7685721964547462e-05
2311.789306640625	0.6962207290686296	0.5721445320408564	934.0033201590845	0.006416427804872835	-0.0012766331554044095	-0.007520478705158012	1.0454668670267201e-05	0.0005309661339865568	-1.7825984226807595e-05
2386.146728515625	0.6962207290789338	0.5721445320380002	934.0033948066729	0.006556191394966868	-0.0013998699331945214	-0.007464758834851551	9.307101992724248e-06	0.0005303342264602459	-1.737585792062269e-05
2457.715576171875	0.696220725536999	0.5721445504751115	934.0052887464955	0.006378166851277421	-0.001812251763863444	-0.007393732054931448	9.50340732564189e-06	0.0005307522359304403	-1.3491501656378822e-05
2528.35693359375	0.6962207255468874	0.5721445504710849	934.0053633477054	0.006291636517749748	-0.001973497724412256	-0.007460120995000777	9.064240942453182e-06	0.0005307751759867208	-1.419409584794389e-05
2600.79736328125	0.6962207255573953	0.5721445504668111	934.0054404378966	0.006685791977659659	-0.0020946750841144943	-0.0077090191217837195	8.180706107361911e-06	0.00053005436692012	-1.3658133153443157e-05
2678.757080078125	0.6962207255674911	0.5721445504632758	934.0055199640427	0.006423560373643793	-0.0017327376888865529	-0.007952614617012785	7.429720145331108e-06	0.0005290913885394168	-1.2436266217307487e-05
2759.394775390625	0.6962207255773547	0.5721445504601264	934.0055961758205	0.006275788402666817	-0.001543644567586934	-0.007621177775632718	6.678290788778983e-06	0.0005294536992564893	-1.21191186326427e-05
2832.987060546875	0.6962207255866818	0.5721445504573753	934.005671986101	0.005934455114511648	-0.0013483128021892846	-0.007581028046884375	5.600509801386649e-06	0.0005282916811924901	-1.2978607104345427e-05
2909.41455078125	0.696220737256653	0.5721445406599288	934.006868450307	0.005885127213974841	-0.0016804852828718054	-0.007265781522294554	5.35279169537362e-06	0.0005286168419866654	-1.1669308010032377e-05
2985.40283203125	0.6962207372658077	0.5721445406567537	934.0069425387394	0.0058247742934457725	-0.0015562047004663555	-0.007408843237600757	5.265610747204836e-06	0.0005280696169913781	-1.161080867750816e-05
3055.074462890625	0.6962207372748939	0.5721445406539409	934.0070161698952	0.005781180318422381	-0.0013786114168606739	-0.007363115587535371	4.208937865413493e-06	0.0005278166231819571	-1.1038941533077548e-05
3134.917724609375	0.6962207372836187	0.5721445406510812	934.0070909674422	0.005551244580144938	-0.0014016081251401497	-0.007479754695606106	3.7280918575366055e-06	0.000527736091553104	-1.0524027363329655e-05
3206.02197265625	0.6962207372919769	0.5721445406479698	934.0071629425203	0.005318043788187694	-0.0015249734459718226	-0.007197507808471101	2.8044305852035675e-06	0.0005276692036581087	-9.75780957862253e-06
3278.55615234375	0.6962207407692318	0.5721445329899914	934.007973489331	0.005112399779946545	-0.0016419268551925606	-0.007021200593200702	3.352018895396442e-06	0.0005265881877222723	-8.842577692696176e-06
3349.626708984375	0.6962207407768429	0.572144532987007	934.0080440703913	0.0048427116634250575	-0.0014627175485247175	-0.007058106026647096	2.0603670320560944e-06	0.0005263858295084633	-7.942303184843926e-06
3418.7119140625	0.696220740784536	0.5721445329839621	934.0081158545364	0.004894785521291347	-0.0014923895692762375	-0.007178414514288051	2.353854787646426e-06	0.0005262124813184294	-7.181169408906283e-06
3490.337890625	0.6962207407921976	0.5721445329806958	934.0081861040331	0.004874788439238066	-0.0016008730407910889	-0.007024949673668138	1.4873189877465275e-06	0.0005273080921620339	-6.774346391160518e-06
3568.511962890625	0.6962207337102435	0.5721445280096097	934.008766621524	0.0047041324498441	-0.001624857410369885	-0.006883182430091048	7.769466556173659e-07	0.0005270843471672083	-6.573247549642726e-06
3634.705322265625	0.6962207337179397	0.5721445280067635	934.0088358224659	0.004896797041216339	-0.0013949902612598205	-0.006920094190412951	1.304453513560789e-07	0.0005266434733864701	-5.8204237346636386e-06
3703.692138671875	0.696220733725372	0.5721445280037672	934.00890847113	0.004728851593642357	-0.0014685325643058066	-0.007264866410048115	-6.644815531476437e-07	0.0005261099475014666	-5.815691905834177e-06
3769.0673828125	0.6962207337325889	0.5721445280006004	934.0089829249987	0.004591856593852302	-0.0015520990240378138	-0.007445386868837001	-1.3972708776796506e-06	0.0005269647065512676	-5.547546654710639e-06
3837.5283203125	0.6962207337396957	0.5721445279973443	934.0090564782571	0.00452182690148446	-0.0015959151857184285	-0.0073553258388532605	-1.8099626719808646e-06	0.0005268791681155384	-4.279220345421534e-06
3903.728759765625	0.6962207458152184	0.5721445422943612	934.009479527996	0.0044177717934509655	-0.0013486701022920157	-0.007109919866866696	-2.7486892736369705e-06	0.0005264313064719858	-4.124699860050637e-06
3961.480712890625	0.6962207458217552	0.5721445422911909	934.0095522131794	0.004159108245201389	-0.001553816581042804	-0.007268518342076258	-3.3270585822526142e-06	0.0005258539422713969	-3.4681784522399855e-06
4013.013671875	0.6962207458278225	0.5721445422873425	934.0096221668641	0.0038603440663661248	-0.0018862375573568972	-0.0069953684662192595	-4.078531319430761e-06	0.0005255437461699853	-3.443089763246811e-06
4058.70849609375	0.696220745834191	0.5721445422833832	934.009694702427	0.004052118036262969	-0.0019405431073590625	-0.007253556294558719	-4.453016966438901e-06	0.0005246429133626793	-2.835951845285313e-06
4106.989501953125	0.6962207458408695	0.5721445422790887	934.009767157309	0.004249268116416751	-0.0021048158793636577	-0.007245488204615458	-6.230105360387348e-06	0.0005255901174410672	-1.7512811219813113e-06
4157.145751953125	0.6962207499993663	0.5721445496466401	934.0100815134316	0.003929924199282053	-0.002097811303618163	-0.0074826313282602835	-6.365767807214658e-06	0.0005257443819984926	-1.5023332196288124e-06
4211.086181640625	0.696220750005727	0.5721445496420692	934.0101556189788	0.004047053149709875	-0.0022403206575987967	-0.007410554724586821	-6.940946464616384e-06	0.0005265040722419312	-1.1581971420178809e-06
4263.125	0.6962207500121379	0.5721445496372792	934.0102295851473	0.004079013837247418	-0.0023476866161355986	-0.00739661683784025	-7.905867816015161e-06	0.0005266041438870361	-9.6223444575058e-07
4314.01220703125	0.6962207500186374	0.5721445496330405	934.0103028124316	0.004135383472483849	-0.0020774903935043207	-0.007322728441008633	-8.639651420147248e-06	0.0005257931535077032	2.9230871497471077e-07
4362.373779296875	0.6962207500247479	0.5721445496294826	934.0103774882955	0.0038878907749433592	-0.0017438113662789443	-0.007467586389731259	-8.278410186215063e-06	0.0005251373126080502	9.86762127388871e-07
4418.234130859375	0.6962207500308792	0.5721445496268976	934.0104531840536	0.0039011142716207175	-0.0012669569812350453	-0.007569575815785323	-9.279746957751859e-06	0.000524647675293337	5.835753859799834e-07
4472.799560546875	0.6962207473457018	0.5721445454116787	934.0106830848121	0.0035350747702137344	-0.0012236462470067461	-0.008018009404790319	-1.0827647613312235e-05	0.0005240241330115202	9.517090876296016e-07
4529.276611328125	0.6962207473514526	0.5721445454098311	934.0107672596616	0.0036589659062174706	-0.0009055584413212233	-0.008417484963138211	-1.0917048149773654e-05	0.0005247744086878422	1.3868711819864647e-06
4591.775146484375	0.6962207473568783	0.5721445454079469	934.0108538469982	0.0034521981815825433	-0.0009234737592107483	-0.008658733656030884	-1.271591550058073e-05	0.000523583071863051	1.780571257386364e-06
4647.789306640625	0.6962207473618856	0.5721445454054479	934.0109433735404	0.0031859302803869346	-0.001224813479653843	-0.008952654212927458	-1.2652288416957872e-05	0.0005237090481027203	1.3579719848739141e-06
4694.670654296875	0.696220746994687	0.5721445415466095	934.0111241377818	0.0031200854333451678	-0.00145081152501412	-0.00890737720700964	-1.3835699539420136e-05	0.000523980841637945	2.0347643676718437e-06
4746.668701171875	0.6962207469997119	0.5721445415437562	934.0112095351926	0.003197197417867799	-0.0013985257766938198	-0.008539741075008433	-1.4144932507080877e-05	0.0005243404227703397	3.265848704046244e-06
4794.4033203125	0.6962207470044944	0.5721445415413361	934.0112971969992	0.0030429301130354336	-0.0011861350858328485	-0.008766180654872946	-1.4646897484041808e-05	0.0005238124734431425	3.6844273531101688e-06
4844.3212890625	0.6962207470090688	0.5721445415390893	934.0113834430615	0.0029104532947736225	-0.001101199607811231	-0.008624606232984763	-1.4830275256777453e-05	0.000523890350143709	4.041823498172215e-06
4892.267578125	0.6962207470130894	0.5721445415370269	934.0114685562706	0.002558175217952348	-0.0010108458914752485	-0.008511320913065848	-1.5405590569149057e-05	0.0005236143445281352	5.05150343245571e-06
4937.557373046875	0.6962207495090253	0.572144539263185	934.0115965507456	0.0026463078769723663	-0.0009840803167646217	-0.008820105624503388	-1.5439910071352353e-05	0.0005243621582840393	5.411882447958143e-06
4978.24072265625	0.6962207495130114	0.572144539261151	934.0116830352896	0.002536196551610334	-0.0009968915461279497	-0.008648454400267014	-1.615273551828082e-05	0.0005239312651988758	5.836326640042192e-06
5019.448486328125	0.6962207495172418	0.5721445392591237	934.0117714009767	0.002691671508495721	-0.0009936521214532956	-0.00883656871362161	-1.5823537754543244e-05	0.0005236836701639731	5.28152290693106e-06
5060.13720703125	0.6962207495215887	0.5721445392574385	934.0118611373487	0.0027657913091994656	-0.0008259653184651849	-0.008973637192561348	-1.571551435763511e-05	0.0005227179333955359	6.119130911245324e-06
5100.65625	0.6962207495251809	0.5721445392560075	934.011950710219	0.002285509837611811	-0.000701350127991175	-0.008957287040417872	-1.614068820157139e-05	0.0005216901046080768	6.923206582993272e-06
5142.007080078125	0.6962207530653088	0.5721445352244008	934.0120383832715	0.002336290904189828	-0.0007250356242835005	-0.00893431164747946	-1.6716820334582243e-05	0.0005207370558101732	7.873672784524537e-06
5182.085205078125	0.6962207530692602	0.5721445352227071	934.012129034238	0.002514115577133085	-0.0008300971813947255	-0.009065096652329463	-1.7149465067569895e-05	0.0005214452421294192	8.089338791604227e-06
5221.613525390625	0.6962207530729451	0.5721445352208394	934.012217652417	0.002344554506484108	-0.0009154235154335775	-0.008861817905637434	-1.771938891695217e-05	0.0005207287337502847	8.530553017563676e-06
5261.72314453125	0.6962207530763439	0.5721445352201692	934.0123062621325	0.0021625888412949434	-0.00032851781962050586	-0.008860971552120955	-1.8668562134987327e-05	0.0005199301983002602	9.664959835815267e-06
5302.41845703125	0.696220753079764	0.5721445352193462	934.012396709974	0.002176101953461681	-0.00040339203724666244	-0.009044784153927357	-1.9210430526563436e-05	0.0005191269882330874	1.002126027209895e-05
5345.0673828125	0.6962207579540255	0.572144534626813	934.0124534098549	0.0021459229797930264	-0.00048510652128694066	-0.009175116952127055	-1.8829576876928546e-05	0.0005183949207651538	9.934394569556798e-06
5381.970947265625	0.6962207579569162	0.5721445346247032	934.0125483243587	0.0018392678010141735	-0.0010341218727815532	-0.009491450381939423	-1.931567926714444e-05	0.0005185612809487293	1.0084905273212452e-05
5422.622802734375	0.6962207579603391	0.5721445346226028	934.0126431479422	0.0021779155515791976	-0.0010293895517222134	-0.009482358347605649	-1.9022456560864075e-05	0.0005181662543123513	1.0848828404133326e-05
5463.2197265625	0.6962207579628534	0.5721445346200861	934.0127436576423	0.0015997977114238777	-0.0012335076853125125	-0.010050970008048304	-1.9593085898592144e-05	0.0005173976921911931	1.176137171448608e-05
5502.768798828125	0.6962207579655755	0.5721445346175769	934.01284529432	0.0017319605790121224	-0.0012298418734198377	-0.010163667762005793	-1.9424075295456653e-05	0.0005172574802533063	1.2310781326765572e-05
5544.725341796875	0.6962207544104344	0.5721445358181119	934.0128797329912	0.001332046679911129	-0.0009177661577348011	-0.00990653974557959	-1.9041833122259924e-05	0.0005175905314648876	1.2635989136922414e-05
5585.498291015625	0.6962207544124	0.5721445358166969	934.0129804430626	0.0012506328206284816	-0.0006934923903682236	-0.010071007135480425	-1.889190715263773e-05	0.0005169143013580371	1.2768649002022888e-05
5624.850341796875	0.6962207544142465	0.5721445358147992	934.0130781604172	0.0011748415500322843	-0.0009301183183684852	-0.009771735458347044	-1.9091580023430128e-05	0.000516079956593213	1.2980960166903054e-05
5665.7802734375	0.6962207544158576	0.5721445358128043	934.0131781135116	0.0010251367970509245	-0.000977714950195206	-0.009995309438293895	-1.9849454558012425e-05	0.000515277903135206	1.3825501255071283e-05
5706.44677734375	0.6962207544173532	0.572144535811451	934.0132782750057	0.0009516007504486141	-0.0006633241929695552	-0.010016149421269743	-2.0503111207842854e-05	0.0005144713818005046	1.4353165623003137e-05
5748.106689453125	0.6962207539647911	0.57214453697392	934.0132865388542	0.0007088625823208061	-0.0004896528859043487	-0.009773086312590079	-2.0858423848316242e-05	0.0005145780678623402	1.4107753868341359e-05
5788.211669921875	0.6962207539660328	0.5721445369730542	934.0133839262168	0.0007900534173436584	-0.00042433281998639544	-0.009738736248865773	-2.167936389324772e-05	0.0005149862607676865	1.4325591748432003e-05
5827.5263671875	0.6962207539671506	0.5721445369721919	934.0134796113268	0.0007111994374015735	-0.0004226460800444445	-0.00956851100802504	-2.221047806830916e-05	0.0005139496058452261	1.4339140330578115e-05
5868.776611328125	0.6962207539677863	0.5721445369716174	934.0135766810209	0.0004045065667365502	-0.00028161765441613506	-0.009706969412756422	-2.266012676895956e-05	0.0005138088630467025	1.5132455468821645e-05
5907.697265625	0.696220753968276	0.5721445369711442	934.0136755894479	0.00031157254113509174	-0.00023190982560175407	-0.00989084269056116	-2.3134865862137027e-05	0.0005131734033445967	1.5649716510983333e-05
5947.5947265625	0.696220753968639	0.5721445369712692	934.0137767875725	0.00023096949931652024	6.128896317313416e-05	-0.010119812464875824	-2.4002833203342846e-05	0.0005124304932840396	1.636226246836923e-05
5989.4228515625	0.6962207536176069	0.5721445384267941	934.0137632724978	0.0001782735342667881	-0.00017846268627841585	-0.010207897015381162	-2.4496755739577578e-05	0.0005126858735572009	1.6975481167453984e-05
6028.0322265625	0.6962207536177374	0.5721445384263605	934.0138640059853	8.300383976455393e-05	-0.00021253893670763978	-0.010073348746355057	-2.3154449571868786e-05	0.0005139291662693674	1.7760297677656287e-05
6067.801025390625	0.6962207536179039	0.5721445384263482	934.0139666050995	0.00010598835718959634	-6.0536520144323146e-06	-0.010259911430598748	-2.3059043100866308e-05	0.000515000992785121	1.86767799544046e-05
6108.343017578125	0.6962207536179363	0.57214453842639	934.0140717803207	2.065036584791372e-05	2.050407346286929e-05	-0.010517522114594974	-2.3664690684363932e-05	0.0005154484947706673	1.9335554156581263e-05
6150.579345703125	0.696220756596186	0.5721445351222196	934.0140510243081	0.00031678731825466396	-0.00033113971419954666	-0.010625325510407735	-2.4260807979236324e-05	0.0005165563068953263	1.956264200876338e-05
6189.93408203125	0.6962207565969335	0.5721445351210611	934.014157563831	0.0004756218043435636	-0.000567823228966692	-0.010653952287506485	-2.4603203632742417e-05	0.0005171447724101503	1.960322375262301e-05
6231.5556640625	0.6962207565971492	0.5721445351196388	934.0142690677513	0.00013722489967851197	-0.0006971095591474726	-0.01115039203589864	-2.4549484439527465e-05	0.0005191677894115051	1.993290049109863e-05
6270.65283203125	0.696220756597057	0.5721445351185208	934.0143832908336	-5.869329053813278e-05	-0.0005479670801402151	-0.011422308231035197	-2.454938781021416e-05	0.0005197417243461406	2.1374088857203593e-05
6312.14892578125	0.6962207565965419	0.5721445351177915	934.0144967612996	-0.0003277170413680706	-0.0003574412698419799	-0.01134704659724059	-2.4891217411028978e-05	0.0005202330801277898	2.1155838668356293e-05
6353.443603515625	0.6962207546119746	0.5721445351105682	934.0144669426893	-0.0007775765737485158	-0.0002463932062860881	-0.011345474937558109	-2.560463177519107e-05	0.000521072024811247	2.0857029055060194e-05
6393.33154296875	0.696220754610744	0.5721445351106443	934.014579752885	-0.0007830676133901201	3.734545667187264e-05	-0.011281019569421583	-2.5746553042067156e-05	0.0005216753942615688	2.0946474205425143e-05
6433.0810546875	0.6962207546098012	0.5721445351104087	934.014693876672	-0.0005998489575017737	-0.00011549365794951136	-0.011412378711269489	-2.56268233992062e-05	0.0005223096113471476	2.1064327030840217e-05
6473.989990234375	0.6962207546086402	0.5721445351097914	934.0148087544344	-0.0007386551657075788	-0.00030257250942254	-0.011487776235562047	-2.7106142208964898e-05	0.0005220058700439222	2.1599547931210842e-05
6512.877197265625	0.6962207546077025	0.5721445351090828	934.0149259111316	-0.0005966282091074879	-0.00034727755212988153	-0.011715669719676386	-2.8265077516900072e-05	0.000522569647704007	2.2107904595687646e-05
6553.736083984375	0.6962207545361006	0.5721445348525162	934.0148890507925	-0.0006123976646751681	-0.0005427084678683655	-0.012074761788719315	-2.943954818471984e-05	0.0005230302693197115	2.1902647743058e-05
6593.865478515625	0.6962207545350935	0.5721445348515901	934.0150098461633	-0.0006407912104711503	-0.00045387218837330385	-0.01207953707403743	-3.0297806997359662e-05	0.0005227832810698041	2.218797816970706e-05
6634.069580078125	0.6962207545345899	0.5721445348504174	934.0151298481794	-0.00032039583482272756	-0.0005747981980908914	-0.012000201617541922	-3.0387674198527907e-05	0.0005225438278070681	2.235747085234757e-05
6674.196533203125	0.6962207545337799	0.5721445348490114	934.0152507085872	-0.000515399839305617	-0.0006891315778449664	-0.012086040780564342	-3.09865560100683e-05	0.0005218409502310985	2.3735493096079368e-05
6713.416015625	0.696220754533317	0.5721445348478964	934.0153730949861	-0.00029451996077008624	-0.0005464971833388414	-0.012238639890978925	-3.116181586248915e-05	0.0005212563675983916	2.4492818990576883e-05
6753.731689453125	0.6962207545327423	0.5721445348464241	934.0154953044982	-0.00036564170308107263	-0.0007215877250760436	-0.012220951209076805	-3.2270726910389616e-05	0.0005213579410013927	2.5294435550248512e-05
6794.554931640625	0.6962207557679455	0.572144534085202	934.0154435143694	-0.00031172027342301636	-0.0009591934884316634	-0.012497348942294761	-3.294454992938223e-05	0.0005220330379009786	2.6550509220244783e-05
6834.710693359375	0.6962207557674215	0.5721445340835324	934.0155709080691	-0.0003333859038409389	-0.0008183513045120199	-0.012739369969504366	-3.340761953698098e-05	0.0005223728902387473	2.681396750795701e-05
6874.695556640625	0.6962207557668414	0.5721445340822079	934.0156980277294	-0.0003690844229085928	-0.0006491682634603065	-0.012711966025939964	-3.4420075260265284e-05	0.0005232816089349645	2.7361233064327194e-05
6915.89306640625	0.6962207557665125	0.572144534080516	934.015824307695	-0.0002092304815494718	-0.0008292363997419755	-0.012627996562338512	-3.4384309904253384e-05	0.0005236077247005867	2.658039677040909e-05
6957.458740234375	0.6962207543527361	0.5721445312524076	934.0157658722107	-0.00047924647498890954	-0.001253629002974116	-0.012537202137702971	-3.5330468208813905e-05	0.0005243995473781354	2.663793704642844e-05
6999.54296875	0.6962207543520009	0.5721445312496239	934.0158940158158	-0.00046780567166027553	-0.0013643249432135547	-0.012814360499594252	-3.594421947789377e-05	0.0005243702795271075	2.681785539115469e-05
7038.366943359375	0.6962207543516391	0.5721445312471796	934.0160213372603	-0.0002302333953164833	-0.0011980571529753691	-0.012732144460474798	-3.657637226797974e-05	0.0005246082995732017	2.775750923154136e-05
7080.101806640625	0.6962207543510728	0.5721445312443196	934.0161490363457	-0.0003603296905558203	-0.0014016962020640374	-0.012769908543875316	-3.7330453868398915e-05	0.0005239973768594961	2.8116928401001367e-05
7119.600830078125	0.6962207543507755	0.5721445312418112	934.0162753253286	-0.00018920626778600393	-0.0012294163884151884	-0.012628898291594082	-3.804525532530342e-05	0.0005239773247578012	2.7669603773937912e-05
7162.181640625	0.6962207552179992	0.5721445326970972	934.0162088021118	8.862941191047213e-05	-0.0011828830116880468	-0.012871744211338895	-3.82724563086771e-05	0.0005246413781458502	2.6801049890186935e-05
7201.781005859375	0.6962207552181308	0.5721445326947583	934.0163364286395	8.369891930801814e-05	-0.0011463611467912188	-0.012762652771365443	-3.8577830688417e-05	0.0005248127137568117	2.75914175193195e-05
7241.740234375	0.6962207552183077	0.5721445326917663	934.0164652757126	0.00011259087618348516	-0.0014664273792345263	-0.012884707301658138	-3.875050320948893e-05	0.0005251992570584827	2.8464916159397712e-05
7281.72412109375	0.6962207552183787	0.5721445326889621	934.0165945781296	4.516094875080046e-05	-0.0013743810096145518	-0.012930241696982758	-3.872159874159837e-05	0.0005244308966789105	2.9569745571294753e-05
7322.618896484375	0.6962207552181258	0.5721445326852773	934.0167232650473	-0.0001609447145318598	-0.001806024728246918	-0.012868691777517136	-3.936708931008762e-05	0.0005236429985872828	3.007754988482893e-05
7362.306396484375	0.6962207552177977	0.5721445326812816	934.016851165043	-0.00020871553357271942	-0.001958368938338455	-0.012789999572179495	-3.8796179845724216e-05	0.0005237942038328411	3.0618894620737277e-05
7404.567138671875	0.6962207530534197	0.5721445348451799	934.0167690633021	-0.0009918868381670345	-0.0015644844920666124	-0.012906621473928057	-3.90552996421217e-05	0.0005233640251172935	3.1417751463379974e-05
7442.694580078125	0.6962207530516112	0.5721445348417936	934.016901196803	-0.0011506526447919994	-0.0016597117031160247	-0.013213350087841066	-3.902262106787686e-05	0.0005243908104631057	3.245609398500723e-05
7482.450927734375	0.6962207530497344	0.5721445348381968	934.0170353018286	-0.0011941937126865227	-0.0017628643927108348	-0.013410502563124982	-3.983979155042969e-05	0.000523721289448835	3.233236136012655e-05
7522.66845703125	0.696220753047377	0.5721445348346013	934.0171697917865	-0.0014999355956025594	-0.00176227012426123	-0.013448995789246423	-4.1034512582976966e-05	0.0005230527135887794	3.253526606850948e-05
7565.6591796875	0.696220753328123	0.5721445343317142	934.0170901569588	-0.0014929092434114585	-0.0018251225884966733	-0.013591495468622788	-4.050877507941028e-05	0.0005230619504799247	3.334856006962635e-05
7604.94677734375	0.6962207533259251	0.5721445343276893	934.0172248996822	-0.0013984749587560973	-0.0019727138565879604	-0.013474272339976626	-4.100912184542686e-05	0.0005220587302298492	3.394943079573352e-05
7644.90380859375	0.6962207533227532	0.5721445343239289	934.0173601749233	-0.0020181368437945393	-0.0018430933168403821	-0.01352752410245564	-4.1782947141209647e-05	0.0005223979649523697	3.3827935020384435e-05
7685.235595703125	0.6962207533197088	0.5721445343198611	934.0174960800288	-0.0019370600710391561	-0.001993687237396198	-0.013590510543636983	-4.250602851564766e-05	0.0005227605063986895	3.363159659862132e-05
7725.783447265625	0.6962207533172406	0.5721445343148189	934.0176327944723	-0.0015703624539985198	-0.0024713137721582928	-0.013671444356981796	-4.305200109503624e-05	0.0005229280178686044	3.429699829342818e-05
7766.715576171875	0.696220753314793	0.5721445343097902	934.0177671242174	-0.001557300772695769	-0.002464734625490938	-0.01343297449956947	-4.3388426634421075e-05	0.0005229417636870626	3.425153364948846e-05
7806.393798828125	0.6962207520991229	0.5721445332463587	934.0176724128104	-0.002031270049323872	-0.0026555142088548044	-0.01359139750549268	-4.446050588515593e-05	0.0005229598814296902	3.5103292011823805e-05
7848.03955078125	0.6962207520962932	0.5721445332414835	934.0178109916465	-0.001800448156067832	-0.002389435117147675	-0.013857883605719837	-4.4921673800358545e-05	0.0005219391077604135	3.586119627093225e-05
7887.4814453125	0.6962207520933188	0.572144533236552	934.017954001345	-0.0018925286681811464	-0.0024170322114640402	-0.014300969853446754	-4.617196647400288e-05	0.000523223696063954	3.678176527177492e-05
7928.017822265625	0.696220752090112	0.5721445332319894	934.0180963767015	-0.002040355125070217	-0.0022362457938145193	-0.014237535654832545	-4.718289961873219e-05	0.0005229947909050635	3.750894144799596e-05
7969.138671875	0.6962207497637041	0.5721445327110808	934.0180048065656	-0.002833229098085064	-0.0026630068186559224	-0.014332579750722718	-4.699463534216468e-05	0.0005225633441839352	3.824384847313164e-05
8008.43115234375	0.6962207497587485	0.572144532705936	934.0181511002766	-0.003153086213003346	-0.0025215734442899387	-0.014629371097370114	-4.6922021695739635e-05	0.0005232687838332211	3.76665906880219e-05
8048.958740234375	0.6962207497538402	0.5721445327005753	934.0182950596216	-0.0031229800723302265	-0.0026274040347334985	-0.014395934497346122	-4.6940917094039905e-05	0.0005233878690609462	3.865762744545478e-05
8089.68359375	0.6962207497491189	0.5721445326952752	934.0184392456204	-0.0030040097600204175	-0.0025977054350577178	-0.014418599881544703	-4.750775330678125e-05	0.0005239105658193761	3.874771340180574e-05
8129.12158203125	0.6962207497438138	0.5721445326892671	934.0185853973405	-0.00337544640520921	-0.0029447154923142394	-0.01461517201606699	-4.864614021289397e-05	0.0005237887107364069	3.929586905169643e-05
8171.1533203125	0.6962207511411764	0.5721445317875208	934.0184860206022	-0.0032328978196861703	-0.0030731625479436036	-0.014512141966814981	-4.855996249734168e-05	0.0005227277965599032	3.952226541743324e-05
8210.921875	0.6962207511362435	0.5721445317817018	934.0186327665076	-0.0031386470605573443	-0.002852005932188714	-0.014674590545784877	-4.985020447113954e-05	0.0005220957600533029	3.971391572028937e-05
8251.94873046875	0.6962207511311023	0.572144531775558	934.0187777781725	-0.0032711731365920272	-0.0030111715975575035	-0.01450116649257785	-5.045176538694995e-05	0.0005209168897234728	4.052324616373807e-05
8291.01611328125	0.6962207511258244	0.5721445317686501	934.0189229595956	-0.003358131980177516	-0.003385753650862576	-0.014518142300837478	-5.089595573643075e-05	0.0005210618005648862	4.10067644661231e-05
8331.371337890625	0.6962207511207132	0.5721445317615843	934.0190689237857	-0.003252001511229742	-0.00346313221012834	-0.014596419014248505	-5.166309294517129e-05	0.0005208709711857536	4.145295978896707e-05
8375.397216796875	0.6962207516141932	0.5721445322802776	934.0189587927832	-0.003321699793358624	-0.003264106941787885	-0.014336457872874478	-5.2569744327574406e-05	0.0005197329812413687	4.1922296166641846e-05
8413.328369140625	0.696220751609178	0.5721445322731166	934.019100402766	-0.003190989684854786	-0.003509791525797234	-0.014160998272592665	-5.3314502527136e-05	0.0005191834565263562	4.23238131304739e-05
8453.8154296875	0.6962207516039194	0.5721445322654446	934.0192415168106	-0.0033457995538914292	-0.003760204462094257	-0.014111404456402993	-5.3801289284402885e-05	0.0005191474450198013	4.2316702652834415e-05
8492.977783203125	0.6962207515983495	0.5721445322571755	934.0193854666109	-0.003543936910457367	-0.004052878394907224	-0.014394980035654717	-5.455989342268398e-05	0.0005194723928042797	4.2874452374272797e-05
8533.78759765625	0.6962207515926015	0.5721445322488434	934.0195308715992	-0.0036572396631410473	-0.004083747294287863	-0.014540498824565734	-5.562850603176831e-05	0.0005191822916753794	4.3047939645929956e-05
8574.60693359375	0.6962207520085772	0.5721445322270626	934.0194145027502	-0.0032900190910833665	-0.0038408689907911842	-0.014468554872641981	-5.648734109671436e-05	0.0005198358714775038	4.266611351624558e-05
8614.848388671875	0.6962207520031906	0.5721445322189697	934.0195596766335	-0.0034273820176366396	-0.003966547397496348	-0.01451738832602198	-5.801464501585026e-05	0.0005187893218237985	4.3086925680573786e-05
8655.46533203125	0.696220751997536	0.5721445322103969	934.0197030367742	-0.0035978283509796173	-0.004201705713004717	-0.01433601406775778	-5.871960389662924e-05	0.0005187918480111604	4.3340901278541675e-05
8694.81689453125	0.69622075199123	0.5721445322019799	934.0198467842318	-0.0040122712333607174	-0.004125311800311347	-0.014374745768153008	-5.8780134098157244e-05	0.0005192931533449356	4.4166261727313925e-05
8734.48828125	0.6962207519853545	0.5721445321937473	934.0199934040611	-0.003738355804645738	-0.004035007434748652	-0.014661982929776704	-5.9715640877220935e-05	0.0005189752961644182	4.4404301554832724e-05
8777.347412109375	0.6962207498949597	0.572144534744664	934.01987138589	-0.004648897073698449	-0.0027997723761848657	-0.01465061910165022	-6.083614367094619e-05	0.0005187666227355888	4.500654449869669e-05
8816.10400390625	0.696220749887894	0.5721445347386792	934.020017796338	-0.004495697909739131	-0.0029332553187583522	-0.01464104480335024	-6.150148280029427e-05	0.0005189565430678536	4.562523210073863e-05
8856.154052734375	0.6962207498803529	0.5721445347331107	934.0201622730845	-0.004798075069727287	-0.002729258673573409	-0.014447674640978056	-6.19845385674633e-05	0.0005192294523000367	4.600583115654508e-05
8895.9091796875	0.6962207498727071	0.5721445347276518	934.0203092351453	-0.0048646870405752345	-0.002675497701485143	-0.014696206080731036	-6.345568225115487e-05	0.0005196254488984323	4.629563822736929e-05
8937.517822265625	0.6962207498657998	0.5721445347223296	934.0204580795651	-0.004394829544990898	-0.002608546480289676	-0.014884441975590648	-6.397129806555913e-05	0.0005193623793049696	4.64977149416408e-05
8978.118896484375	0.6962207478733805	0.5721445358050742	934.0203311710953	-0.005743867460693241	-0.002380311544409413	-0.014885205987365868	-6.484229235443148e-05	0.0005191718151028464	4.770294371523103e-05
9017.44873046875	0.6962207478639927	0.5721445358001216	934.020476456748	-0.005973096152698432	-0.0024273536933423997	-0.014528565265494162	-6.678003909260666e-05	0.0005190473612798173	4.838608729340811e-05
9057.54833984375	0.6962207478548683	0.5721445357951975	934.0206178233004	-0.005805474246565982	-0.0024134014636367686	-0.014136655234109952	-6.715372371871035e-05	0.0005191632639570268	4.845385257338161e-05
9097.87646484375	0.6962207478455182	0.5721445357894911	934.0207612371413	-0.005949089361625923	-0.0027968323930729865	-0.014341384089697304	-6.801620522707178e-05	0.0005190354403533405	4.8820513669564014e-05
9138.147705078125	0.6962207478358501	0.5721445357839133	934.0209025408965	-0.006151512442953825	-0.002733772865192345	-0.014130375515551671	-6.757450290242099e-05	0.0005202470476897935	4.835984232632137e-05
9180.619873046875	0.6962207458065793	0.5721445348852304	934.0207616970574	-0.007732486959760906	-0.003434610721654788	-0.014119442611317437	-6.830018751757718e-05	0.0005210906146553776	4.876450752437654e-05
9219.632568359375	0.6962207457949445	0.57214453487815	934.0209040326056	-0.007402768489171405	-0.003470288363950842	-0.014233554812432728	-6.936563237243001e-05	0.000520890370627839	4.829407389474031e-05
9259.834716796875	0.6962207457836264	0.5721445348712307	934.0210511450931	-0.007201307149174281	-0.003391307001356333	-0.014711248747275002	-6.951571405077623e-05	0.0005206378173629663	4.829511195288356e-05
9300.371337890625	0.6962207457725348	0.572144534864523	934.0211987521992	-0.0070571914309570044	-0.00328763843326722	-0.014760710604906704	-6.991202008683235e-05	0.0005213794978930686	4.802691943148079e-05
9340.820068359375	0.6962207457613636	0.5721445348569483	934.0213423897387	-0.007107790724964776	-0.0037125241812662546	-0.014363753950451724	-7.098895360532594e-05	0.0005210725129139264	4.784927415793008e-05
9382.692138671875	0.6962207457498187	0.5721445348485921	934.0214817599544	-0.007345562124125948	-0.004095545011949573	-0.013937021573573696	-7.114199303173558e-05	0.0005214245811399002	4.7349720832677805e-05
9422.9052734375	0.6962207468704891	0.5721445342249245	934.0213269457495	-0.006415976572566501	-0.004408449788082947	-0.013742201374481261	-7.076259170485353e-05	0.0005208901620009771	4.824523480571587e-05
9462.514404296875	0.6962207468601188	0.5721445342158654	934.0214629971476	-0.006598228411111226	-0.004440088338174545	-0.01360513981626886	-7.16818364306635e-05	0.000520995095312893	4.884663420318129e-05
9503.782470703125	0.696220746849707	0.5721445342065357	934.0215968329603	-0.00662461267131837	-0.0045727038429719345	-0.013383581268977568	-7.229581744464192e-05	0.0005213093120718095	4.978765070584949e-05
9544.577880859375	0.6962207468391902	0.5721445341977335	934.0217320737734	-0.006691438608069909	-0.004314177136539435	-0.013524081307240712	-7.255841739256932e-05	0.0005224072034003078	4.9854221963267936e-05
9585.614013671875	0.6962207468277499	0.5721445341893177	934.0218689890393	-0.00727901871300109	-0.004124815351119031	-0.013691526591549333	-7.326968849118844e-05	0.0005221344196999294	5.0870117512970315e-05
9625.517822265625	0.6962207468873531	0.5721445359534386	934.0217123923493	-0.00699949248910885	-0.003429591334633259	-0.013983788927849863	-7.33550632125506e-05	0.0005227363235726845	5.199395634446617e-05
9665.81396484375	0.6962207468764923	0.5721445359466545	934.0218491745788	-0.0069103891684060125	-0.003325063455143194	-0.013678222953349958	-7.509464715497418e-05	0.000522812732698424	5.1695027511231356e-05
9705.61865234375	0.6962207468657569	0.5721445359401517	934.0219859292289	-0.006830560355022667	-0.003187196236283368	-0.01367546500649873	-7.604153327472226e-05	0.0005230771351733551	5.2331229699216364e-05
9745.8798828125	0.6962207468553677	0.5721445359336349	934.0221228036665	-0.0066102487442793135	-0.0031940232028056883	-0.013687443769334048	-7.778107649904326e-05	0.0005227835312144232	5.3130214716260106e-05
9785.88427734375	0.6962207462621143	0.5721445371377405	934.0219636735322	-0.007103118527780171	-0.002383084643508903	-0.013769734124382274	-7.80398761478809e-05	0.0005230400885011741	5.3744993256684e-05
9827.675048828125	0.6962207462509407	0.5721445371334801	934.0221024515838	-0.007109386156117659	-0.0020881004431218208	-0.013877805160541781	-7.878534792130412e-05	0.0005240275716864499	5.443871531377377e-05
9867.70068359375	0.6962207462392629	0.5721445371287665	934.0222398144739	-0.007430140475389933	-0.0023102843826113798	-0.013736289013044106	-7.976606507209971e-05	0.0005238910296264459	5.545379984896176e-05
9907.913818359375	0.6962207462281016	0.5721445371231325	934.0223764446588	-0.007101535404883556	-0.0027613002328283546	-0.01366301849389523	-8.15131371632815e-05	0.0005243573272484531	5.631994981101459e-05
9947.3837890625	0.6962207462173051	0.5721445371167558	934.0225140744027	-0.006869429332009084	-0.0031253374961505765	-0.01376297438727829	-8.178860365207177e-05	0.0005245551439950454	5.675586041782086e-05
9989.318115234375	0.6962207464217139	0.5721445378734605	934.0223501813598	-0.006945040160129049	-0.002803629023239125	-0.013740101991511586	-8.172711360403766e-05	0.0005240849532993308	5.688431946383958e-05
10028.549560546875	0.6962207464102667	0.5721445378670758	934.0224863967704	-0.007283501620660425	-0.0031293040215941946	-0.013621541067160875	-8.245478431387729e-05	0.0005237466484647835	5.785052138840579e-05
10069.011474609375	0.6962207463990746	0.5721445378614046	934.022624400178	-0.0071210923740681175	-0.002779558222263536	-0.013800340754494503	-8.30217936707117e-05	0.0005240976501255636	5.800333446615983e-05
10108.138427734375	0.6962207463882021	0.5721445378546753	934.0227661879577	-0.0069177584760416145	-0.0032981667828633717	-0.014178777970720549	-8.339975164497984e-05	0.000523566850752179	5.828148483852596e-05
10151.32568359375	0.6962207463771977	0.5721445378475443	934.0229087768753	-0.007001720848084313	-0.0034950986252435035	-0.014258891760185771	-8.464244725203954e-05	0.0005235809518667372	5.886363139735102e-05
10189.887451171875	0.6962207463660213	0.5721445378408642	934.0230522900569	-0.007111124276936111	-0.003274092677901342	-0.01435131815241504	-8.540729833734207e-05	0.0005234254069581793	5.887728176576959e-05
10231.522705078125	0.6962207443196515	0.5721445382248288	934.0228854223674	-0.009031473653073715	-0.0029485062597238293	-0.01427746430871503	-8.544023193447097e-05	0.0005237332187632775	5.823918134083377e-05
10270.8232421875	0.6962207443054801	0.5721445382185606	934.0230298817373	-0.009016770182343264	-0.003072167123621798	-0.014445936997330516	-8.571394353310443e-05	0.0005242348724426726	5.882979096377948e-05
10313.53125	0.6962207442916772	0.5721445382118147	934.0231782970291	-0.008782228264296308	-0.0033063298268826164	-0.014841529169508733	-8.536009985283968e-05	0.0005251377147287631	5.953290615988253e-05
10353.135986328125	0.6962207442777752	0.5721445382050007	934.0233286792678	-0.00884532532104395	-0.003339708922901023	-0.015038223879667953	-8.701313363760264e-05	0.0005248755336282134	5.9934763874350484e-05
10394.518310546875	0.6962207455023401	0.5721445376549401	934.0231642593276	-0.007973782572830716	-0.003426072047753756	-0.01465512995717938	-8.752613468859024e-05	0.0005260386895606717	6.109032060957245e-05
10435.10205078125	0.6962207454892735	0.5721445376488673	934.0233127778131	-0.008313852117174263	-0.0029764369440042067	-0.014851848550860455	-8.771401147332954e-05	0.0005258564841232337	6.194522598742475e-05
10474.705810546875	0.6962207454757913	0.5721445376429846	934.0234630775267	-0.0085782688388159	-0.002883239627101043	-0.015029971360234692	-8.829331704279149e-05	0.0005261812662879161	6.317970273184286e-05
10515.842529296875	0.6962207454626812	0.5721445376373008	934.0236120057658	-0.008341418595119738	-0.002785737086964374	-0.014892823917988601	-8.805146359929808e-05	0.0005260053416782219	6.451594807115031e-05
10556.5634765625	0.6962207454500363	0.5721445376312506	934.0237610221831	-0.00804546073394751	-0.0029653413515095045	-0.014901641721307882	-8.814188639758696e-05	0.000526085346101544	6.530973058776517e-05
10596.76611328125	0.6962207454372102	0.5721445376251239	934.023914333317	-0.00816078512413725	-0.003002887593448929	-0.015331113388173959	-8.912690511134563e-05	0.0005256603653385866	6.510820515589554e-05
10636.7392578125	0.6962207447214502	0.5721445392553746	934.0237474346344	-0.008402877504569835	-0.0020613842249530825	-0.015355632108396203	-8.904496418639644e-05	0.0005253555885154016	6.561163166024307e-05
10677.689208984375	0.6962207447080203	0.5721445392513753	934.0239024670657	-0.008544973974817073	-0.0019601042198632225	-0.015503243124161029	-8.895830593578285e-05	0.0005253321685911126	6.682169877310733e-05
10717.623779296875	0.6962207446948527	0.5721445392475787	934.0240551936006	-0.008378035756225366	-0.0018608322098939295	-0.015272653490785576	-8.951981483850134e-05	0.0005257184882619085	6.713882924551018e-05
10759.0869140625	0.6962207446817857	0.572144539243473	934.0242055461921	-0.008314014766388796	-0.0020122921177924014	-0.015035259148718783	-8.961479275816211e-05	0.0005257276129905736	6.719558539394063e-05
10798.12890625	0.6962207446690132	0.5721445392392353	934.0243597119603	-0.00812670400604544	-0.0020770312384564963	-0.015416576823652661	-9.005477233612415e-05	0.0005254348927743094	6.856689165959195e-05
10841.015380859375	0.6962207430577002	0.5721445413229758	934.0241871082097	-0.009586428114756162	-0.0006341361599426289	-0.015365640645445655	-9.087190429689337e-05	0.0005251026614057655	6.860943449105858e-05
10881.15673828125	0.6962207430429868	0.5721445413212936	934.0243420711479	-0.009361607925977438	-0.0008244843898634084	-0.015496293815138673	-9.156075526151123e-05	0.0005256314164052793	6.93289083507902e-05
10923.010498046875	0.6962207430281417	0.572144541319511	934.0244955650927	-0.009445327680659837	-0.0008736538843222948	-0.015349394484607787	-9.249331439857739e-05	0.0005248267019913447	6.91828403026024e-05
10961.4765625	0.6962207430134223	0.5721445413176243	934.0246478945611	-0.009365411830314752	-0.0009247395720560096	-0.015232946841192516	-9.337584469905454e-05	0.0005237587777319889	6.932631051197822e-05
11004.066162109375	0.6962207423058041	0.5721445411205237	934.0244690880915	-0.009668585041641045	-0.000793323390415983	-0.014939931388477531	-9.349980259300407e-05	0.0005229140814236326	6.929132202138688e-05
11044.82958984375	0.6962207422899599	0.5721445411196671	934.0246191001362	-0.010081057340762234	-0.0004198816281385368	-0.01500120446861461	-9.349836901841694e-05	0.0005234415049895365	7.005303474738974e-05
11084.680908203125	0.6962207422742159	0.5721445411180544	934.0247659369234	-0.010017266309387854	-0.0007904069775056195	-0.014683678711545578	-9.334636573340517e-05	0.0005233148363992082	7.004560937460549e-05
11124.5498046875	0.6962207422585489	0.5721445411167035	934.0249125608016	-0.009968354555054973	-0.0006620591892936012	-0.01466238782008708	-9.33660607535799e-05	0.0005231369309548789	7.019670882734582e-05
11165.611572265625	0.696220742242736	0.5721445411160293	934.0250578387124	-0.01006117771464294	-0.00033046646767061693	-0.014527791086832081	-9.428811370322707e-05	0.000523585749017879	7.080184469143667e-05
11206.100341796875	0.6962207422263543	0.5721445411156751	934.0252055833602	-0.010423073003025788	-0.0001735766102049013	-0.014774464768239098	-9.421229952769857e-05	0.0005231902294750196	7.144632741817044e-05
11245.4638671875	0.6962207425505464	0.572144540801203	934.0250155325122	-0.010032904682468365	-0.0005667192434268659	-0.014700930839905507	-9.41432688934754e-05	0.0005227782007248208	7.256219210999665e-05
11286.301025390625	0.6962207425343491	0.5721445407997511	934.0251615142201	-0.010305757778619251	-0.0007116310678108174	-0.014598170796955023	-9.430643495280048e-05	0.0005230729426877306	7.299998124196642e-05
11325.910888671875	0.6962207425183888	0.5721445407990717	934.0253058078761	-0.010154903313890313	-0.0003329511121942599	-0.014429365597529248	-9.507744403523707e-05	0.0005227376154099472	7.252840265131048e-05
11367.502197265625	0.6962207425027115	0.5721445407987917	934.0254515951635	-0.009974930909383527	-0.00013724610912836432	-0.014578728744621752	-9.57146699006594e-05	0.0005232737633954997	7.275983729128757e-05
11406.514404296875	0.6962207424863749	0.5721445407980293	934.0255932453449	-0.01039434352450276	-0.0003736638916930453	-0.014165018141404903	-9.54343216050379e-05	0.0005235172990311946	7.24795111805275e-05
11449.01904296875	0.6962207427900565	0.5721445404299657	934.0253941330068	-0.010041001148776853	-0.0008821753738147719	-0.014260902272761958	-9.587073416888983e-05	0.000523499088129834	7.291725877392462e-05
11487.638671875	0.6962207427740347	0.5721445404281739	934.0255346353362	-0.010194100856122178	-0.0008781804467763726	-0.014050232933034965	-9.612618107757391e-05	0.0005235769981467623	7.296074117565634e-05
11528.4228515625	0.6962207427574857	0.5721445404267687	934.0256752062278	-0.010529539187138991	-0.0006887347103610531	-0.014057089161722075	-9.745502687906941e-05	0.0005232477796107877	7.324230325621197e-05
11569.21240234375	0.6962207427410252	0.5721445404252169	934.0258164026515	-0.010473189577368236	-0.0007605519635897551	-0.014119642370345797	-9.876968561900629e-05	0.0005237889992827788	7.369856446554445e-05
11610.0322265625	0.6962207425573644	0.5721445413652646	934.0256128023724	-0.010727961095564252	3.2076209119717036e-05	-0.01390107028193581	-9.866459711255043e-05	0.0005233810018534373	7.459419655083725e-05
11649.903076171875	0.6962207425404422	0.5721445413649773	934.0257529191989	-0.01076697547354474	-0.00014084379735069847	-0.014011682656942095	-9.939575122003593e-05	0.0005231669159949212	7.554190746047622e-05
11689.66650390625	0.6962207425233938	0.5721445413652311	934.0258963573098	-0.01084721966758529	0.00012437162814234252	-0.014343811083985844	-0.00010063776646525297	0.0005235168908738539	7.64849267788473e-05
11729.502685546875	0.696220742506206	0.5721445413656858	934.0260412132715	-0.01093593394388425	0.00022290777655886474	-0.014485596169931197	-0.00010064969465135794	0.0005238999250808579	7.687274863206166e-05
11770.359619140625	0.6962207424886436	0.5721445413655845	934.0261884572532	-0.011174304662393003	-4.9665221594920574e-05	-0.014724398167377722	-0.00010107699672596178	0.0005238280316178042	7.830036299014996e-05
11812.062255859375	0.6962207422944343	0.5721445397031721	934.0259857755717	-0.011468186749032981	-0.001655169064940915	-0.014464936576999154	-0.00010151434357707841	0.0005222168110436656	7.900126393275484e-05
11851.491455078125	0.6962207422764749	0.5721445397003515	934.0261305937715	-0.011426921099777805	-0.001382453791192634	-0.014481819979608915	-0.00010258791857912472	0.0005211844322502429	7.943411792511917e-05
11891.145751953125	0.6962207422586959	0.5721445396972569	934.0262750964248	-0.011312148349161487	-0.0015167421696993023	-0.014450265329533363	-0.00010317397893715265	0.0005214197907137397	7.86485083335789e-05
11930.814208984375	0.6962207422413207	0.5721445396939904	934.026421368704	-0.011055207101243743	-0.0016009833851703995	-0.014627227911275978	-0.00010381393356938699	0.0005209171861620007	7.916115131490625e-05
11971.7255859375	0.6962207422237181	0.5721445396905781	934.0265669242889	-0.01119984217864244	-0.0016724490524197204	-0.014555558488858297	-0.00010531326823965545	0.0005202728606037237	7.913139692158341e-05
12012.914306640625	0.6962207420071171	0.5721445393764086	934.0263577274687	-0.011467774405693243	-0.002012119303969748	-0.014324676118134275	-0.00010589095462339211	0.0005207805908727166	7.928528768800005e-05
12052.946533203125	0.6962207419893264	0.5721445393724405	934.0264981717054	-0.011319594037438352	-0.001944895118954029	-0.014044423664396191	-0.00010597206420610279	0.0005211236943837347	7.884972235063016e-05
12091.6123046875	0.6962207419712689	0.5721445393684159	934.0266367083698	-0.011489256939444917	-0.001972505329783744	-0.013853666440790516	-0.00010725313177820837	0.0005211097118760865	7.917663253628309e-05
12133.30078125	0.6962207419531488	0.572144539364426	934.0267765268101	-0.011529168269922665	-0.001955558753482351	-0.013981844027462845	-0.00010855389587491436	0.000520807856799295	7.959312806141929e-05
12173.092041015625	0.6962207419349962	0.5721445393607799	934.0269174015294	-0.011549837495451444	-0.0017870379143229912	-0.014087471931990767	-0.0001091828451276462	0.0005209198428302422	7.98685500459462e-05
