44000.000000	0.000000	0.000000	0.000000	
55000.000000	-77.583031	-46.074708	-3411.037699	
66000.000000	-72.647946	-63.795646	-3377.455008	
77000.000000	-72.904726	-87.135397	-3373.995011	
88000.000000	-72.828024	-105.429441	-3372.943300	
99000.000000	-72.017937	-119.678400	-3368.972670	
110000.000000	-72.603827	-134.052183	-3365.914411	
122000.000000	-71.468924	-144.865305	-3365.258805	
133000.000000	-71.411394	-153.645422	-3359.780637	
144000.000000	-72.262068	-161.171983	-3357.812469	
155000.000000	-70.929013	-166.427474	-3356.071435	
166000.000000	-70.462574	-170.031008	-3353.453010	
177000.000000	-71.883463	-172.707371	-3353.024809	
188000.000000	-71.730022	-174.474538	-3348.940738	
199000.000000	-71.657465	-175.400558	-3346.290440	
210000.000000	-65.731087	-175.900098	-3344.285310	
221000.000000	-69.153706	-175.955836	-3342.575053	
232000.000000	-69.090057	-175.594536	-3339.271441	
243000.000000	-66.320200	-175.011549	-3337.290269	
254000.000000	-71.128822	-174.128394	-3334.593457	
265000.000000	-71.037891	-173.221961	-3333.360347	
276000.000000	-68.166637	-172.278587	-3330.650606	
287000.000000	-70.870289	-171.090382	-3328.087249	
298000.000000	-67.777739	-170.019371	-3326.606037	
309000.000000	-67.556511	-168.988656	-3323.951116	
321000.000000	-67.279141	-167.761089	-3321.849645	
332000.000000	-70.482450	-166.554132	-3319.451942	
343000.000000	-70.369363	-165.482378	-3317.569306	
354000.000000	-70.264997	-164.422715	-3314.003509	
365000.000000	-70.247574	-163.420444	-3313.509698	
376000.000000	-70.131762	-162.458848	-3311.646681	
387000.000000	-70.070403	-161.521454	-3309.287653	
398000.000000	-69.932013	-160.633074	-3307.805683	
409000.000000	-69.879891	-159.796944	-3305.375130	
421000.000000	-66.336178	-159.036429	-3305.472451	
432000.000000	-69.699940	-158.213653	-3300.489551	
443000.000000	-69.690580	-157.532460	-3300.167722	
454000.000000	-69.559715	-156.853972	-3297.887666	
465000.000000	-69.525470	-156.264326	-3297.968865	
476000.000000	-69.406012	-155.682966	-3294.883152	
487000.000000	-69.359624	-155.165866	-3292.620476	
498000.000000	-69.329725	-154.696797	-3292.603724	
509000.000000	-69.231707	-154.227144	-3289.651875	
520000.000000	-69.142963	-153.826881	-3288.126063	
531000.000000	-69.057444	-153.449177	-3284.851047	
543000.000000	-63.561656	-153.131309	-3284.824974	
554000.000000	-63.061833	-152.814068	-3282.703691	
565000.000000	-68.871823	-152.550626	-3281.462191	
576000.000000	-62.719517	-152.327881	-3278.364072	
587000.000000	-68.793078	-152.163147	-3278.230053	
598000.000000	-63.873822	-152.008028	-3275.345408	
609000.000000	-62.542915	-151.917846	-3275.331581	
620000.000000	-57.152710	-151.865082	-3274.074588	
631000.000000	-56.920579	-151.830090	-3270.958019	
642000.000000	-68.499905	-151.855166	-3271.713010	
653000.000000	-68.397932	-151.902838	-3269.144668	
664000.000000	-55.152144	-151.961935	-3268.100894	
675000.000000	-68.269122	-152.071205	-3264.760802	
686000.000000	-68.269655	-152.238969	-3264.824784	
697000.000000	-68.199600	-152.420744	-3263.514591	
708000.000000	-60.840173	-152.636992	-3260.667918	
719000.000000	-68.137690	-152.900743	-3260.731563	
730000.000000	-68.062046	-153.194955	-3259.381515	
742000.000000	-62.330089	-153.503098	-3257.784242	
754000.000000	-62.144960	-153.869065	-3255.055034	
765000.000000	-60.409941	-154.261466	-3255.287884	
776000.000000	-67.829873	-154.713131	-3253.723242	
787000.000000	-60.115631	-155.157580	-3252.120001	
798000.000000	-67.797705	-155.654709	-3252.349318	
809000.000000	-67.710646	-156.148364	-3249.886515	
821000.000000	-67.688843	-156.690317	-3248.216087	
832000.000000	-67.646845	-157.310699	-3247.381803	
843000.000000	-67.583365	-157.902099	-3244.621613	
854000.000000	-67.600222	-158.533165	-3244.987655	
865000.000000	-67.527944	-159.201153	-3243.787633	
877000.000000	-61.016656	-159.887839	-3241.616736	
888000.000000	-67.472451	-160.702930	-3241.970460	
900000.000000	-58.730814	-161.460465	-3240.496076	
911000.000000	-51.710314	-162.236054	-3239.350732	
922000.000000	-67.336557	-163.144340	-3238.054588	
933000.000000	-58.371047	-163.884370	-3237.120884	
944000.000000	-67.225233	-164.830883	-3235.839594	
955000.000000	-67.218940	-165.700973	-3234.325275	
966000.000000	-67.219233	-166.627009	-3233.286576	
977000.000000	-57.532399	-167.494335	-3232.874603	
988000.000000	-67.121256	-168.519527	-3231.098065	
1000000.000000	-60.030299	-169.512479	-3231.112717	
1011000.000000	-67.032103	-170.590046	-3228.142411	
1022000.000000	-57.050112	-171.521809	-3228.364937	
1033000.000000	-66.966857	-172.643064	-3226.818760	
1044000.000000	-66.971927	-173.716690	-3225.894166	
1055000.000000	-66.883123	-174.808199	-3225.241963	
1066000.000000	-66.864184	-175.801663	-3223.165235	
1077000.000000	-66.867965	-177.041011	-3223.753792	
1088000.000000	-59.352912	-178.156610	-3222.417756	
1099000.000000	-66.814703	-179.328066	-3221.191746	
1110000.000000	-66.720865	-180.501746	-3219.137448	
1121000.000000	-55.938882	-181.586809	-3219.533598	
1132000.000000	-56.141702	-182.929940	-3218.682335	
1144000.000000	-66.673762	-184.152004	-3217.266999	
1155000.000000	-66.587145	-185.514746	-3215.344702	
1166000.000000	-66.606580	-186.800792	-3215.662100	
1177000.000000	-47.823170	-187.987848	-3215.674206	
1188000.000000	-66.515255	-189.413268	-3212.752173	
1199000.000000	-66.537878	-190.758754	-3213.100597	
1210000.000000	-66.461250	-192.100587	-3211.721443	
1221000.000000	-55.219664	-193.360179	-3211.515623	
1232000.000000	-66.393444	-194.881325	-3210.442992	
1243000.000000	-54.988233	-196.293861	-3209.367847	
1254000.000000	-66.385702	-197.744938	-3209.251665	
1265000.000000	-54.385636	-199.039409	-3207.749703	
1277000.000000	-54.308693	-200.658765	-3207.201597	
1288000.000000	-66.274388	-202.278351	-3205.816091	
1299000.000000	-66.270191	-203.811651	-3206.090986	
1311000.000000	-54.279775	-205.330518	-3204.802952	
1322000.000000	-53.829965	-206.875828	-3203.646559	
1334000.000000	-53.713555	-208.598201	-3203.223368	
1345000.000000	-66.183551	-210.311889	-3202.095909	
1356000.000000	-66.162466	-211.930250	-3201.903589	
1367000.000000	-57.535291	-213.531065	-3200.836237	
1378000.000000	-66.127278	-215.177102	-3199.852649	
1389000.000000	-66.045233	-216.821036	-3197.957459	
1401000.000000	-66.070926	-218.497867	-3198.451826	
1413000.000000	-53.306758	-220.332011	-3197.810150	
1424000.000000	-44.071773	-222.015861	-3197.236515	
1436000.000000	-52.738031	-223.893477	-3196.392977	
1447000.000000	-65.991135	-225.762423	-3195.348588	
1458000.000000	-65.973940	-227.517131	-3195.193218	
1470000.000000	-52.796020	-229.275298	-3194.206891	
1481000.000000	-65.950369	-231.203965	-3193.412715	
1492000.000000	-65.905937	-233.000601	-3192.674005	
1504000.000000	-56.835471	-234.783950	-3191.943920	
1515000.000000	-65.834090	-236.743852	-3190.004516	
1526000.000000	-65.863298	-238.566171	-3190.585317	
1537000.000000	-65.824791	-240.393620	-3189.966025	
1548000.000000	-65.799019	-242.219757	-3188.195663	
1559000.000000	-65.829315	-244.070481	-3188.797339	
1571000.000000	-51.494085	-245.909318	-3187.788166	
1582000.000000	-65.788388	-247.783853	-3187.232430	
1593000.000000	-65.719705	-249.824604	-3185.555324	
1604000.000000	-41.826215	-251.544018	-3186.233443	
1615000.000000	-65.712781	-253.621485	-3185.611965	
1626000.000000	-65.688184	-255.522773	-3183.901222	
1637000.000000	-65.718387	-257.448427	-3184.551308	
1648000.000000	-41.290790	-259.189067	-3183.059048	
1659000.000000	-65.678716	-261.316324	-3183.088889	
1671000.000000	-65.611887	-263.275767	-3182.688931	
1682000.000000	-65.640495	-265.420009	-3182.128724	
1693000.000000	-65.603714	-267.403975	-3181.592660	
1705000.000000	-65.604467	-269.380679	-3180.847995	
1716000.000000	-65.596157	-271.582759	-3180.880446	
1727000.000000	-50.117447	-273.398566	-3179.709304	
1738000.000000	-40.665530	-275.448366	-3180.452800	
1749000.000000	-50.337698	-277.483915	-3179.072060	
1760000.000000	-49.857400	-279.534497	-3178.576723	
1771000.000000	-65.494304	-281.807954	-3177.913335	
1782000.000000	-50.077058	-283.692890	-3177.580689	
1793000.000000	-49.543232	-285.805623	-3177.185538	
1804000.000000	-65.441123	-288.100009	-3176.008550	
1815000.000000	-65.443863	-290.253296	-3176.536581	
1827000.000000	-65.397884	-292.581793	-3174.310926	
1838000.000000	-65.427467	-294.747619	-3175.068334	
1849000.000000	-55.257596	-296.703118	-3173.712579	
1860000.000000	-65.366193	-299.089205	-3174.773991	
1872000.000000	-49.273211	-301.266304	-3174.261511	
1883000.000000	-65.359862	-303.679629	-3173.336551	
1894000.000000	-65.318639	-305.881405	-3173.411844	
1905000.000000	-65.308705	-308.102751	-3171.840157	
1916000.000000	-65.338116	-310.340216	-3172.434714	
1927000.000000	-65.285595	-312.553526	-3171.674042	
1938000.000000	-65.280805	-314.796345	-3172.427491	
1949000.000000	-65.245064	-317.028099	-3171.700271	
1961000.000000	-48.135378	-319.274163	-3171.098215	
1972000.000000	-48.474660	-321.709195	-3170.447917	
1983000.000000	-37.955369	-323.763091	-3170.684521	
1994000.000000	-37.344067	-326.006915	-3170.770072	
2005000.000000	-65.206123	-328.265941	-3168.743969	
2016000.000000	-65.218585	-330.740286	-3169.842205	
2027000.000000	-65.204322	-332.992091	-3168.884272	
2038000.000000	-65.219696	-335.272877	-3168.488231	
2049000.000000	-65.160627	-337.533797	-3167.340379	
2061000.000000	-47.792914	-339.824174	-3168.071567	
2072000.000000	-65.141550	-342.301688	-3167.967404	
2083000.000000	-36.923367	-344.378852	-3167.501920	
2095000.000000	-54.423010	-346.889151	-3167.809922	
2106000.000000	-65.155050	-349.390227	-3166.403663	
2117000.000000	-46.843229	-351.480125	-3167.058389	
2128000.000000	-65.117766	-354.001197	-3165.687065	
2139000.000000	-65.114527	-356.321884	-3166.382332	
2151000.000000	-47.048044	-358.647857	-3166.041211	
2162000.000000	-65.114575	-361.209732	-3165.246593	
2173000.000000	-35.962683	-363.326658	-3164.428055	
2185000.000000	-54.147008	-365.915138	-3164.622180	
2196000.000000	-46.674347	-368.280734	-3164.995470	
2207000.000000	-54.072314	-370.895646	-3164.261990	
2218000.000000	-65.016999	-373.288154	-3164.236008	
2229000.000000	-46.437835	-375.470387	-3163.734085	
2241000.000000	-46.301216	-378.101806	-3163.984114	
2252000.000000	-34.656188	-380.538752	-3163.160411	
2263000.000000	-64.959668	-383.201755	-3163.263291	
2274000.000000	-15.516692	-385.437740	-3163.640827	
2285000.000000	-53.818815	-388.141366	-3162.698918	
2296000.000000	-64.927889	-390.605021	-3161.755754	
2308000.000000	-53.699442	-393.101271	-3163.040183	
2319000.000000	-64.900098	-395.818863	-3160.809901	
2331000.000000	-45.634068	-398.345271	-3161.598966	
2342000.000000	-45.013191	-400.859490	-3161.898042	
2353000.000000	-25.516662	-403.379810	-3161.265096	
2364000.000000	-45.331294	-405.899131	-3161.558242	
2375000.000000	-44.755331	-408.437458	-3160.508207	
2386000.000000	-64.861111	-411.214478	-3161.047467	
2397000.000000	-64.859108	-413.757384	-3159.407387	
2408000.000000	-44.529277	-416.077176	-3160.295551	
2419000.000000	-64.850998	-418.843804	-3159.566760	
2431000.000000	-53.412322	-421.405495	-3159.843976	
2442000.000000	-24.174084	-423.952497	-3160.513722	
2453000.000000	-64.868325	-426.752865	-3159.402873	
2464000.000000	-64.839142	-429.318376	-3159.893910	
2475000.000000	-44.012464	-431.884018	-3158.460008	
2486000.000000	-64.870079	-434.460498	-3159.129647	
2497000.000000	-64.839380	-437.036636	-3159.349520	
2508000.000000	-64.852334	-439.616642	-3158.597619	
2519000.000000	-43.668529	-441.963631	-3159.448897	
2530000.000000	-53.148070	-444.554266	-3157.904182	
2541000.000000	-44.076569	-447.171378	-3158.527876	
2552000.000000	-64.805296	-450.002023	-3158.246291	
2563000.000000	-64.818534	-452.631415	-3158.157134	
2574000.000000	-64.760985	-455.251262	-3157.133180	
2585000.000000	-64.788285	-457.905475	-3157.938948	
2596000.000000	-64.754179	-460.555956	-3158.401765	
2607000.000000	-64.761515	-463.219377	-3157.695845	
2618000.000000	-64.769404	-465.912782	-3157.835944	
2629000.000000	-52.857045	-468.348069	-3156.963487	
2640000.000000	-64.719038	-471.301144	-3158.307588	
2651000.000000	-64.685700	-474.017599	-3157.975026	
2662000.000000	-31.198806	-476.501412	-3157.788411	
2673000.000000	-64.702592	-479.505543	-3158.085023	
2685000.000000	-42.924869	-482.255367	-3157.428931	
2696000.000000	-30.254983	-485.019693	-3158.373909	
2707000.000000	-52.658980	-487.788717	-3156.582573	
2718000.000000	-64.667301	-490.824043	-3157.874405	
2729000.000000	-52.590983	-493.607832	-3157.841774	
2740000.000000	-52.613129	-496.144772	-3157.228023	
2751000.000000	-64.626726	-499.179738	-3156.058778	
2762000.000000	-41.762937	-501.725372	-3156.811603	
2773000.000000	-64.639752	-504.770104	-3157.508819	
2784000.000000	-64.657075	-507.557145	-3156.878530	
2795000.000000	-64.610387	-510.336990	-3157.553112	
2806000.000000	-64.640584	-513.130744	-3156.583477	
2817000.000000	-41.979091	-515.680355	-3157.072490	
2829000.000000	-41.862679	-518.720125	-3157.636504	
2840000.000000	-64.664571	-521.775627	-3157.114832	
2851000.000000	-64.612042	-524.302205	-3156.019270	
2862000.000000	-41.649712	-527.110324	-3157.146027	
2874000.000000	-29.219220	-530.170060	-3158.099592	
2885000.000000	-64.638826	-533.251900	-3157.004649	
2896000.000000	-41.425739	-536.095724	-3157.259356	
2907000.000000	-64.598505	-538.929800	-3156.120210	
2918000.000000	-64.625516	-541.795218	-3157.083027	
2929000.000000	-64.593634	-544.657656	-3157.746240	
2940000.000000	-64.582653	-547.541305	-3156.329748	
2951000.000000	-52.185557	-550.178089	-3157.602788	
2962000.000000	-64.588533	-553.095999	-3158.086720	
2973000.000000	-3.961749	-556.015334	-3157.958725	
2985000.000000	-28.175153	-559.217275	-3158.542403	
2996000.000000	-64.550287	-562.448256	-3157.456722	
3007000.000000	-40.513540	-565.418357	-3158.504685	
3018000.000000	-64.511074	-568.395669	-3156.754739	
3029000.000000	-64.537057	-571.401831	-3157.632917	
3040000.000000	-64.509484	-574.407861	-3158.516575	
3051000.000000	-40.182571	-577.144145	-3158.545322	
3062000.000000	-51.942510	-580.437797	-3158.390919	
3073000.000000	-64.514148	-583.454621	-3158.594544	
3084000.000000	-64.529807	-586.470874	-3158.082475	
3095000.000000	-64.486067	-589.480114	-3158.874003	
3106000.000000	-51.844806	-592.222814	-3157.733243	
3117000.000000	-39.102061	-595.513026	-3159.426942	
3128000.000000	-64.521492	-598.511206	-3158.513950	
3139000.000000	-64.502974	-601.514283	-3159.510557	
3150000.000000	-64.505116	-604.513266	-3157.977791	
3161000.000000	-38.775465	-607.251557	-3158.759763	
3172000.000000	-64.532438	-610.260900	-3159.914601	
3183000.000000	-38.630603	-613.534752	-3159.463488	
3195000.000000	-39.153174	-616.534671	-3160.310615	
3206000.000000	-64.518467	-619.832616	-3159.574744	
3217000.000000	-51.649146	-622.580949	-3160.891092	
3228000.000000	-64.497758	-625.882278	-3159.985725	
3239000.000000	-64.443763	-628.916011	-3160.847022	
3250000.000000	-64.469253	-631.969566	-3160.466278	
3261000.000000	-64.456430	-635.042592	-3161.359054	
3272000.000000	-64.435841	-638.119801	-3160.639963	
3283000.000000	-64.403080	-641.219752	-3161.735297	
3294000.000000	-64.390946	-644.332608	-3160.217979	
3305000.000000	-11.528196	-647.181219	-3161.729591	
3316000.000000	-64.366935	-650.598726	-3161.053285	
3327000.000000	-64.247431	-653.708141	-3161.745284	
3338000.000000	-64.158554	-656.734762	-3162.906998	
3349000.000000	-64.058328	-659.698853	-3163.388606	
3361000.000000	-50.813291	-662.606992	-3164.244799	
3372000.000000	-37.331194	-665.463011	-3164.663544	
3383000.000000	-50.561659	-668.515595	-3165.389880	
3394000.000000	-63.690990	-671.257978	-3165.624635	
3405000.000000	-63.609330	-673.950034	-3166.217380	
3416000.000000	-63.531081	-676.593298	-3166.795688	
3427000.000000	-63.451500	-679.186444	-3167.354815	
3438000.000000	-63.375061	-681.733608	-3167.968360	
3449000.000000	-63.300370	-684.235400	-3168.564893	
3461000.000000	-35.517040	-686.695550	-3169.304844	
3472000.000000	-49.664123	-689.117483	-3170.066420	
3483000.000000	-8.071262	-691.501618	-3170.704292	
3494000.000000	-62.986303	-694.066168	-3171.042427	
3505000.000000	-62.905804	-696.386967	-3171.632327	
3517000.000000	-62.825918	-698.682301	-3172.264589	
3528000.000000	-62.737444	-701.159626	-3172.929169	
3539000.000000	6.569100	-703.205182	-3174.071645	
3550000.000000	-62.573389	-705.641981	-3174.119119	
3561000.000000	-62.491758	-707.859399	-3174.740525	
3572000.000000	-62.411742	-710.062652	-3175.333822	
3583000.000000	-20.257190	-712.051911	-3176.318873	
3594000.000000	-33.898174	-714.423998	-3176.667286	
3605000.000000	-62.178624	-716.583825	-3177.094975	
3616000.000000	-62.104853	-718.724456	-3177.657029	
3627000.000000	-62.035731	-720.846491	-3178.250910	
3638000.000000	-61.970845	-722.950525	-3178.816750	
3649000.000000	-61.907386	-725.027642	-3179.368523	
3661000.000000	-61.848767	-727.078902	-3179.951630	
3673000.000000	-19.102452	-729.285266	-3180.997640	
3684000.000000	-61.736859	-731.276848	-3181.117741	
3695000.000000	9.321675	-733.234230	-3182.245623	
3706000.000000	-61.633223	-735.332579	-3182.267530	
3717000.000000	-61.586362	-737.221304	-3182.839684	
3728000.000000	-61.540558	-739.076615	-3183.386232	
3739000.000000	-61.492652	-740.900060	-3183.924155	
3750000.000000	-61.445066	-742.693785	-3184.489699	
3761000.000000	-18.177787	-744.298387	-3185.393755	
3772000.000000	-47.138967	-746.041320	-3185.812098	
3784000.000000	-47.057065	-747.915996	-3186.397687	
3795000.000000	-61.232588	-749.767784	-3186.692660	
3806000.000000	-46.899251	-751.447575	-3187.496312	
3817000.000000	-32.469251	-753.115774	-3187.866903	
3828000.000000	-61.058107	-754.772999	-3188.249422	
3839000.000000	-60.998907	-756.420347	-3188.747584	
3851000.000000	-60.938291	-758.060072	-3189.234867	
3862000.000000	-32.071897	-759.840354	-3189.911535	
3873000.000000	-31.404460	-761.463369	-3190.397673	
3884000.000000	-31.316851	-762.932105	-3190.811912	
3895000.000000	-60.709716	-764.681511	-3191.188422	
3906000.000000	-60.660952	-766.270112	-3191.663371	
3917000.000000	-46.134423	-767.845334	-3192.390983	
3928000.000000	-60.573728	-769.398497	-3192.551621	
3939000.000000	-31.491487	-770.793783	-3193.103625	
3950000.000000	-30.858446	-772.302866	-3193.526995	
3961000.000000	-60.471342	-773.785445	-3193.850966	
3972000.000000	-30.734728	-775.370979	-3194.454799	
3983000.000000	-60.410783	-776.793251	-3194.753892	
3994000.000000	-45.775166	-778.059699	-3195.432092	
4005000.000000	-60.354941	-779.547299	-3195.622898	
4016000.000000	-30.504398	-780.760649	-3196.125060	
4028000.000000	-1.146015	-782.187851	-3196.725500	
4039000.000000	-60.261728	-783.586601	-3196.924373	
4050000.000000	-60.227422	-784.848078	-3197.355931	
4061000.000000	-45.480969	-786.089561	-3198.040430	
4072000.000000	-16.015060	-787.209315	-3198.553091	
4083000.000000	-60.109074	-788.539358	-3198.581305	
4094000.000000	-60.065767	-789.749704	-3198.970736	
4105000.000000	-60.024304	-790.846750	-3199.331144	
4117000.000000	-15.117367	-792.158041	-3200.144569	
4128000.000000	-59.924636	-793.465977	-3200.154591	
4139000.000000	-59.880513	-794.662753	-3200.513259	
4150000.000000	-45.007354	-795.745991	-3201.119686	
4161000.000000	-59.796985	-797.041416	-3201.228256	
4172000.000000	-59.760168	-798.223279	-3201.566299	
4183000.000000	-44.853470	-799.285032	-3202.154509	
4194000.000000	-29.460075	-800.546981	-3202.363710	
4205000.000000	-14.510381	-801.584377	-3202.925917	
4216000.000000	-14.454814	-802.705467	-3203.263697	
4227000.000000	-59.626771	-803.904125	-3203.228051	
4238000.000000	-59.609756	-804.978426	-3203.545273	
4249000.000000	-59.593625	-806.024922	-3203.863430	
4261000.000000	-44.611377	-807.045115	-3204.467523	
4272000.000000	-59.562895	-808.127932	-3204.544950	
4283000.000000	-44.556590	-809.092589	-3205.130761	
4294000.000000	-59.530002	-810.035052	-3205.173216	
4305000.000000	-59.510590	-810.957239	-3205.499430	
4316000.000000	-59.488729	-811.859185	-3205.807476	
4327000.000000	-59.463154	-812.749088	-3206.114466	
4338000.000000	-59.435086	-813.628258	-3206.430143	
4349000.000000	-59.404496	-814.497588	-3206.725712	
4361000.000000	-59.370796	-815.365065	-3207.017926	
4372000.000000	-59.332451	-816.309181	-3207.333173	
4383000.000000	-59.296330	-817.175285	-3207.623792	
4394000.000000	-28.663249	-817.963988	-3207.976682	
4405000.000000	-59.224403	-818.911947	-3208.157721	
4416000.000000	-29.081968	-819.703036	-3208.521096	
4427000.000000	-59.159341	-820.651263	-3208.676615	
4438000.000000	-59.130522	-821.516122	-3208.922891	
4449000.000000	-59.105614	-822.374824	-3209.175406	
4461000.000000	-28.903281	-823.227305	-3209.532036	
4472000.000000	-13.174227	-824.063837	-3210.022540	
4484000.000000	-28.318644	-824.959017	-3210.010981	
4495000.000000	-59.040528	-825.831340	-3210.157842	
4506000.000000	-59.032653	-826.607939	-3210.399200	
4517000.000000	-59.026535	-827.362077	-3210.628034	
4528000.000000	-59.020487	-828.091829	-3210.859766	
4539000.000000	-59.014524	-828.798847	-3211.101595	
4550000.000000	-59.007581	-829.482400	-3211.331424	
4561000.000000	-28.165888	-830.088103	-3211.656655	
4572000.000000	-28.138029	-830.794373	-3211.911082	
4583000.000000	-58.971917	-831.424767	-3212.030968	
4594000.000000	-58.953576	-832.047372	-3212.257947	
4605000.000000	-28.555454	-832.606239	-3212.584342	
4616000.000000	-58.908186	-833.273884	-3212.707131	
4627000.000000	-58.881062	-833.886255	-3212.921339	
4638000.000000	-58.852416	-834.500602	-3213.138326	
4649000.000000	-27.883972	-835.061818	-3213.423011	
4660000.000000	-58.792828	-835.741552	-3213.534493	
4671000.000000	-58.766629	-836.313292	-3213.711068	
4682000.000000	-58.736751	-837.003102	-3213.914143	
4693000.000000	-43.369932	-837.578309	-3214.347703	
4705000.000000	-43.338563	-838.269758	-3214.539410	
4716000.000000	-58.670755	-838.956952	-3214.461835	
4727000.000000	-58.657168	-839.581053	-3214.626590	
4738000.000000	-58.646937	-840.191370	-3214.791940	
4749000.000000	-58.640452	-840.787772	-3214.963702	
4760000.000000	-58.637051	-841.369239	-3215.125899	
4771000.000000	-58.635571	-841.878682	-3215.281311	
4782000.000000	-58.635543	-842.468638	-3215.464306	
4793000.000000	-58.636174	-842.986489	-3215.629657	
4804000.000000	-12.630180	-843.439860	-3216.167698	
4815000.000000	-58.634337	-843.962031	-3215.975143	
4826000.000000	-58.630665	-844.421067	-3216.143369	
4837000.000000	-58.624507	-844.828521	-3216.303037	
4848000.000000	-58.613711	-845.303423	-3216.489143	
4859000.000000	-58.600327	-845.728950	-3216.654183	
4871000.000000	-58.583159	-846.153886	-3216.818478	
4883000.000000	-27.393839	-846.616846	-3217.095581	
4894000.000000	-58.536120	-847.083874	-3217.165562	
4905000.000000	-43.050136	-847.478458	-3217.567672	
4916000.000000	-58.486224	-847.960065	-3217.463200	
4928000.000000	-27.257570	-848.409434	-3217.701277	
4939000.000000	-58.434802	-848.907856	-3217.747673	
4951000.000000	-58.413182	-849.369793	-3217.880522	
4963000.000000	-58.392918	-849.878047	-3218.015642	
4974000.000000	-58.376843	-850.386227	-3218.146581	
4986000.000000	-12.114295	-850.849896	-3218.634820	
4997000.000000	-58.358986	-851.344933	-3218.387486	
5009000.000000	-27.093876	-851.785931	-3218.600237	
5020000.000000	-27.581861	-852.251400	-3218.740195	
5031000.000000	-58.359150	-852.659840	-3218.749977	
5043000.000000	-27.572240	-853.050390	-3218.977793	
5054000.000000	-58.368689	-853.453088	-3218.998659	
5065000.000000	-27.074218	-853.771996	-3219.211593	
5076000.000000	-58.375288	-854.134722	-3219.249909	
5087000.000000	-58.375626	-854.448977	-3219.373452	
5098000.000000	-58.372667	-854.752942	-3219.499235	
5109000.000000	-58.366399	-855.048250	-3219.629007	
5120000.000000	-27.023342	-855.310294	-3219.836663	
5131000.000000	-58.344301	-855.598529	-3219.865220	
5142000.000000	-58.326199	-855.914034	-3219.995316	
5153000.000000	-58.306935	-856.207326	-3220.107807	
5164000.000000	-58.285561	-856.510019	-3220.217267	
5175000.000000	-58.263372	-856.821558	-3220.325663	
5186000.000000	-58.241284	-857.143232	-3220.423143	
5197000.000000	-58.220014	-857.473538	-3220.517138	
5208000.000000	-58.200868	-857.811114	-3220.610268	
5220000.000000	-11.692030	-858.156476	-3221.063468	
5231000.000000	-58.170602	-858.534776	-3220.783797	
5242000.000000	-58.161657	-858.879346	-3220.863140	
5253000.000000	-58.156764	-859.219160	-3220.944889	
5264000.000000	-26.743312	-859.522874	-3221.108650	
5275000.000000	-58.157781	-859.872873	-3221.099941	
5286000.000000	-58.162701	-860.177834	-3221.183599	
5303000.000000	66.297414	-860.415313	-3212.766924	
5314000.000000	-42.560453	-860.854625	-3221.651988	
5325000.000000	-58.188447	-861.120769	-3221.489077	
5337000.000000	-27.234067	-861.346378	-3221.687594	
5349000.000000	-27.231504	-861.577134	-3221.789419	
5361000.000000	-27.225223	-861.795002	-3221.892194	
5373000.000000	-27.214710	-862.004647	-3221.994719	
5384000.000000	19.905111	-862.194819	-3222.441978	
5395000.000000	-58.169442	-862.402505	-3222.076762	
5406000.000000	-58.153950	-862.598401	-3222.166153	
5418000.000000	-27.139571	-862.800119	-3222.355438	
5429000.000000	-42.463166	-863.033011	-3222.592329	
5440000.000000	-42.441839	-863.236832	-3222.660568	
5451000.000000	-58.074926	-863.493174	-3222.475711	
5463000.000000	-11.382589	-863.740217	-3222.904177	
5474000.000000	-58.039870	-864.017847	-3222.602353	
5485000.000000	-58.027518	-864.277011	-3222.657744	
5496000.000000	-26.992436	-864.515616	-3222.813918	
5507000.000000	-58.014387	-864.799262	-3222.763873	
5518000.000000	-58.013561	-865.052464	-3222.815215	
5529000.000000	-58.016413	-865.296743	-3222.869739	
5541000.000000	-58.022342	-865.530899	-3222.922232	
5552000.000000	-26.500409	-865.748095	-3223.071183	
5563000.000000	20.224980	-865.949108	-3223.498248	
5575000.000000	-42.366849	-866.149221	-3223.366090	
5586000.000000	-58.060446	-866.329386	-3223.178273	
5597000.000000	-42.379458	-866.477017	-3223.504040	
5608000.000000	-58.071943	-866.613865	-3223.314327	
5619000.000000	-58.073062	-866.741645	-3223.387147	
5631000.000000	-58.070515	-866.860700	-3223.456925	
5643000.000000	-26.985599	-866.990219	-3223.640491	
5654000.000000	-42.352217	-867.122298	-3223.866888	
5665000.000000	-58.037834	-867.250155	-3223.672453	
5677000.000000	-42.317399	-867.386275	-3223.994185	
5688000.000000	-58.001831	-867.546488	-3223.797301	
5699000.000000	-57.983301	-867.705904	-3223.847961	
5711000.000000	-57.965173	-867.877401	-3223.894928	
5722000.000000	-42.236844	-868.059572	-3224.197652	
5733000.000000	-26.830414	-868.253040	-3224.083090	
5744000.000000	4.770346	-868.450532	-3224.210349	
5755000.000000	-57.915750	-868.669990	-3224.050018	
5766000.000000	-57.912767	-868.869035	-3224.084198	
5777000.000000	20.516829	-869.047498	-3224.567215	
5788000.000000	-57.918176	-869.251572	-3224.149085	
5799000.000000	-57.925691	-869.425970	-3224.186075	
5810000.000000	-57.935464	-869.587757	-3224.223126	
5821000.000000	-57.945422	-869.719706	-3224.261555	
5833000.000000	-42.229466	-869.860839	-3224.568144	
5844000.000000	-26.358343	-869.982839	-3224.453826	
5855000.000000	-57.977815	-870.077829	-3224.411790	
5867000.000000	-26.367282	-870.162643	-3224.556316	
5878000.000000	-42.251298	-870.238987	-3224.778559	
5889000.000000	-57.984761	-870.315152	-3224.579863	
5901000.000000	-26.834048	-870.381947	-3224.738725	
5912000.000000	-42.229611	-870.460000	-3224.948265	
5923000.000000	-26.806519	-870.539023	-3224.844695	
5935000.000000	-57.941422	-870.626976	-3224.786234	
5946000.000000	-57.923014	-870.735429	-3224.831616	
5957000.000000	-26.271451	-870.837132	-3224.955270	
5968000.000000	-57.888511	-870.973659	-3224.900011	
5979000.000000	-57.873000	-871.110589	-3224.929518	
5991000.000000	-10.946531	-871.259527	-3225.315405	
6003000.000000	-42.098607	-871.428304	-3225.234376	
6015000.000000	-10.922712	-871.600978	-3225.360252	
6026000.000000	-57.841408	-871.772636	-3225.019073	
6037000.000000	-57.843986	-871.924067	-3225.038044	
6048000.000000	-57.850125	-872.066963	-3225.059625	
6059000.000000	-26.204854	-872.187986	-3225.169657	
6070000.000000	-57.870258	-872.317459	-3225.107069	
6082000.000000	-42.123595	-872.420065	-3225.394591	
6093000.000000	-57.895827	-872.514032	-3225.172648	
6104000.000000	-57.907005	-872.583356	-3225.208028	
6115000.000000	-26.253079	-872.636244	-3225.334984	
6126000.000000	-57.922377	-872.686240	-3225.289105	
6137000.000000	-57.925241	-872.721556	-3225.331070	
6148000.000000	-26.733085	-872.755636	-3225.478962	
6160000.000000	-10.482547	-872.789712	-3225.765932	
6171000.000000	-57.910746	-872.824815	-3225.457479	
6183000.000000	-57.897688	-872.873143	-3225.499024	
6194000.000000	-57.881692	-872.933641	-3225.536476	
6205000.000000	-57.865407	-873.002168	-3225.566445	
6216000.000000	-10.876012	-873.075401	-3225.951799	
6227000.000000	-57.832591	-873.178207	-3225.614014	
6238000.000000	-42.045023	-873.273721	-3225.887715	
6250000.000000	-42.030846	-873.400398	-3225.903165	
6261000.000000	-10.813483	-873.526286	-3226.017743	
6272000.000000	-42.015177	-873.665662	-3225.924432	
6284000.000000	-26.104394	-873.792183	-3225.766106	
6295000.000000	-57.794585	-873.926143	-3225.686896	
6306000.000000	-10.808570	-874.030890	-3226.057639	
6317000.000000	20.874137	-874.134220	-3226.160548	
6328000.000000	-57.823258	-874.232358	-3225.727966	
6339000.000000	-26.143413	-874.306630	-3225.838528	
6350000.000000	-26.153812	-874.360859	-3225.859283	
6361000.000000	-57.860117	-874.406277	-3225.796808	
6372000.000000	-57.871106	-874.440208	-3225.829606	
6383000.000000	-57.878287	-874.457848	-3225.861713	
6394000.000000	-57.881791	-874.470587	-3225.893283	
6405000.000000	-26.656565	-874.476868	-3226.031952	
6416000.000000	-42.090556	-874.485262	-3226.222536	
6427000.000000	-57.870850	-874.497212	-3225.995604	
6439000.000000	-42.069878	-874.517043	-3226.286192	
6450000.000000	-57.843878	-874.548933	-3226.058453	
6462000.000000	-57.826892	-874.595618	-3226.083362	
6473000.000000	-57.810754	-874.652651	-3226.101362	
6485000.000000	-26.085890	-874.723327	-3226.204891	
6496000.000000	-57.779814	-874.814871	-3226.126656	
6508000.000000	-57.768428	-874.908831	-3226.133922	
6519000.000000	-57.759727	-875.020363	-3226.138379	
6531000.000000	-57.755684	-875.128735	-3226.140437	
6542000.000000	-57.755794	-875.244138	-3226.142661	
6554000.000000	-26.519836	-875.344540	-3226.248549	
6565000.000000	-10.730680	-875.436911	-3226.510038	
6576000.000000	-57.779051	-875.526000	-3226.157935	
6587000.000000	-57.791674	-875.593737	-3226.167971	
6598000.000000	20.955505	-875.641691	-3226.630724	
6609000.000000	-57.818588	-875.683139	-3226.200190	
6620000.000000	-57.830823	-875.705060	-3226.221144	
6631000.000000	-57.840901	-875.715363	-3226.245490	
6642000.000000	-26.599757	-875.714154	-3226.373842	
6654000.000000	-26.602822	-875.706312	-3226.404781	
6665000.000000	-57.851297	-875.694772	-3226.332398	
6676000.000000	-57.846781	-875.686078	-3226.360633	
6688000.000000	-57.838602	-875.682301	-3226.387757	
6699000.000000	-57.826094	-875.686523	-3226.413926	
6711000.000000	-26.558369	-875.701537	-3226.537646	
6722000.000000	-57.795350	-875.733922	-3226.451986	
6733000.000000	-57.779588	-875.778098	-3226.464004	
6744000.000000	-57.764614	-875.835249	-3226.472430	
6755000.000000	-57.751424	-875.906181	-3226.476385	
6766000.000000	-41.935790	-875.977259	-3226.734079	
6777000.000000	-57.733618	-876.072114	-3226.476628	
6788000.000000	-57.730172	-876.165214	-3226.473752	
6799000.000000	-57.730675	-876.255018	-3226.470785	
6810000.000000	-57.735069	-876.340581	-3226.468992	
6821000.000000	-41.935476	-876.420731	-3226.724502	
6832000.000000	-57.753706	-876.487909	-3226.470310	
6843000.000000	-57.766475	-876.542475	-3226.476035	
6855000.000000	-26.517742	-876.583083	-3226.588060	
6866000.000000	-57.795332	-876.609389	-3226.498974	
6877000.000000	-26.544056	-876.619062	-3226.619176	
6888000.000000	-57.818447	-876.616443	-3226.536035	
6899000.000000	-57.826060	-876.601211	-3226.558259	
6910000.000000	-57.830123	-876.581758	-3226.582316	
6922000.000000	-57.830144	-876.556324	-3226.609322	
6934000.000000	-42.014017	-876.535140	-3226.890791	
6945000.000000	-57.817397	-876.516534	-3226.658522	
6957000.000000	-10.724115	-876.507403	-3227.038400	
6968000.000000	-57.791247	-876.511959	-3226.696212	
6979000.000000	-57.776098	-876.530219	-3226.708626	
6991000.000000	-41.946536	-876.561912	-3226.973673	
7002000.000000	-26.474445	-876.608119	-3226.824322	
7013000.000000	-57.731890	-876.672619	-3226.721985	
7024000.000000	-57.722588	-876.734015	-3226.719860	
7035000.000000	5.303320	-876.812163	-3226.905905	
7046000.000000	-57.712173	-876.899524	-3226.708219	
7057000.000000	-57.713215	-876.978430	-3226.701807	
7068000.000000	-57.718123	-877.053004	-3226.696560	
7079000.000000	-57.726499	-877.122053	-3226.692673	
7091000.000000	-25.989649	-877.178137	-3226.780165	
7102000.000000	-57.752034	-877.225066	-3226.694361	
7113000.000000	-57.766166	-877.252961	-3226.701013	
7124000.000000	-57.778868	-877.265513	-3226.709941	
7135000.000000	-57.791758	-877.265982	-3226.723770	
7146000.000000	-57.803397	-877.251966	-3226.742265	
7157000.000000	-57.810999	-877.226805	-3226.761663	
7168000.000000	-57.815020	-877.197850	-3226.782810	
7179000.000000	-57.815157	-877.166555	-3226.804828	
7191000.000000	-57.811351	-877.133711	-3226.825997	
7203000.000000	-26.522855	-877.105697	-3226.950846	
7214000.000000	-57.790915	-877.088109	-3226.866127	
7225000.000000	-41.958471	-877.084686	-3227.135314	
7237000.000000	-57.762477	-877.093760	-3226.889689	
7248000.000000	-57.745860	-877.119739	-3226.895760	
7259000.000000	-57.731455	-877.158806	-3226.897000	
7271000.000000	-25.963363	-877.209510	-3226.983036	
7282000.000000	-10.604770	-877.270183	-3227.248166	
7293000.000000	-57.701920	-877.345267	-3226.881543	
7305000.000000	-26.416032	-877.419958	-3226.975117	
7317000.000000	-26.417647	-877.498262	-3226.965571	
7328000.000000	-57.707764	-877.570845	-3226.854816	
7339000.000000	-57.717076	-877.627937	-3226.849350	
7351000.000000	-41.907049	-877.673802	-3227.103121	
7362000.000000	-25.986407	-877.709226	-3226.936707	
7373000.000000	-57.758303	-877.725928	-3226.853219	
7384000.000000	-41.948424	-877.728994	-3227.117811	
7395000.000000	-57.784613	-877.717454	-3226.874889	
7406000.000000	-41.971549	-877.693260	-3227.147017	
7417000.000000	-57.801463	-877.662233	-3226.908297	
7428000.000000	-57.804653	-877.625964	-3226.927787	
7439000.000000	-41.979959	-877.584992	-3227.204047	
7450000.000000	-57.799289	-877.549387	-3226.966285	
7461000.000000	-57.791052	-877.519838	-3226.983701	
7472000.000000	-41.954969	-877.497655	-3227.254753	
7483000.000000	-57.767555	-877.489653	-3227.008823	
7494000.000000	-57.751445	-877.493473	-3227.017228	
7505000.000000	-57.736384	-877.512093	-3227.020619	
7516000.000000	-57.722105	-877.544552	-3227.020156	
7527000.000000	-57.709619	-877.589285	-3227.016268	
7539000.000000	-26.409452	-877.646745	-3227.111522	
7550000.000000	-57.692919	-877.715917	-3226.999037	
7561000.000000	-57.690586	-877.782098	-3226.988550	
7572000.000000	-57.692227	-877.847601	-3226.978154	
7583000.000000	-57.697702	-877.911449	-3226.968492	
7594000.000000	-41.879713	-877.959791	-3227.217495	
7605000.000000	-57.718177	-878.008148	-3226.956197	
7616000.000000	-41.905574	-878.039561	-3227.210825	
7627000.000000	-26.454408	-878.055500	-3227.059860	
7638000.000000	-57.760292	-878.057143	-3226.963552	
7650000.000000	-26.481111	-878.043532	-3227.076454	
7661000.000000	-26.019297	-878.019212	-3227.075462	
7672000.000000	-41.965066	-877.985882	-3227.259274	
7683000.000000	-26.031168	-877.941450	-3227.110652	
7694000.000000	-41.969271	-877.896463	-3227.296575	
7705000.000000	-41.965692	-877.860381	-3227.312793	
7716000.000000	-57.785522	-877.820460	-3227.073961	
7727000.000000	-57.774905	-877.791472	-3227.087651	
7738000.000000	-57.761870	-877.776128	-3227.098223	
7749000.000000	-26.453719	-877.773482	-3227.207405	
7760000.000000	-25.966225	-877.784259	-3227.196218	
7771000.000000	-41.890417	-877.808566	-3227.363338	
7782000.000000	-10.581967	-877.847265	-3227.461170	
7793000.000000	-57.694905	-877.901464	-3227.094514	
7804000.000000	-41.859502	-877.952194	-3227.341202	
7816000.000000	-41.855707	-878.020144	-3227.328680	
7827000.000000	-57.685447	-878.089016	-3227.060053	
7838000.000000	-57.690292	-878.150630	-3227.048962	
7849000.000000	-26.402732	-878.202268	-3227.142062	
7861000.000000	-57.709868	-878.243789	-3227.033278	
7873000.000000	-41.895489	-878.275503	-3227.286009	
7884000.000000	-57.740187	-878.290298	-3227.031119	
7895000.000000	-10.155394	-878.288709	-3227.380295	
7906000.000000	-57.767627	-878.272063	-3227.045065	
7918000.000000	-41.949078	-878.244902	-3227.313790	
7929000.000000	-57.787139	-878.203732	-3227.073462	
7941000.000000	-57.791240	-878.157893	-3227.089936	
7953000.000000	-26.493444	-878.107290	-3227.211691	
7964000.000000	-57.786664	-878.059202	-3227.126640	
7975000.000000	-10.650639	-878.026091	-3227.499720	
7986000.000000	-57.767626	-877.994262	-3227.153768	
7998000.000000	-10.624715	-877.976580	-3227.521720	
8009000.000000	-25.968678	-877.973929	-3227.256171	
8020000.000000	-26.424497	-877.987180	-3227.271552	
8031000.000000	-26.411620	-878.011705	-3227.268861	
8042000.000000	-57.697481	-878.054266	-3227.159521	
8053000.000000	-57.688095	-878.103284	-3227.150103	
8065000.000000	-41.851053	-878.158945	-3227.394391	
8076000.000000	-57.679913	-878.224708	-3227.124967	
8087000.000000	-25.910289	-878.279863	-3227.201275	
8098000.000000	-57.687954	-878.340410	-3227.100854	
8109000.000000	5.374569	-878.384727	-3227.282456	
8121000.000000	-57.709122	-878.424675	-3227.084926	
8132000.000000	-57.724157	-878.448995	-3227.081788	
8144000.000000	-25.967005	-878.456401	-3227.171232	
8155000.000000	-41.921780	-878.449695	-3227.344319	
8166000.000000	-57.766815	-878.426887	-3227.097707	
8177000.000000	-57.777100	-878.392085	-3227.109796	
8188000.000000	-10.651797	-878.355977	-3227.482464	
8199000.000000	-57.787713	-878.304860	-3227.140283	
8210000.000000	21.118124	-878.259948	-3227.603377	
8221000.000000	-57.782914	-878.209422	-3227.172331	
8232000.000000	-57.774985	-878.170105	-3227.186467	
8244000.000000	-26.462592	-878.137912	-3227.300766	
8255000.000000	-57.749543	-878.118442	-3227.206793	
8266000.000000	-57.734956	-878.114953	-3227.210950	
8277000.000000	-57.720182	-878.125490	-3227.211205	
8288000.000000	-57.706269	-878.151095	-3227.207507	
8299000.000000	-57.694223	-878.188020	-3227.200343	
8311000.000000	-57.684906	-878.234585	-3227.190357	
8323000.000000	-41.846023	-878.294371	-3227.432750	
8334000.000000	-26.375011	-878.354476	-3227.265933	
8345000.000000	-57.679387	-878.417288	-3227.149497	
8356000.000000	-57.685657	-878.469036	-3227.137572	
8367000.000000	-57.694215	-878.510822	-3227.128592	
8378000.000000	-57.707358	-878.547540	-3227.120998	
8389000.000000	-57.721219	-878.567309	-3227.117706	
8400000.000000	-26.432561	-878.572786	-3227.220663	
8411000.000000	-25.974799	-878.565334	-3227.210550	
8422000.000000	-57.762910	-878.541715	-3227.130894	
8433000.000000	-57.773458	-878.508711	-3227.142251	
8444000.000000	5.296583	-878.469593	-3227.346215	
8455000.000000	-57.784773	-878.417078	-3227.171289	
8466000.000000	21.126014	-878.370244	-3227.633844	
8477000.000000	-57.780795	-878.317745	-3227.202417	
8489000.000000	-25.997995	-878.276314	-3227.304679	
8500000.000000	-57.761467	-878.240764	-3227.228298	
8511000.000000	-26.445994	-878.221859	-3227.338192	
8522000.000000	-10.125768	-878.214518	-3227.584229	
8533000.000000	-57.719079	-878.222443	-3227.240192	
8545000.000000	-57.705113	-878.243901	-3227.236445	
8556000.000000	5.386482	-878.279515	-3227.419193	
8567000.000000	-57.682674	-878.329467	-3227.217787	
8578000.000000	-26.373108	-878.381824	-3227.307347	
8589000.000000	-25.899146	-878.437695	-3227.279411	
8601000.000000	-26.372950	-878.496413	-3227.280115	
8612000.000000	-57.682832	-878.553209	-3227.164338	
8623000.000000	-41.857772	-878.592102	-3227.410583	
8634000.000000	-57.704097	-878.629031	-3227.146455	
8645000.000000	-25.941186	-878.647994	-3227.230688	
8656000.000000	-57.732451	-878.655053	-3227.142196	
8667000.000000	-25.971251	-878.646829	-3227.234261	
8678000.000000	-57.759789	-878.623929	-3227.153355	
8689000.000000	-57.770584	-878.590458	-3227.164012	
8701000.000000	-41.944585	-878.548093	-3227.433701	
8712000.000000	-26.478392	-878.496940	-3227.294965	
8723000.000000	-57.782786	-878.441126	-3227.208833	
8735000.000000	-26.002415	-878.392901	-3227.312298	
8747000.000000	-25.993864	-878.346138	-3227.326688	
8758000.000000	-57.758503	-878.310549	-3227.249646	
8770000.000000	-10.133803	-878.290945	-3227.601238	
8781000.000000	-57.729397	-878.284597	-3227.260181	
8792000.000000	-57.714752	-878.294546	-3227.259194	
8803000.000000	-10.090673	-878.314583	-3227.598807	
8814000.000000	-57.689353	-878.352822	-3227.246205	
8825000.000000	-57.681107	-878.394544	-3227.236251	
8837000.000000	5.406838	-878.451709	-3227.411983	
8848000.000000	-26.368362	-878.512734	-3227.309021	
8859000.000000	-26.370607	-878.564129	-3227.296456	
8870000.000000	-25.904793	-878.614199	-3227.269408	
8881000.000000	-25.914153	-878.656415	-3227.258817	
8892000.000000	-57.702679	-878.689421	-3227.163148	
8903000.000000	-41.883707	-878.709328	-3227.414607	
8914000.000000	-26.427658	-878.712652	-3227.261049	
8925000.000000	-57.746589	-878.702292	-3227.162325	
8936000.000000	-41.925249	-878.677351	-3227.426086	
8947000.000000	-57.769994	-878.642144	-3227.180411	
8958000.000000	-26.471834	-878.600668	-3227.295137	
8969000.000000	-57.781382	-878.546086	-3227.208119	
8980000.000000	-57.781379	-878.495024	-3227.223257	
8992000.000000	-26.471348	-878.440961	-3227.342048	
9004000.000000	-41.934120	-878.398579	-3227.508434	
9015000.000000	-57.757166	-878.362012	-3227.263211	
9026000.000000	-57.743915	-878.340716	-3227.270015	
9037000.000000	-57.729458	-878.334190	-3227.273087	
9048000.000000	-57.714832	-878.341371	-3227.272251	
9059000.000000	-57.701088	-878.363283	-3227.267537	
9071000.000000	-25.911398	-878.396798	-3227.347191	
9082000.000000	-57.679330	-878.445486	-3227.247240	
9093000.000000	-25.896177	-878.496473	-3227.321787	
9104000.000000	-57.672140	-878.553777	-3227.219920	
9115000.000000	-57.674372	-878.607472	-3227.205856	
9127000.000000	-41.845706	-878.656676	-3227.448609	
9138000.000000	-57.690691	-878.702443	-3227.181203	
9149000.000000	-57.702885	-878.733585	-3227.173496	
9160000.000000	-57.716771	-878.750265	-3227.169330	
9171000.000000	-57.730015	-878.753773	-3227.168892	
9182000.000000	-57.745573	-878.741742	-3227.172624	
9193000.000000	-57.758420	-878.717286	-3227.179888	
9204000.000000	-25.991422	-878.681629	-3227.278820	
9216000.000000	-26.470576	-878.634540	-3227.306098	
9227000.000000	-57.780513	-878.579053	-3227.218966	
9238000.000000	-57.780156	-878.527546	-3227.233892	
9250000.000000	-57.775921	-878.478681	-3227.248215	
9262000.000000	-41.931825	-878.431276	-3227.518307	
9273000.000000	-26.449612	-878.396934	-3227.374548	
9284000.000000	-57.741695	-878.374782	-3227.278878	
9295000.000000	-57.727213	-878.369054	-3227.281411	
9306000.000000	-57.712660	-878.377021	-3227.280036	
9317000.000000	-57.699083	-878.399683	-3227.274822	
9328000.000000	-57.687442	-878.433690	-3227.266207	
9339000.000000	-57.678569	-878.477373	-3227.254831	
9351000.000000	-26.366648	-878.530746	-3227.343547	
9362000.000000	-57.671479	-878.590352	-3227.225914	
9373000.000000	-26.367819	-878.643236	-3227.313832	
9384000.000000	-57.680419	-878.691311	-3227.198873	
9395000.000000	-57.690036	-878.733346	-3227.188094	
9407000.000000	-25.924375	-878.762411	-3227.268222	
9418000.000000	-57.717404	-878.779891	-3227.175784	
9429000.000000	-57.731985	-878.781218	-3227.175710	
9441000.000000	-57.746107	-878.767824	-3227.179513	
9452000.000000	-57.759819	-878.738176	-3227.187788	
9463000.000000	-57.769841	-878.700233	-3227.198579	
9474000.000000	-26.469799	-878.656763	-3227.313291	
9485000.000000	-57.779888	-878.600593	-3227.226092	
9496000.000000	-41.943932	-878.554639	-3227.496000	
9507000.000000	-26.468324	-878.502853	-3227.356553	
9518000.000000	-41.930807	-878.455436	-3227.523616	
9529000.000000	-57.755457	-878.422632	-3227.276996	
9541000.000000	-10.127538	-878.401418	-3227.627907	
9553000.000000	-25.947629	-878.393439	-3227.374425	
9564000.000000	-57.710746	-878.402538	-3227.284436	
9576000.000000	-26.390228	-878.426087	-3227.381003	
9587000.000000	-57.685043	-878.465200	-3227.268809	
9598000.000000	-57.676789	-878.510035	-3227.256899	
9609000.000000	-25.893371	-878.560912	-3227.330925	
9620000.000000	-57.671086	-878.617408	-3227.228802	
9631000.000000	-57.673629	-878.663886	-3227.215914	
9642000.000000	5.404944	-878.713957	-3227.392757	
9653000.000000	-57.690605	-878.757324	-3227.191201	
9664000.000000	-41.866651	-878.782485	-3227.440010	
9675000.000000	-26.409184	-878.799592	-3227.282183	
9686000.000000	-57.731499	-878.800874	-3227.179400	
9697000.000000	-41.909230	-878.789661	-3227.438840	
9708000.000000	-57.758253	-878.761413	-3227.190464	
9719000.000000	-57.768534	-878.721852	-3227.200892	
9730000.000000	-41.939772	-878.681562	-3227.468891	
9741000.000000	-57.779034	-878.628715	-3227.226591	
9752000.000000	-26.000205	-878.576815	-3227.329814	
9763000.000000	-57.775130	-878.526942	-3227.255412	
9774000.000000	-57.766808	-878.478246	-3227.269051	
9785000.000000	-57.756037	-878.441947	-3227.278946	
9796000.000000	-57.743040	-878.419587	-3227.285626	
9807000.000000	-57.728746	-878.410527	-3227.288622	
9818000.000000	-57.714178	-878.416019	-3227.287713	
9830000.000000	-25.921199	-878.435068	-3227.370878	
9841000.000000	-57.688402	-878.466110	-3227.274766	
9852000.000000	-25.899273	-878.512409	-3227.350263	
9863000.000000	-41.836842	-878.564102	-3227.504780	
9874000.000000	-57.670653	-878.616834	-3227.234785	
9885000.000000	-57.672590	-878.669365	-3227.220401	
9896000.000000	-57.678282	-878.720729	-3227.207049	
9907000.000000	-26.380523	-878.761782	-3227.297854	
9918000.000000	-57.699095	-878.792463	-3227.187180	
9929000.000000	-57.712725	-878.811387	-3227.182074	
9940000.000000	-57.727221	-878.815510	-3227.180776	
9951000.000000	-57.741541	-878.806002	-3227.183383	
9962000.000000	-41.919324	-878.781926	-3227.445973	
9973000.000000	-57.765621	-878.747175	-3227.199289	
9984000.000000	-57.773665	-878.703413	-3227.211454	
9995000.000000	-57.778207	-878.650715	-3227.225303	
10006000.000000	-57.778904	-878.598547	-3227.239859	
10017000.000000	-57.775705	-878.548056	-3227.254081	
10028000.000000	-25.990351	-878.505032	-3227.354326	
10039000.000000	-57.758808	-878.463425	-3227.277524	
10050000.000000	-57.746342	-878.437361	-3227.285069	
10061000.000000	5.353472	-878.424139	-3227.479512	
10072000.000000	-57.717784	-878.424612	-3227.289095	
10083000.000000	-57.703727	-878.439538	-3227.285312	
10094000.000000	-25.912849	-878.465540	-3227.366575	
10105000.000000	-57.681034	-878.508060	-3227.267488	
10116000.000000	-57.674046	-878.554764	-3227.254736	
10127000.000000	-57.670712	-878.609007	-3227.240568	
10138000.000000	-57.671254	-878.661725	-3227.226026	
10149000.000000	-57.675632	-878.711888	-3227.212154	
10160000.000000	-57.683526	-878.758380	-3227.199945	
10171000.000000	-25.914579	-878.789481	-3227.278894	
10182000.000000	-26.399273	-878.814388	-3227.286612	
10193000.000000	-57.721709	-878.825066	-3227.181116	
10204000.000000	-57.736197	-878.820000	-3227.182268	
10215000.000000	-26.441695	-878.803298	-3227.289302	
10226000.000000	-57.761669	-878.769393	-3227.195646	
10237000.000000	-41.934548	-878.733334	-3227.462199	
10248000.000000	-57.776669	-878.680374	-3227.220195	
10259000.000000	-41.942977	-878.625597	-3227.491017	
10270000.000000	-41.941372	-878.579625	-3227.504105	
10281000.000000	-26.464435	-878.528911	-3227.364021	
10292000.000000	-41.926329	-878.483689	-3227.530108	
10303000.000000	-57.750792	-878.453610	-3227.282417	
10314000.000000	-57.737248	-878.435591	-3227.287662	
10325000.000000	-57.722801	-878.430952	-3227.289104	
10336000.000000	-10.093920	-878.439222	-3227.630916	
10347000.000000	-26.388627	-878.462694	-3227.383406	
10358000.000000	-57.684217	-878.501137	-3227.271042	
10369000.000000	-10.532989	-878.540090	-3227.617883	
10381000.000000	-41.835443	-878.595445	-3227.500811	
10392000.000000	-25.891458	-878.653846	-3227.317026	
10403000.000000	-57.673972	-878.707387	-3227.215183	
10414000.000000	-57.680972	-878.752938	-3227.202413	
10425000.000000	-57.691093	-878.790168	-3227.191963	
10436000.000000	-57.703604	-878.817720	-3227.184581	
10447000.000000	-41.880893	-878.829664	-3227.436966	
10458000.000000	-57.732127	-878.829389	-3227.180872	
10469000.000000	-57.746095	-878.813348	-3227.184789	
10480000.000000	-57.758495	-878.785338	-3227.192271	
10491000.000000	-26.460422	-878.749619	-3227.304539	
10502000.000000	-57.775206	-878.698192	-3227.215555	
10513000.000000	-57.778324	-878.647104	-3227.229669	
10524000.000000	-57.777573	-878.595061	-3227.244107	
10535000.000000	-41.936953	-878.542937	-3227.514238	
10546000.000000	-57.764946	-878.500130	-3227.269804	
10557000.000000	-57.753964	-878.466838	-3227.279222	
10568000.000000	-41.904554	-878.444435	-3227.541552	
10579000.000000	-57.726552	-878.436688	-3227.287844	
10591000.000000	-10.096134	-878.442538	-3227.630342	
10602000.000000	-57.697398	-878.464740	-3227.280550	
10614000.000000	5.401452	-878.499134	-3227.461543	
10625000.000000	-57.676565	-878.546928	-3227.258804	
10636000.000000	-57.671573	-878.596532	-3227.245120	
10647000.000000	-25.891126	-878.648910	-3227.318265	
10658000.000000	-57.673036	-878.703336	-3227.216284	
10669000.000000	-57.679398	-878.750095	-3227.203198	
10681000.000000	-41.853454	-878.788768	-3227.448026	
10692000.000000	5.384853	-878.818007	-3227.374482	
10703000.000000	-57.716258	-878.833863	-3227.179584	
10714000.000000	-57.730750	-878.833633	-3227.179284	
10726000.000000	-41.909280	-878.819954	-3227.439052	
10737000.000000	-57.758356	-878.789882	-3227.190816	
10748000.000000	-10.152810	-878.754214	-3227.545090	
10759000.000000	-57.775013	-878.702897	-3227.214036	
10770000.000000	-57.778122	-878.651802	-3227.228110	
10781000.000000	-57.777369	-878.596714	-3227.242489	
10792000.000000	-41.937266	-878.552819	-3227.511373	
10803000.000000	-57.764729	-878.504797	-3227.268087	
10814000.000000	-25.975166	-878.473094	-3227.365079	
10825000.000000	-57.740649	-878.448700	-3227.283581	
10837000.000000	-41.890044	-878.440539	-3227.542029	
10848000.000000	-57.710689	-878.447647	-3227.284213	
10859000.000000	-57.697300	-878.469301	-3227.278632	
10870000.000000	-57.685849	-878.502152	-3227.269691	
10881000.000000	-57.677798	-878.542193	-3227.259179	
10892000.000000	-57.671833	-878.596484	-3227.244470	
10903000.000000	-57.670289	-878.648744	-3227.229994	
10914000.000000	-57.672633	-878.700115	-3227.215629	
10925000.000000	-57.678699	-878.749602	-3227.202387	
10936000.000000	-57.688033	-878.788843	-3227.191231	
10947000.000000	-57.699963	-878.817834	-3227.182952	
10959000.000000	-26.406475	-878.835207	-3227.280529	
10971000.000000	-57.729380	-878.836941	-3227.177242	
10983000.000000	-41.909187	-878.821848	-3227.437118	
10994000.000000	-57.758245	-878.791232	-3227.188884	
11005000.000000	-10.152634	-878.757274	-3227.543129	
11016000.000000	-57.774864	-878.706094	-3227.212050	
11027000.000000	-57.777965	-878.651990	-3227.226078	
11038000.000000	-10.633749	-878.605736	-3227.598465	
11049000.000000	-57.772609	-878.550911	-3227.254026	
11061000.000000	-26.456626	-878.506075	-3227.368707	
11072000.000000	-57.752455	-878.469946	-3227.275958	
11084000.000000	-25.959468	-878.449964	-3227.369926	
11095000.000000	-57.723612	-878.443241	-3227.283740	
11106000.000000	-57.709310	-878.451590	-3227.281552	
11117000.000000	-41.859797	-878.474444	-3227.531428	
11128000.000000	-57.684886	-878.508219	-3227.266397	
11140000.000000	-41.840398	-878.551265	-3227.510149	
11151000.000000	-57.671284	-878.606196	-3227.239540	
11162000.000000	-57.670458	-878.661441	-3227.225011	
11173000.000000	-57.673499	-878.712336	-3227.210789	
11184000.000000	-26.372101	-878.755505	-3227.301073	
11195000.000000	-57.690059	-878.797466	-3227.187212	
11206000.000000	-57.702370	-878.823819	-3227.179538	
11217000.000000	-25.937328	-878.837660	-3227.263440	
11228000.000000	-41.895192	-878.837717	-3227.431189	
11239000.000000	-57.744636	-878.823604	-3227.178669	
11251000.000000	-57.757132	-878.796805	-3227.185805	
11262000.000000	-25.988939	-878.754616	-3227.285507	
11273000.000000	-57.774752	-878.705351	-3227.209723	
11284000.000000	-57.777828	-878.654165	-3227.223717	
11295000.000000	-25.997609	-878.602379	-3227.326553	
11306000.000000	-57.772434	-878.550874	-3227.251600	
11317000.000000	-57.764365	-878.508380	-3227.263468	
11328000.000000	-57.753413	-878.475082	-3227.272763	
11339000.000000	-57.740367	-878.452338	-3227.278800	
11351000.000000	5.361702	-878.444485	-3227.471724	
11362000.000000	-57.710515	-878.451894	-3227.279302	
11373000.000000	-26.390302	-878.471297	-3227.376577	
11384000.000000	-57.685758	-878.507247	-3227.264735	
11395000.000000	-57.677111	-878.549732	-3227.253073	
11406000.000000	-57.671852	-878.598411	-3227.239532	
11417000.000000	-10.055104	-878.647081	-3227.569638	
11429000.000000	-25.893525	-878.704051	-3227.298406	
11441000.000000	-57.679520	-878.755742	-3227.196406	
11452000.000000	-10.546244	-878.794132	-3227.543438	
11464000.000000	-57.702409	-878.824320	-3227.177005	
11475000.000000	-57.717567	-878.838967	-3227.172704	
11487000.000000	-26.424776	-878.837597	-3227.275305	
11498000.000000	-25.966854	-878.822208	-3227.264958	
11509000.000000	-57.759113	-878.790563	-3227.184923	
11520000.000000	5.318540	-878.753365	-3227.385794	
11531000.000000	-25.995426	-878.706710	-3227.295679	
11542000.000000	-57.777789	-878.649974	-3227.222431	
11553000.000000	-57.776634	-878.598358	-3227.236675	
11565000.000000	-26.463842	-878.547398	-3227.352939	
11576000.000000	-57.762431	-878.501566	-3227.262669	
11587000.000000	-41.915875	-878.473490	-3227.526965	
11598000.000000	21.185176	-878.452043	-3227.723340	
11609000.000000	-57.723421	-878.445667	-3227.278375	
11621000.000000	-25.929404	-878.454322	-3227.364100	
11632000.000000	-57.696003	-878.476151	-3227.270185	
11643000.000000	-57.683966	-878.513800	-3227.259967	
11654000.000000	-57.675914	-878.560056	-3227.247899	
11665000.000000	-57.671333	-878.609799	-3227.234127	
11676000.000000	-57.670554	-878.661612	-3227.219631	
11687000.000000	-25.894004	-878.709261	-3227.294374	
11699000.000000	5.406134	-878.760167	-3227.382411	
11710000.000000	-57.691211	-878.801049	-3227.181106	
11721000.000000	-57.702453	-878.825586	-3227.174297	
11733000.000000	-26.410396	-878.839587	-3227.272428	
11744000.000000	-41.897810	-878.836808	-3227.426378	
11755000.000000	-57.746995	-878.820166	-3227.174514	
11767000.000000	-41.923486	-878.791177	-3227.438559	
11778000.000000	-57.769338	-878.747128	-3227.193966	
11789000.000000	-57.775380	-878.696791	-3227.206907	
11801000.000000	-57.777727	-878.645288	-3227.220977	
11813000.000000	-25.996396	-878.588196	-3227.324942	
11825000.000000	-25.990010	-878.535803	-3227.339130	
11836000.000000	-26.451495	-878.492587	-3227.365226	
11847000.000000	-57.747456	-878.464704	-3227.270294	
11858000.000000	-57.733771	-878.448820	-3227.274645	
11869000.000000	-57.719398	-878.447541	-3227.275202	
11881000.000000	-57.705370	-878.459663	-3227.271919	
11892000.000000	-25.911927	-878.488086	-3227.352066	
11903000.000000	-57.681463	-878.527174	-3227.253939	
11914000.000000	-57.674354	-878.572740	-3227.241315	
11925000.000000	-25.891405	-878.623237	-3227.314918	
11936000.000000	-57.671092	-878.678143	-3227.212752	
11947000.000000	-57.675185	-878.727653	-3227.198852	
11958000.000000	-57.682800	-878.771091	-3227.186538	
11969000.000000	-10.077808	-878.803842	-3227.521075	
11981000.000000	-57.706185	-878.829844	-3227.169978	
11992000.000000	-57.720254	-878.839696	-3227.166913	
12004000.000000	-41.900413	-878.834597	-3227.424097	
12015000.000000	-25.971524	-878.813135	-3227.261788	
12026000.000000	-57.761916	-878.779507	-3227.182054	
12037000.000000	-26.463217	-878.737684	-3227.296188	
12048000.000000	-57.775983	-878.689271	-3227.206564	
12059000.000000	-25.998275	-878.640260	-3227.307942	
12071000.000000	-57.775401	-878.583466	-3227.234766	
12082000.000000	-41.933356	-878.536690	-3227.504109	
12093000.000000	-57.759328	-878.493380	-3227.259502	
12104000.000000	-41.911061	-878.464257	-3227.523515	
12116000.000000	-25.953897	-878.449297	-3227.359785	
12127000.000000	-57.718028	-878.448378	-3227.272010	
12138000.000000	-57.704109	-878.461747	-3227.268372	
12149000.000000	-57.691634	-878.489301	-3227.261151	
12161000.000000	-25.901893	-878.526619	-3227.338614	
12172000.000000	-57.674397	-878.572065	-3227.238255	
12183000.000000	-57.670746	-878.628128	-3227.222896	
12194000.000000	-57.671390	-878.682862	-3227.208431	
12205000.000000	-57.675826	-878.731858	-3227.194659	
12216000.000000	-26.375577	-878.772106	-3227.285690	
12227000.000000	-57.694558	-878.809453	-3227.172984	
12238000.000000	-57.707491	-878.830868	-3227.166621	
12249000.000000	-57.721607	-878.839395	-3227.163917	
12260000.000000	-25.955687	-878.835190	-3227.253012	
12271000.000000	-41.912670	-878.817420	-3227.425616	
12282000.000000	-25.981918	-878.783667	-3227.266659	
12293000.000000	-25.990113	-878.745051	-3227.276699	
12304000.000000	-57.775578	-878.692128	-3227.202370	
12315000.000000	-57.777533	-878.640873	-3227.216443	
12326000.000000	-57.775631	-878.587116	-3227.230534	
12337000.000000	-57.770681	-878.544855	-3227.242493	
12348000.000000	-25.981479	-878.499849	-3227.343129	
12359000.000000	-57.749563	-878.468138	-3227.263053	
12371000.000000	-57.736168	-878.450682	-3227.268005	
12382000.000000	-57.720591	-878.447012	-3227.269138	
12393000.000000	-57.706541	-878.458094	-3227.266162	
12404000.000000	-57.693739	-878.483774	-3227.259563	
12415000.000000	-41.847844	-878.514907	-3227.506497	
12426000.000000	-57.675459	-878.563408	-3227.237567	
12437000.000000	-57.671297	-878.615603	-3227.223720	
12448000.000000	-57.670924	-878.667242	-3227.209261	
12459000.000000	-57.674363	-878.717229	-3227.195215	
12470000.000000	-57.681364	-878.764519	-3227.182591	
12481000.000000	-57.691438	-878.800566	-3227.172284	
12492000.000000	-57.703862	-878.825489	-3227.165022	
12503000.000000	-57.717747	-878.837934	-3227.161309	
12514000.000000	-57.732075	-878.835892	-3227.161411	
12525000.000000	-57.745817	-878.820630	-3227.165311	
12536000.000000	-57.757981	-878.791342	-3227.172727	
12547000.000000	-57.767705	-878.752745	-3227.183105	
12558000.000000	5.312769	-878.708972	-3227.385853	
12569000.000000	-57.777279	-878.652724	-3227.209563	
12581000.000000	-57.776429	-878.601096	-3227.223717	
12592000.000000	-10.627960	-878.552574	-3227.596377	
12604000.000000	-57.762865	-878.505983	-3227.249776	
12615000.000000	-57.750608	-878.471058	-3227.259290	
12627000.000000	-26.429321	-878.451618	-3227.367100	
12639000.000000	-26.413796	-878.446875	-3227.368464	
12651000.000000	-57.706494	-878.458858	-3227.262978	
12662000.000000	-41.856476	-878.486538	-3227.511379	
12673000.000000	-57.682321	-878.523071	-3227.245590	
12684000.000000	-57.674980	-878.567644	-3227.233183	
12696000.000000	-10.527647	-878.620109	-3227.576873	
12707000.000000	-10.056161	-878.671646	-3227.548084	
12718000.000000	-57.675481	-878.726379	-3227.189680	
12729000.000000	-57.683095	-878.769634	-3227.177434	
12740000.000000	-57.693643	-878.805854	-3227.167655	
12751000.000000	-41.869734	-878.826422	-3227.417383	
12763000.000000	-41.884993	-878.837865	-3227.414041	
12775000.000000	-41.900523	-878.832587	-3227.415250	
12786000.000000	-57.750454	-878.811042	-3227.164637	
12797000.000000	-41.926302	-878.776965	-3227.429524	
12808000.000000	-57.770457	-878.735073	-3227.184452	
12819000.000000	-57.775748	-878.686969	-3227.197593	
12831000.000000	-57.777309	-878.633009	-3227.211672	
12842000.000000	-57.774658	-878.576797	-3227.226882	
12854000.000000	-25.988857	-878.530913	-3227.328061	
12865000.000000	-10.143195	-878.492656	-3227.594900	
12876000.000000	-26.439068	-878.463348	-3227.360539	
12887000.000000	-57.732156	-878.447669	-3227.262363	
12899000.000000	-25.938156	-878.447690	-3227.350523	
12910000.000000	-57.702839	-878.463518	-3227.258295	
12921000.000000	5.395912	-878.489282	-3227.441596	
12933000.000000	-26.372975	-878.531220	-3227.342352	
12944000.000000	5.413081	-878.577300	-3227.417259	
12955000.000000	-57.670856	-878.633447	-3227.212138	
12966000.000000	-57.671905	-878.684617	-3227.197766	
12977000.000000	-57.676712	-878.735226	-3227.184174	
12988000.000000	-57.684915	-878.776705	-3227.172343	
12999000.000000	-26.387624	-878.807652	-3227.266055	
13011000.000000	-41.873548	-878.830464	-3227.413037	
13023000.000000	-26.417229	-878.837136	-3227.257290	
13034000.000000	-41.904348	-878.827095	-3227.413196	
13045000.000000	-57.752679	-878.804482	-3227.162926	
13057000.000000	-41.928039	-878.770497	-3227.428389	
13069000.000000	-41.936538	-878.722442	-3227.441273	
13081000.000000	-57.776659	-878.667478	-3227.199599	
13092000.000000	-26.469209	-878.612913	-3227.316612	
13103000.000000	21.149938	-878.563268	-3227.675166	
13114000.000000	-57.765225	-878.514722	-3227.240591	
13125000.000000	-57.754794	-878.480268	-3227.250184	
13136000.000000	-57.742141	-878.456138	-3227.256665	
13147000.000000	-41.893263	-878.446724	-3227.515502	
13158000.000000	-57.713956	-878.449929	-3227.258620	
13169000.000000	-57.700452	-878.467885	-3227.253927	
13181000.000000	-57.688641	-878.497477	-3227.245808	
13192000.000000	-57.678677	-878.541940	-3227.233727	
13203000.000000	-57.672932	-878.589342	-3227.220536	
13214000.000000	-57.670852	-878.643359	-3227.206297	
13225000.000000	-26.365161	-878.694350	-3227.294051	
13236000.000000	-57.678052	-878.741413	-3227.178714	
13247000.000000	5.400286	-878.779339	-3227.358196	
13258000.000000	-57.698258	-878.813149	-3227.158666	
13269000.000000	-57.711539	-878.831088	-3227.153353	
13281000.000000	-26.418600	-878.835900	-3227.254248	
13292000.000000	-41.905627	-878.824442	-3227.410540	
13303000.000000	-26.446584	-878.800693	-3227.263269	
13315000.000000	-41.928877	-878.765789	-3227.426304	
13326000.000000	-57.772648	-878.717038	-3227.182948	
13337000.000000	-57.776587	-878.664410	-3227.196505	
13349000.000000	5.310167	-878.612865	-3227.402024	
13361000.000000	-57.772585	-878.558143	-3227.225424	
13372000.000000	-57.764281	-878.510461	-3227.238398	
13384000.000000	-57.753623	-878.477046	-3227.247705	
13395000.000000	-57.739604	-878.453169	-3227.254228	
13406000.000000	-57.725541	-878.445496	-3227.256407	
13417000.000000	-57.711377	-878.452049	-3227.254770	
13428000.000000	-25.918500	-878.471480	-3227.337322	
13439000.000000	-57.686755	-878.504488	-3227.240739	
13450000.000000	-57.678058	-878.545696	-3227.229336	
13461000.000000	-57.672987	-878.590953	-3227.217292	
13472000.000000	-57.670940	-878.647593	-3227.201760	
13483000.000000	-57.673045	-878.698292	-3227.187554	
13494000.000000	-57.678822	-878.744738	-3227.174415	
13505000.000000	-25.908005	-878.781822	-3227.251986	
13516000.000000	-57.699491	-878.814391	-3227.154920	
13528000.000000	-57.712877	-878.831065	-3227.149955	
13539000.000000	-57.728358	-878.833975	-3227.148804	
13551000.000000	-57.742244	-878.821629	-3227.151729	
13562000.000000	5.331237	-878.796763	-3227.349306	
13573000.000000	-26.458743	-878.756469	-3227.271644	
13584000.000000	-57.773091	-878.711554	-3227.181043	
13595000.000000	-57.776674	-878.658672	-3227.194672	
13606000.000000	-57.776465	-878.607243	-3227.208750	
13617000.000000	-57.772477	-878.558310	-3227.222259	
13628000.000000	-41.928974	-878.512955	-3227.490590	
13639000.000000	-57.754574	-878.478847	-3227.243772	
13651000.000000	-41.905804	-878.455796	-3227.506360	
13662000.000000	-57.726770	-878.445248	-3227.253112	
13673000.000000	-41.876446	-878.450377	-3227.507738	
13685000.000000	-25.919678	-878.468940	-3227.334651	
13696000.000000	-26.378968	-878.503390	-3227.339607	
13707000.000000	-26.371037	-878.542203	-3227.329266	
13718000.000000	-57.672715	-878.595085	-3227.212770	
13730000.000000	-25.891821	-878.646193	-3227.286202	
13741000.000000	-57.673146	-878.696601	-3227.184349	
13752000.000000	5.407308	-878.745343	-3227.361061	
13763000.000000	-41.853502	-878.787979	-3227.414970	
13774000.000000	-26.393626	-878.815475	-3227.253456	
13786000.000000	-41.878910	-878.830879	-3227.402544	
13797000.000000	-26.421330	-878.832919	-3227.248225	
13808000.000000	21.178977	-878.820850	-3227.595700	
13819000.000000	-57.755855	-878.792708	-3227.155913	
13831000.000000	-41.930470	-878.756043	-3227.422148	
13842000.000000	-25.994448	-878.706007	-3227.267642	
13853000.000000	-41.941044	-878.652906	-3227.449285	
13864000.000000	-57.776156	-878.601627	-3227.206872	
13876000.000000	-41.935903	-878.553177	-3227.476661	
13887000.000000	-26.456273	-878.508657	-3227.334775	
13898000.000000	-57.752328	-878.472499	-3227.241953	
13909000.000000	-57.739421	-878.452166	-3227.247734	
13920000.000000	-10.582650	-878.444455	-3227.608349	
13931000.000000	-57.711318	-878.451140	-3227.248203	
13942000.000000	-26.390273	-878.470883	-3227.345087	
13953000.000000	-57.686803	-878.502341	-3227.234157	
13964000.000000	5.408330	-878.541065	-3227.413726	
13975000.000000	-57.672779	-878.593774	-3227.209510	
13986000.000000	-57.671111	-878.644532	-3227.195291	
13997000.000000	-57.673258	-878.697488	-3227.181125	
14008000.000000	-57.679049	-878.743686	-3227.168033	
14019000.000000	-57.688066	-878.782669	-3227.156944	
14031000.000000	-26.392575	-878.813136	-3227.250923	
14042000.000000	-41.878990	-878.830363	-3227.399414	
14053000.000000	-10.113101	-878.832344	-3227.486743	
14064000.000000	-57.742278	-878.819948	-3227.145570	
14075000.000000	-41.919462	-878.793582	-3227.408349	
14086000.000000	-57.765132	-878.757558	-3227.161666	
14097000.000000	-57.772481	-878.713503	-3227.173646	
14108000.000000	5.310393	-878.667231	-3227.377302	
14119000.000000	-57.776428	-878.610426	-3227.201193	
14131000.000000	-41.936878	-878.561187	-3227.471168	
14142000.000000	-57.764777	-878.512936	-3227.227829	
14153000.000000	21.167952	-878.479886	-3227.683906	
14164000.000000	-57.743023	-878.456040	-3227.243241	
14176000.000000	-10.112213	-878.444286	-3227.590661	
14187000.000000	-57.712548	-878.449088	-3227.245209	
14198000.000000	-57.699246	-878.468826	-3227.240170	
14209000.000000	-57.687734	-878.499561	-3227.231778	
14221000.000000	-57.678838	-878.539672	-3227.220626	
14232000.000000	-25.893563	-878.592205	-3227.293931	
14243000.000000	-57.671213	-878.645571	-3227.192035	
14254000.000000	5.413390	-878.690406	-3227.368875	
14266000.000000	-41.843703	-878.742106	-3227.420503	
14277000.000000	5.397821	-878.783254	-3227.343768	
14288000.000000	-57.700902	-878.814141	-3227.144919	
14299000.000000	-10.570787	-878.828061	-3227.498951	
14310000.000000	-57.728483	-878.830772	-3227.139527	
14321000.000000	-25.962335	-878.819755	-3227.230306	
14332000.000000	-26.447723	-878.792812	-3227.251680	
14344000.000000	-41.929671	-878.757220	-3227.414936	
14355000.000000	21.149381	-878.710860	-3227.618319	
14366000.000000	-57.776417	-878.655767	-3227.185291	
14377000.000000	-57.776151	-878.604762	-3227.199305	
14388000.000000	-57.772142	-878.555978	-3227.212741	
14399000.000000	-57.764683	-878.510484	-3227.224614	
14410000.000000	-10.139810	-878.479856	-3227.577956	
14421000.000000	-57.742924	-878.455007	-3227.239984	
14432000.000000	-57.727875	-878.443868	-3227.243197	
14443000.000000	-57.713754	-878.448107	-3227.242198	
14455000.000000	-41.864331	-878.465280	-3227.493301	
14467000.000000	-25.908284	-878.498354	-3227.316293	
14478000.000000	-57.678231	-878.543299	-3227.216209	
14489000.000000	-25.894023	-878.587711	-3227.291902	
14500000.000000	-57.671309	-878.643955	-3227.188777	
14511000.000000	-57.673465	-878.694222	-3227.174664	
14522000.000000	-57.679246	-878.743101	-3227.161634	
14533000.000000	21.233989	-878.777843	-3227.597216	
14545000.000000	-41.864557	-878.810226	-3227.398219	
14557000.000000	-41.879177	-878.827800	-3227.393204	
14568000.000000	-57.729813	-878.829063	-3227.136535	
14579000.000000	-57.743536	-878.814841	-3227.139826	
14591000.000000	-57.755844	-878.788708	-3227.146636	
14602000.000000	-57.766627	-878.747549	-3227.157489	
14613000.000000	-10.630083	-878.705302	-3227.527887	
14624000.000000	-25.997222	-878.655670	-3227.270692	
14635000.000000	-57.775840	-878.599126	-3227.197403	
14646000.000000	5.314878	-878.553148	-3227.400885	
14657000.000000	-41.927815	-878.506169	-3227.478723	
14668000.000000	-26.445365	-878.473236	-3227.334235	
14679000.000000	-25.960885	-878.451798	-3227.325793	
14690000.000000	-41.890451	-878.443171	-3227.496028	
14701000.000000	-41.877653	-878.447359	-3227.494831	
14713000.000000	-25.919712	-878.467056	-3227.321475	
14724000.000000	-25.907414	-878.501233	-3227.312070	
14735000.000000	-57.678291	-878.544208	-3227.212908	
14746000.000000	21.249164	-878.586278	-3227.646275	
14757000.000000	-57.671398	-878.642400	-3227.185516	
14768000.000000	-41.838031	-878.695516	-3227.427051	
14779000.000000	-57.679344	-878.741569	-3227.158436	
14790000.000000	-57.688352	-878.780102	-3227.147440	
14801000.000000	-57.699935	-878.809812	-3227.139219	
14812000.000000	-57.713241	-878.825703	-3227.134365	
14823000.000000	-57.727313	-878.828586	-3227.133214	
14834000.000000	-57.741137	-878.817342	-3227.135849	
14845000.000000	-57.753730	-878.793540	-3227.142060	
14856000.000000	21.157943	-878.760719	-3227.597990	
14868000.000000	-26.464541	-878.712694	-3227.266006	
14879000.000000	-57.776096	-878.658099	-3227.177760	
14890000.000000	-57.776158	-878.607074	-3227.191719	
14901000.000000	-57.772464	-878.558273	-3227.205185	
14912000.000000	-57.765275	-878.512752	-3227.217189	
14923000.000000	-57.755127	-878.478209	-3227.226848	
14934000.000000	-26.436164	-878.455227	-3227.335600	
14945000.000000	-57.729036	-878.442892	-3227.236531	
14956000.000000	-57.714961	-878.445823	-3227.235840	
14967000.000000	-57.701530	-878.462010	-3227.231426	
14978000.000000	-57.689705	-878.492232	-3227.223606	
14989000.000000	-41.845232	-878.526249	-3227.469672	
15001000.000000	-57.674151	-878.576901	-3227.200142	
15012000.000000	21.250610	-878.629489	-3227.631461	
15023000.000000	-57.672989	-878.685501	-3227.170712	
15034000.000000	-26.370985	-878.732308	-3227.259543	
15046000.000000	-57.686622	-878.772456	-3227.146058	
15057000.000000	-57.698894	-878.805752	-3227.136672	
15068000.000000	-41.876852	-878.824157	-3227.387450	
15079000.000000	-57.726062	-878.827965	-3227.130056	
15091000.000000	-41.904728	-878.818290	-3227.388536	
15102000.000000	-57.753726	-878.792800	-3227.138965	
15113000.000000	-57.764171	-878.755860	-3227.148284	
15125000.000000	-25.992791	-878.712257	-3227.248532	
15136000.000000	-57.776021	-878.657816	-3227.174617	
15147000.000000	-57.776061	-878.607115	-3227.188553	
15158000.000000	-57.772347	-878.555870	-3227.202002	
15169000.000000	-26.457535	-878.512744	-3227.316771	
15180000.000000	-25.975600	-878.478008	-3227.311970	
15191000.000000	-57.742676	-878.452979	-3227.230187	
15202000.000000	-41.894231	-878.442967	-3227.489172	
15213000.000000	-57.714920	-878.445226	-3227.232531	
15224000.000000	-57.701504	-878.462584	-3227.228119	
15235000.000000	-57.689714	-878.491267	-3227.220301	
15246000.000000	-57.680399	-878.529671	-3227.209628	
15257000.000000	-57.674230	-878.577899	-3227.196849	
15268000.000000	-57.671636	-878.627881	-3227.182885	
15280000.000000	-41.837319	-878.678368	-3227.424341	
15291000.000000	-57.678265	-878.730694	-3227.154247	
15302000.000000	-57.686714	-878.773077	-3227.142878	
15313000.000000	-57.697848	-878.803255	-3227.134164	
15324000.000000	-57.710870	-878.821556	-3227.128719	
15335000.000000	-25.944925	-878.826719	-3227.215038	
15346000.000000	-57.738754	-878.817905	-3227.128887	
15357000.000000	-26.443495	-878.798344	-3227.236516	
15369000.000000	-26.455367	-878.762070	-3227.246056	
15381000.000000	-10.628538	-878.714882	-3227.515025	
15392000.000000	-57.775738	-878.660812	-3227.170224	
15403000.000000	-57.776100	-878.610114	-3227.184139	
15414000.000000	-57.772724	-878.561032	-3227.197647	
15425000.000000	-57.765855	-878.514593	-3227.209758	
15436000.000000	-57.755975	-878.479184	-3227.219597	
15447000.000000	-57.743791	-878.454689	-3227.226450	
