11000.0	0.0	0.0	0.0	-0.9078288023153188	-2.1870313419312	0.0
22000.0	0.0	0.0	0.0	-0.8016532687508835	-2.2626731252361045	0.0
33000.0	0.0	0.0	0.0	-0.6391439166542234	-2.255304293853498	0.0
44000.0	0.0	0.0	0.0	-0.46065213239017233	-2.2884995628378397	0.0
55000.0	-15.205295334555567	-4.152794485735186	-3458.3466052092786	-0.99991662673634	-0.256039972750561	0.0
66000.0	-36.66886392281746	-7.690304245022632	-3405.09122034196	-0.9999991597636759	-0.20795121378442588	0.0
77000.0	-49.37604942065601	-9.889837474389575	-3403.964378853156	-0.9999993744840472	-0.19766508931788074	0.0
89000.0	-58.84414938178437	-12.03899198136466	-3403.919646970759	-0.9754405946202235	-0.19403129627368304	0.0
101000.0	-59.10877509581769	-14.235794501346271	-3403.5243540139986	-0.8129854765810878	-0.18986611888812233	0.0
113000.0	-59.07428848786321	-16.054174197012163	-3403.7417275022963	-0.6923794511257756	-0.18426007079543621	0.0
125000.0	-59.05429951028727	-17.95303618314794	-3403.2622229066424	-0.6026537459859058	-0.17778054220880216	0.0
136000.0	-59.15755894175269	-19.492185275471293	-3403.253848237873	-0.5286545860448741	-0.1714064976550943	0.0
147000.0	-59.08376507150367	-20.728085020210976	-3402.899540188164	-0.4941044509643113	-0.16485641905355972	0.0
158000.0	-59.169325703723	-21.82871180195453	-3402.988905307804	-0.4429419774175678	-0.15855665861283003	0.0
169000.0	-59.1700413115202	-22.80051900337408	-3403.0453374127806	-0.3993712113436647	-0.15228368449488616	0.0
180000.0	-59.06195401552239	-23.59255636018843	-3402.923473928254	-0.3820150358007103	-0.14610514003384173	0.0
191000.0	-59.06514205510992	-24.375722514384943	-3402.7242908852527	-0.3451277284757822	-0.14102873272781113	0.0
203000.0	-59.04702238733724	-25.139857652965315	-3402.709912684531	-0.3240871786997338	-0.13459705676016004	0.0
214000.0	-59.194085833761584	-25.8255816740608	-3402.344584875466	-0.2984168625386868	-0.12949106065805122	0.0
225000.0	-59.03627160257727	-26.345929055395942	-3402.373383427268	-0.29093262746974125	-0.12451558574590635	0.0
236000.0	-59.0195649884645	-26.8714809773733	-3402.3478404549273	-0.2702721545689185	-0.1201878399229652	0.0
247000.0	-59.01769984128773	-27.397855458842887	-3402.0999318437266	-0.25133806142648607	-0.11596548024498485	0.0
258000.0	-59.210543571797615	-27.84650540960557	-3402.136530472897	-0.24725222679174697	-0.11183931691274804	0.0
269000.0	-59.21309970204481	-28.2613854960277	-3401.7726379228916	-0.2315544859152181	-0.10831121279735142	0.0
280000.0	-58.75367858813822	-28.619731171312953	-3401.9557510203904	-0.2168699156417212	-0.1048364825842488	0.0
291000.0	-58.97200039216082	-28.98980381838264	-3401.677032483915	-0.21212202639827782	-0.10187519534557936	0.0
302000.0	-58.70692346199068	-29.343424052381135	-3401.4646799685956	-0.20242409293726493	-0.09854000588775991	0.0
313000.0	-59.219092318305286	-29.711208649504915	-3401.419495063914	-0.19061351693616368	-0.09566970740772757	0.0
324000.0	-58.93795452780665	-30.03211057358064	-3401.1632120522154	-0.18976901936445645	-0.09281237672532265	0.0
336000.0	-58.92763410451522	-30.34512905138536	-3401.0480107740864	-0.18206175600755825	-0.09006496428883962	0.0
347000.0	-59.22924842073274	-30.668710026839857	-3400.815411997884	-0.17260663439283874	-0.08785502186255453	0.0
358000.0	-59.2252552196637	-30.95777860038182	-3400.8914075637654	-0.16347297231449398	-0.08560747355375514	0.0
369000.0	-59.22730038826602	-31.237770496986872	-3400.3842433253035	-0.1636337350564182	-0.08333817851000044	0.0
380000.0	-59.23619445643558	-31.515278073930364	-3400.4042499701177	-0.15572303898131612	-0.08150590017515133	0.0
392000.0	-58.85766139678702	-31.78179129546812	-3400.4381730918994	-0.15035700099897897	-0.07944242594600381	0.0
403000.0	-58.854611900343464	-32.06637631009346	-3400.1746572638453	-0.1430154548338728	-0.0776484312023685	0.0
414000.0	-58.84249667588969	-32.301434665967	-3400.0537362294017	-0.14379476347907105	-0.075815314538662	0.0
425000.0	-59.24132236921438	-32.573211508135294	-3399.81459402857	-0.1373280109360242	-0.07435200973821801	0.0
436000.0	-59.246265015505266	-32.823601385723556	-3399.7327075093194	-0.13094618650902945	-0.07281352794086128	0.0
447000.0	-58.79459552577203	-33.06418821299007	-3399.3529580935265	-0.13195420113367184	-0.0712161558664768	0.0
458000.0	-59.247205113861924	-33.30735550966299	-3399.392522112621	-0.12634634146489243	-0.06997530625077975	0.0
469000.0	-59.24322359316486	-33.54290115621999	-3399.4165567492832	-0.12072439631467713	-0.06863415965963054	0.0
481000.0	-58.77255739017983	-33.777454841026355	-3398.9481533729777	-0.11738210388994463	-0.0672563176011824	0.0
492000.0	-59.25009552826824	-34.031528293200246	-3399.1683437599822	-0.11866995969593264	-0.06592872056667519	0.0
503000.0	-59.25128020033213	-34.25738620212716	-3398.7903956565774	-0.11388310390907808	-0.0649054163588258	0.0
514000.0	-58.74293300340501	-34.465328747608424	-3398.711865408612	-0.10908082722275336	-0.06378941856640363	0.0
525000.0	-58.704172814711285	-34.688108395833886	-3398.6948740856983	-0.1104368093893291	-0.06260884745449556	0.0
536000.0	-58.718820128386675	-34.933813869682076	-3398.370473654451	-0.10618378780807247	-0.06172611494733676	0.0
547000.0	-58.6847930799809	-35.15343016808146	-3398.3925045001365	-0.10185204675746107	-0.06073324534399979	0.0
558000.0	-58.66889520079807	-35.3734632418903	-3397.914014782793	-0.10328981039991514	-0.059686744868558475	0.0
569000.0	-59.2620058199004	-35.593741810140045	-3397.990804648023	-0.09945329788988677	-0.05891241376081062	0.0
580000.0	-59.256350623052505	-35.8065477043653	-3397.694633480851	-0.09550462935897452	-0.05802518988665856	0.0
591000.0	-58.635352853369	-36.004747086390786	-3397.649249671443	-0.09557519569884043	-0.057283051511535135	0.0
602000.0	-57.99623863855985	-36.22016425518472	-3397.7177063973436	-0.09348999314611983	-0.056403129987170175	0.0
613000.0	-57.97144515780847	-36.433620067323766	-3397.202630181637	-0.08989449468685262	-0.055614033275938626	0.0
624000.0	-59.26397390398896	-36.66729262192271	-3397.4037697696135	-0.0914306243210482	-0.05477178825604359	0.0
635000.0	-59.272835077790354	-36.885436309152766	-3397.074155721548	-0.0882215404210932	-0.05416947983896109	0.0
646000.0	-58.58781992908401	-37.076511626926326	-3396.7118646572103	-0.08489267237643372	-0.053455109512320145	0.0
657000.0	-59.27265931921844	-37.312878461947555	-3396.7644064531873	-0.08643495398019885	-0.05269617143377783	0.0
668000.0	-58.53930846271836	-37.505795645247964	-3396.810121253089	-0.08346813167510492	-0.05215429354607798	0.0
679000.0	-59.27060556798123	-37.73687174875925	-3396.3663516498586	-0.08040590778953927	-0.0515105327817737	0.0
691000.0	-57.789099902898556	-37.9485206408321	-3396.527425682694	-0.07889083841388222	-0.050847976006698714	0.0
702000.0	-58.505919128119366	-38.175655954790365	-3396.173016833818	-0.08042744892498754	-0.05017693385291723	0.0
713000.0	-58.483900207803345	-38.3649886805787	-3396.1962334250115	-0.07776018508627391	-0.04970865801383281	0.0
724000.0	-57.70310477533989	-38.57314012562575	-3395.6919331273098	-0.07499055076606576	-0.04914054749454459	0.0
735000.0	-59.27963658052912	-38.805974755418696	-3395.6960033456357	-0.07652691400887424	-0.048532087403315355	0.0
746000.0	-59.269368875516875	-39.01436496094221	-3395.6721297778404	-0.07404136998960831	-0.04811305051103243	0.0
758000.0	-59.277388445878955	-39.22631628572149	-3395.293306945079	-0.07145197441266105	-0.0475948737291831	0.0
769000.0	-64.88780741943314	-49.67708801182585	-3395.423312256316	-0.06176290103228088	-0.04693769147483268	0.0
781000.0	-57.61224541753442	-53.26950186254385	-3393.9360790919745	-0.049673511535177406	-0.04449530603818384	0.0
793000.0	-58.46360860792337	-52.5058408938743	-3393.9209844253687	-0.051161738685189806	-0.0437221238291461	0.0
804000.0	-59.35669322922164	-51.871895749838394	-3393.670893208809	-0.050309339415467225	-0.0424979092399798	0.0
815000.0	-59.5472137476634	-51.43552397928968	-3399.354439357321	-0.04872480219048325	-0.04167185006774371	0.0
826000.0	-59.417672351357545	-51.732703681599524	-3395.002489449124	-0.04677132666732409	-0.04112069506206159	0.0
837000.0	-59.42091379130045	-51.20133391607873	-3394.369432316189	-0.04807750469927807	-0.039648148984005316	0.0
848000.0	-59.42550449833319	-50.798542306317756	-3394.2322796457406	-0.046444584938956535	-0.03901780395004256	0.0
859000.0	-59.40978149473066	-50.48583061028716	-3394.0834720218068	-0.04479633765642976	-0.03844843060092422	0.0
871000.0	-59.42039490847386	-50.25926430934666	-3393.8843140921776	-0.0460691942323993	-0.03729193141382818	0.0
883000.0	-57.37070321669853	-50.09782631656657	-3393.7843553551525	-0.04346317649953424	-0.037016926449221985	0.0
895000.0	-58.38643050111963	-50.00362007615835	-3393.551568716046	-0.04283108614949682	-0.036419793942486234	0.0
906000.0	-59.40580756906206	-49.966963564113996	-3393.343561797523	-0.04404638058052979	-0.03547579450983043	0.0
917000.0	-57.26303231740477	-49.983163929927734	-3393.2642260613284	-0.042629594484284605	-0.035265214390000604	0.0
929000.0	-59.39877880390259	-50.037088319647204	-3393.0720047346317	-0.04202809162496768	-0.034814622654222194	0.0
940000.0	-59.408744766289374	-50.134350759770165	-3392.8693711255	-0.04061776455049393	-0.0346418242746023	0.0
951000.0	-58.290632721569715	-50.24032640696663	-3392.7525112300864	-0.04104462287098776	-0.034127137127112295	0.0
962000.0	-58.27563790288021	-50.38627777805578	-3392.590262077106	-0.04048524706772294	-0.03377209177609988	0.0
973000.0	-58.25830744650997	-50.551141121177174	-3392.38885898719	-0.03914809173155864	-0.03366764529504496	0.0
985000.0	-58.234360754604644	-50.72766465330651	-3392.2439122098535	-0.03864346944858643	-0.03335640202202411	0.0
996000.0	-58.21853140833908	-50.93647551406905	-3392.0037685241355	-0.039790891362533554	-0.03268826228866201	0.0
1007000.0	-59.410881349452744	-51.14707818029677	-3391.8653114582025	-0.038573690140957795	-0.03266112068977625	0.0
1020000.0	-54.60479043972714	-51.33709228415653	-3391.698552121021	-0.038838697166734604	-0.03217397723620591	0.0
1031000.0	-59.398195717730836	-51.63405324500301	-3391.5139686580005	-0.03762163539852181	-0.03216449991580278	0.0
1042000.0	-59.414826252015324	-51.874771112447426	-3391.3109372691083	-0.03641727481546431	-0.032134805103822994	0.0
1054000.0	-58.15842566337642	-52.11046206681496	-3391.1257116212055	-0.03597756161505461	-0.031909443865933224	0.0
1065000.0	-58.13225451624339	-52.36186965207591	-3391.0056688471236	-0.037093428116395266	-0.031337339334863795	0.0
1076000.0	-56.80873346194986	-52.61256843733414	-3390.864612213314	-0.035970741776263804	-0.03135334231774728	0.0
1087000.0	-59.40925009438539	-52.89279888032889	-3390.611727732421	-0.034836484070149165	-0.03134593726135798	0.0
1098000.0	-58.08737299248666	-53.132922348451444	-3390.492674913819	-0.03592978509700839	-0.030806474906990566	0.0
1109000.0	-59.3972290846685	-53.41368587435628	-3390.3030893275172	-0.0348580533796361	-0.030834595921930247	0.0
1121000.0	-58.04981150027478	-53.68373028193904	-3390.118654737225	-0.03447730350502842	-0.030661157463488575	0.0
1132000.0	-58.02883255282806	-53.97631708360729	-3389.953526599343	-0.03340054466582387	-0.03066428158627435	0.0
1143000.0	-59.40626803091899	-54.246863361597285	-3389.696805126063	-0.034448108934542976	-0.030160387902461838	0.0
1154000.0	-58.0361168345778	-54.495427158489235	-3389.6029218284016	-0.033462569844866286	-0.030205771343552013	0.0
1165000.0	-57.9916839397678	-54.78548710902137	-3389.4129955259837	-0.032422335166983784	-0.03021431192760496	0.0
1176000.0	-57.9780191771143	-55.06204292446912	-3389.21811017582	-0.03346349705350604	-0.029732972730839302	0.0
1187000.0	-59.396552316365536	-55.33035123365804	-3389.077579311	-0.0324949639168034	-0.029779958215413876	0.0
1198000.0	-57.947234065425995	-55.60903817055211	-3388.892614048722	-0.03150647032721221	-0.02979979414865555	0.0
1209000.0	-59.403906835497764	-55.88647953994953	-3388.719605713273	-0.032527306549525514	-0.02933949044871187	0.0
1221000.0	-56.43425459717893	-56.160644002622085	-3388.6049435091686	-0.032186941218989906	-0.029200653757723072	0.0
1232000.0	-59.4151700760195	-56.46696020570499	-3388.344915580285	-0.03129282969660807	-0.029258457219993678	0.0
1243000.0	-59.40091999566297	-56.742923033153396	-3388.1782746450685	-0.03034459798293887	-0.029280081878955533	0.0
1254000.0	-57.86870973794377	-57.020693397624164	-3387.9835722741004	-0.03133473155145772	-0.02884369452250421	0.0
1265000.0	-59.39621502209934	-57.292749077957275	-3387.840301494229	-0.03045294438150703	-0.028900876535272457	0.0
1276000.0	-59.40943539780786	-57.57483684341772	-3387.629261310594	-0.029546889407834565	-0.02892973164428389	0.0
1287000.0	-59.40472783765457	-57.85408131481278	-3387.4809107119922	-0.03052481958385067	-0.02850991581988918	0.0
1298000.0	-59.39776835857325	-58.13079197652158	-3387.3127533081256	-0.0296714896619108	-0.028570415785832526	0.0
1309000.0	-59.413946075236026	-58.41334296279786	-3387.102553300478	-0.028798358040329042	-0.02860210841104746	0.0
1320000.0	-59.40324360946488	-58.68640494234565	-3386.8854416699796	-0.02973654774079959	-0.028193706585664557	0.0
1331000.0	-59.411046076647686	-58.96997739407785	-3386.7649236974516	-0.02893556888547355	-0.02826084875529772	0.0
1342000.0	-59.398289163151354	-59.24895179753344	-3386.596745809402	-0.028084920918557077	-0.02829122714672791	0.0
1353000.0	-59.404601981584015	-59.53049339446926	-3386.3539364987214	-0.029009503268949133	-0.027901881272489354	0.0
1364000.0	-57.733086131831364	-59.802878496688045	-3386.2836331223166	-0.02822812989493173	-0.02796628280517574	0.0
1375000.0	-59.39996405212855	-60.0915973648772	-3386.065017495308	-0.027411705759115446	-0.02800276936120194	0.0
1386000.0	-59.41230243003065	-60.37330628858484	-3385.840869084744	-0.028329096200216175	-0.027626971056388505	0.0
1397000.0	-59.41533153265792	-60.66142684880794	-3385.700092287579	-0.027574337378817426	-0.02769936335081849	0.0
1408000.0	-59.408351505968085	-60.93821989698038	-3385.5066556532583	-0.02676988453413276	-0.02773329475186176	0.0
1420000.0	-57.665398900769866	-61.221956408427104	-3385.3880980604495	-0.026546423499624217	-0.02763738713181102	0.0
1431000.0	-55.859991677054644	-61.502241201993336	-3385.2449489540304	-0.02743222495372777	-0.027278954785040832	0.0
1443000.0	-55.84282115921852	-61.818169898735874	-3385.0296843714514	-0.0272174566113077	-0.027193667684015377	0.0
1454000.0	-59.39727987928776	-62.12299248346388	-3384.794504006854	-0.026493941634800677	-0.027264089426909416	0.0
1466000.0	-57.56801587582148	-62.412357016778884	-3384.6088762738764	-0.02628400818292842	-0.027181330466540643	0.0
1477000.0	-59.3999537022302	-62.72071557258528	-3384.407923235087	-0.025534011628229103	-0.027218583456700612	0.0
1488000.0	-59.41226646508411	-63.00438416503574	-3384.181185483234	-0.026402369019675298	-0.02687990153663336	0.0
1499000.0	-59.395222720452615	-63.28281628729416	-3384.0602162244236	-0.02570906503537229	-0.026951965093991836	0.0
1510000.0	-59.40822896430677	-63.57040639376734	-3383.8431840333446	-0.024983785571785266	-0.026993487708005	0.0
1521000.0	-59.411693459607704	-63.83406576772037	-3383.694399376758	-0.025365784461374274	-0.026817585691033458	0.0
1533000.0	-57.51193630637105	-64.14013489258802	-3383.550629753186	-0.02563146173503883	-0.02658965203376687	0.0
1544000.0	-59.41354016698407	-64.45465494196	-3383.30024055588	-0.024983205946132236	-0.026666686754031582	0.0
1556000.0	-57.439384549247315	-64.73283763719449	-3383.136363222858	-0.024790747782737266	-0.026591220768653834	0.0
1567000.0	-57.47906962095408	-65.021242438838	-3382.9333478441295	-0.024098043272352543	-0.026634504111975377	0.0
1578000.0	-57.40301116530679	-65.30173953937323	-3382.809836746394	-0.024915282766932334	-0.026320589618785195	0.0
1589000.0	-59.410441055676074	-65.61890911056052	-3382.558385978229	-0.024290448873322212	-0.026398919332488224	0.0
1600000.0	-57.42649283137674	-65.87703411444771	-3382.4444809256124	-0.023613282364401078	-0.026438807205627662	0.0
1612000.0	-59.40382441565953	-66.18907724706649	-3382.132689877013	-0.024420480777699316	-0.02613799810027062	0.0
1623000.0	-57.344529213364844	-66.50343073145125	-3382.0457938805635	-0.024258096918594152	-0.026075803656272267	0.0
1634000.0	-59.4086726262913	-66.78581192911534	-3381.8126894692646	-0.02364138363713808	-0.026151031102762207	0.0
1645000.0	-57.32842926206274	-67.05051929232614	-3381.6408119273783	-0.02395380962788063	-0.025965358536131855	0.0
1657000.0	-57.349920592637865	-67.3602037264924	-3381.4202438356256	-0.022825556180521067	-0.026131579388244452	0.0
1669000.0	-57.34408439886962	-67.679758368135	-3381.242252177717	-0.02267043538887481	-0.02607282953103579	0.0
1681000.0	-57.31842411993224	-67.98978079405923	-3381.0194635680223	-0.022511904702880337	-0.026011391237248882	0.0
1693000.0	-57.301599602593576	-68.30618401624639	-3380.8995566185313	-0.0223596495388656	-0.025951485829624255	0.0
1705000.0	-55.11515734232494	-68.61967716536267	-3380.6533867440553	-0.022207736460360894	-0.02589551064991666	0.0
1716000.0	-55.09995695638819	-68.91385064913617	-3380.5307673172188	-0.02298552846209634	-0.025622092948650976	0.0
1727000.0	-59.395856071318484	-69.22427256870367	-3380.2781353690716	-0.022413301300793886	-0.025699177173784643	0.0
1738000.0	-59.408481807565465	-69.5185390579325	-3380.054947802817	-0.02180408334374595	-0.025745051174973305	0.0
1749000.0	-59.40412437667451	-69.8095383255614	-3379.906022831237	-0.022573418487830788	-0.025478808137054526	0.0
1761000.0	-59.39726001530486	-70.09880353843987	-3379.721301930929	-0.02201255387671186	-0.02555688487808841	0.0
1772000.0	-59.414148902198235	-70.4208975754993	-3379.4978765866877	-0.021876763276884592	-0.025508385042475767	0.0
1783000.0	-59.40025734327016	-70.71152527558297	-3379.3220001215955	-0.021280245432847122	-0.025551498588192972	0.0
1794000.0	-57.11445350097836	-71.00273897922618	-3379.1242729914243	-0.022028995350564018	-0.02529498425365656	0.0
1805000.0	-59.41531019348562	-71.29994104367874	-3378.938519428466	-0.021496679846319755	-0.025376762242879686	0.0
1816000.0	-57.087645115186184	-71.58585323007817	-3378.7729581018016	-0.02091131393129886	-0.02541936718095822	0.0
1827000.0	-57.059156947432065	-71.87882603519444	-3378.6245749620853	-0.021651482479008943	-0.02517022951889325	0.0
1838000.0	-59.39715044778245	-72.16846059956602	-3378.3990497279433	-0.021124278960123366	-0.025248186412357515	0.0
1849000.0	-57.043245312907935	-72.465672510035	-3378.211127204709	-0.020558093940022504	-0.025294287875601534	0.0
1860000.0	-59.41490210234398	-72.76465845917203	-3377.9621722324905	-0.021288141883668787	-0.025052186311214864	0.0
1871000.0	-59.400601648448514	-73.03037944831185	-3377.8415596996474	-0.020340862339787602	-0.02521839138583004	0.0
1882000.0	-59.410603324739476	-73.3535576315823	-3377.60791787524	-0.02021750334019301	-0.02517766284400688	0.0
1893000.0	-56.970590089439725	-73.64968060633157	-3377.49843347693	-0.020940231870645087	-0.02494114599541214	0.0
1904000.0	-59.39955183649639	-73.94145123121179	-3377.2684364542415	-0.020433537057785167	-0.02502001871226922	0.0
1915000.0	-59.415597269110776	-74.23931179326173	-3377.0435276154735	-0.019891684051872027	-0.02506580078408882	0.0
1926000.0	-59.4078644843687	-74.53579080143687	-3376.891164150558	-0.020603001219001382	-0.02483574137197686	0.0
1937000.0	-59.41261381200411	-74.8273371951965	-3376.6805524450333	-0.020108979891607315	-0.02491418391069916	0.0
1948000.0	-59.40043960849084	-75.12050262169909	-3376.5017962999223	-0.01957398132043875	-0.02495704266955709	0.0
1959000.0	-59.40606658688959	-75.41617045191873	-3376.234006107221	-0.020265502857395257	-0.024732095751651945	0.0
1971000.0	-56.87646912101362	-75.71509600503995	-3376.1504393039118	-0.02015783044547137	-0.024698456426562237	0.0
1982000.0	-59.399451114595045	-76.03287620054205	-3375.9236925724495	-0.0196790941101187	-0.02477668769328714	0.0
1994000.0	-56.83303444348985	-76.33375625548298	-3375.7354598404113	-0.019571623677623107	-0.024743775405613372	0.0
2005000.0	-59.419137650678145	-76.66176835546831	-3375.4865570451075	-0.019055853680759127	-0.024789345163439114	0.0
2016000.0	-56.79939505105881	-76.95615611071268	-3375.28613281451	-0.0197296278742769	-0.024572038746759117	0.0
2027000.0	-59.415492975291876	-77.25673197590754	-3375.119447351533	-0.019275154292202612	-0.02465376615638737	0.0
2038000.0	-56.7749597030363	-77.55211182189056	-3374.9810314337133	-0.018767026846028045	-0.02469628342129243	0.0
2050000.0	-56.84536978481098	-77.8474677500984	-3374.7407736912605	-0.01866582703846975	-0.024665061363968843	0.0
2061000.0	-59.40609872665808	-78.16660974069522	-3374.4592822764366	-0.0193276220637012	-0.02445405978864565	0.0
2072000.0	-59.41395710188234	-78.46599070321054	-3374.334632343636	-0.018885863656705526	-0.024534637368980317	0.0
2083000.0	-59.40222714431919	-78.7594257448441	-3374.153908370643	-0.0183905435232512	-0.024576111082544233	0.0
2094000.0	-59.414010936955265	-79.05313884583575	-3373.9106839121764	-0.019051585481595357	-0.02437234742727551	0.0
2105000.0	-56.75663213533085	-79.34341017562086	-3373.825200972357	-0.018608488786168387	-0.024449578357680107	0.0
2116000.0	-59.41010240180746	-79.64204918981477	-3373.5469744158704	-0.01812451373090751	-0.02449312967354994	0.0
2127000.0	-59.4060745832929	-79.93761617099068	-3373.397517281845	-0.018781181476927422	-0.024294387490137487	0.0
2138000.0	-59.39910217361239	-80.23034916146648	-3373.1995313527113	-0.018344901283950388	-0.024371673727114657	0.0
2149000.0	-59.41505730482405	-80.5293728601731	-3372.9693038485616	-0.01787062906668835	-0.024415090515735538	0.0
2160000.0	-56.59725695963183	-80.79196770872825	-3372.8756219499023	-0.018506663389271205	-0.024218700020301104	0.0
2171000.0	-56.58326162128939	-81.09112093017283	-3372.6424474759856	-0.018090969170975968	-0.024298216794721883	0.0
2182000.0	-59.400660288717596	-81.41208284311314	-3372.415138844668	-0.017621860702708103	-0.024338641731939642	0.0
2193000.0	-59.41196810086998	-81.70558664839841	-3372.1694683648516	-0.01825735020267305	-0.02414892629081164	0.0
2204000.0	-59.415238528575856	-82.00682823030502	-3372.0139567390434	-0.017846109233535468	-0.024228439664627788	0.0
2215000.0	-59.40784493722216	-82.29703567187734	-3371.80196767495	-0.01738065470226202	-0.024268556427018917	0.0
2226000.0	-53.61832839138007	-82.569509460814	-3371.7351072527485	-0.018010612003346305	-0.024084189936858375	0.0
2237000.0	-56.48164102980294	-82.8643725191023	-3371.5062111352495	-0.017600576676842006	-0.024160512779061977	0.0
2248000.0	-56.576229978860056	-83.16353172132683	-3371.2286329696267	-0.01714825480372717	-0.02420335350490918	0.0
2259000.0	-56.47772939064331	-83.46344999189706	-3371.102286021007	-0.017773648417512833	-0.024023083477967333	0.0
2271000.0	-59.39880341800798	-83.78711097061256	-3370.8632445724056	-0.017368537677565743	-0.024099909959295285	0.0
2283000.0	-53.57401203978213	-84.11679351168515	-3370.7237295151904	-0.017603982438116117	-0.02398138606512243	0.0
2294000.0	-56.409800815580184	-84.40764843394494	-3370.461898592211	-0.017205424300927308	-0.02405754106834035	0.0
2305000.0	-53.51158183563185	-84.71021780170604	-3370.292174023724	-0.016765612842074784	-0.02410002983686549	0.0
2316000.0	-56.37729567699864	-85.03470686184663	-3369.996846770469	-0.01736651839179537	-0.023924602751548257	0.0
2327000.0	-56.36526095378588	-85.3085442835547	-3369.8713544642847	-0.01698511156192284	-0.024003292384211977	0.0
2338000.0	-53.404267161737984	-85.6069749491178	-3369.771659500659	-0.01655089765375939	-0.024042720337026813	0.0
2349000.0	-53.39190252617925	-85.90245881067922	-3369.545893458165	-0.017151440639583515	-0.023872966108071658	0.0
2360000.0	-53.25055905209141	-86.20515462260731	-3369.330792836356	-0.016773967763080155	-0.02395143486816828	0.0
2371000.0	-59.408026159009374	-86.52652307547139	-3369.0144343433494	-0.016342131618637623	-0.023990345754436038	0.0
2382000.0	-56.303987306487016	-86.80160183161202	-3368.901800245705	-0.016937897003067248	-0.023825191127338552	0.0
2393000.0	-56.264250334887286	-87.1015290271596	-3368.717204165083	-0.016560785198822647	-0.0239011119235506	0.0
2405000.0	-56.25674707263199	-87.42969014079044	-3368.4686002064263	-0.016489388264342764	-0.023885564612215804	0.0
2416000.0	-53.2164223204418	-87.73758818785137	-3368.297987032498	-0.016070954086949807	-0.023927334807682277	0.0
2427000.0	-56.22779956765896	-88.07206462616416	-3368.099577186015	-0.01666019210240266	-0.0237677425867292	0.0
2438000.0	-56.21191663419771	-88.34163723977872	-3367.8707316396576	-0.016289737850113895	-0.02384365138356262	0.0
2449000.0	-56.3190035806878	-88.64331290385239	-3367.7217017861735	-0.015876363946550454	-0.023882240264547633	0.0
2461000.0	-56.3034327443278	-88.97337973269985	-3367.398546140727	-0.0158061233262059	-0.0238681059605316	0.0
2473000.0	-53.043422444771444	-89.30309908033239	-3367.3374368985656	-0.01573876505359384	-0.023852131294470225	0.0
2485000.0	-56.279591908167085	-89.63102211550013	-3366.996093064128	-0.015671417878065697	-0.023838161513009826	0.0
2496000.0	-59.408658222454356	-89.961127448559	-3366.7961813803136	-0.01624678803731494	-0.023685354801217223	0.0
2507000.0	-59.412830804344104	-90.25935603611326	-3366.5643507573823	-0.015889176116491988	-0.023760021408518933	0.0
2518000.0	-56.10691303174042	-90.56110144548906	-3366.428895906778	-0.015487708213465123	-0.023797877962077718	0.0
2529000.0	-59.40649133750344	-90.86263559866434	-3366.0862968101987	-0.01604928140224371	-0.02364786537290528	0.0
2540000.0	-59.416281745385426	-91.1652848698222	-3365.9604594021366	-0.015708351502277895	-0.02372423581037153	0.0
2551000.0	-49.49479855738817	-91.44152922149617	-3365.9685517443777	-0.015310488780082454	-0.02376175024815369	0.0
2563000.0	-56.17940374155243	-91.76720735925069	-3365.570655426111	-0.01524775918582233	-0.023750050137074624	0.0
2574000.0	-59.409174753542324	-92.10005536801151	-3365.367858176347	-0.015808797042373035	-0.02360491440834825	0.0
2585000.0	-59.41305415422895	-92.3990011442467	-3365.1342512433125	-0.015463951472535986	-0.02367882313228642	0.0
2596000.0	-56.13858027188386	-92.67781830155859	-3364.9633754106076	-0.01507666522209472	-0.02371814343074219	0.0
2607000.0	-59.406775137900546	-93.0063052183829	-3364.6517019608095	-0.015622992795157775	-0.023573823415316053	0.0
2618000.0	-52.65751067061433	-93.28511392255125	-3364.634652783227	-0.015292380980055253	-0.02364983567588158	0.0
2629000.0	-59.4036496385767	-93.61245910390342	-3364.3349351528154	-0.014909044872623123	-0.023686356741042497	0.0
2641000.0	-59.40810503956899	-93.91731658042886	-3364.0405973595384	-0.0154514138076155	-0.02354721553078057	0.0
2652000.0	-59.409178186811154	-94.24878746112482	-3363.929960090152	-0.015397271144818037	-0.023539005254857248	0.0
2663000.0	-56.05146257130817	-94.5511210217169	-3363.7504063189176	-0.015064673823472985	-0.023611977877334434	0.0
2674000.0	-55.8913848343625	-94.85257992032255	-3363.556879431586	-0.014687745002503916	-0.023647948370297406	0.0
2685000.0	-59.40670053693589	-95.15244014306728	-3363.2070457101186	-0.015222818858666498	-0.023512353176337653	0.0
2696000.0	-59.4145760973494	-95.45940626396299	-3363.078200247199	-0.014903704592304057	-0.02358751882428639	0.0
2707000.0	-59.40367699491609	-95.76119330222332	-3362.887656694195	-0.014531858867723568	-0.023623139031504953	0.0
2718000.0	-59.414613170769144	-96.06279166893692	-3362.628205224342	-0.015065235794253895	-0.023490300991614643	0.0
2730000.0	-52.36254305541282	-96.36298278137188	-3362.6025398078796	-0.015001777218355494	-0.02348152201901535	0.0
2741000.0	-55.78847474913323	-96.66734221087874	-3362.2960303636223	-0.01468950738424113	-0.023555724647149584	0.0
2752000.0	-55.93045481621061	-96.97143417210128	-3362.147813806592	-0.014324313355355445	-0.02359045033051385	0.0
2763000.0	-59.406974164949816	-97.3029027811114	-3361.751552613383	-0.014846484850885355	-0.023461662504976	0.0
2774000.0	-59.41459910582383	-97.60929389011295	-3361.6218227200193	-0.014538066584069531	-0.023536140641801623	0.0
2785000.0	-55.8897270272746	-97.8868560175752	-3361.529937080384	-0.014177065825143442	-0.02357103069586003	0.0
2796000.0	-59.41492017219108	-98.21589524590725	-3361.1686188973813	-0.014698419641775207	-0.02344479247904252	0.0
2807000.0	-59.398716547182325	-98.5168043337897	-3361.026971851295	-0.014387031175447818	-0.023516461836584984	0.0
2818000.0	-55.845207178808586	-98.79581675623261	-3360.795995559285	-0.014031994898996092	-0.023552518763394037	0.0
2829000.0	-59.40720987718714	-99.12793600732789	-3360.6275275508983	-0.014551527550857757	-0.023428952882095372	0.0
2841000.0	-59.411181376992054	-99.42719956630931	-3360.383383552968	-0.01424412221431115	-0.023499844139805548	0.0
2852000.0	-52.036112763145525	-99.73685023325397	-3360.2791389823974	-0.014195315568030886	-0.023495512309493344	0.0
2863000.0	-59.40946016897544	-100.0659020225366	-3359.928697878159	-0.01384127900615173	-0.02352896096072471	0.0
2874000.0	-59.40507235406849	-100.37015944396641	-3359.7787123344383	-0.014352392970785721	-0.023409283575129947	0.0
2885000.0	-51.934450218852476	-100.64923799768148	-3359.687981905869	-0.014051296818317738	-0.02347990648861792	0.0
2896000.0	-59.41052578711108	-100.9828633018555	-3359.302890706444	-0.013705829072898634	-0.023515283381487423	0.0
2907000.0	-59.40737171696107	-101.28968115577817	-3359.152967536255	-0.014214245222449295	-0.02339792467597057	0.0
2918000.0	-59.41086808424453	-101.5917789026375	-3358.9078030455616	-0.013916015076424149	-0.023468241202468376	0.0
2929000.0	-59.415623475648694	-101.90297615804081	-3358.681250060477	-0.01357479326907629	-0.023503280194749232	0.0
2940000.0	-59.40462313756907	-102.20560796813334	-3358.4076897240434	-0.014069679642857769	-0.023386568422057386	0.0
2951000.0	-55.494960102377036	-102.48649111071042	-3358.3385343558293	-0.013783281182236817	-0.02345877909132793	0.0
2962000.0	-55.4934467803944	-102.82144532935995	-3358.1453528811076	-0.01344460745584719	-0.023491381634920927	0.0
2973000.0	-59.40627880093359	-103.13118820761929	-3357.7775141097095	-0.01393665457673443	-0.023378866467999887	0.0
2984000.0	-59.396491938052236	-103.43108670486032	-3357.6742855097323	-0.013650598563869631	-0.023448532511255504	0.0
2995000.0	-55.61847614717237	-103.71450668590745	-3357.4407611894108	-0.013316777954173409	-0.023482262299376583	0.0
3007000.0	-55.60297059796486	-104.04949673083024	-3357.333295599252	-0.01327239016223003	-0.023478785231209776	0.0
3018000.0	-55.41124604064066	-104.3571039972857	-3357.10334508014	-0.013758301257828287	-0.02336921658973276	0.0
3029000.0	-59.41193276021348	-104.69715052740048	-3356.7877461015996	-0.013480423866138347	-0.023440753213827853	0.0
3040000.0	-59.40114292265283	-105.00508395518541	-3356.592496128457	-0.013150363004088783	-0.023472637746279196	0.0
3051000.0	-59.41188452476157	-105.31266680294557	-3356.3245544009865	-0.013635490930275274	-0.023365138894886756	0.0
3062000.0	-59.395589647381335	-105.61824373841382	-3356.178926675127	-0.013354476245432623	-0.023434197770562964	0.0
3073000.0	-59.40763457857747	-105.93170677391352	-3355.9219761884146	-0.013029468497318786	-0.023467218223524905	0.0
3085000.0	-55.506090291576584	-106.24102566666294	-3355.83722511762	-0.012987543676848401	-0.023464769538074776	0.0
3096000.0	-59.40979355716346	-106.574117071883	-3355.459057082969	-0.013466320123947662	-0.023360110986287708	0.0
3107000.0	-59.413276484587264	-106.88924829820456	-3355.2881714052473	-0.013195171647263693	-0.02343057557778347	0.0
3118000.0	-59.40088002690777	-107.2017498242583	-3355.090446472441	-0.012871703485040409	-0.02346187928227758	0.0
3129000.0	-59.40466696617394	-107.51699656070771	-3354.7768094999833	-0.013343830881070717	-0.023360174409163187	0.0
3141000.0	-59.4141573071823	-107.8318631710661	-3354.648200262323	-0.013078482194154306	-0.02343069589226074	0.0
3152000.0	-55.21200490395116	-108.13935157295073	-3354.4788168014747	-0.013034220058714574	-0.023429816115661223	0.0
3163000.0	-59.413910583051724	-108.48832880969077	-3354.184942345833	-0.012718008054201313	-0.023462406833351712	0.0
3175000.0	-55.39106857530093	-108.79909956359286	-3353.9704585486593	-0.012675806154096136	-0.023461680482108505	0.0
3186000.0	-59.40258106220593	-109.14168153700018	-3353.7963419711486	-0.01314600387725362	-0.023363614133628058	0.0
3197000.0	-55.35881881183483	-109.4559095685482	-3353.6324859999236	-0.012878973420971551	-0.023431458630857993	0.0
3208000.0	-59.41112205133618	-109.77139297980386	-3353.309160947972	-0.012567808683789594	-0.02346298313639475	0.0
3219000.0	-59.40447239186627	-110.08842255744408	-3353.1514236942476	-0.013034824581664384	-0.02336675003602337	0.0
3231000.0	-55.11696560491964	-110.40507129182606	-3352.9829744222866	-0.012988713078083136	-0.023367714844807236	0.0
3243000.0	-55.116056640928946	-110.75601447965558	-3352.725928352118	-0.012954264560331774	-0.02337040849199487	0.0
3254000.0	-55.06923782682096	-111.06763373790356	-3352.489852801486	-0.012691117754684678	-0.023437720831792797	0.0
3265000.0	-55.2770758295629	-111.3836004280645	-3352.341071213544	-0.01238351203618171	-0.023467377004289913	0.0
3276000.0	-50.91726403981352	-111.70048155813488	-3352.1729936750257	-0.012838484187157051	-0.023374210923314764	0.0
3287000.0	-55.02346507183146	-112.02181828579377	-3351.841098138581	-0.01258515061412424	-0.023443149915605477	0.0
3298000.0	-59.39833308890801	-112.36927417721596	-3351.5765433305423	-0.012280536621243843	-0.02347236717442472	0.0
3309000.0	-55.00804718614311	-112.65970871063723	-3351.4529302783653	-0.012732222412387473	-0.023381344160113032	0.0
3320000.0	-54.98273996514509	-112.98149323640253	-3351.198088033445	-0.012483274946943013	-0.023449886372375106	0.0
3331000.0	-55.19324650635773	-113.29798448435422	-3350.9128364371695	-0.012178269536339714	-0.023478456422443728	0.0
3343000.0	-50.730861147654316	-113.65007396921828	-3350.7877809046718	-0.012143799988274862	-0.023481940626360637	0.0
3354000.0	-59.399580583887676	-113.99832548780383	-3350.36677643518	-0.012589073582472077	-0.023391844861986588	0.0
3365000.0	-55.16046244096236	-114.32437962851422	-3350.3076476608276	-0.012342693965569751	-0.02345988441007002	0.0
3376000.0	-54.91762206877987	-114.6454574384155	-3350.1028754605063	-0.012044647848363454	-0.02348862198905108	0.0
3387000.0	-54.88712353062317	-114.96434100844253	-3349.82704309252	-0.012490946364825395	-0.02340138598217359	0.0
3398000.0	-59.41057442199436	-115.2929671866173	-3349.581170158712	-0.012245568509086535	-0.023469062164463816	0.0
3409000.0	-54.87804421283207	-115.60917712736364	-3349.408428897119	-0.011947406174441899	-0.023496798155968612	0.0
3420000.0	-54.832722839885456	-115.93226609181545	-3349.25949041545	-0.012391731089280822	-0.0234119591962898	0.0
3431000.0	-50.4832394827669	-116.22626851683265	-3349.1041059165473	-0.012144999710860027	-0.023477374987895483	0.0
3442000.0	-54.83325078859176	-116.58235588404305	-3348.7503371130592	-0.01185313794001519	-0.02350662571052875	0.0
3453000.0	-54.78930047360465	-116.91008079252286	-3348.600767755526	-0.012296051723838408	-0.023423375412212177	0.0
3464000.0	-59.40339704271787	-117.22783765000672	-3348.265762199413	-0.012050803593264936	-0.02348846596993251	0.0
3475000.0	-54.777558437661206	-117.55313271188119	-3348.133829280521	-0.011761111059443885	-0.023515779127344066	0.0
3487000.0	-50.34000964095458	-117.88096268906251	-3347.8809419939794	-0.011727171529049896	-0.023520280073740574	0.0
3498000.0	-59.39758317484901	-118.23807780208183	-3347.631176999797	-0.012163739242687432	-0.023439672891842483	0.0
3509000.0	-54.965497667656564	-118.56329841046384	-3347.4615138034583	-0.011923142720272284	-0.02350445277001209	0.0
3521000.0	-59.40185385260452	-118.8937968400869	-3347.1188657225016	-0.011637362041662436	-0.02353296674257871	0.0
3532000.0	-54.70010559841694	-119.25046728438674	-3346.9897758983966	-0.011605783709231932	-0.023537099495360425	0.0
3543000.0	-45.73155911055718	-119.54940646563578	-3346.903105539464	-0.011833168833738972	-0.023518226823350336	0.0
3554000.0	-59.405113669418675	-119.9118370080274	-3346.4553903866376	-0.011801566559390908	-0.023524811995602468	0.0
3565000.0	-59.39483301551635	-120.24414617733129	-3346.2521241875634	-0.01151820047055796	-0.02355166073459139	0.0
3576000.0	-59.405023937088195	-120.57305292248901	-3345.969917718218	-0.011945993047050907	-0.023474604745382627	0.0
3587000.0	-59.40594268147917	-120.91266519400456	-3345.7880158293515	-0.01171323517667	-0.02354117389093255	0.0
3598000.0	-59.39623227877049	-121.24646620201908	-3345.584126767228	-0.011432254356510851	-0.02356788315376615	0.0
3609000.0	-59.39918742106033	-121.57981175451033	-3345.2509900354803	-0.011854698580466172	-0.02349289692635248	0.0
3620000.0	-59.40730194869767	-121.92093332481194	-3345.1173944304755	-0.0116266968237837	-0.02355928763430276	0.0
3631000.0	-59.39683530319022	-122.25388095105056	-3344.911981310168	-0.01134785538094496	-0.02358579182537751	0.0
3642000.0	-59.4003296429543	-122.591407569444	-3344.578049309009	-0.011767516328877625	-0.023512429624235387	0.0
3653000.0	-59.41027746537501	-122.92924384964215	-3344.44655994112	-0.011543159795009306	-0.023578140527449137	0.0
3664000.0	-54.52290998655216	-123.26793568393002	-3344.3138707737276	-0.011264933296236901	-0.02360434036477191	0.0
3675000.0	-59.40794382886497	-123.60135636165558	-3343.951946381713	-0.011684448079608667	-0.02353215729816646	0.0
3686000.0	-59.41140212360077	-123.94181829495034	-3343.7695563167495	-0.011459752621070796	-0.023597725361698074	0.0
3697000.0	-59.40290703175833	-124.27467622284026	-3343.520622697999	-0.011182254645162981	-0.0236231773458484	0.0
3708000.0	-59.400058853524236	-124.61213461400716	-3343.3686348336487	-0.011600516014011353	-0.023552811839740034	0.0
3719000.0	-59.393835682040084	-124.94655949024146	-3343.117648253326	-0.011374248826409583	-0.023616063434968443	0.0
3731000.0	-59.40854203254067	-125.28291226266911	-3342.851297957383	-0.011103899565132247	-0.023642339625680547	0.0
3742000.0	-59.39700793848945	-125.65165490267361	-3342.641091345722	-0.011074719286227941	-0.023648918879669772	0.0
3753000.0	-59.40746383468496	-125.98981933914536	-3342.350830008201	-0.01148733379069522	-0.02357998317556187	0.0
3764000.0	-54.348647246682084	-126.29056838463255	-3342.284332291223	-0.011264082638384743	-0.023642785113237613	0.0
3775000.0	-59.40220956141229	-126.65817942041008	-3341.918319726204	-0.010995695399446004	-0.023668552880458466	0.0
3786000.0	-59.39845948784588	-126.99536676175619	-3341.7650365858444	-0.011406744679915981	-0.023601588912790017	0.0
3797000.0	-59.39301397017675	-127.33331102866826	-3341.5113198141794	-0.01118571274184832	-0.023663986454535935	0.0
3808000.0	-59.40755758430502	-127.67230015426556	-3341.2458661198084	-0.01092024006588388	-0.023689310320417878	0.0
3819000.0	-59.39645667000665	-128.0037093707438	-3340.9385346342788	-0.011323136795475364	-0.023621898293036514	0.0
3831000.0	-59.40482256205936	-128.34187117382984	-3340.803459246663	-0.011109340139742852	-0.023685322793167596	0.0
3842000.0	-54.55669311291035	-128.70682832338582	-3340.6651807668936	-0.01108026393724637	-0.02369234690005445	0.0
3853000.0	-59.40167618597631	-129.0442419936149	-3340.299786129526	-0.010816944823508146	-0.02371745829037275	0.0
3865000.0	-54.53609661692841	-129.3820748135964	-3340.2292114796196	-0.010791085768654618	-0.023724861594002444	0.0
3876000.0	-59.39892118489471	-129.7560861616308	-3339.75736884713	-0.011190327884318951	-0.023661390687013062	0.0
3887000.0	-59.40834199002256	-130.08961929835758	-3339.620274093091	-0.010980806075669758	-0.02372439024509898	0.0
3898000.0	-54.19929483400036	-130.4288501100618	-3339.486900241185	-0.010718359688079215	-0.02374801817710842	0.0
3909000.0	-59.40641270758442	-130.76396560527976	-3339.1176656372977	-0.011117676160766865	-0.02368574897181519	0.0
3921000.0	-54.17932146186096	-131.10814473464617	-3339.008913639802	-0.011093013581344402	-0.02369569871808852	0.0
3932000.0	-59.40492685118155	-131.47261564408834	-3338.6796094804868	-0.010878914026093311	-0.023756970900417007	0.0
3943000.0	-59.39944590232002	-131.780453503985	-3338.5238153028354	-0.011043895338644916	-0.023711360855172225	0.0
3954000.0	-54.117997325356555	-132.12174755685797	-3338.3440149095863	-0.011013870088169009	-0.023719828778963892	0.0
3965000.0	-59.409030128909386	-132.48912474647315	-3337.9906390137744	-0.01080883764355256	-0.023782005883564272	0.0
3976000.0	-59.39717982708665	-132.8279719563914	-3337.778439344172	-0.010550975056016876	-0.023804828047057636	0.0
3987000.0	-59.40724848762746	-133.16271362793768	-3337.484613446559	-0.01094414180178438	-0.023745677068717053	0.0
3998000.0	-59.39223992949394	-133.49832783153988	-3337.3230431473953	-0.010735175034539135	-0.023806334553189867	0.0
4009000.0	-59.40292060756474	-133.83725990503748	-3337.0402385972325	-0.01048142882014691	-0.023829894658429884	0.0
4021000.0	-59.40004212874127	-134.17627617473826	-3336.8883301371407	-0.010873439806672547	-0.023772587683765556	0.0
4032000.0	-59.39942980901437	-134.54594140317934	-3336.485169386775	-0.010844380577583745	-0.02378169151017301	0.0
4043000.0	-59.409989643587004	-134.8845959108179	-3336.35102003377	-0.01064386535956452	-0.02384320014178587	0.0
4054000.0	-59.39823396841904	-135.22219393180782	-3336.1375419843007	-0.010390576187111589	-0.023865345252277015	0.0
4065000.0	-59.40802379120013	-135.5596917439796	-3335.8419335073536	-0.010777549611101889	-0.023809259847632103	0.0
4076000.0	-59.39333320365862	-135.892986547339	-3335.6793319365297	-0.010573077466152658	-0.02386927588689086	0.0
4087000.0	-59.40408211000164	-136.2315966822744	-3335.3945671927745	-0.010323699230993078	-0.023892140976627563	0.0
4098000.0	-53.8921604553013	-136.57272601624274	-3335.3242601524144	-0.01070974582918649	-0.023837859641638592	0.0
4109000.0	-59.39554119730076	-136.90782710838718	-3334.9787940891397	-0.010506939182240105	-0.023897521898326002	0.0
4121000.0	-53.86310698920431	-137.2478142459206	-3334.7761302435374	-0.010484140612392556	-0.02390878057893847	0.0
4132000.0	-54.21679255711516	-137.58662351444568	-3334.6258470526986	-0.010236458756108902	-0.023930222457640815	0.0
4143000.0	-59.40718137698817	-137.9200848944083	-3334.252904581117	-0.010442047373584229	-0.023926511441950737	0.0
4154000.0	-59.41279124991487	-138.29446435023704	-3333.9977277657504	-0.010420459612490607	-0.02393796273928689	0.0
4165000.0	-48.57334963262974	-138.6040429779276	-3333.859422015315	-0.010171605597211753	-0.023958864379924782	0.0
4177000.0	-54.16044854511165	-138.96399698766848	-3333.6683244405926	-0.010149919190963974	-0.02396903772572384	0.0
4188000.0	-48.547045734666575	-139.3018755766401	-3333.487650224263	-0.010525807016722233	-0.02391770272732524	0.0
4199000.0	-59.41187346866559	-139.67017711981043	-3333.037842189425	-0.010332972073802904	-0.023977817767915133	0.0
4211000.0	-59.400089174950075	-140.00688300983853	-3332.8230169442045	-0.01008813825824273	-0.023998622081427	0.0
4223000.0	-48.081028630088895	-140.38024498735808	-3332.68673908878	-0.010286108320288867	-0.02400031243231332	0.0
4235000.0	-53.70036033764146	-140.74580620424035	-3332.3955378413825	-0.010262710810563624	-0.024010983613194814	0.0
4247000.0	-48.01996249814571	-141.1160701360274	-3332.185712060654	-0.010242540770649677	-0.02402289826655285	0.0
4258000.0	-54.063123635962334	-141.4472595298738	-3331.785890036523	-0.00999892955731041	-0.024042921251218652	0.0
4269000.0	-53.701174680316626	-141.7850439400934	-3331.6445340457394	-0.010372763564590048	-0.023994714040777243	0.0
4281000.0	-48.308510471932095	-142.15133333817778	-3331.501882686011	-0.010347154441797568	-0.02400554756619261	0.0
4292000.0	-59.410090777334595	-142.5207557326845	-3331.0445588363073	-0.01015771927704856	-0.024065200579521995	0.0
4303000.0	-48.25826194239471	-142.82889410692283	-3331.060489425847	-0.009918741025864986	-0.024085513183380425	0.0
4315000.0	-48.188676694640776	-143.20402774820096	-3330.646431738054	-0.009896692886725122	-0.02409765527685026	0.0
4326000.0	-59.405621194929495	-143.5736800915743	-3330.370326943759	-0.010267282456619564	-0.02405177328332736	0.0
4337000.0	-59.409081059544064	-143.90595929894747	-3330.0759526522784	-0.01007591735339719	-0.024109452847792034	0.0
4348000.0	-59.3992636013276	-144.24248704831882	-3329.8618019336827	-0.009839346920815006	-0.024128997844229394	0.0
4359000.0	-59.40849131365925	-144.5880299044642	-3329.656552057209	-0.010209144697412187	-0.024085040119021905	0.0
4370000.0	-59.400280354907544	-144.92707922459428	-3329.3861947385535	-0.010017321709369642	-0.024143206834474185	0.0
4381000.0	-53.51154060310056	-145.23716347632399	-3329.1875502997523	-0.010168886378037811	-0.024106821985462268	0.0
4392000.0	-59.40949233227527	-145.61395750673327	-3328.9404194190233	-0.010150220265266241	-0.02412040065056542	0.0
4403000.0	-47.959406799086366	-145.92297955985214	-3328.864064057421	-0.009959957409424569	-0.024178444106237262	0.0
4414000.0	-59.415661892524895	-146.29656456506783	-3328.387040169677	-0.009727111219805518	-0.024199048089880493	0.0
4425000.0	-59.404794107457406	-146.63807459782558	-3328.0643684948423	-0.010086868281906525	-0.0241551238175286	0.0
4436000.0	-59.41257033073206	-146.98429065670578	-3327.923960198612	-0.00990359751007297	-0.024213837308288078	0.0
4447000.0	-59.403306815875794	-147.3257066991243	-3327.7126872607696	-0.00967117326286926	-0.02423279199303857	0.0
4458000.0	-59.405799248352345	-147.66679625374545	-3327.3434123943566	-0.01003006007894558	-0.024191134065515207	0.0
4469000.0	-53.82745468766037	-148.01317423835343	-3327.3018409801607	-0.009849283485198534	-0.024249449746800822	0.0
4481000.0	-53.36134247344095	-148.3545430310932	-3327.0741619523305	-0.009827032445855699	-0.024262011447293785	0.0
4492000.0	-53.789268103833365	-148.70221422671364	-3326.718164783038	-0.009596494354801588	-0.024282012070866443	0.0
4503000.0	-59.408507598390464	-149.07479221420428	-3326.5160367297126	-0.009957882778796612	-0.024241930650659604	0.0
4514000.0	-59.40799416880676	-149.38785038283027	-3326.211433747611	-0.009562365487147728	-0.02430450387311811	0.0
4525000.0	-59.41365558014422	-149.73900910627492	-3325.959844330129	-0.009920572162688823	-0.02426502601797781	0.0
4536000.0	-59.409339133815514	-150.11782448610322	-3325.7919300843964	-0.00990294665799829	-0.024279509175369307	0.0
4547000.0	-59.410777917947065	-150.46432880079527	-3325.492150338296	-0.009718652930009952	-0.02433612849560962	0.0
4558000.0	-59.4156791013066	-150.81335336487973	-3325.2316019472873	-0.009491990441703124	-0.024355739251781028	0.0
4569000.0	-59.40398685467699	-151.16053975878978	-3324.9034035786385	-0.00984348400836288	-0.024316487159569578	0.0
4581000.0	-59.41089091974194	-151.51014259542958	-3324.763333972862	-0.009665855973438386	-0.02437416645988505	0.0
4592000.0	-59.39789093496014	-151.89052730360655	-3324.527423625099	-0.00964571090714006	-0.024387542320537803	0.0
4603000.0	-53.65605255264344	-152.21271797212248	-3324.266260628707	-0.00942029023597557	-0.024406653570346326	0.0
4614000.0	-47.471911532010154	-152.57163654782104	-3324.215475079906	-0.009773642015681205	-0.024370140297513165	0.0
4625000.0	-53.15849943701736	-152.9158344764185	-3323.903302667855	-0.009594043495448568	-0.024426523445179815	0.0
4636000.0	-53.617535482605376	-153.2765718829726	-3323.533564237508	-0.009369436775017115	-0.024445434453554904	0.0
4647000.0	-59.406470667396626	-153.65576062950083	-3323.3375639797996	-0.009722712963324276	-0.024409653891637517	0.0
4659000.0	-53.155613314664244	-154.0103163614067	-3323.1489946108372	-0.009699713952175726	-0.02442350775729779	0.0
4670000.0	-59.41271265592155	-154.3984455943828	-3322.7660442169977	-0.009526281001514758	-0.024480439418206712	0.0
4681000.0	-53.5654848388693	-154.72180359172776	-3322.697540803825	-0.00930240113077374	-0.02449809096628275	0.0
4692000.0	-59.409882375658164	-155.10539315914826	-3322.233159013093	-0.009650212834387717	-0.02446347204828081	0.0
4703000.0	-47.19603539566356	-155.43996603157655	-3322.220082105916	-0.009476188952905362	-0.024520313954391804	0.0
4714000.0	-47.159004362296436	-155.79852371427606	-3321.889517134305	-0.009252127670642096	-0.024537260047769516	0.0
4725000.0	-59.40169648588077	-156.17925914078418	-3321.596930869216	-0.009599674702733596	-0.024503928729082025	0.0
4736000.0	-59.40425164986126	-156.52961802867688	-3321.2884490891997	-0.009424380588809123	-0.024558757710151702	0.0
4747000.0	-59.40416497761809	-156.8949038159668	-3321.0118350472035	-0.009204116118519678	-0.02457685776649282	0.0
4758000.0	-59.40288547934794	-157.25507258984263	-3320.8587720085143	-0.009551028835589448	-0.024544382291844358	0.0
4769000.0	-59.40476627290521	-157.61062625268184	-3320.551958955109	-0.009375871611821851	-0.02459919834120633	0.0
4781000.0	-46.528010539673765	-157.97369079482823	-3320.511777568057	-0.009357264568708112	-0.02461330092149927	0.0
4792000.0	-59.40144231560536	-158.36279733907625	-3320.000725127799	-0.009139373931402961	-0.024630659652632447	0.0
4803000.0	-59.399257422224764	-158.72844933689146	-3319.8480193994196	-0.009482167505918793	-0.02459950022865337	0.0
4814000.0	-59.392535032540685	-159.08601394860335	-3319.5611180070205	-0.009309883354428505	-0.024654048187359834	0.0
4825000.0	-52.937668544757194	-159.45112009857107	-3319.363053157848	-0.009093843617137498	-0.024671168259489118	0.0
4836000.0	-52.86574643520445	-159.8133686926767	-3319.195623860389	-0.009435308882460691	-0.02464090403442709	0.0
4847000.0	-59.401853143823246	-160.17111492771002	-3318.788756397072	-0.009262984116402917	-0.024695126344095653	0.0
4858000.0	-52.89252663233833	-160.54401132443243	-3318.61697930522	-0.009047835347645417	-0.0247122737635605	0.0
4869000.0	-59.39495799327642	-160.9022919770338	-3318.184271130873	-0.009383036405706036	-0.02468176211276818	0.0
4881000.0	-59.40270237115518	-161.27056550683938	-3318.0423127705726	-0.009216720288910407	-0.024737051737723448	0.0
4892000.0	-53.32239427063977	-161.67664111356552	-3317.8704462950905	-0.009201826806702784	-0.02475322967882887	0.0
4903000.0	-52.824517336576115	-162.04194701341734	-3317.581619218925	-0.00898512813156127	-0.024769014793654398	0.0
4914000.0	-52.75441654402827	-162.4128357510626	-3317.432350155621	-0.00932203892809369	-0.024741083748246795	0.0
4925000.0	-59.391098593231845	-162.77172720609482	-3317.0442322343224	-0.009153855789813092	-0.024794932553073967	0.0
4936000.0	-59.40400586406516	-163.14139025881352	-3316.7500164348844	-0.008941370921729752	-0.0248113153921799	0.0
4947000.0	-52.71062963033361	-163.50905988064707	-3316.676002933727	-0.009277641456384766	-0.024784162979127056	0.0
4959000.0	-52.74653797512878	-163.8745333744524	-3316.3616998120992	-0.009258595550245996	-0.024799287744865395	0.0
4971000.0	-46.55972954002467	-164.28185552809325	-3316.1934905936796	-0.009244403769172127	-0.024815806387126715	0.0
4983000.0	-52.71436715440628	-164.6760963305945	-3315.809517615875	-0.009225954357845456	-0.02483113417957661	0.0
4994000.0	-53.183852099055684	-165.07896272666574	-3315.575863733404	-0.009059820604715774	-0.02488454960256148	0.0
5006000.0	-52.62725439610165	-165.45418160456623	-3315.2661875853123	-0.00904468451128404	-0.0249008487266974	0.0
5017000.0	-59.40631603308308	-165.85447057374313	-3314.8937107683446	-0.008835328928529451	-0.024917119618187156	0.0
5028000.0	-59.394340668579616	-166.22427034001473	-3314.5540033034176	-0.009162312298560238	-0.02489112563573076	0.0
5039000.0	-53.14390193007284	-166.56087646605002	-3314.499596019552	-0.008807171594903185	-0.02494470188156328	0.0
5050000.0	-53.128258260745575	-166.92824275775172	-3314.3432545608316	-0.008792519585163583	-0.02496028082726287	0.0
5062000.0	-46.26625015302989	-167.33576816786226	-3313.9901845269937	-0.008776525653857448	-0.024976798907740072	0.0
5074000.0	-53.10123610865033	-167.73499279704473	-3313.791037945182	-0.008762084550130611	-0.02499253536814805	0.0
5085000.0	-52.566766353963054	-168.10583846285311	-3313.4955505439575	-0.009087715501351123	-0.02496896501523621	0.0
5096000.0	-52.50960684926584	-168.47503396689788	-3313.199614089501	-0.008929159836577383	-0.02502284740560229	0.0
5108000.0	-52.48315509645651	-168.88056737917324	-3312.9649252327545	-0.0089119327578705	-0.025038877385083758	0.0
5120000.0	-52.47267947867643	-169.2843873779747	-3312.6283918713393	-0.00889748049279493	-0.025056185429284172	0.0
5131000.0	-53.03821571483203	-169.65547903176653	-3312.4753288715224	-0.008691009062293475	-0.02507079260486328	0.0
5143000.0	-46.06322199734935	-170.06379472098922	-3312.1198301301642	-0.008675391016771172	-0.025087829196787093	0.0
5154000.0	-59.40411831728678	-170.4678260609638	-3311.8186878336896	-0.00900241909681676	-0.02506624227054005	0.0
5165000.0	-46.00889349263431	-170.8020218324174	-3311.699895874968	-0.008840433087795363	-0.025118490484325462	0.0
5176000.0	-52.461445489719644	-171.20214312536055	-3311.3191089361267	-0.00863624532343965	-0.02513371663233238	0.0
5187000.0	-52.38390213974426	-171.57367824228479	-3311.148916122624	-0.008960921556528056	-0.025113057946471562	0.0
5198000.0	-59.40719244849331	-171.9371534729353	-3310.7254927019635	-0.008799824391354627	-0.025165329984650486	0.0
5209000.0	-45.95411175664875	-172.27191512423224	-3310.7670703039694	-0.008595949180461915	-0.025179487050764893	0.0
5220000.0	-45.319145622477414	-172.64221762812983	-3310.4669323455128	-0.008915489368023444	-0.025159249207777512	0.0
5231000.0	-52.32275446874959	-173.0139342997924	-3310.05293252157	-0.008759802642848591	-0.025212383192999566	0.0
5242000.0	-52.91439546515138	-173.37736113357835	-3309.8962719469323	-0.008556962623050501	-0.02522617859196441	0.0
5253000.0	-59.410143011667174	-173.77321015836355	-3309.3996928796164	-0.008876493752829506	-0.02520658669657433	0.0
5265000.0	-52.32492358789193	-174.1473732407858	-3309.3188367509497	-0.008859314784820493	-0.025223230192568835	0.0
5276000.0	-59.409568875069226	-174.54242061418884	-3308.910495085718	-0.008705381698287384	-0.02527576221668293	0.0
5287000.0	-59.40026210477337	-174.9079304478969	-3308.679027659997	-0.00850376069695391	-0.025289299907883755	0.0
5298000.0	-59.403831150720784	-175.27262088657722	-3308.283321798381	-0.00881987279671903	-0.025270933876826718	0.0
5310000.0	-52.2804066899555	-175.63710471125083	-3308.2385992805644	-0.008809024278064514	-0.025288724463039314	0.0
5321000.0	-52.196059634457164	-175.99546343268602	-3307.958181649928	-0.008651703799048227	-0.025339691803314857	0.0
5332000.0	-52.81761172072447	-176.35686178677642	-3307.6782885046014	-0.008452768893507434	-0.025353713930647837	0.0
5343000.0	-59.40283110909513	-176.75854782238505	-3307.22367818713	-0.008765634152677504	-0.025335506951345954	0.0
5354000.0	-59.41047495255134	-177.1211623797336	-3307.078539621902	-0.00861387531934188	-0.025387559339370924	0.0
5366000.0	-52.130530702782835	-177.4834425515107	-3306.9523627914223	-0.008599400403569102	-0.025404676717969532	0.0
5378000.0	-44.896345944375526	-177.88224490769616	-3306.7131445470986	-0.008586259742839442	-0.025422694216407027	0.0
5389000.0	-59.40234675246984	-178.27697297284752	-3306.2836363456004	-0.008388136119617862	-0.025435435443013132	0.0
5400000.0	-59.40473705061481	-178.64266702785972	-3305.889825782145	-0.008699515550014914	-0.025419595788057803	0.0
5411000.0	-59.414968399736345	-179.0113194201501	-3305.7392231189965	-0.008550001047359812	-0.025471271618672908	0.0
5422000.0	-52.706797679281635	-179.33817528969948	-3305.495474504558	-0.00835071980293789	-0.02548356197109053	0.0
5434000.0	-59.41229378912649	-179.7295382200441	-3305.1793037924435	-0.008663365309501736	-0.02546855951768734	0.0
5445000.0	-59.40354233926351	-180.13361913002822	-3304.824239388296	-0.008647437048250883	-0.02548605975649193	0.0
5456000.0	-45.27926984679603	-180.46816286372382	-3304.878882756159	-0.008498308834168133	-0.025537504844676706	0.0
5467000.0	-59.40244736082451	-180.8563978759071	-3304.4411440574554	-0.008302729621337601	-0.025549799442889654	0.0
5478000.0	-59.40002326305919	-181.18888607650402	-3304.205558004877	-0.008474996977624438	-0.025568533483873557	0.0
5490000.0	-52.035049238688124	-181.58583114077138	-3303.9992117826464	-0.008600629184506325	-0.02555413780852439	0.0
5501000.0	-59.3993643541722	-181.98552179740955	-3303.6373915144486	-0.008448575762502242	-0.025604457187991203	0.0
5512000.0	-52.00594987776791	-182.3529152250549	-3303.434859395831	-0.008254884719583133	-0.025617416429862372	0.0
5523000.0	-59.40199654614207	-182.71950237857126	-3302.9750391426055	-0.008559986995021696	-0.025603516340666044	0.0
5534000.0	-59.400372065261	-183.0890893009163	-3302.851626757148	-0.00841324231969176	-0.025654782488109873	0.0
5545000.0	-59.41326618443933	-183.45787050303457	-3302.545036981226	-0.008220088430384243	-0.025667740709992448	0.0
5556000.0	-59.4012043428767	-183.82583352732294	-3302.1841177752935	-0.008523956645521413	-0.025654766594007672	0.0
5567000.0	-59.409301514201466	-184.20250691440495	-3302.035245027142	-0.008377939616916685	-0.025705629597998936	0.0
5578000.0	-59.40037638341838	-184.56519347451786	-3301.8034889635965	-0.008185404846721922	-0.025717411239243204	0.0
5589000.0	-44.306416530551964	-184.90459217281565	-3301.7770685077667	-0.008489026330850802	-0.025705953194620657	0.0
5600000.0	-51.81555754128264	-185.27569537065696	-3301.3634315084587	-0.00834453500435417	-0.025756586531607006	0.0
5612000.0	-52.495860277882535	-185.65214094026987	-3301.190914671705	-0.008151531449440697	-0.02576842471939156	0.0
5623000.0	-51.85127585490287	-186.09381155032324	-3300.7859359820177	-0.008139278102466507	-0.025787223796121417	0.0
5635000.0	-59.39797731756797	-186.4609055486785	-3300.32512820056	-0.008440306933771069	-0.025775894263055377	0.0
5646000.0	-59.405086965363616	-186.83749013388638	-3300.1707939185285	-0.008296251588451153	-0.0258262049223818	0.0
5657000.0	-59.39353706734653	-187.2428268078692	-3299.9107150073655	-0.008283610800933872	-0.025844364225507788	0.0
5668000.0	-59.398189015192884	-187.58937171059426	-3299.5271542375863	-0.00840635769174769	-0.02582770235994053	0.0
5679000.0	-59.400255379286044	-187.99660336190496	-3299.4235167392603	-0.008396876839544265	-0.025847064691957355	0.0
5691000.0	-59.392610780451115	-188.37637024137584	-3299.115053220912	-0.008250017651618036	-0.02589630482492339	0.0
5702000.0	-59.406205399082175	-188.79033596030285	-3298.798970372831	-0.008239498865604156	-0.025915664095498114	0.0
5713000.0	-59.39672144547478	-189.16710796831197	-3298.498423993467	-0.008048078795989788	-0.025926473418818485	0.0
5724000.0	-59.40333056045203	-189.55370652499093	-3298.221037716438	-0.008348973771181156	-0.025918087726983285	0.0
5735000.0	-59.38834940212072	-189.9288824792683	-3298.027826681226	-0.008204314320878092	-0.02596702737154105	0.0
5746000.0	-59.39764262134448	-190.31650971819553	-3297.7015778523128	-0.008016180074729706	-0.02597867650488911	0.0
5757000.0	-59.39643373503812	-190.694447555024	-3297.5405414186657	-0.008317027431516633	-0.02597089399035324	0.0
5768000.0	-59.389062733690174	-191.08443895886276	-3297.2278930218654	-0.008172089321992093	-0.026019655129771557	0.0
5779000.0	-59.40129980575838	-191.46389491101448	-3296.9149839785173	-0.007985373114688277	-0.026031144441862386	0.0
5791000.0	-52.2796390742476	-191.84846327256687	-3296.6610883816124	-0.007972822387316003	-0.026049693176696254	0.0
5802000.0	-59.3980871897874	-192.2702667829897	-3296.3277094088166	-0.008270208976052129	-0.02604291758358085	0.0
5813000.0	-59.383882594069824	-192.65872188820722	-3296.137062702254	-0.008127363079547756	-0.026091376347255224	0.0
5825000.0	-51.48752992838164	-193.0461081623255	-3295.9144866994525	-0.008116594616304429	-0.02611115842636408	0.0
5836000.0	-59.386080433277435	-193.46987836869621	-3295.574142497944	-0.007930577034330422	-0.026121726693177916	0.0
5847000.0	-59.388850260607946	-193.86323050565537	-3295.157016228383	-0.008224389629650442	-0.026115726643198278	0.0
5858000.0	-59.398815474705465	-194.25021228601727	-3295.00953806206	-0.008086403825385058	-0.02616478261229993	0.0
5869000.0	-59.38791358175672	-194.6423214362494	-3294.768207084497	-0.007900227273382798	-0.02617522433189695	0.0
5881000.0	-52.17709534557029	-195.02643372450498	-3294.6616188457015	-0.007888678415688966	-0.026194096930657218	0.0
5892000.0	-59.39224029310503	-195.45894886669063	-3294.2496037301935	-0.008184327907887923	-0.026189960600920326	0.0
5903000.0	-59.39392470923724	-195.8521257911365	-3293.9025796608917	-0.008042439545553837	-0.02623790501224299	0.0
5914000.0	-59.3846681801509	-196.24194546168496	-3293.667114416187	-0.007858498458889085	-0.02624808901151554	0.0
5925000.0	-51.34643030864735	-196.63990600446292	-3293.3591328821863	-0.008149314077686154	-0.02624366957016605	0.0
5936000.0	-59.39426344867013	-197.02879513006835	-3293.091511513069	-0.008011903220067174	-0.026292474638791252	0.0
5947000.0	-59.3864732270254	-197.42391992406635	-3292.854880511642	-0.007828782673506507	-0.026302472128338972	0.0
5958000.0	-59.3883265568763	-197.81988309939206	-3292.433953832225	-0.008118494421691769	-0.02629892023165581	0.0
5969000.0	-59.39747461063515	-198.21278105432944	-3292.2852092860717	-0.007982525232146265	-0.026347429342493456	0.0
5980000.0	-59.38788817922083	-198.60858278774958	-3292.0417841752546	-0.007799265723182014	-0.026357414315512473	0.0
5991000.0	-51.32578392835254	-198.96976425505787	-3291.90395268326	-0.008087779614197266	-0.02635456464739272	0.0
6002000.0	-43.90868773490737	-199.36703226772292	-3291.704300161799	-0.007952922923558092	-0.026403065032698958	0.0
6013000.0	-59.39137361376879	-199.78895722120978	-3291.1579985334483	-0.007769147683338806	-0.02641260562662695	0.0
6025000.0	-52.0296686943603	-200.18454805731085	-3290.9924479039146	-0.007759673514901033	-0.026433270297772093	0.0
6036000.0	-59.38842453030717	-200.6172175599942	-3290.5132524380315	-0.008045854358766813	-0.02643049605358261	0.0
6047000.0	-59.3965177773567	-201.00833389463185	-3290.349153188688	-0.007911108506337361	-0.0264786785460146	0.0
6058000.0	-59.38873687981201	-201.4051782466239	-3290.1115485980717	-0.007730329172404349	-0.02648809028472543	0.0
6069000.0	-59.39107590137056	-201.7976354803436	-3289.686588784118	-0.008016401472724866	-0.026486671336831413	0.0
6081000.0	-59.39885555708671	-202.18998532765193	-3289.529828402848	-0.007882044261080634	-0.026534865639129268	0.0
6092000.0	-59.38747523667988	-202.62189915915087	-3289.2659906250897	-0.007870744056985068	-0.026554912432180056	0.0
6103000.0	-51.19026738628971	-202.97099501247126	-3289.0541291450227	-0.00769199281931654	-0.026564888910431905	0.0
6114000.0	-59.39815729811941	-203.40746012696704	-3288.7645306068594	-0.007979548043770879	-0.02656459591413196	0.0
6125000.0	-59.39899235895293	-203.78936572481084	-3288.4113339423347	-0.00784239847030388	-0.026611415134625505	0.0
6136000.0	-59.390451997252235	-204.18164343437778	-3288.1734247449144	-0.007663345114365172	-0.026620576992897604	0.0
6147000.0	-59.39322167613232	-204.57539596776294	-3287.7515520867746	-0.007946702370289493	-0.026620505472753075	0.0
6158000.0	-59.40220134134571	-204.96830784191346	-3287.5997941053047	-0.007814029809842804	-0.026668129996062162	0.0
6169000.0	-59.39373431533522	-205.35735408196047	-3287.348208491306	-0.007635666020874954	-0.026677355253141466	0.0
6180000.0	-59.39651709511304	-205.7434456081772	-3286.918816584157	-0.007918310631041425	-0.02667808239595648	0.0
6191000.0	-59.40461974467826	-206.09539180929946	-3286.776715701177	-0.007618317787378537	-0.02671379419589237	0.0
6202000.0	-51.833892331229436	-206.48196620231997	-3286.5142377214993	-0.007607631655146663	-0.026733922069134164	0.0
6213000.0	-59.402323564472226	-206.86618374960437	-3286.235806629104	-0.007767724644677676	-0.026761235029981012	0.0
6224000.0	-59.40974451027106	-207.29670390792478	-3285.9408102651337	-0.007759454197589388	-0.026782698671709793	0.0
6236000.0	-59.401138861675236	-207.68150786695284	-3285.6275707518485	-0.007580466236950301	-0.026791281484989216	0.0
6247000.0	-59.396369267498585	-208.09754160266644	-3285.3985033708923	-0.00757148298906507	-0.02681195780069323	0.0
6258000.0	-59.398640525879955	-208.4853517776985	-3284.976797796622	-0.007851307573258692	-0.02681406162439176	0.0
6269000.0	-59.40904572350306	-208.86800380301256	-3284.8160849043106	-0.0077217460110747815	-0.026860901642194845	0.0
6280000.0	-59.39913714257523	-209.25461097327266	-3284.5685793657653	-0.007545003741446177	-0.02686943588707197	0.0
6291000.0	-50.9397825388196	-209.59894043308816	-3284.398636313125	-0.007825020720504061	-0.02687207290893706	0.0
6302000.0	-59.41047504022629	-210.0248451461763	-3283.986592511607	-0.007694679475593658	-0.026918923023511288	0.0
6313000.0	-51.71799849044131	-210.37383459795888	-3283.7308137742657	-0.0075178086044809245	-0.026927106112653643	0.0
6324000.0	-59.4012956891767	-210.79395957568912	-3283.511803570846	-0.007797835120307406	-0.026930686417303118	0.0
6335000.0	-51.69204878724795	-211.18370898858893	-3283.307115644548	-0.007666297764233332	-0.026976338370210684	0.0
6346000.0	-59.403503266412464	-211.56626653172717	-3282.837518913993	-0.007491575551590968	-0.02698519042288977	0.0
6357000.0	-59.40385772111673	-211.94741578183985	-3282.679029693796	-0.007771997600140357	-0.026989260687303784	0.0
6368000.0	-59.39636973674819	-212.3359979172179	-3282.351956103757	-0.007639895534296892	-0.0270349635429587	0.0
6379000.0	-59.40889296094955	-212.71970415570158	-3282.0235541571515	-0.007466764501648404	-0.027043678902908985	0.0
6391000.0	-59.40495935818899	-213.1140316824947	-3281.8448052425883	-0.007745469553341211	-0.027048533946589015	0.0
6403000.0	-51.628744892430326	-213.5273352948643	-3281.5364605019554	-0.007448168583563453	-0.027086447100514166	0.0
6414000.0	-50.762467241671025	-213.9170654208201	-3281.3312005447533	-0.007722515110989869	-0.027090764384238297	0.0
6426000.0	-50.756780919336585	-214.3410955695011	-3280.9917224834403	-0.007714663132286748	-0.027112731105939758	0.0
6437000.0	-51.57935187786287	-214.7655634984031	-3280.7376031170656	-0.007585160095161303	-0.027157848006583662	0.0
6448000.0	-50.7253861597203	-215.1560071868837	-3280.374633008127	-0.007412715023363603	-0.027166260829837086	0.0
6459000.0	-50.715089063643596	-215.50981881901316	-3280.1589021696927	-0.007689860812482463	-0.027172137854023393	0.0
6470000.0	-50.604870783962646	-215.89466674321935	-3279.8399596085014	-0.0075595895430623505	-0.027217060951145955	0.0
6481000.0	-51.541879839608406	-216.2873679989822	-3279.555966467373	-0.007388741565861001	-0.027225381441594088	0.0
6492000.0	-41.83283922585482	-216.68430701952812	-3279.469544210695	-0.0076606206308639235	-0.027231080835415145	0.0
6503000.0	-50.55895361572508	-217.07464660843365	-3278.9999323897177	-0.007534464035868438	-0.027276733716508794	0.0
6514000.0	-50.62760977366315	-217.51483024413142	-3278.772666788375	-0.007363635301544824	-0.027284304823536665	0.0
6525000.0	-41.74249798541931	-217.87164632168506	-3278.628418041668	-0.00763532318886162	-0.027291210254702936	0.0
6536000.0	-50.51776205205086	-218.26433385439637	-3278.179980421642	-0.007510655128659116	-0.027336710825400345	0.0
6547000.0	-59.389921011492284	-218.71084124711464	-3277.80598010919	-0.007338897481572126	-0.02734407921392934	0.0
6558000.0	-50.570308271458124	-219.06166714492792	-3277.6280319221473	-0.007611175897936584	-0.027351554001335987	0.0
6569000.0	-50.47110254861601	-219.46578829323903	-3277.337759375068	-0.007485893694539003	-0.027397040314842414	0.0
6580000.0	-51.42058572736956	-219.87236812228116	-3276.954095400124	-0.007314183879433167	-0.027404029738367863	0.0
6591000.0	-50.5250735353471	-220.27165389616962	-3276.7781397283875	-0.007586319630463301	-0.027412323772301406	0.0
6602000.0	-50.413820794165645	-220.67274813241247	-3276.537347883614	-0.007459895628675217	-0.027456735661400944	0.0
6613000.0	-51.39163842717593	-221.07092411648406	-3276.1784783891635	-0.007291460398563543	-0.027464327056813342	0.0
6624000.0	-50.38839084337019	-221.5208981449739	-3275.9930163209615	-0.007562855232849164	-0.027473182213076597	0.0
6635000.0	-42.345212629352545	-221.88805836931724	-3275.7396646733523	-0.007435548824901939	-0.027517352333227718	0.0
6647000.0	-50.34694148922085	-222.33024682601481	-3275.3801953110233	-0.007426417489900805	-0.027539067869907896	0.0
6658000.0	-51.333897864433006	-222.7431069951878	-3274.9384095714618	-0.0072583575614042495	-0.027546464955302774	0.0
6669000.0	-50.41717595304408	-223.14654262058784	-3274.777159704184	-0.007528835189662297	-0.027555863720406082	0.0
6680000.0	-50.3018961500214	-223.55829785377657	-3274.526767860219	-0.0074028084238344505	-0.027599930925454985	0.0
6691000.0	-51.3049366020385	-223.9680721609401	-3274.165672230975	-0.007235821535443554	-0.027607194761742893	0.0
6702000.0	-50.35666660105668	-224.38120125584837	-3273.95465055995	-0.007501364752321771	-0.027616414351266383	0.0
6713000.0	-50.25762573214187	-224.78523643745348	-3273.5981651718043	-0.0073791954613288135	-0.02766097521749178	0.0
6724000.0	-51.26301352019092	-225.20693200391543	-3273.443339914737	-0.00721234838946172	-0.027667628975461156	0.0
6735000.0	-50.31323942159512	-225.61450092602556	-3273.0971500157852	-0.007478117759398661	-0.027678077244459698	0.0
6746000.0	-50.2135788574177	-226.02707356498127	-3272.740114878339	-0.007356118742728901	-0.027722725386876368	0.0
6757000.0	-51.23052261964619	-226.44772598411393	-3272.5853983017096	-0.007189885582600031	-0.027729252171488694	0.0
6768000.0	-50.27711527268914	-226.85092830433027	-3272.2030929500556	-0.007455554727282432	-0.02774022760176298	0.0
6779000.0	-50.17378073917806	-227.26927719816783	-3271.904614284655	-0.007334036211299244	-0.027784617859591187	0.0
6790000.0	-51.19104799647141	-227.6881606897431	-3271.520959378881	-0.007166579712525545	-0.027790786526441735	0.0
6801000.0	-50.23440036103898	-228.09581380641544	-3271.34165859154	-0.007432425932767606	-0.027802595101675265	0.0
6812000.0	-50.119027804707684	-228.51545098890884	-3271.096308617276	-0.0073094472483539175	-0.027845945683304008	0.0
6823000.0	-59.38371963376297	-228.96228735289523	-3270.581023560295	-0.00714452014565381	-0.02785287620507515	0.0
6835000.0	-41.86084754025819	-229.37991875914952	-3270.6739241743503	-0.007137025924654927	-0.027875256012014127	0.0
6846000.0	-40.86200111886425	-229.79552843608823	-3270.32957581267	-0.007399601102911824	-0.0278877009913725	0.0
6857000.0	-51.13606860693661	-230.24805848454855	-3269.8676576600305	-0.007280238116676552	-0.027931697671248257	0.0
6868000.0	-50.14336494100371	-230.66805836244302	-3269.607276151352	-0.0071150087586131505	-0.027937931417192363	0.0
6879000.0	-59.384336898775096	-231.07519009419332	-3269.0297237911145	-0.007377007488346465	-0.027950994862926293	0.0
6890000.0	-51.08622489336767	-231.4901871881044	-3269.045958134697	-0.007255973113603376	-0.027994150826344932	0.0
6901000.0	-50.09965719195767	-231.85891344401736	-3268.603304638395	-0.0073620811132733	-0.027990920930566765	0.0
6913000.0	-51.06915781292514	-232.30089338106154	-3268.506169081406	-0.007085189467104791	-0.02802339964137124	0.0
6924000.0	-59.38597941991924	-232.76417818873597	-3267.852887959303	-0.007345759805474028	-0.02803698721143799	0.0
6935000.0	-59.39615652668066	-233.17426900279375	-3267.6998055487625	-0.007227472399242263	-0.02808053868249949	0.0
6946000.0	-59.38655095334713	-233.5822112395539	-3267.434313552594	-0.007063656812225427	-0.02808641811155843	0.0
6957000.0	-59.39365899982738	-233.9723499491088	-3267.073984199989	-0.007324470448613174	-0.028100451623202405	0.0
6968000.0	-59.39909672628195	-234.39092569065178	-3266.8227807637413	-0.007205986247597718	-0.02814409619983249	0.0
6979000.0	-59.390021009443934	-234.787538048286	-3266.4890299862823	-0.0070418512849257375	-0.028149667680267054	0.0
6990000.0	-59.39759924501186	-235.21202909693798	-3266.2169361289766	-0.007302436734387019	-0.028164522675918735	0.0
7002000.0	-49.96528813340569	-235.6089122980144	-3266.1097875100872	-0.007293106997625531	-0.02818753908982108	0.0
7013000.0	-49.86019411819939	-236.01374291028642	-3265.75024287961	-0.007175346788889647	-0.028230881155960064	0.0
7024000.0	-59.39052698004108	-236.45544707611984	-3265.40156477507	-0.007013853454886032	-0.028236263858009036	0.0
7035000.0	-59.39241800936361	-236.8695174476096	-3264.943985410619	-0.007271605145207638	-0.028251800792640336	0.0
7046000.0	-59.39878176660591	-237.25593697985923	-3264.755261210932	-0.007154171324147862	-0.028295222727607205	0.0
7057000.0	-59.39200755324373	-237.67083592448694	-3264.5283717950356	-0.006992990783419417	-0.028300853753351007	0.0
7068000.0	-59.39472623784142	-238.07719325701296	-3264.049993602493	-0.007250286915719828	-0.028317026109248578	0.0
7080000.0	-49.879228833080866	-238.48151380967215	-3264.023621526487	-0.007244725613947178	-0.02834095588304486	0.0
7091000.0	-59.39875930634472	-238.90444569151532	-3263.565875141443	-0.007125235264318186	-0.028383182419299602	0.0
7102000.0	-41.3311284404009	-239.2798854154356	-3263.6667562840416	-0.006964843199336879	-0.02838834452752048	0.0
7113000.0	-49.82166886258013	-239.68251786615733	-3263.1741323727256	-0.00722086845560066	-0.02840495938751686	0.0
7124000.0	-59.399654602829	-240.11790050915207	-3262.6903263629088	-0.007104326017267959	-0.02844783588490052	0.0
7135000.0	-59.393093512773895	-240.5272968251668	-3262.4631836141793	-0.006944634043314468	-0.028452869908245693	0.0
7146000.0	-41.23238987811319	-240.89063193529446	-3262.4165898075266	-0.0072007677838614725	-0.02846998227847486	0.0
7157000.0	-59.38617518062654	-241.31868395031097	-3261.853172880173	-0.007082968970780201	-0.028511825532727908	0.0
7168000.0	-59.395072930770276	-241.71817016340196	-3261.4837705455334	-0.00692423434558187	-0.028517342982854355	0.0
7179000.0	-59.39588562648896	-242.12820728140105	-3261.3256106368767	-0.00718118967639203	-0.028534917952768524	0.0
7190000.0	-59.3891945995562	-242.54172545152304	-3260.9867224713103	-0.007063222337197139	-0.02857669635882154	0.0
7201000.0	-59.39856147626392	-242.90139631024763	-3260.631264588579	-0.007166587003482272	-0.02857615673989866	0.0
7212000.0	-59.3955259022617	-243.34773468341504	-3260.4483319082046	-0.007160784061611802	-0.02860038270275378	0.0
7223000.0	-59.39474170296641	-243.74635189458334	-3260.0611278120437	-0.007042940778402507	-0.028641962875621152	0.0
7234000.0	-59.38580708743424	-244.15104227022573	-3259.812263859631	-0.006884947981298906	-0.02864678529278475	0.0
7245000.0	-59.38748073121868	-244.5683939277936	-3259.3483570971853	-0.007137415536466851	-0.028665223866908396	0.0
7256000.0	-50.72836857769448	-244.98285097085537	-3259.3243976660906	-0.007023166809450476	-0.028707518979021907	0.0
7267000.0	-59.385765577913276	-245.38335506980027	-3258.929607064632	-0.006865719705292483	-0.02871223227535913	0.0
7278000.0	-49.49974929564473	-245.80580575177973	-3258.7220251086715	-0.007118209656952312	-0.028731149430081704	0.0
7289000.0	-59.39572736755721	-246.21288997476313	-3258.2961092699775	-0.007004535839197357	-0.02877327306260835	0.0
7301000.0	-59.38543571937878	-246.6316635200103	-3258.0418844277933	-0.006846617348825301	-0.028777997316562165	0.0
7312000.0	-49.560117313871125	-247.08436363599967	-3257.7973593235197	-0.006839745968779121	-0.02880217941301888	0.0
7323000.0	-59.38898774849154	-247.5128358462905	-3257.471185188104	-0.00709289938558888	-0.028822183085175035	0.0
7334000.0	-49.412813787761934	-247.87916125670714	-3257.199492445567	-0.006976517854981101	-0.028863442400800632	0.0
7345000.0	-59.390718280211026	-248.3538617396707	-3256.8012727595064	-0.006820378736790089	-0.028868449530146112	0.0
7356000.0	-59.37876590720604	-248.7674864185939	-3256.367004643233	-0.007069980466555603	-0.028888382905731036	0.0
7367000.0	-59.3848138265104	-249.1893928020262	-3256.1871560212726	-0.006957267882093721	-0.028930252691472758	0.0
7378000.0	-59.37697112771313	-249.6193725527376	-3255.958657637866	-0.006801390645192917	-0.02893467455650356	0.0
7389000.0	-59.37823061164878	-250.05184396169605	-3255.4611212521254	-0.007050890661844389	-0.028955536148881023	0.0
7401000.0	-59.3843561023397	-250.47206174404212	-3255.2983126516556	-0.006938444172215341	-0.02899741842733028	0.0
7412000.0	-49.30020700575286	-250.91148667945484	-3255.1990870066443	-0.006930983551229231	-0.029021623844764588	0.0
7424000.0	-59.38306952937387	-251.36702006429095	-3254.6543317849478	-0.006776067269140595	-0.029026400462113022	0.0
7435000.0	-59.37540394129246	-251.83781924161985	-3254.385634128375	-0.006769606546869311	-0.02905064657325962	0.0
7447000.0	-59.377135481889354	-252.29353000533752	-3253.9281238210174	-0.007017718930755645	-0.02907231536989341	0.0
7458000.0	-59.38013958378531	-252.75421701599188	-3253.863279925586	-0.007013001085632853	-0.029097262370140653	0.0
7469000.0	-59.37224126544081	-253.18128941209034	-3253.460194271567	-0.006898823290590106	-0.029138153013397616	0.0
7481000.0	-59.38353915058034	-253.60666329037406	-3253.097055691072	-0.006744732619297866	-0.029142888512580956	0.0
7492000.0	-49.3029909923099	-254.0899016040199	-3252.960133827988	-0.006738071952753222	-0.02916738475312164	0.0
7503000.0	-49.29051351630087	-254.47274395217494	-3252.639384317441	-0.006985821136388792	-0.02918975040943883	0.0
7514000.0	-59.38571976303888	-254.95997090381329	-3252.1868770747483	-0.006874603755922637	-0.02923112909300929	0.0
7525000.0	-59.377240395334866	-255.38404985599314	-3251.842430276823	-0.006719214374628857	-0.029235024420063094	0.0
7537000.0	-59.378575886852865	-255.81671772287223	-3251.6754081186014	-0.006968174640972213	-0.029257964972432826	0.0
7548000.0	-49.22411842629617	-256.26099462417375	-3251.4551899442117	-0.006959221043286612	-0.029282398218992145	0.0
7559000.0	-49.107745231216235	-256.68180268660757	-3251.099040648598	-0.006849584014061771	-0.029323388195390265	0.0
7570000.0	-59.376895128328364	-257.165115282342	-3250.700317337367	-0.006695514625812304	-0.029327229238986008	0.0
7581000.0	-49.18813031018234	-257.54356430964003	-3250.507527127958	-0.006941406463750854	-0.029350609571010988	0.0
7593000.0	-59.372852665356355	-258.0255016733963	-3250.091063128104	-0.006829993433246528	-0.02939087586121203	0.0
7605000.0	-49.158609384133264	-258.48350907795333	-3249.8462626044916	-0.006928307756364216	-0.029400327294077933	0.0
7616000.0	-50.34494520892948	-258.9590163498835	-3249.5669100868595	-0.006816808829668064	-0.02944053366326682	0.0
7628000.0	-49.01178397822931	-259.3827596450747	-3249.176544976672	-0.0068106698312636604	-0.02946566552927521	0.0
7639000.0	-50.33163708814163	-259.8110349111216	-3249.0184193018727	-0.00665880933747931	-0.029469232811080714	0.0
7650000.0	-49.09274586054992	-260.2416887452858	-3248.6521520949086	-0.006902159754696879	-0.02949363439555719	0.0
7661000.0	-48.975027933678696	-260.6664499731914	-3248.3011409815117	-0.0067937732640599435	-0.0295341659660302	0.0
7672000.0	-59.38348775624814	-261.13898553553844	-3247.914763750541	-0.0066413717023351415	-0.029537566820961314	0.0
7683000.0	-49.06106407584209	-261.52476655011986	-3247.699758749171	-0.006885169786476686	-0.029562494699453823	0.0
7694000.0	-59.37912007431881	-261.97610184310093	-3247.279564291881	-0.006774916855467938	-0.02960234202197254	0.0
7705000.0	-59.38775277784847	-262.39530801185555	-3246.8951067106696	-0.006623720862523497	-0.029606242367253843	0.0
7717000.0	-50.25972037794971	-262.81718582585967	-3246.8723464305745	-0.006618040002716596	-0.029630995220487177	0.0
7728000.0	-59.39188878049746	-263.2761411121797	-3246.2644241823896	-0.0068605106465570165	-0.029656262763232855	0.0
7740000.0	-48.99243476742663	-263.69792988177295	-3246.1436173901966	-0.006855576915723582	-0.029681773865278815	0.0
7751000.0	-48.85226503130222	-264.10808542659066	-3245.792508355307	-0.006744937159388953	-0.029721198498673274	0.0
7763000.0	-59.39696132143505	-264.56702842515557	-3245.34741381756	-0.00659511344291841	-0.029724927833517767	0.0
7774000.0	-48.945014490840926	-265.0491585856505	-3245.125518689639	-0.006587913433593884	-0.029749687373052724	0.0
7785000.0	-48.816709991225785	-265.4558723312851	-3244.821125395302	-0.00683054113311321	-0.02977604154775748	0.0
7796000.0	-59.38394231051185	-265.86013383468065	-3244.4667997273154	-0.00672135791460482	-0.029815535629390433	0.0
7807000.0	-48.90105917552781	-266.2866465353213	-3244.2635175217456	-0.0065713704903267445	-0.02981902892775823	0.0
7818000.0	-48.76845715463088	-266.6961616619346	-3244.0443949212945	-0.00681433000879661	-0.029845918712002928	0.0
7829000.0	-50.14961490057368	-267.12193441539875	-3243.6892056079655	-0.006704860721421069	-0.02988525632054806	0.0
7840000.0	-59.39770132174723	-267.52468466944873	-3243.187909678958	-0.006555771615894712	-0.02988866938026513	0.0
7851000.0	-59.3873232744667	-267.94553061386836	-3242.762909884476	-0.006794501892367633	-0.029915220855906366	0.0
7862000.0	-48.704762230050505	-268.32087051790614	-3242.7170427566184	-0.00668794589625088	-0.029954995132154272	0.0
7873000.0	-48.693924456325135	-268.7432819332078	-3242.5544402210307	-0.006786122233040204	-0.02996017794849859	0.0
7884000.0	-48.790043294894225	-269.1624074133687	-3242.1900724659777	-0.0067778803887325045	-0.0299853754693582	0.0
7895000.0	-38.05431696192537	-269.5847328030106	-3241.9379765048693	-0.006671498212296845	-0.03002514244373633	0.0
7906000.0	-39.45460850481072	-270.0068536574341	-3241.7957313615534	-0.006523025585698949	-0.03002795214980003	0.0
7917000.0	-59.39235864051519	-270.4815649265544	-3241.022629210603	-0.006761531780782315	-0.030055754886972763	0.0
7928000.0	-48.61840905441492	-270.8592090263832	-3240.9628768538096	-0.006655629307315558	-0.03009532599376763	0.0
7940000.0	-48.59540459336889	-271.32274325446195	-3240.6296915473336	-0.006649019695627367	-0.030120831165110884	0.0
7951000.0	-50.028039443182784	-271.75017950923234	-3240.164504151871	-0.0065006173068690165	-0.030124231187208084	0.0
7962000.0	-48.695580444573615	-272.1703090915818	-3239.9744928311225	-0.006740813174365923	-0.03015310510654845	0.0
7973000.0	-48.54768636517883	-272.59613451730866	-3239.619074877248	-0.0066326113259114194	-0.030191889761737478	0.0
7984000.0	-49.99963218399868	-273.0270123931977	-3239.317008761815	-0.006485581750809377	-0.030195154777987065	0.0
7995000.0	-39.23655528101745	-273.4758678006326	-3239.2465696320683	-0.006721646178559637	-0.030223716927622712	0.0
8006000.0	-59.383416351046314	-273.93874762218275	-3238.56563833514	-0.0066163657723015135	-0.030263051533919172	0.0
8017000.0	-49.95701843660091	-274.3305619793488	-3238.537099033363	-0.006469449838727992	-0.030265776482464535	0.0
8028000.0	-48.58880260941741	-274.77576111200773	-3238.156234045173	-0.006705669191405694	-0.030295293847875326	0.0
8039000.0	-48.459609452959434	-275.2231764562336	-3237.7949495200105	-0.006601416779565716	-0.030334411451852006	0.0
8051000.0	-49.92633748255965	-275.6525304211908	-3237.600447110052	-0.006454169147073641	-0.030336971569694615	0.0
8062000.0	-59.37850433103434	-276.1841088444318	-3236.942341192504	-0.006447961517362266	-0.030363178223368648	0.0
8074000.0	-49.90229733473772	-276.6294144137455	-3236.93643320436	-0.00644279502890821	-0.03038883949421778	0.0
8085000.0	-48.39387017992908	-277.12117122034334	-3236.4450841519006	-0.006678486327558186	-0.030419102828805444	0.0
8096000.0	-49.887229828023614	-277.55577869647885	-3236.1699228245593	-0.006574486067370655	-0.030458189804944746	0.0
8107000.0	-59.372669934935935	-278.0028036713916	-3235.664435710956	-0.006426733897289427	-0.03046039228707953	0.0
8119000.0	-38.829323523361914	-278.4505307921011	-3235.6505950093124	-0.0064219511643207605	-0.030486808481844263	0.0
8131000.0	-59.36881997680886	-278.9449508854105	-3234.920982446403	-0.006655633721215692	-0.03051711863056006	0.0
8143000.0	-38.76580947990601	-279.4277134308715	-3235.1188525088096	-0.006410583635014011	-0.030538536426873764	0.0
8155000.0	-49.815172870380216	-279.91586482689246	-3234.384924822	-0.006404793332880687	-0.030564729496716958	0.0
8166000.0	-59.36976635880087	-280.39824730437357	-3234.137130427948	-0.006639888701837404	-0.030596217667920755	0.0
8177000.0	-59.36494619701815	-280.8564553599096	-3233.761980763764	-0.006535105463283175	-0.030634267521605474	0.0
8188000.0	-59.37342822354424	-281.314004252452	-3233.3635671738425	-0.006389888728122295	-0.03063694584138399	0.0
8199000.0	-59.37341028914708	-281.75620062909394	-3233.215106303483	-0.006625191254402196	-0.030668683542384945	0.0
8210000.0	-49.76201738501027	-282.2175673437834	-3232.969304669794	-0.0065198235466339405	-0.03070673992443207	0.0
8221000.0	-49.75710589046207	-282.6340281821236	-3232.522075402798	-0.006374887517506256	-0.030709433362200445	0.0
8232000.0	-48.192898496592306	-283.12693893373427	-3232.3986268101685	-0.006609882492029873	-0.030741684844689865	0.0
8243000.0	-59.37597773980716	-283.5569840560045	-3231.86748628954	-0.006504549356665668	-0.030779446363713547	0.0
8254000.0	-38.65182781713414	-283.9746434627311	-3231.812001520279	-0.0063607088711244986	-0.03078182169229271	0.0
8265000.0	-59.37989538798032	-284.4660589408769	-3231.30497861496	-0.0065946730475282545	-0.03081468839527668	0.0
8276000.0	-48.133877563876844	-284.8774878731968	-3231.030790823205	-0.006489633603073419	-0.030852476893247438	0.0
8287000.0	-59.37393276064093	-285.35513607863254	-3230.6680660014185	-0.006345666074545564	-0.030854283376006264	0.0
8298000.0	-59.37751868536608	-285.7967460134843	-3230.136376891049	-0.00657732645694542	-0.030887388375628544	0.0
8309000.0	-48.09294865836714	-286.20120349139603	-3230.160405139151	-0.0064753935777379645	-0.030925950746083397	0.0
8321000.0	-36.91537203730338	-286.68077407290986	-3229.8976374482245	-0.006470911863168394	-0.03095302679663192	0.0
8332000.0	-48.19875524153315	-287.1639077720758	-3229.3817154225508	-0.006325768358131478	-0.03095477356485321	0.0
8343000.0	-59.384149216850425	-287.59417927796113	-3229.073234391846	-0.00655811703393383	-0.030988515903270786	0.0
8354000.0	-49.639221270441304	-288.05277678411977	-3228.8437825140295	-0.0064549168990405414	-0.031026042477591664	0.0
8365000.0	-48.16422701355767	-288.4791140102921	-3228.472254510724	-0.006312191904586428	-0.031028180981735876	0.0
8376000.0	-59.38326453592367	-288.9193136064728	-3227.879740820814	-0.006541335256322944	-0.03106151240873356	0.0
8387000.0	-59.390431030771275	-289.3562961933183	-3227.787409765031	-0.006440001503479009	-0.0310992936540182	0.0
8398000.0	-59.38498182008834	-289.7848647689454	-3227.434929810514	-0.0062977298188753306	-0.031101057652063724	0.0
8409000.0	-59.38650791920137	-290.215702785597	-3226.92865173917	-0.006526960608728483	-0.031135179336561625	0.0
8421000.0	-48.093182595604354	-290.6505961134532	-3226.9049489023328	-0.006523557697435067	-0.031162248812193427	0.0
8432000.0	-59.39110588022421	-291.115216217791	-3226.4071089167915	-0.006420160010445319	-0.031199220716639053	0.0
8443000.0	-59.38540053046396	-291.54760639017104	-3226.144972208141	-0.0062783994037977076	-0.031200668638484363	0.0
8454000.0	-59.38644085510813	-291.97436231688215	-3225.6398082821847	-0.006506606932530468	-0.03123526994332282	0.0
8465000.0	-59.393084466643565	-292.40602232501595	-3225.4596103317276	-0.006406089825156003	-0.03127284120773466	0.0
8476000.0	-59.387092960146674	-292.8335107474264	-3225.1977267363004	-0.006264694344171873	-0.031274143866743875	0.0
8487000.0	-59.39246261316661	-293.2626784148675	-3224.78860279044	-0.006492747648872088	-0.031309061857163645	0.0
8498000.0	-59.39739684043915	-293.70076445703137	-3224.523431217996	-0.006393006018943881	-0.03134653737255333	0.0
