10000.0	-0.760017120799275	-1.4099853144780687	0.32488696512846277	-0.0021568643544534042	0.0026366656644533836	-0.08076140835437505	-1.9435821672796842e-05	3.3985069401900164e-07	0.04086615504886207
20000.0	-0.7600360445348554	-1.409966922071948	0.3235096199026271	-0.0016552610809702222	0.0009334853405030386	-0.1854808713526594	-4.9212709343243014e-05	1.6952623205571133e-06	0.08496515875645418
30000.0	-0.7600505860329385	-1.4099481614592517	0.3211699044615216	-0.0013381309285755577	0.0026172379395248526	-0.2739406129380302	-9.021146974235348e-05	2.6537233087503043e-06	0.11619341348856756
40000.0	-0.7600626810195517	-1.4099346512486615	0.3178379477653598	-0.0011442862787906132	0.0027787605554469436	-0.3696919580205872	-0.00012159993513558332	-1.7344088328411428e-06	0.137786565711838
50000.0	-0.7600740050910153	-1.4099197794433527	0.31354383529369423	-0.0011349987360700644	1.8294871484629275e-05	-0.4802072424535455	-0.00016395603101758947	-1.114400116730372e-05	0.15261775043460946
60000.0	-0.7600874841154036	-1.410498859418148	0.3125463069138783	-0.0010503345546457512	-0.06774418053762592	-3.539985906121784e-06	0.000925922754103237	-4.310838371551272e-05	0.1625394306919618
70000.0	-0.760092742481129	-1.4113939024893465	0.3125462734344425	-8.687137024863893e-05	-0.1064721038437716	-2.9206006929606514e-06	0.0032000921058187443	-4.327491004520047e-05	0.16884458317436962
80000.0	-0.7600865183951003	-1.4126581516428482	0.3125462391449196	0.0013658407912629153	-0.14394212782192609	-3.73867338262117e-06	0.006620092844606145	-4.328409289161788e-05	0.17266382684296258
90000.0	-0.7600639498973036	-1.4142863718819512	0.31254620508392716	0.0030415491032897528	-0.1779478022440534	-3.522336533417454e-06	0.011185787495027407	-4.321752994715635e-05	0.17472521289772042
100000.0	-0.7600201568413234	-1.4162813581044396	0.3125461716423171	0.005462432008571905	-0.21617539097467806	-2.913990471898091e-06	0.01690435621547048	-4.310807723797563e-05	0.17553759741236907
110000.0	-0.7599511238457379	-1.4186403479235947	0.3125461373851926	0.008223313636059682	-0.2531931123121818	-3.741446993900244e-06	0.023777750305555005	-4.299165463235588e-05	0.1755331478249068
120000.0	-0.7598535691833553	-1.4213577685772985	0.3125461033725473	0.011035727111102766	-0.2865971106326861	-3.5085208682783455e-06	0.03179955325294501	-4.2880666081531175e-05	0.17498938637577371
130000.0	-0.7597242418016991	-1.4244356906935136	0.31254606996899936	0.014450262638258502	-0.32419737202977944	-2.9168014188855086e-06	0.04097048928289512	-4.277845792739386e-05	0.17410073332537743
140000.0	-0.759560430367158	-1.4278711286997554	0.31254603575529605	0.01809406013967441	-0.3605655769247099	-3.7436684542944667e-06	0.05128798074868031	-4.269377348910641e-05	0.17302246698974288
150000.0	-0.7593596840059442	-1.431657709419607	0.31254600180752584	0.021695176522023175	-0.3931646935986527	-3.495749876162558e-06	0.0627405489657399	-4.262641992265945e-05	0.1718537532807583
160000.0	-0.7591200160499006	-1.4357983802138075	0.3125459684485306	0.02577483663204782	-0.43014945742017024	-2.9112039931809946e-06	0.07532867793879996	-4.257524334402962e-05	0.1706645103792314
170000.0	-0.7588400456296005	-1.440290266744308	0.3125459342648419	0.029903415863228595	-0.46595036070826107	-3.739335544631243e-06	0.0890482753985462	-4.2539369376540775e-05	0.16950299071116232
180000.0	-0.7585188132168337	-1.4451273055131721	0.312545900348943	0.03392756777458119	-0.49792404663661705	-3.4889397018629996e-06	0.10388730255242191	-4.251661944174737e-05	0.168399553994891
190000.0	-0.7581549945537039	-1.4503122593305755	0.3125458670239773	0.03835311005528866	-0.5342982501561994	-2.9091251668358287e-06	0.1198445644954547	-4.2506766512852494e-05	0.1673760260193763
200000.0	-0.7577479339872787	-1.4558417923042357	0.31254583288431403	0.04271610560805845	-0.569426211392639	-3.734867812630966e-06	0.13691373522251796	-4.250600494728426e-05	0.16644115644708588
210000.0	-0.7572971483575963	-1.4617103757892065	0.31254579900443125	0.046986926567826014	-0.6008426379065478	-3.4880592571557978e-06	0.15508346919648835	-4.251263607487478e-05	0.16560005820020354
220000.0	-0.7568018501667818	-1.4679203700717525	0.3125457657159244	0.05159524846239182	-0.6365166261907024	-2.907002490237134e-06	0.17435133486819598	-4.252783062095605e-05	0.16485685719296525
230000.0	-0.7562618115468484	-1.4744685166093867	0.31254573161861754	0.0560457702482817	-0.6709561180272919	-3.7286977313181844e-06	0.19471057959541765	-4.254727762089897e-05	0.16420720401203767
240000.0	-0.7556768060737615	-1.4813494750405578	0.31254569777766184	0.06046205776568176	-0.7017880516761996	-3.4848678000124712e-06	0.2161501910017545	-4.257007217353312e-05	0.1636479653237413
250000.0	-0.7550463277411423	-1.4885653850635179	0.31254566452399685	0.06516623083066468	-0.7368792258008532	-2.9087884841547404e-06	0.23866691119297706	-4.259820264585393e-05	0.16317745852815121
260000.0	-0.7543704309051108	-1.4961132010106504	0.3125456304694908	0.06962639449037504	-0.7706229978887177	-3.721761431848681e-06	0.26225483192124754	-4.262770100284266e-05	0.1627881835477322
270000.0	-0.7536489464169991	-1.5039873977439897	0.3125455966694918	0.07413990864737234	-0.8008290464562736	-3.481440059204833e-06	0.2869022011683464	-4.2658211779542915e-05	0.16247512841904665
280000.0	-0.7528815018372691	-1.5121904873471945	0.3125455634599741	0.07889575296787453	-0.8353236198438538	-2.900451132033403e-06	0.31260665359161777	-4.2692021630784075e-05	0.16223526731328305
290000.0	-0.7520682996144147	-1.5207193533854055	0.3125455294407721	0.08334720689703157	-0.8684067429939678	-3.7162022491148137e-06	0.3393623707692953	-4.2725730382455507e-05	0.16206138903497047
300000.0	-0.751209148369685	-1.5295684408739876	0.31254549567982	0.08792679899102333	-0.8980442841283376	-3.476245193425105e-06	0.3671573150910843	-4.2759260900841054e-05	0.16194878542507637
310000.0	-0.7503037346888478	-1.5387404820809132	0.31254546250984927	0.09272084815420051	-0.9319516802020195	-2.8966139167434828e-06	0.3959900163221847	-4.279492567999325e-05	0.1618946199961965
320000.0	-0.749352331054807	-1.5482320993273384	0.3125454285351982	0.0971722639091784	-0.9644200114269917	-3.7126532147864933e-06	0.42585392669731686	-4.282985436116711e-05	0.16189292572068417
330000.0	-0.7483546832777047	-1.5580382949137783	0.3125453948106384	0.10179447182578119	-0.9935399915462596	-3.475385135165665e-06	0.4567385345827446	-4.286409415851542e-05	0.16193988675880022
340000.0	-0.7473105084179029	-1.5681615075385762	0.3125453616781234	0.10662523349698094	-1.0268047192653043	-2.8932277778357902e-06	0.48864193600979616	-4.2899839390253414e-05	0.16203326940053073
350000.0	-0.7462200706235208	-1.5785985036907253	0.31254532774486415	0.11106932338010944	-1.0586651328247718	-3.7076165280772546e-06	0.5215577559153565	-4.293466111686407e-05	0.16216841948345592
360000.0	-0.7450830296032619	-1.5893444685467124	0.3125452940596624	0.1157513979215608	-1.0872546074449865	-3.47284470061365e-06	0.5554761842618531	-4.296864532662647e-05	0.16234243351649116
370000.0	-0.7438990308005664	-1.600401569827109	0.3125452609641011	0.12063375400645629	-1.1199937938917623	-2.8945925457314152e-06	0.5903945226771724	-4.300382403445993e-05	0.1625537082219914
380000.0	-0.7426683358407016	-1.6117667510644575	0.31254522708025	0.12511487546389705	-1.15118406505463	-3.695661353287726e-06	0.6263073277265451	-4.3038116867578756e-05	0.16279870914867287
390000.0	-0.741390557192651	-1.6234353479067152	0.3125451934331653	0.12984262885229028	-1.1792720481726238	-3.4727021478093417e-06	0.6632049302291226	-4.307159874037715e-05	0.1630752945890479
400000.0	-0.7400653283259325	-1.6354096770817856	0.3125451603845112	0.13478385375307508	-1.2114748145869165	-2.885330172428164e-06	0.7010852491242626	-4.3106133436206715e-05	0.16338237908552156
410000.0	-0.7386929043655528	-1.64768655250731	0.3125451265412501	0.1393114097612078	-1.2420420106239485	-3.6861904402906784e-06	0.7399426206241801	-4.313989802516151e-05	0.16371728153087498
420000.0	-0.7372728704926707	-1.6602610450127702	0.3125450929311617	0.14408801084904585	-1.269622699596908	-3.472810431411387e-06	0.7797664277737127	-4.317293473499759e-05	0.16407844280061853
430000.0	-0.7358048297165577	-1.6731359245047832	0.31254505992353143	0.14909521815319848	-1.3012968284260276	-2.8815616637992925e-06	0.8205559461261732	-4.320698563311663e-05	0.1644651734787433
440000.0	-0.7342890230201292	-1.6863077609270518	0.3125450261283932	0.1536756956459547	-1.331307300620964	-3.6813809426707986e-06	0.8623050639739637	-4.324039179168864e-05	0.16487542470595873
450000.0	-0.7327250135902295	-1.699772079279593	0.3125449925536517	0.15850889602411738	-1.3583652229895133	-3.4726435163445674e-06	0.9050044441471429	-4.327318285174633e-05	0.1653080650443498
460000.0	-0.7311123599507008	-1.7135312237710534	0.31254495958676975	0.1635897888529693	-1.3894984923861748	-2.878085534194201e-06	0.9486521002878081	-4.33069821868865e-05	0.165762697952932
470000.0	-0.7294512973397232	-1.7275818569583081	0.31254492583764604	0.16823126409867487	-1.4189104494688174	-3.6727076516076664e-06	0.993242336597778	-4.334026161228597e-05	0.16623773633050432
480000.0	-0.7277413664320436	-1.7419196865288114	0.3125448923005093	0.1731271483165887	-1.4454932671682321	-3.4722454472462373e-06	1.0387661921543518	-4.337257085794247e-05	0.16673203082079324
490000.0	-0.7259820878980424	-1.7565470670898025	0.31254485937467114	0.17828860828830762	-1.476104509295971	-2.8744596653814086e-06	1.085221866355836	-4.340552243371928e-05	0.1672449390045321
500000.0	-0.7241736911532983	-1.7714610169986802	0.3125448256717423	0.18299798142380666	-1.5049751751418938	-3.664586384472193e-06	1.1326047772893717	-4.343835357543052e-05	0.16777558706663828
510000.0	-0.7223156898352172	-1.7866571875663257	0.3125447921738442	0.18796293373084763	-1.5311730906621486	-3.4726619778674636e-06	1.1809056834703542	-4.3471053752888355e-05	0.16832355894311057
520000.0	-0.7204075650148827	-1.8021382577457759	0.31254475928511793	0.19321277650312702	-1.5613082001286185	-2.875139206657022e-06	1.2301240165538982	-4.350480844757077e-05	0.16888884876979393
530000.0	-0.7184495298546542	-1.817900879885751	0.3125447256310201	0.1979985942525639	-1.5895866541680963	-3.6565708034322307e-06	1.2802543996537523	-4.3538384014151826e-05	0.16947062279915132
540000.0	-0.7164410766335852	-1.8339411750852814	0.3125446921717442	0.20304107322741854	-1.6153729483461012	-3.471922336913241e-06	1.3312883918024627	-4.357178408038241e-05	0.1700684981482298
550000.0	-0.7143816419670364	-1.8502613977736049	0.31254465932431363	0.20838711888746922	-1.645019016936409	-2.8713547859222545e-06	1.383224593862221	-4.360616674961293e-05	0.17068248542510495
560000.0	-0.7122714337694563	-1.8668585159074986	0.3125446257150959	0.21325605779793283	-1.6728037081629679	-3.646392323276702e-06	1.436058389341914	-4.3640368378951924e-05	0.1713118505307225
570000.0	-0.7101099174142602	-1.8837286219736413	0.31254459229532	0.21838339954691038	-1.6981525981091703	-3.470938247843452e-06	1.4897815429443892	-4.3674378633555284e-05	0.1719562737085566
580000.0	-0.7078964900240143	-1.9008743305832614	0.3125445594964236	0.22383333905198738	-1.7273681722781704	-2.860922986687881e-06	1.544393441246789	-4.370937196763857e-05	0.17261580569213952
590000.0	-0.7056313464256591	-1.918292538037367	0.31254452592615256	0.22879337134379715	-1.7546651614841027	-3.6387983896441548e-06	1.5998895871673628	-4.374419739507483e-05	0.17328980836672683
600000.0	-0.7033139286383572	-1.9359793018097209	0.31254449254538064	0.23401310435276165	-1.7796249995617113	-3.4691516390454177e-06	1.656261411394464	-4.377884881044232e-05	0.1739780292767921
610000.0	-0.7009435910479411	-1.9539374365347044	0.31254445978938583	0.23957480739876746	-1.8084179471495248	-2.856193164111133e-06	1.7135091303611363	-4.381449173231273e-05	0.17468055680281672
620000.0	-0.69852051730061	-1.97216391408257	0.31254442626715107	0.2446336091661907	-1.8353169922399244	-3.6357789062495265e-06	1.7716284123551926	-4.384998485785493e-05	0.1753968351296004
630000.0	-0.6960441217970511	-1.9906553399026705	0.3125443929250919	0.2499539710064716	-1.859950244973487	-3.4689796174965754e-06	1.8306122962553164	-4.388533888434533e-05	0.17612666131051008
640000.0	-0.6935137128539598	-2.00941398876781	0.3125443602066861	0.2556359474630531	-1.8883278302941822	-2.85675974817048e-06	1.8904596950056063	-4.392168558233729e-05	0.17687015696648675
650000.0	-0.6909294656909551	-2.028436865468235	0.31254432673218924	0.2608018683068714	-1.914749641686087	-3.626344607111414e-06	1.9511663544109816	-4.3957896532957505e-05	0.17762683608308097
660000.0	-0.6882907723705877	-2.047720726307331	0.3125442934305535	0.2662301744306782	-1.939012162013474	-3.4668718425138232e-06	2.012725591314796	-4.39939855603839e-05	0.17839653889073867
670000.0	-0.6855968971891334	-2.067268276701589	0.31254426076265507	0.2720403091617851	-1.9670345284180435	-2.845132127153663e-06	2.0751376161063417	-4.403109756822005e-05	0.1791794087793687
680000.0	-0.6828480017192252	-2.0870765197789583	0.3125442273298203	0.2773213916929606	-1.9931141839981066	-3.6235412735661566e-06	2.1383983305170156	-4.406808237941403e-05	0.17997500670590222
690000.0	-0.6800434553971008	-2.107141913872801	0.31254419406692624	0.28286537636302983	-2.01703843939721	-3.466378518356057e-06	2.202500236007126	-4.410494302433348e-05	0.1807832070876834
700000.0	-0.6771824836831538	-2.1274671671043723	0.31254416143701697	0.2888108455438672	-2.044673390699529	-2.8456839961675043e-06	2.2674435306300804	-4.4142851458095794e-05	0.1816041755489858
710000.0	-0.674265242730702	-2.1480492658584516	0.31254412805187987	0.2942134513428055	-2.070306935412562	-3.6144846377621843e-06	2.3332241867589407	-4.4180631669106196e-05	0.18243751330174518
720000.0	-0.6712910813048897	-2.1688849013795055	0.31254409483047996	0.2998794246285866	-2.09388711066812	-3.4647213670752124e-06	2.399835274332855	-4.421829064895255e-05	0.1832831168894761
730000.0	-0.6682591863829265	-2.1899767017382428	0.3125440622433332	0.3059667484961471	-2.121150346272503	-2.841661679730408e-06	2.4672767541243505	-4.425701443646565e-05	0.1841411651167387
740000.0	-0.6651697161897976	-2.2113212212528492	0.31254402890336574	0.3114963097009591	-2.146350521108178	-3.607920066677806e-06	2.535543512061129	-4.429559069684928e-05	0.1850112928660337
750000.0	-0.6620220028141652	-2.232915618838827	0.31254399572245445	0.3172896267988927	-2.1695972095303557	-3.4621579450859496e-06	2.6046296694608184	-4.433406664182411e-05	0.18589341545017352
760000.0	-0.6588151975184668	-2.2547623122567937	0.31254396318586924	0.3235238412589114	-2.1964782276191364	-2.8300819691581715e-06	2.6745349720415272	-4.437359849154563e-05	0.1867877155764733
770000.0	-0.6555494522737442	-2.276858293471196	0.3125439298876139	0.32918683118109693	-2.2213450098322665	-3.605198328201673e-06	2.7452553159196977	-4.4412992649166316e-05	0.18769384813509796
780000.0	-0.65222407999955	-2.2992007027500256	0.3125438967467271	0.33511354874950333	-2.244286304992812	-3.4613063878734873e-06	2.8167849424983116	-4.4452279397934314e-05	0.18861173652138807
790000.0	-0.648838191055132	-2.321792040785777	0.3125438642527126	0.3415011268194782	-2.2707756085809687	-2.8245861651413665e-06	2.889124053301663	-4.4492633650733053e-05	0.18954156402975197
800000.0	-0.6453919339428541	-2.3446291814990965	0.3125438309996445	0.3473034715561716	-2.295274220678828	-3.599192499358295e-06	2.9622680734489113	-4.4532825497009447e-05	0.19048300346781483
810000.0	-0.6418846100358021	-2.3677090326641443	0.31254379789939596	0.3533687480243814	-2.317871984946078	-3.4591880321600986e-06	3.036210601105393	-4.457289077151189e-05	0.19143599154535249
820000.0	-0.6383152934770006	-2.391034316307615	0.3125437654459558	0.3599157690408149	-2.3440611383301944	-2.8251538880121017e-06	3.110952238063434	-4.46140579162694e-05	0.19240071937909267
830000.0	-0.6346841314611562	-2.414601837953049	0.31254373224145443	0.36586158001206487	-2.3681319660170623	-3.5930387105682377e-06	-3.096696471660601	-4.465503107485244e-05	0.19337686911839194
840000.0	-0.6309904062606903	-2.438408835484882	0.31254369918305747	0.3720712125958922	-2.3904310538280815	-3.4570554656746766e-06	-3.0203709360511186	-4.469588460238818e-05	0.1943643851568115
850000.0	-0.6272331523716783	-2.4624580278749506	0.31254366677346895	0.37878325916227057	-2.416292826128386	-2.8208900533552793e-06	-2.943255536195568	-4.473784663883998e-05	0.19536345515578496
860000.0	-0.6234125199121381	-2.486746037132061	0.31254363361374293	0.3848791227792945	-2.4400199964194713	-3.5847244292269355e-06	-2.8653549995326517	-4.477959713141373e-05	0.1963737754381045
870000.0	-0.6195277762527722	-2.5112701086471323	0.3125436005979405	0.39123772877425084	-2.4619896621012978	-3.454735605539736e-06	-2.786675090153062	-4.482120287678362e-05	0.1973952946281935
880000.0	-0.6155779163627226	-2.5360331865488828	0.3125435682409058	0.39812039140907396	-2.4875359151774252	-2.807678589317443e-06	-2.7072145718618152	-4.486394692688298e-05	0.1984282037474554
890000.0	-0.6115630963966777	-2.561032072818854	0.31254353512287486	0.4043724529427803	-2.5109788176310324	-3.5824121913190448e-06	-2.626977388735717	-4.490645129785842e-05	0.19947219878085476
900000.0	-0.6074825864902034	-2.5862641408470526	0.31254350214938276	0.41088583563288694	-2.532699879933613	-3.4530745724114807e-06	-2.5459690502562995	-4.4948795679062335e-05	0.2005272226081698
910000.0	-0.6033353926023742	-2.6117319850335283	0.3125434698385975	0.4179130080433873	-2.5578628347046126	-2.803555875455184e-06	-2.4641888758404566	-4.499220649446531e-05	0.201593439403842
920000.0	-0.5991216391150265	-2.637432465893245	0.3125434367697182	0.42434148350212963	-2.5809703949283103	-3.5793632854400854e-06	-2.3816409300876025	-4.503530210136986e-05	0.20267053167306948
930000.0	-0.594840566148363	-2.6633630092786755	0.31254340383932194	0.43101881798168723	-2.6024153689853198	-3.451726671859902e-06	-2.2983307358847105	-4.5078191362791916e-05	0.20375842450230713
940000.0	-0.5904911944183561	-2.6895257378085917	0.3125433715783843	0.43819618925650017	-2.6271724617844843	-2.7945373282144636e-06	-2.2142586324836304	-4.512210574889469e-05	0.20485727412995558
950000.0	-0.586073573338033	-2.715917971942297	0.31254333855283145	0.44480593181138467	-2.6499968029372107	-3.5747163608249617e-06	-2.129427746187084	-4.5165730037537304e-05	0.2059667800952622
960000.0	-0.5815869454413107	-2.7425372775802157	0.3125433056651592	0.4516541571009078	-2.6711696732252883	-3.4498464428604975e-06	-2.0438428384635166	-4.520915501264191e-05	0.20708687535487197
970000.0	-0.5770302864461416	-2.769386176564664	0.31254327346005634	0.45900405321567245	-2.695637051637419	-2.779873039489731e-06	-1.9575030839388932	-4.525363550900141e-05	0.20821771751898127
980000.0	-0.5724036559954382	-2.796461663207409	0.3125432404751788	0.4657930385601057	-2.7182129230286516	-3.574141119802308e-06	-1.8704124665343538	-4.529779959750243e-05	0.20935901951906324
990000.0	-0.5677062755477157	-2.8237613251472733	0.31254320762842647	0.47281361317106363	-2.7391364758110437	-3.449337565847243e-06	-1.7825757564365428	-4.534178074890733e-05	0.210510727122238
1000000.0	-0.5629371456874901	-2.851287364927435	0.31254317547085475	0.4803225456075236	-2.763179655238132	-2.770862630490284e-06	-1.693992648586718	-4.5386810004291995e-05	0.21167300422575586
1010000.0	-0.5580962401957648	-2.8790371099243584	0.31254314252946497	0.4873029094165468	-2.785486639191469	-3.5713828206313396e-06	-1.6046667586687868	-4.543154474244641e-05	0.21284558076032187
1020000.0	-0.5531827975980759	-2.907008214742961	0.31254310972441274	0.4945022476630024	-2.8061589407185363	-3.448003117962523e-06	-1.514602372575807	-4.547610200966e-05	0.21402840976244047
1030000.0	-0.5481958245590348	-2.935202616548009	0.3125430776135954	0.5021732958717544	-2.8298816881172524	-2.7657975747396264e-06	-1.4237999135492336	-4.552171051123822e-05	0.21522165748355218
1040000.0	-0.5431352467710294	-2.9636179435561623	0.3125430447171203	0.5093539899799422	-2.8519075775651057	-3.5669171484712007e-06	-1.3322620182773475	-4.5567030544913894e-05	0.2164250652772701
1050000.0	-0.5380003538839871	-2.9922512023772367	0.312543011953819	0.5167344116531797	-2.872265364108014	-3.4464718780790284e-06	-1.239994779538538	-4.5612111286725315e-05	0.21763858937563282
1060000.0	-0.5327900770604187	-3.021105087140683	0.31254297989233143	0.5245765360088378	-2.895661182253376	-2.7571999543384736e-06	-1.146996713132715	-4.5658314699175006e-05	0.21886240124005674
1070000.0	-0.5275043627539967	-3.0501767361588046	0.312542947039072	0.5319543321240979	-2.9173974493108337	-3.5639860509705694e-06	-1.0532716318002961	-4.570418501395e-05	0.22009624647748913
1080000.0	-0.5221424580031598	-3.079463682342334	0.31254291431799897	0.539520657433132	-2.937517965751442	-3.445046374147891e-06	-0.9588242524081927	-4.5749844077319614e-05	0.22134008512266373
1090000.0	-0.5167033207571415	-3.1089681376444793	0.31254288231094696	0.5475523816682426	-2.9605919342195843	-2.742808311703042e-06	-0.8636541727720713	-4.5796593475554534e-05	0.22259408435558892
1100000.0	-0.5111868557714508	-3.1386877489091884	0.31254284949572353	0.5551173969702302	-2.9820450072483147	-3.5609521169453475e-06	-0.7677638786996047	-4.584302752105918e-05	0.22385799638426893
1110000.0	-0.5055922925429412	-3.168619891819193	0.31254281681657536	0.5628747702086475	-3.001928635714001	-3.442952578305407e-06	-0.6711585907758764	-4.58892443951162e-05	0.22513178168090672
1120000.0	-0.4999186180225184	-3.1987665639195995	0.3125427848591121	0.5710849884374671	-3.0246603715721787	-2.7338845443107773e-06	-0.5738381332405401	-4.5936519344496236e-05	0.22641560410001366
1130000.0	-0.49416567346730494	-3.2291255602550297	0.31254275209008586	0.5788603971078077	-3.0459007949404673	-3.560573536003399e-06	-0.4758050308061073	-4.598347973909799e-05	0.22770922380939476
1140000.0	-0.48833271572448317	-3.2596944871854543	0.31254271945031004	0.5868043768175039	-3.0654931705010737	-3.441308075408721e-06	-0.3770634138015946	-4.6030233915094933e-05	0.22901260233400367
1150000.0	-0.48241869121467784	-3.2904752440272342	0.3125426875431954	0.5952009654676202	-3.0879180431900934	-2.724018726440483e-06	-0.277613543595994	-4.607805118000861e-05	0.23032590021429725
1160000.0	-0.47642345124556396	-3.3214654688306458	0.3125426548169639	0.6031814686338084	-3.1088899595942356	-3.5576754381537783e-06	-0.17745825731701656	-4.612550953933621e-05	0.23164888133384895
1170000.0	-0.470346241443018	-3.352662790887187	0.31254262221922297	0.6113206021462521	-3.1282278329528213	-3.4396624537922108e-06	-0.07660175678976627	-4.617276348805373e-05	0.2329815114591028
1180000.0	-0.46418600981502345	-3.3840690580900805	0.31254259036162585	0.6199041639194567	-3.1503229745508565	-2.7150119258199247e-06	0.024955724167397497	-4.6221084371440705e-05	0.23432395065762587
1190000.0	-0.457942541363682	-3.4156823390538245	0.3125425576795785	0.628095758331534	-3.171063536171473	-3.5550590066792287e-06	0.12721242489925966	-4.626906618266992e-05	0.23567596714723302
1200000.0	-0.45161510049842746	-3.4475000873917008	0.3125425251259935	0.6364392905728026	-3.1902231283297953	-3.438945567237888e-06	0.2301637155722292	-4.63168178088188e-05	0.23703752426250013
1210000.0	-0.4452026300125473	-3.4795243415791135	0.3125424933144068	0.6452079857068828	-3.2120065519921845	-2.7101116265640974e-06	0.3338102590949764	-4.636565816228906e-05	0.2384087794740649
1220000.0	-0.43870489418597114	-3.511752935220842	0.3125424606783117	0.6536168159701655	-3.232466781425501	-3.552234707503446e-06	0.43814960373045964	-4.6414109375424475e-05	0.23978950287426345
1230000.0	-0.43212116157149977	-3.5441832746918904	0.3125424281670311	0.662162509225959	-3.2513808048023876	-3.4372314194536874e-06	0.543176681940645	-4.6462327888700366e-05	0.2411796622711329
1240000.0	-0.4254503736265678	-3.576817346683	0.3125423964051368	0.6711259311202672	-3.2728481699190164	-2.7011316927477544e-06	0.6488922474418886	-4.651164337961821e-05	0.24257941647836162
1250000.0	-0.4186922379313048	-3.609653315982001	0.31254236381218314	0.6797511447907792	-3.2930885992518237	-3.547889544838215e-06	0.7552945734174058	-4.656059269715944e-05	0.24398854104658518
1260000.0	-0.41184601295007106	-3.6426888018232657	0.31254233134519344	0.688505122798881	-3.3117918242056956	-3.4355924084580773e-06	0.8623796068063129	-4.660930201737295e-05	0.24540700043291575
1270000.0	-0.4049105935265556	-3.6759259822428345	0.3125422996400756	0.6976879442794346	-3.333040337693648	-2.685736845003844e-06	0.9701485145580685	-4.665913027655705e-05	0.2468349476443205
1280000.0	-0.3978857161228934	-3.7093627856710905	0.31254226708835975	0.7065286919198126	-3.3530903874586064	-3.5474056153473113e-06	1.0785991042192766	-4.6708549066698806e-05	0.24827215874925138
1290000.0	-0.3907706179606615	-3.7429969384573663	0.3125422346612594	0.7154897846475793	-3.3715529865193545	-3.4332021387572817e-06	1.1877276109087442	-4.675774947942707e-05	0.2497186024160146
1300000.0	-0.3835642258712661	-3.7768300699415587	0.3125422030064276	0.7248750514400882	-3.392499486726552	-2.67675570362658e-06	1.2975337798909732	-4.680801776448883e-05	0.25117443159087377
1310000.0	-0.3762662452213475	-3.8108602052349374	0.31254217049839095	0.7339378006553899	-3.4123021110704816	-3.5445826897979128e-06	1.4080153831573872	-4.685788657659557e-05	0.25263943505764297
1320000.0	-0.3688758861540729	-3.8450852630501307	0.31254213811639164	0.7431180467032258	-3.4306016162778343	-3.432382446105103e-06	1.5191691078474223	-4.6907565035330255e-05	0.25411358704685116
1330000.0	-0.36139210994785864	-3.87950682843757	0.3125421065098909	0.7527052808211777	-3.4512067539685924	-2.6675951189446594e-06	1.6309952369196672	-4.6958310243532775e-05	0.25559703779264303
1340000.0	-0.3538145428381124	-3.914123136213928	0.3125420740465212	0.7619951985661195	-3.4707983833812603	-3.5420382471027477e-06	1.7434915740934112	-4.700866258222028e-05	0.25708957925791076
1350000.0	-0.3461424540392115	-3.9489317889682534	0.31254204170718297	0.7713906884474816	-3.4888643211259525	-3.4305235247889136e-06	1.8566542320837884	-4.7058787387484995e-05	0.2585911854076311
1360000.0	-0.338374759452223	-3.983934553189136	0.3125420101488902	0.7811856580753871	-3.509226129445854	-2.6629637958016504e-06	1.9704838255894408	-4.7110013985644085e-05	0.26010200809706086
1370000.0	-0.330511056550572	-4.019129867335119	0.312541977731669	0.7907090403423291	-3.528590354732724	-3.5377709682721716e-06	2.0849790481011823	-4.716084517125293e-05	0.26162184013170336
1380000.0	-0.3225506009056242	-4.0545154363758105	0.3125419454373009	0.8003261637834078	-3.546457308681042	-3.4287618169636364e-06	2.2001362843534644	-4.721143490121449e-05	0.2631506518148572
1390000.0	-0.3144923009110682	-4.090092915400599	0.3125419139353637	0.8103509849458161	-3.566587583440517	-2.648405523277664e-06	2.3159558359610104	-4.72631217371529e-05	0.2646885919669632
1400000.0	-0.3063357655526548	-4.12586070928993	0.3125418815569694	0.8200941575682227	-3.5857127765628634	-3.534829309553698e-06	2.432436399722824	-4.7314405700244796e-05	0.2662354577045072
1410000.0	-0.29808022845952853	-4.161816444915553	0.3125418493059836	0.8299363475252627	-3.6033793766124966	-3.426261124064175e-06	2.549573960562836	-4.7365455821154826e-05	0.2677912237899604
1420000.0	-0.2897245879452838	-4.197961886798544	0.31254181785617285	0.8401809758472585	-3.623254452302194	-2.6382545592642284e-06	2.6673694382057005	-4.741760804462821e-05	0.269356037830047
1430000.0	-0.281268450673617	-4.234295254739241	0.312541785524921	0.8501656685389899	-3.642204533235403	-3.5344460980434974e-06	2.7858208108876683	-4.7469325023767593e-05	0.2709297009912057
1440000.0	-0.2727110542141991	-4.270814375227244	0.31254175331432343	0.8602255003036846	-3.659617267160658	-3.4242495402589506e-06	2.9049248547235247	-4.7520831703025195e-05	0.2725121913044124
1450000.0	-0.2640513072210277	-4.307520618202418	0.3125417219151583	0.8706885567542126	-3.6792081357210877	-2.6291664320408443e-06	3.024681279690539	-4.7573421471402545e-05	0.274103657131473
1460000.0	-0.2552887454043699	-4.344412661054489	0.31254168962925705	0.8809118325646207	-3.697957016403793	-3.5319215272701365e-06	-3.138096059749857	-4.7625609726787986e-05	0.275703905334251
1470000.0	-0.2464226355544589	-4.381488152554476	0.3125416574645302	0.8912064377302524	-3.715215251644848	-3.423282815675415e-06	-3.0170401906209814	-4.76775654497466e-05	0.2773129122073774
1480000.0	-0.23745190327791982	-4.418748441898051	0.31254162611426506	0.9018857250709638	-3.7344850339726094	-2.619928328893095e-06	-2.895336291898241	-4.773060311650296e-05	0.27893082403761055
1490000.0	-0.22837605737107403	-4.4561920706115465	0.31254159387284436	0.912346162044546	-3.753002794344702	-3.529101256866499e-06	-2.772986075067906	-4.778321731310419e-05	0.2805574521191782
1500000.0	-0.21919437160106847	-4.493816729815657	0.31254156175195935	0.9228692281434591	-3.770039466534944	-3.4212513996354265e-06	-2.649992942524671	-4.783560561450692e-05	0.28219277622582306
1510000.0	-0.20990573686926223	-4.531623928760795	0.31254153045070243	0.9337721961446418	-3.789083179592735	-2.6154614579362573e-06	-2.5263563385377217	-4.788910841134449e-05	0.2838369419408546
1520000.0	-0.20050966936957465	-4.569612155464646	0.3125414982567526	0.9444751244757548	-3.8073506772001373	-3.526315266847776e-06	-2.4020776884206216	-4.7942148626875085e-05	0.28548975873032456
1530000.0	-0.19100539347614312	-4.607779375480617	0.31254146618073103	0.9552325499597092	-3.8242006367507195	-3.4193089315571625e-06	-2.2771600388059277	-4.799498585722136e-05	0.2871512057804956
1540000.0	-0.18139180789485607	-4.646127026544512	0.3125414349307383	0.9663653846290805	-3.842998869863362	-2.6068568454225187e-06	-2.151602658723902	-4.8048930253566816e-05	0.2888214232452435
1550000.0	-0.17166842751282102	-4.684653459914644	0.31254140278136566	0.97731385692186	-3.8610701130245957	-3.522042628612966e-06	-2.0254075511741223	-4.810240176740094e-05	0.29050022421499483
1560000.0	-0.1618344519723528	-4.723356836268939	0.312541370750777	0.9883097354664568	-3.877724457428658	-3.4166341144087827e-06	-1.8985769796082692	-4.8155676069515796e-05	0.292187588140808
1570000.0	-0.15188876098536316	-4.7622385766792	0.31254133956002744	0.9996906394425885	-3.896310909849178	-2.5903594781877914e-06	-1.771110259021868	-4.8210053471160457e-05	0.2938836520788195
1580000.0	-0.14183085353046845	-4.801297179623705	0.3125413074530696	1.0108834160768119	-3.9142159750507237	-3.5214445001561416e-06	-1.6430089827145702	-4.826395565382942e-05	0.29558823043862253
1590000.0	-0.1316599697005467	-4.840530536958215	0.31254127546360777	1.022108899266252	-3.9306242421069792	-3.4144590200337865e-06	-1.5142759566912016	-4.8317647061517484e-05	0.2973013046361313
1600000.0	-0.12137500057463946	-4.879939774126272	0.3125412443241956	1.0337213310712468	-3.948939949253004	-2.581234536603232e-06	-1.3849115080196437	-4.837243282786621e-05	0.29902301697344214
1610000.0	-0.1109754230500693	-4.9195235034117495	0.31254121226232134	1.0451605883055055	-3.966618920753181	-3.5186044798270103e-06	-1.254916962385417	-4.8426755006574045e-05	0.3007531907961608
1620000.0	-0.1004604812011812	-4.959279629460725	0.3125411803173375	1.056623795172476	-3.9828098452220746	-3.412294793955114e-06	-1.1242950434182175	-4.848087561965648e-05	0.30249181096747946
1630000.0	-0.0898290666790506	-4.999209230320038	0.3125411492295465	1.0684694937184718	-4.000856666021734	-2.5720718037775053e-06	-0.9930460851482599	-4.8536098096646024e-05	0.3042390199899734
1640000.0	-0.07908057969458268	-5.039311290243503	0.31254111721412675	1.080161320131674	-4.018342432004629	-3.516061545900872e-06	-0.8611704676476812	-4.859088153781362e-05	0.30599464171649016
1650000.0	-0.06821429931607764	-5.079583536993209	0.312541085316356	1.0918747342206003	-4.034383485436571	-3.4111523164243515e-06	-0.728671324249486	-4.8645434141617966e-05	0.30775865695241944
1660000.0	-0.05722913126249083	-5.120027031678952	0.31254105427826895	1.1039498594131973	-4.052124351775186	-2.562743879511777e-06	-0.5955485789112779	-4.870108335958435e-05	0.3095312047219515
1670000.0	-0.04612445897702154	-5.1606406126471525	0.3125410223082575	1.1158916681963826	-4.069386014639199	-3.5131993228217185e-06	-0.46180348834072704	-4.875627089348436e-05	0.31131211279361726
1680000.0	-0.034899503632987064	-5.201422397267461	0.31254099045639067	1.1278513708392919	-4.08524370113322	-3.409055552900656e-06	-0.32743800226476244	-4.8811267577818976e-05	0.31310136310845904
1690000.0	-0.023553141247171297	-5.242373581027891	0.31254095946835253	1.1401708323200008	-4.1027986535616625	-2.5590350703218335e-06	-0.19245152877758168	-4.88673795090048e-05	0.31489908807871975
1700000.0	-0.012084791043480002	-5.283492754357928	0.3125409275464255	1.1523721328722216	-4.119846268727462	-3.508955190259235e-06	-0.056845695778291766	-4.892298582711272e-05	0.3167051135525496
1710000.0	-0.0004937018122271632	-5.324777856599939	0.31254089574078836	1.1645767648089822	-4.135484181373356	-3.406825707068635e-06	0.07937692647610071	-4.897836652983478e-05	0.3185194235863957
1720000.0	0.011221262254103508	-5.366230000310992	0.31254086481102616	1.1771505335929597	-4.152801293527464	-2.5435211166813815e-06	0.21621652730712482	-4.903488248149314e-05	0.3203421569427358
1730000.0	0.023060733123721422	-5.407848153069631	0.3125408329290422	1.1895966301120464	-4.16962761817488	-3.505916550673789e-06	0.35367266143991277	-4.909093030549119e-05	0.322173142960796
1740000.0	0.03502545189735987	-5.449630071718355	0.3125408011688361	1.2020525852557344	-4.1850737189454765	-3.4039225103436725e-06	0.49174221706911725	-4.9146752277707406e-05	0.32401236643502157
1750000.0	0.04711657419473513	-5.4915769820516624	0.31254077029330996	1.2148742111091122	-4.202159069672518	-2.5330322322679205e-06	0.6304259781896597	-4.92037101598954e-05	0.32585996297695663
1760000.0	0.05933471548719446	-5.533687654847225	0.31254073846057207	1.2275881505858637	-4.218817860844181	-3.5053495529803876e-06	0.7697227872158351	-4.926016423104838e-05	0.32771576406680475
1770000.0	0.07168062475074811	-5.575960028859418	0.31254070674232365	1.2402849537954765	-4.234020471003625	-3.401529824859587e-06	0.9096302513877549	-4.931641838382775e-05	0.3295797566912883
1780000.0	0.08415542433044537	-5.618394950574264	0.31254067591915946	1.2533503620755808	-4.25084275859664	-2.5238739666734656e-06	1.0501479949928278	-4.9373791382166514e-05	0.3314520787936251
1790000.0	0.09675981753486004	-5.660991608255057	0.3125406441337128	1.2663277363797738	-4.267308003387086	-3.5027606056502527e-06	1.1912759442874528	-4.943070012689709e-05	0.3333325664172697
1800000.0	0.1094945123963537	-5.703747765456844	0.3125406124636896	1.2792864496070804	-4.282358095481702	-3.4002444334654546e-06	1.3330113113937814	-4.9487387330120196e-05	0.3352212047703987
1810000.0	0.12236066200904595	-5.746664451472282	0.3125405816888321	1.292594367193746	-4.2989293374922735	-2.519583258391217e-06	1.4753545232279561	-4.9545222155064744e-05	0.3371181294758361
1820000.0	0.13535894600141013	-5.789740603398373	0.3125405499523485	1.305833030551433	-4.315148862121059	-3.4998778618901886e-06	1.618304859573695	-4.960253821392318e-05	0.3390231759032924
1830000.0	0.14849012915894366	-5.832974256436513	0.31254051832908203	1.3190488902573683	-4.330012730820958	-3.3979952367280714e-06	1.761859950596008	-4.9659669247092335e-05	0.34093633246071264
1840000.0	0.16175535469515037	-5.876366377664396	0.31254048760694814	1.3326095143436638	-4.346349177389382	-2.5110540006140692e-06	1.9060204177812323	-4.971794812522104e-05	0.3428577313741169
1850000.0	0.1751552897398999	-5.919915754260699	0.3125404559166229	1.3461153394075613	-4.362372313848826	-3.4955362517112613e-06	2.050784949242264	-4.9775702725478146e-05	0.34478721226180437
1860000.0	0.18869067476590295	-5.963620347257308	0.31254042434069285	1.3595851312965286	-4.377013328028244	-3.3955933217744316e-06	2.1961512773068783	-4.9833246076245036e-05	0.3467247646233897
1870000.0	0.20236266069078954	-6.007481037497158	0.3125403936778099	1.3734092646790734	-4.3931121868967695	-2.4953660624148164e-06	2.3421195269944257	-4.989195347166587e-05	0.34867052545537847
1880000.0	0.21617197711964087	-6.051496968788427	0.3125403620288252	1.3871699964603321	-4.408908859152521	-3.4925849241959545e-06	2.488689526056101	-4.99501686158465e-05	0.3506243355235299
1890000.0	0.23011934691296845	-6.095665904598535	0.3125403304998598	1.4009001868040212	-4.4233518419334565	-3.3926355685963766e-06	2.6358584209151568	-5.000816074478186e-05	0.3525861827934442
1900000.0	0.24420594507091303	-6.139988831871154	0.312540299892886	1.414982031486998	-4.4392161333091416	-2.485034718689244e-06	2.783626906080866	-5.006730009281632e-05	0.35455619651215153
1910000.0	0.2584325464064934	-6.1844649995128425	0.31254026829593384	1.4290263339427307	-4.4548689332163365	-3.4920468319804838e-06	2.9319949110187533	-5.012592291763028e-05	0.3565342119224092
1920000.0	0.27279992562261596	-6.229092507394961	0.3125402368146982	1.4430259132060899	-4.469156164517544	-3.3912951073807343e-06	3.0809607676573187	-5.018433374335571e-05	0.35852020709563753
1930000.0	0.2873091805874175	-6.273871746555959	0.31254020626645124	1.4573737872897736	-4.484777468342154	-2.473187539987747e-06	-3.052661566581862	-5.0243799700738315e-05	0.360514300023511
1940000.0	0.3019611764051866	-6.31880239532934	0.3125401747174681	1.4716848085435823	-4.500198483222106	-3.4889876918470307e-06	-2.9025004491828166	-5.0302740075886446e-05	0.3625163181071863
1950000.0	0.31675660152582286	-6.363882094960921	0.312540143286481	1.485946966821703	-4.514277390791127	-3.388955647552289e-06	-2.751744179054166	-5.0361385441843686e-05	0.3645262303996755
1960000.0	0.3316965931183469	-6.409111382760252	0.31254011279787836	1.500561752575321	-4.529639899482251	-2.4615423590673384e-06	-2.6003929745976024	-5.042104778752505e-05	0.3665441436872056
1970000.0	0.34678193882433433	-6.454489543921913	0.31254008129984306	1.5151491421048844	-4.544887341349087	-3.4884901554058945e-06	-2.448447174406923	-5.0480137610454435e-05	0.36856988668746293
1980000.0	0.3620133726366371	-6.500014492239096	0.31254004991617884	1.5296635300186119	-4.558699507660628	-3.3870498316144177e-06	-2.295908640303026	-5.0538960994831884e-05	0.37060342907610294
1990000.0	0.3773920329522824	-6.545686701727591	0.31254001948654736	1.544544750659195	-4.5738001625368385	-2.449116904576406e-06	-2.142777994478179	-5.0598814328947426e-05	0.37264487893041215
2000000.0	0.39291866540995846	-6.591505258608379	0.31253998803690713	1.5593973628325535	-4.588810776287519	-3.4865412059789997e-06	-1.9890559215116095	-5.0658070302956567e-05	0.37469407280092626
2010000.0	0.408594029501998	-6.637468250552247	0.3125399567025407	1.5741845197298028	-4.602461693509608	-3.385942736900171e-06	-1.8347441588488598	-5.071710872510019e-05	0.3767509864457374
2020000.0	0.42441926334225083	-6.68357606835329	0.31253992633035366	1.5893176560263886	-4.6172277669406645	-2.437305757119806e-06	-1.679842778845316	-5.0777182428633714e-05	0.37881573002664753
2030000.0	0.4403951544529296	-6.729828036080891	0.3125398949292062	1.6044428804341875	-4.632034837440288	-3.484764342747419e-06	-1.5243524463434668	-5.083670245719973e-05	0.3808881482883954
2040000.0	0.4565223842556118	-6.77622187569062	0.31253986364290415	1.6194884938415726	-4.645448517081888	-3.3841308841258527e-06	-1.3682755275310268	-5.089597959436417e-05	0.3829682218795074
2050000.0	0.4728020954233379	-6.822757946510738	0.3125398333287804	1.634881118888536	-4.6599215469293345	-2.425563419758605e-06	-1.2116122434469823	-5.095630104297302e-05	0.38505606407747894
2060000.0	0.4892350821373487	-6.8694356314561755	0.312539801975827	1.650272168099234	-4.674490868617415	-3.482867847931361e-06	-1.0543631650742196	-5.101608197300701e-05	0.3871515254446365
2070000.0	0.5058220997921092	-6.916253034732171	0.31253977073773215	1.6655842416291542	-4.687703084490573	-3.3823862959260505e-06	-0.8965295640100817	-5.10756831623464e-05	0.38925458902272336
2080000.0	0.5225642454600541	-6.963210226625751	0.31253974047988664	1.6812451775658046	-4.701923762737808	-2.416406738586603e-06	-0.7381122702597847	-5.113632142983291e-05	0.3913653692889737
2090000.0	0.5394623644123632	-7.0103068308625005	0.31253970917607254	1.6969069705142636	-4.716273126612365	-3.480095354855353e-06	-0.5791110389259718	-5.119644370602757e-05	0.3934837201871477
2100000.0	0.5565172074678747	-7.05754093765465	0.3125396779865556	1.7124845312788084	-4.729273170975888	-3.380169686135788e-06	-0.41952721186744363	-5.125639309060449e-05	0.3956096269763083
2110000.0	0.5737299774155858	-7.104913016717132	0.31253964779060767	1.7284301388798837	-4.743309081857521	-2.40102271990672e-06	-0.2593604563872333	-5.1317437927155236e-05	0.39774320409878433
2120000.0	0.5911014364632644	-7.152422292499083	0.3125396165334431	1.7443708531610467	-4.757464953650079	-3.4796162943029944e-06	-0.09861141217181252	-5.137792793500509e-05	0.39988430936521513
2130000.0	0.6086323273613876	-7.200066830939739	0.3125395853915101	1.7602186164114597	-4.770263741567776	-3.379064240996886e-06	0.06271836614430681	-5.143825500840774e-05	0.4020329309092592
2140000.0	0.6263237992544102	-7.247846787237318	0.31253955525297555	1.7764161413871278	-4.783961385160771	-2.38918258288527e-06	0.2246287231410045	-5.149964220078029e-05	0.4041891841175221
2150000.0	0.644176673377557	-7.29576166742546	0.31253952404436786	1.7926330220071636	-4.797905426631463	-3.4778534774729517e-06	0.38711919678724566	-5.156050481325544e-05	0.40635293039714876
2160000.0	0.662191694371983	-7.343809551866072	0.3125394929507866	1.8087497616884813	-4.810492518113837	-3.3772996065416817e-06	0.5501886372048098	-5.1621214549851964e-05	0.40852415854836327
2170000.0	0.6803700618926162	-7.3919907414885975	0.3125394628687397	1.825225310253508	-4.823963073212646	-2.3802720029181377e-06	0.7138372688239487	-5.168302335639631e-05	0.4107029837668368
2180000.0	0.6987125352754328	-7.440304470536402	0.31253943170982457	1.8417156917228412	-4.837676938057516	-3.4750491730834397e-06	0.8780642131474186	-5.174427459447649e-05	0.41288926935658815
2190000.0	0.7172198087436567	-7.488748625240204	0.31253940066565605	1.8580941510307598	-4.85001637678545	-3.375467012782029e-06	1.042867655767923	-5.180532776763102e-05	0.415083005655355
2200000.0	0.7358930649509235	-7.537323384781867	0.31253937064213977	1.8748302480422265	-4.863184681194911	-2.368475685558122e-06	1.20824734860852	-5.186747343726938e-05	0.4172843083476078
2210000.0	0.7547330694835748	-7.5860280348373985	0.312539339531954	1.8915896705148296	-4.876648189662649	-3.4731144121872993e-06	1.3742025307980292	-5.19290601534681e-05	0.4194930420565239
2220000.0	0.7737405080231078	-7.634860459089955	0.31253930853648726	1.908229690020051	-4.888739279637858	-3.373613524249758e-06	1.5407314412148796	-5.199044953926473e-05	0.4217091969623569
2230000.0	0.7929165713090158	-7.6838208184623085	0.31253927857491764	1.9252358962574179	-4.90164649225739	-2.3534109280849634e-06	1.7078338580452088	-5.2052932323157325e-05	0.4239328872351278
2240000.0	0.8122621376496789	-7.73290885798653	0.31253924751207535	1.9422772807681805	-4.914907638688191	-3.4725979829780856e-06	1.8755103025608204	-5.211490878348303e-05	0.42616397708463866
2250000.0	0.8317778877203839	-7.78212244587546	0.3125392165634248	1.9591782703134792	-4.926742736211084	-3.3712693300879844e-06	2.043759318145551	-5.217670796975215e-05	0.4284024556723991
2260000.0	0.8514649730438564	-7.831461517755616	0.3125391866616426	1.976454073272448	-4.939379979471618	-2.340788995494949e-06	2.2125800767397332	-5.2239566312535405e-05	0.4306484362985577
2270000.0	0.8713242970072751	-7.880925907448211	0.3125391556477934	1.9937740651254428	-4.95241768740124	-3.4707882172460646e-06	2.381973256621507	-5.230191648875379e-05	0.4329017846154276
2280000.0	0.891356481312799	-7.9305132758572325	0.31253912474904366	2.010954837552171	-4.964066336861993	-3.3701487962666173e-06	2.5519367322262827	-5.2364069243837113e-05	0.43516249089013304
2290000.0	0.9115627346088925	-7.9802237182491815	0.3125390949037433	2.028492300284517	-4.976398811201507	-2.331564356713467e-06	2.722470509793733	-5.242731288132044e-05	0.4374306671054755
2300000.0	0.9319438978818189	-8.03005682459138	0.3125390639409961	2.0460792125328737	-4.98916443299023	-3.4688290646941983e-06	2.8935745839807394	-5.2489997786784225e-05	0.43970618065736033
2310000.0	0.9525006603164144	-8.080010538319835	0.3125390330916295	2.063531819142555	-5.0005890927850345	-3.3683172374705947e-06	3.0652472650751275	-5.255252584374159e-05	0.44198902239604276
2320000.0	0.9732342235371028	-8.130084861741715	0.31253900330547196	2.0813368688959644	-5.0126386671604735	-2.3199022467480626e-06	-3.0456965723953897	-5.261614600829947e-05	0.4442793031661768
2330000.0	0.99414538716502	-8.180279234882091	0.31253897239151907	2.099202536408674	-5.025171859396659	-3.4659368110921673e-06	-2.872886957393171	-5.2679195880522585e-05	0.446576892321632
2340000.0	1.0152348847847552	-8.230591777223456	0.31253894159212703	2.1169249787133335	-5.036360318170582	-3.3659641307981703e-06	-2.6995101361465372	-5.2742103972394365e-05	0.44888178035103127
2350000.0	1.0365038457268132	-8.281022173497364	0.31253891186932686	2.135001987798406	-5.048141115686621	-2.304676791689564e-06	-2.5255667559289576	-5.2806055916793055e-05	0.4511940779178813
2360000.0	1.0579531519322498	-8.3315701658148	0.31253888100173777	2.153135683654096	-5.060397740028379	-3.463837011716498e-06	-2.3510567028970826	-5.286947437506095e-05	0.4535136554185515
2370000.0	1.0795834098055253	-8.382233438959627	0.31253885025213657	2.17112087032805	-5.071321672075091	-3.364026662005578e-06	-2.1759821113979467	-5.293270370006418e-05	0.45584050424492734
2380000.0	1.1013958521817597	-8.433012003975023	0.31253882058951626	2.1894657265700346	-5.082816212766797	-2.2918439151151677e-06	-2.0003427145870107	-5.299702546653978e-05	0.4581747337965864
2390000.0	1.1233914155792457	-8.483905783122461	0.312538789773483	2.2078965085069364	-5.094895911763787	-3.463500009937127e-06	-1.8241378477388783	-5.3060832717390326e-05	0.46051621478695337
2400000.0	1.1455706861072805	-8.534912401877662	0.31253875907283696	2.2261554227027207	-5.105588431913287	-3.3628111696200484e-06	-1.6473694903022418	-5.3124451237321036e-05	0.46286493848262067
2410000.0	1.1679348055616328	-8.58603150137852	0.312538729469392	2.2447480818124075	-5.1167242707856815	-2.279718306392814e-06	-1.4700381776443672	-5.3189114442980254e-05	0.4652210140147976
2420000.0	1.190484688871617	-8.637262935307996	0.3125386987034399	2.2634496856952286	-5.128530677119181	-3.461464820196919e-06	-1.2921439771370984	-5.325323654134107e-05	0.46758431453602456
2430000.0	1.2132210247133168	-8.688604703183941	0.312538668053029	2.281981465639985	-5.138985415379279	-3.360919459076848e-06	-1.113687705716672	-5.331722760793315e-05	0.4699548307982378
2440000.0	1.2361448860228943	-8.740056170593368	0.3125386385079135	2.300843749454602	-5.149837772488547	-2.270518323681973e-06	-0.9346704627050966	-5.338224750507545e-05	0.47233267130303136
2450000.0	1.2592571828588315	-8.79161716905044	0.31253860779418907	2.3198120233622945	-5.161354888694134	-3.4594347474806046e-06	-0.7550920966738951	-5.3446698672348406e-05	0.4747177097528986
2460000.0	1.282558564713937	-8.843285594713931	0.3125385771940729	2.3386060188541737	-5.171534347204636	-3.3589341127881856e-06	-0.5749541028779785	-5.351100412179468e-05	0.47710993783475336
2470000.0	1.3060500960912071	-8.895060758342284	0.31253854770941975	2.357725117783617	-5.182061380109539	-2.2584386377448678e-06	-0.3942575168348191	-5.357633547393877e-05	0.4795094629443861
2480000.0	1.3297327727960246	-8.946942769850587	0.31253851704525165	2.3769729675691686	-5.193329600927533	-3.456463451264987e-06	-0.21300158986659012	-5.364114114223173e-05	0.4819161591969914
2490000.0	1.3536071813105282	-8.99892933771148	0.3125384864966495	2.3960285125653904	-5.203230319006972	-3.3569422702682534e-06	-0.031187833822088805	-5.370576557260761e-05	0.48433001755456445
2500000.0	1.3776744928270546	-9.05102007921475	0.3125384570758695	2.4154257334950553	-5.213499244925388	-2.2432478165753384e-06	0.1511832722424899	-5.3771461988589715e-05	0.4867511443432626
2510000.0	1.4019356632507058	-9.10321495681483	0.3125384264591717	2.4349402626611827	-5.224472792248393	-3.45428766703826e-06	0.3341124432357206	-5.383662231368778e-05	0.4891794144478404
2520000.0	1.4263912457888668	-9.155511599982132	0.31253839596089034	2.4542652049749636	-5.2341160561824935	-3.354468411555221e-06	0.5175976802817657	-5.390160125029132e-05	0.49161481964397463
2530000.0	1.4510424567371898	-9.207909718673582	0.312538366601957	2.4739294734533117	-5.24408759095025	-2.2302072219529274e-06	0.7016391146941471	-5.3967660282506825e-05	0.4940574650927664
2540000.0	1.4758901889545462	-9.260409073616763	0.3125383360376956	2.4937321811026383	-5.254831253462223	-3.4537111455297477e-06	0.8862367168034829	-5.40331441983089e-05	0.4965072276314363
2550000.0	1.500935086560793	-9.313007593708665	0.3125383055895262	2.5133312829221377	-5.264226900125163	-3.353193976637058e-06	1.0713894164420217	-5.409850101508527e-05	0.4989640990278464
2560000.0	1.5261783254907757	-9.365704816160099	0.3125382762889286	2.5332524323103502	-5.273867035630885	-2.2208754396520148e-06	1.2570971565925684	-5.416493369129278e-05	0.5014281838644643
2570000.0	1.5516208447551476	-9.41850063173013	0.31253824577795464	2.553331230424345	-5.284337937341542	-3.4518094971859845e-06	1.4433602405372663	-5.423079469529011e-05	0.5038993603061618
2580000.0	1.5772631352766668	-9.471392530192105	0.3125382153807399	2.573189990005531	-5.293439594528955	-3.3511365612027563e-06	1.6301762909140978	-5.429646470284651e-05	0.5063776217751856
2590000.0	1.6031063688506255	-9.524380008569283	0.3125381861415431	2.5933647002970432	-5.3027401664550995	-2.208656411602599e-06	1.8175451288551734	-5.436320666515192e-05	0.5088630727518888
2600000.0	1.629151578679374	-9.577463233783185	0.3125381556809248	2.6137225578028414	-5.312945051055552	-3.4487746975285095e-06	2.00546767524809	-5.442942369777374e-05	0.511355592146514
2610000.0	1.655399308284686	-9.630639867446336	0.3125381253362616	2.63385273254365	-5.321784852993513	-3.349166980384638e-06	2.193942521139328	-5.4495472147997503e-05	0.5138551724034173
2620000.0	1.681850702860582	-9.683909287408458	0.31253809616182454	2.6543023075469914	-5.3308067017081955	-2.1932807614315097e-06	2.3829690780527777	-5.456258669693241e-05	0.5163619178541697
2630000.0	1.7085067707472172	-9.737271571368964	0.3125380657494897	2.6749250323099822	-5.3407000966086375	-3.446531067353447e-06	2.5725481820662837	-5.462916568529864e-05	0.5188757086536083
2640000.0	1.7353680181106357	-9.790724301636514	0.31253803545600145	2.695323071709443	-5.349264556293459	-3.346617445345955e-06	2.762677954791254	-5.469557640672282e-05	0.5213965382101412
2650000.0	1.7624356363811096	-9.84426694800788	0.31253800634442636	2.716036554007389	-5.35797302920858	-2.1800394314893376e-06	2.95335841616761	-5.476306292135337e-05	0.52392450989203
2660000.0	1.789710564949122	-9.897899387020228	0.3125379759854436	2.736946766878472	-5.367617486881718	-3.445892625874692e-06	-3.1385956430907362	-5.4829973644182456e-05	0.5264595056060352
2670000.0	1.81719334864389	-9.951619332286809	0.31253794574183225	2.7575931875186095	-5.375849720007523	-3.3444584883421544e-06	-2.9468148509464798	-5.489674060474798e-05	0.5290015186202427
2680000.0	1.844885060018372	-10.005425898181393	0.31253791669246744	2.778556844319617	-5.384207085950346	-2.167694820700884e-06	-2.7544856384386227	-5.4964538116864454e-05	0.5315506525893791
2690000.0	1.8727868715204214	-10.059319592808102	0.3125378863846847	2.7997565756258838	-5.393603126360188	-3.443002751717505e-06	-2.5616063365366095	-5.503186177590563e-05	0.5341067893900032
2700000.0	1.9008993224107897	-10.113298120182352	0.3125378561952371	2.820696221008749	-5.401623235155662	-3.343267885271314e-06	-2.3681776495003977	-5.509904508936446e-05	0.5366699217259607
2710000.0	1.9292235172002623	-10.167360638126278	0.31253782720494	2.8419205362811257	-5.409654302810748	-2.1586085862599963e-06	-2.174200376260472	-5.516728557456419e-05	0.5392401529019589
2720000.0	1.9577603918969355	-10.221507001397617	0.3125377969516592	2.863381161279808	-5.41872063493415	-3.440838632938536e-06	-1.9796746541476833	-5.523494165021475e-05	0.5418173675569528
2730000.0	1.986510569729745	-10.275735165570747	0.3125377668139149	2.884586486775527	-5.426450020956524	-3.3406576551863895e-06	-1.7846010603063802	-5.530249426609688e-05	0.5444015595833058
2740000.0	2.0154750782565767	-10.33004405867821	0.31253773789034134	2.906074002157281	-5.434162637506774	-2.142758660977281e-06	-1.5889805338796001	-5.537106699869415e-05	0.5469928318023513
2750000.0	2.0446549586771403	-10.384433806831273	0.3125377076860141	2.927796287496502	-5.442900050077345	-3.438519652016258e-06	-1.3928125678415042	-5.5439094952291156e-05	0.5495910695053524
2760000.0	2.0740506653657667	-10.438901950388528	0.31253767760094975	2.949256908496561	-5.450310847741732	-3.338504472874507e-06	-1.196098888405645	-5.550696673978035e-05	0.552196267347989
2770000.0	2.103663350791159	-10.493447720211822	0.3125376487407198	2.9710009899755305	-5.457687075293792	-2.129265130552065e-06	-0.9988395842848942	-5.557590942800066e-05	0.5548085268904616
2780000.0	2.133494002955723	-10.548071096691658	0.3125376185906668	2.9930081444050383	-5.466155261936242	-3.4378150042840937e-06	-0.8010344430420385	-5.5644273192367035e-05	0.5574277339584388
2790000.0	2.163543113726752	-10.60276973955456	0.3125375885563456	3.0147118633116716	-5.47321566833165	-3.336272608894413e-06	-0.6026846120104485	-5.571250327444601e-05	0.560053882634548
2800000.0	2.1938117049387635	-10.657542529777077	0.3125375597593512	3.0366994810723082	-5.480223406873056	-2.1167681791323507e-06	-0.4037913124945712	-5.5781755800850473e-05	0.5626870744770363
2810000.0	2.2243007960726477	-10.712389526932949	0.31253752966225384	3.0589682694409124	-5.4883622481707235	-3.435580384783097e-06	-0.20435415765444104	-5.585042606996331e-05	0.5653271955956486
2820000.0	2.2550109277091694	-10.767308539013786	0.31253749968203404	3.080950251782233	-5.495160754624724	-3.334932769132365e-06	-0.004373989382776063	-5.591899339443602e-05	0.567974239581804
2830000.0	2.2859431029538935	-10.82229837680167	0.3125374709473473	3.1031641684796374	-5.5017593557538165	-2.104091898280847e-06	0.1961485146210382	-5.5988578613064105e-05	0.5706283060483804
2840000.0	2.3170984158445562	-10.877359275541396	0.31253744090358665	3.1257061575217726	-5.5095956176444485	-3.4335406201811856e-06	0.39721366920140566	-5.605760445599174e-05	0.5732892821159679
2850000.0	2.3484772643425904	-10.932488717100014	0.31253741097631976	3.147937436961003	-5.516059478092466	-3.3327238106729834e-06	0.5988200887661954	-5.612647680951766e-05	0.5759571614459131
2860000.0	2.3800807202971543	-10.987685663330204	0.3125373823032094	3.1704072509150962	-5.522322139005691	-2.0947171469027497e-06	0.8009672791402395	-5.619639978989491e-05	0.5786320429199899
2870000.0	2.4119098527582006	-11.042950275678033	0.31253735231490704	3.193202736467134	-5.5298079959294615	-3.43130878456079e-06	1.0036558750524465	-5.626574062038766e-05	0.581313813729916
2880000.0	2.4439651472836084	-11.098280269692548	0.3125373224411376	3.2156966719428968	-5.535967561671677	-3.3306081727571373e-06	1.2068847303312433	-5.633496886963062e-05	0.5840024678148533
2890000.0	2.476247492697471	-11.153674156444673	0.3125372938317493	3.2384011267970747	-5.541844943186802	-2.082104499736881e-06	1.4106525048402296	-5.640518823484251e-05	0.5866981038034632
2900000.0	2.5087580900987727	-11.209132398426428	0.3125372638958965	3.2614659371507875	-5.549016404850618	-3.428113179191458e-06	1.6149603093045535	-5.6474870229794416e-05	0.5894006095246292
2910000.0	2.541497342672837	-11.264652539932802	0.3125372340768983	3.2842068966671762	-5.554834751677299	-3.3283911876969574e-06	1.8198070404305127	-5.654440719381465e-05	0.5921099786546034
2920000.0	2.5744662661933893	-11.320233370709218	0.31253720553486225	3.3071738427104593	-5.560391411988327	-2.066310530681613e-06	2.0251918585140656	-5.661498452757164e-05	0.594826309226107
2930000.0	2.607666010468978	-11.3758752129961	0.31253717564938094	3.3304901521243524	-5.567205457485415	-3.4257047918394446e-06	2.231115867102789	-5.6685017586425104e-05	0.5975494899514388
2940000.0	2.641096930007532	-11.431575527182735	0.3125371458837158	3.3534864192944744	-5.572700025677027	-3.3256569909624008e-06	2.437577463233485	-5.6754903642396525e-05	0.6002795153520757
2950000.0	2.6747600905443556	-11.487333192110938	0.3125371174071072	3.3767006772756356	-5.577899552549975	-2.0525562923599144e-06	2.6445764082829433	-5.682584126173409e-05	0.6030164826466455
2960000.0	2.708656695972626	-11.543148632653537	0.31253708757751075	3.4003082958397814	-5.584443784850786	-3.4251336947433647e-06	2.852113913776176	-5.689625195498498e-05	0.6057602818641343
2970000.0	2.7427872247921	-11.599019595575909	0.3125370578648864	3.423578767590262	-5.589652374255751	-3.3242876602145376e-06	3.0601895107789034	-5.6966583280758155e-05	0.6085109075468724
2980000.0	2.7771525095357332	-11.654944420010255	0.3125370294496664	3.4470239032056957	-5.594456460497635	-2.0429414019901346e-06	-3.014383596042663	-5.703790249354153e-05	0.6112684580373433
2990000.0	2.811753698835515	-11.71092339645737	0.3125369996764465	3.470877855724644	-5.600628655853201	-3.4228364794762226e-06	-2.8052341511765717	-5.71086402290482e-05	0.6140328253460084
3000000.0	2.8465912167788194	-11.76695418088648	0.31253697001812775	3.4943897313236496	-5.60547888939994	-3.3220050981679313e-06	-2.595548506165306	-5.7179281548901756e-05	0.6168040051121891
3010000.0	2.8816658729525555	-11.823035060730936	0.31253694166778095	3.5180616488825747	-5.609882119047591	-2.0301863855621886e-06	-2.3853280884537087	-5.725090836544147e-05	0.6195820949676931
3020000.0	2.9169789336301473	-11.879166568153632	0.3125369119479068	3.5421781801826833	-5.615717559943948	-3.4195745878592883e-06	-2.1745717133634264	-5.732200126182251e-05	0.6223669869966006
3030000.0	2.9525308481885926	-11.935346430098685	0.3125368823446473	3.5659397966356834	-5.62022725986408	-3.3192283528114544e-06	-1.9632797816312304	-5.739301790095321e-05	0.6251586760838614
3040000.0	2.988322468228148	-11.991573008848226	0.3125368540633771	3.589868649095668	-5.624293591468363	-2.0142721485862083e-06	-1.7514534567931832	-5.746502807317497e-05	0.6279572594350836
3050000.0	3.0243549773199767	-12.047846642440433	0.31253682439483044	3.6142283750663955	-5.629749572234923	-3.417093781846954e-06	-1.5390920026354422	-5.7536485902557976e-05	0.630762630389931
3060000.0	3.0606286610523767	-12.104164743532376	0.3125367948465413	3.638226717568976	-5.633890875101023	-3.316913612077498e-06	-1.326196894519922	-5.760781025038192e-05	0.6335747847705426
3070000.0	3.097144511681267	-12.160525957343605	0.3125367666311506	3.662390246190983	-5.637573538746064	-2.0002388997793297e-06	-1.1127684751254716	-5.768018087499532e-05	0.6363938186240847
3080000.0	3.133903797154082	-12.216930776003473	0.3125367370194374	3.6870350600914175	-5.642735829044391	-3.4164631763265054e-06	-0.8988054555023717	-5.775202623188994e-05	0.6392196255459383
3090000.0	3.170906767368619	-12.27337655928451	0.31253670752496204	3.711284456770096	-5.646536658177063	-3.3153771789379146e-06	-0.6843091513542363	-5.782374293525238e-05	0.6420522016042463
3100000.0	3.208154255724161	-12.32986161629502	0.3125366793742027	3.735649792362962	-5.649769506333935	-1.987178812370382e-06	-0.4692806579163659	-5.789645296781345e-05	0.6448916429999421
3110000.0	3.245647493416659	-12.386386356370833	0.31253664981767565	3.7605368073164938	-5.654549733585872	-3.4140720567235816e-06	-0.2537194345534809	-5.796860269051981e-05	0.6477378448261675
3120000.0	3.2833867158151357	-12.442948142944218	0.3125366203784763	3.7850176224445926	-5.657971517291725	-3.3130281652810327e-06	-0.03762666203050139	-5.8040624480835885e-05	0.6505908027053772
3130000.0	3.321372825344838	-12.499545416496675	0.3125365922914724	3.809617526247001	-5.66082282589022	-1.9776397959346475e-06	0.17899693581424803	-5.8113677713869965e-05	0.6534506117094604
3140000.0	3.3596071315178806	-12.556178720982853	0.3125365627913587	3.834752343443147	-5.665232260749353	-3.410778560351793e-06	0.3961527002347427	-5.818619908762114e-05	0.6563171665272022
3150000.0	3.3980900135308314	-12.612845718125032	0.31253653340827214	3.8594894129816923	-5.668322106617954	-3.3102927834542075e-06	0.6138402780408942	-5.825865470594363e-05	0.659190462660808
3160000.0	3.4368223643276834	-12.66954480628726	0.31253650539181077	3.8843477562097664	-5.670836451534731	-1.9602840886516703e-06	0.8320591227740345	-5.833215283848205e-05	0.6620705954409878
3170000.0	3.4758055014493228	-12.726276514921214	0.3125364759458135	3.909758079550962	-5.674924312631927	-3.409969825622508e-06	1.0508105550317164	-5.8405128650083385e-05	0.6649574613362943
3180000.0	3.5150396133797646	-12.783038157304178	0.3125364466174488	3.9347391019375704	-5.677655112238836	-3.3087105836730784e-06	1.2700933087413537	-5.847798688276601e-05	0.6678510576734904
3190000.0	3.554525558557263	-12.839828055036861	0.31253641866426435	3.9598095120986834	-5.679741482189941	-1.9505213807331462e-06	1.4899065863903007	-5.855187946056028e-05	0.6707514802598731
3200000.0	3.594264680228502	-12.896646767850209	0.31253638927518845	3.9854627670550364	-5.683444439309557	-3.406629751401912e-06	1.7102517439092886	-5.862524759902867e-05	0.6736586266561122
3210000.0	3.6342573203234454	-12.953491915876747	0.3125363600035226	4.010695519671132	-5.68582910624788	-3.305935904006444e-06	1.9311284407827611	-5.869856223890284e-05	0.6765724941847198
3220000.0	3.674504186573858	-13.010361525768094	0.3125363321210422	4.036004378246506	-5.687537869970824	-1.9343055769972383e-06	2.1525353671376295	-5.877286612102271e-05	0.6794931794839045
3230000.0	3.7150065540585673	-13.067256013298296	0.31253630278478345	4.061884665488837	-5.690825410308262	-3.404027585186397e-06	2.3744733412236925	-5.884662241225266e-05	0.6824205813818189
3240000.0	3.7557641749991384	-13.124171957565137	0.3125362735686834	4.087248176080477	-5.692645019770689	-3.302740705449958e-06	2.596939296608165	-5.892009052219803e-05	0.6853546985041687
3250000.0	3.7967764723809143	-13.181105120645531	0.3125362457441714	4.112520451590092	-5.6934896836219835	-1.928376329240706e-06	2.8199244685055107	-5.899403362427351e-05	0.6882956292134745
3260000.0	3.838043717955716	-13.23805421533262	0.3125362164689605	4.138327492788976	-5.695846045249038	-3.397350809595968e-06	3.0434230529923716	-5.906690174067058e-05	0.6912432685395001
3270000.0	3.8795650933525665	-13.295014993820018	0.3125361873117387	4.163595846863036	-5.696735772971844	-3.2975510357788243e-06	-3.0157574130198257	-5.913915601011445e-05	0.6941976042690362
3280000.0	3.921340182131136	-13.351983691551863	0.31253615954737685	4.188741295863593	-5.696608779820922	-1.922268571114373e-06	-2.791253882965368	-5.921183327330357e-05	0.6971587145880539
3290000.0	3.9633692383997325	-13.408959142702411	0.31253613033241345	4.214462107814402	-5.698063329658795	-3.39067567837196e-06	-2.5662570409993686	-5.928334613533907e-05	0.7001264770583613
3300000.0	4.0056514014247355	-13.465937211009592	0.3125361012334486	4.239641207370363	-5.69808332755774	-3.2925462523454064e-06	-2.3407737893259726	-5.935416249213127e-05	0.7031008614517612
3310000.0	4.04818616568016	-13.522914134393163	0.31253607352807206	4.2646449427433915	-5.697010019315168	-1.9162384298653317e-06	-2.1148115309306106	-5.942528113095705e-05	0.706081925187331
3320000.0	4.090973794626048	-13.57988889668678	0.31253604437227356	4.290267710368701	-5.697588223855482	-3.3841402856139242e-06	-1.8883753863188002	-5.949515623184163e-05	0.7090695321205548
3330000.0	4.134013392402148	-13.636857469973725	0.3125360153305235	4.315346172440644	-5.696762690914	-3.2876129766306827e-06	-1.6614719850734445	-5.956427348482961e-05	0.7120636370964821
3340000.0	4.177304371140938	-13.693816096335947	0.31253598768300295	4.340197852292949	-5.694771694890732	-1.910325150334651e-06	-1.434108560745926	-5.963358101389089e-05	0.7150642793024321
3350000.0	4.220847008971717	-13.750763902261552	0.3125359585851677	4.365712515909697	-5.694498078451627	-3.3777583222349867e-06	-1.2062899794315753	-5.970159519668674e-05	0.7180713145232078
3360000.0	4.264640379709667	-13.807696964263913	0.31253592959946297	4.390680554302569	-5.692850372215071	-3.282766920155628e-06	-0.9780226016116303	-5.976881735764444e-05	0.7210846869256097
3370000.0	4.308683818107198	-13.864611530163655	0.31253590200855913	4.415371277876702	-5.689969270001793	-1.9045363071456056e-06	-0.7493134903569006	-5.983613240688297e-05	0.7241044207790904
3380000.0	4.3529776207608535	-13.921506862574766	0.31253587296738106	4.440769066473675	-5.688867521659455	-3.371539538638463e-06	-0.5201672614087982	-5.9902131802117014e-05	0.7271303689044037
3390000.0	4.3975208346119254	-13.97837913883515	0.3125358440364529	4.46561806054457	-5.686420236115157	-3.2780203050200993e-06	-0.29059001140530416	-5.996732884706643e-05	0.7301624685643071
3400000.0	4.442312720777617	-14.035224614100551	0.3125358165008407	4.490139977126817	-5.682675649472828	-1.8988783145095797e-06	-0.0605886337585144	-6.003253552327372e-05	0.7332007320725433
3410000.0	4.487353597024635	-14.09204268097461	0.31253578751493394	4.515413060586059	-5.680768689303909	-3.365490783092084e-06	0.16983250066734304	-6.00964261176104e-05	0.7362450132247499
3420000.0	4.532642485904654	-14.148829614257316	0.31253575863743843	4.540135244421405	-5.677543712335615	-3.2733824116460233e-06	0.4006675525855381	-6.0159522455261174e-05	0.7392952453033773
3430000.0	4.578178577775201	-14.20558167801256	0.3125357311557283	4.56448127400189	-5.672961369850185	-1.8933563347391694e-06	0.6319097960449406	-6.022255699063349e-05	0.7423514310160475
3440000.0	4.623962213498322	-14.262298389025164	0.3125357022236494	4.5896225153998085	-5.670271398845943	-3.359616497588643e-06	0.8635550985997161	-6.0284291153444054e-05	0.7454134279384393
3450000.0	4.669992393038263	-14.318976116388463	0.31253567339818816	4.61421075723199	-5.666289955252146	-3.2688600712481047e-06	1.0955978709916565	-6.034525249441914e-05	0.7484811674949111
3460000.0	4.716268238253454	-14.375611134595532	0.31253564596894456	4.638374393212944	-5.660894744599451	-1.8879742943503782e-06	1.3280315515466765	-6.0406089975971495e-05	0.7515546445603996
3470000.0	4.762790114478819	-14.432203079083797	0.31253561708921046	4.663377174158498	-5.65744328297011	-3.3539191501246955e-06	1.5608522391357846	-6.046565416738176e-05	0.7546337223825038
3480000.0	4.809557000416265	-14.488748410229935	0.3125355883143486	4.687824821160821	-5.6527259674104835	-3.264458091249975e-06	1.7940545866837017	-6.052447623104274e-05	0.7577183320099853
3490000.0	4.8565679512535915	-14.54524341440853	0.3125355609361063	4.711799992103215	-5.646541977516294	-1.8827349639327816e-06	2.0276321929213776	-6.058311968496548e-05	0.7608084617973135
3500000.0	4.903823357792641	-14.601687840425997	0.3125355321072102	4.736658090409301	-5.64234989508027	-3.3483996034179764e-06	2.2615813805469367	-6.0640524667560675e-05	0.76390398187595
3510000.0	4.951322178466865	-14.658078237066928	0.3125355033814905	4.76095886014693	-5.636916698278116	-3.2601796202189384e-06	2.495897036528796	-6.069722440770699e-05	0.7670048239262011
3520000.0	4.999063403319756	-14.714410903962618	0.3125354760527675	4.784739833471594	-5.629967254528818	-1.8776400729112231e-06	2.7305729156668157	-6.0753696487629065e-05	0.7701109707493506
3530000.0	5.047047449346589	-14.770685698224359	0.31253544727319177	4.809447337944802	-5.625054795868656	-3.3430574290758097e-06	2.965605556796101	-6.0808969985877716e-05	0.7732223000867944
3540000.0	5.095273255478013	-14.82689925428727	0.31253541859514783	4.833595242827906	-5.618925126416559	-3.2560264540969762e-06	-3.0821952345155683	-6.08635790872961e-05	0.77633874491701
3550000.0	5.143739747929159	-14.883047886334769	0.3125353913144564	4.8571765581013935	-5.6112328211730835	-1.8726904333817912e-06	-2.8464649376736677	-6.091791597753694e-05	0.7794602832057512
3560000.0	5.192447370429197	-14.93913155491952	0.3125353625826832	4.881727809470733	-5.605619627402569	-3.3378911678966294e-06	-2.6103921126393588	-6.0971097334662184e-05	0.7825868006916199
3570000.0	5.241395043015633	-14.995146977476523	0.3125353339508484	4.905717104422466	-5.598812330788838	-3.2519992932776915e-06	-2.37398142915477	-6.102365751019417e-05	0.7857182320789655
3580000.0	5.29058162924537	-15.051090483957795	0.3125353067167048	4.929093527387339	-5.590399050697685	-1.867886066283536e-06	-2.1372388343562965	-6.107590454013295e-05	0.7888545510378423
3590000.0	5.340007599992753	-15.106962133680154	0.3125352780312242	4.953483077566053	-5.58410417905866	-3.332898548169373e-06	-1.9001673803607382	-6.112704088910594e-05	0.7919956514590877
3600000.0	5.389671856906275	-15.16275872452668	0.3125352494441406	4.977308223936846	-5.57663755495575	-3.2480979558414728e-06	-1.6627715275845711	-6.11776005178509e-05	0.7951414700350926
3610000.0	5.439573201954131	-15.21847660335863	0.312535222255072	5.0004747150193065	-5.567524506086213	-1.8632263191573583e-06	-1.4250570814256545	-6.122780903667643e-05	0.7982919765541489
3620000.0	5.4897121334774726	-15.27411592375479	0.3125351936143897	5.024697299151864	-5.560566448180061	-3.328076664616567e-06	-1.1870269009491212	-6.127695257706135e-05	0.8014470730574618
3630000.0	5.540087535169432	-15.329673561587706	0.3125351650706144	5.048352939955834	-5.55245826666337	-3.2443215547622717e-06	-0.9486852452853866	-6.132556431717493e-05	0.8046066983739608
3640000.0	5.590698148409906	-15.385145881696886	0.31253513792516485	5.071304632823572	-5.5426659980988	-1.8587099746652716e-06	-0.7100377829990477	-6.137378947690911e-05	0.8077708187349691
3650000.0	5.641544499266132	-15.440533127586766	0.3125351093278073	5.095355150208798	-5.535062697235776	-3.323422124616272e-06	-0.4710871875618883	-6.142099554338728e-05	0.8109393442258479
3660000.0	5.692625453863236	-15.49583225074972	0.3125350808259177	5.118836093201544	-5.526330214346774	-3.2406686436127864e-06	-0.23183752466971924	-6.146771463897049e-05	0.8141122158830794
3670000.0	5.743939693945952	-15.5510396350057	0.3125350537226535	5.141568280240124	-5.515878640661909	-1.8543353463147143e-06	0.007705669074316865	-6.151401382413716e-05	0.8172893966423977
3680000.0	5.7954877735232255	-15.606155609606562	0.3125350251671721	5.165441781370279	-5.507647508636744	-3.318931170239731e-06	0.24753989852217076	-6.155933951845253e-05	0.8204708044591223
3690000.0	5.847268541509743	-15.661177199380484	0.31253499670576995	5.188742987515719	-5.498307481521343	-3.2371373351088305e-06	0.4876612837780486	-6.160422259931741e-05	0.8236563825958986
3700000.0	5.899280620935955	-15.716100808068129	0.31253496964328265	5.211251110035995	-5.487215904394669	-1.8501003630828985e-06	0.7280644153974352	-6.164865431418143e-05	0.8268460909087519
3710000.0	5.951524593937129	-15.77092684664183	0.31253494112825764	5.2349427878057195	-5.4783738378375055	-3.314599774368427e-06	0.9687469694975784	-6.169215753498437e-05	0.8300398550058031
3720000.0	6.003999292556437	-15.825652411064333	0.31253491270597245	5.258059363409593	-5.468442539602833	-3.233725400678329e-06	1.2097052445835188	-6.17352617656957e-05	0.8332376203593863
3730000.0	6.056703282008858	-15.88027392588017	0.3125348856828825	5.280339005032132	-5.45672966871377	-1.8460026424244294e-06	1.450933953661001	-6.177788484401054e-05	0.836439343928663
3740000.0	6.1096371727180125	-15.934791879900374	0.31253485720692525	5.303844188756736	-5.4472930651261775	-3.310423721680449e-06	1.6924309372792818	-6.181962359787679e-05	0.8396449587315968
3750000.0	6.162799780183208	-15.989203438101235	0.31253482882241657	5.326771380049469	-5.436786299465153	-3.2304303497113818e-06	1.9341926651914039	-6.186100607284718e-05	0.8428544124105933
3760000.0	6.216189612687493	-16.043505046661828	0.3125348018373752	5.348818262188556	-5.42447027276363	-1.842039552530357e-06	2.176213968257275	-6.190187911831813e-05	0.8460676591864327
3770000.0	6.269807309087774	-16.097697268489533	0.3125347733991301	5.372132413469043	-5.414455046265976	-3.3063986718810487e-06	2.41849284485786	-6.194191103079098e-05	0.8492846392298892
3780000.0	6.323651668660588	-16.15177733553106	0.3125347450510893	5.3948656027962745	-5.4033881618799455	-3.2272494955606404e-06	2.6610259290930935	-6.198162834502696e-05	0.852505302298894
3790000.0	6.3777211436297705	-16.205741716382448	0.3125347181027801	5.416675581489841	-5.390486565287622	-1.8382082663397504e-06	2.903808165205486	-6.202080933329227e-05	0.8557296000160381
3800000.0	6.432016401416787	-16.25959104443922	0.312534689700926	5.43979429126221	-5.37990816208715	-3.3025202120399217e-06	-3.1363476041359273	-6.205919130255458e-05	0.8589574794417784
3810000.0	6.486536225392842	-16.31332261665097	0.3125346613880779	5.462328994285368	-5.36829606689622	-3.2241800091394824e-06	-2.8930739727733106	-6.209729924662067e-05	0.8621888923857507
3820000.0	6.541279012587195	-16.36693292476878	0.3125346344752184	5.483898057845993	-5.354825953448651	-1.8345058067457266e-06	-2.6495611946003708	-6.213484524332429e-05	0.8654237879985226
3830000.0	6.596245459105533	-16.420422669197187	0.3125346061084698	5.506817044147489	-5.34369936702873	-3.298783897807855e-06	-2.405810974428703	-6.217163319441415e-05	0.8686621199663963
3840000.0	6.651434332729165	-16.473789209994475	0.31253457782957317	5.529148907653455	-5.331556542163813	-3.2212189622677053e-06	-2.1618263691577577	-6.220818654011297e-05	0.8719038420815071
3850000.0	6.706843976150959	-16.52702906276418	0.3125345509509153	5.550473174782794	-5.317534450619832	-1.8309290853316518e-06	-1.9176122206603299	-6.224415350386773e-05	0.8751489011375556
3860000.0	6.762475114269961	-16.58014299156492	0.3125345226180226	5.573188280922541	-5.3058742366318725	-3.2951852871713864e-06	-1.6731700943024528	-6.227940221766167e-05	0.878397257185759
3870000.0	6.818326499591801	-16.633128417740647	0.312534494371871	5.595313080957813	-5.293214750179326	-3.2183633626870693e-06	-1.4285029018311506	-6.231445456730815e-05	0.8816488659288203
3880000.0	6.874396421325508	-16.685981881407255	0.31253446752620145	5.616388799081604	-5.278656723095708	-1.8274749337693805e-06	-1.1836153843406063	-6.234889721172277e-05	0.8849036719098804
3890000.0	6.930685633262574	-16.738704207042105	0.3125344392259511	5.638895991998603	-5.266477013933306	-3.291719966228705e-06	-0.9385089734160195	-6.2382660205134e-05	0.8881616412894243
3900000.0	6.987192872946177	-16.791292875520742	0.3125344110113728	5.660809632146373	-5.253314534428219	-3.2156101837645696e-06	-0.6931864415592724	-6.241626388906271e-05	0.8914227316078863
3910000.0	7.043916376948744	-16.843744452096846	0.3125343841975135	5.681633175813877	-5.238236135693158	-1.8241401320135916e-06	-0.44765243300880797	-6.244923558919164e-05	0.894686885256861
3920000.0	7.100856928043316	-16.896059818546256	0.31253435592872836	5.703928544483329	-5.2255506547495285	-3.288383570500768e-06	-0.20190825100973103	-6.248156503645737e-05	0.8979540742572705
3930000.0	7.1580132491227015	-16.948236513588835	0.31253432774458684	5.725627054155445	-5.211898464371566	-3.212956386196286e-06	0.044043465509619795	-6.251377104372166e-05	0.9012242579147756
3940000.0	7.2153835249645795	-17.000271128209643	0.31253430096139484	5.746194923393348	-5.196314796228525	-1.820921430853121e-06	0.2901981653826694	-6.25453237750375e-05	0.9044973765622867
3950000.0	7.272968567402494	-17.05216459847351	0.312534272722934	5.768274677190722	-5.183136871796372	-3.285171801260871e-06	0.5365546684814397	-6.257627045570505e-05	0.9077734078400915
3960000.0	7.330767084989472	-17.103914519321975	0.31253424456812695	5.789754209865408	-5.169007879288147	-3.2103989387190598e-06	0.7831104640082144	-6.260712839166646e-05	0.911052312747726
3970000.0	7.388777211544672	-17.155517508035654	0.31253421781449425	5.810063028436942	-5.152933598819379	-1.817815570596948e-06	1.0298610902214982	-6.263731269339488e-05	0.9143340296469755
3980000.0	7.446999788030613	-17.206974552065542	0.3125341896052525	5.831923495406153	-5.139276177648036	-3.2820804377301343e-06	1.276805485098438	-6.266692596256766e-05	0.9176185415647204
3990000.0	7.505433508969143	-17.258283301014654	0.3125341614787127	5.853180326760931	-5.124682930910186	-3.2079348312154823e-06	1.5239412607500644	-6.269648402379106e-05	0.9209058111247245
4000000.0	7.564076458051112	-17.3094403989962	0.3125341347535657	5.873226840282408	-5.108132266000791	-1.8148192972383921e-06	1.7712640413477552	-6.272534897860755e-05	0.9241957748005429
4010000.0	7.622929505425639	-17.360446882047064	0.31253410657247305	5.8948644652802615	-5.094007926495284	-3.2791053472679857e-06	2.018772878165536	-6.275367675295626e-05	0.9274884207814353
4020000.0	7.681991331889471	-17.41130045293198	0.3125340784731668	5.915894991201393	-5.078962624866245	-3.2055610879842534e-06	2.2664655012147383	-6.278198171899418e-05	0.9307837132477913
4030000.0	7.741259971828886	-17.46199778310852	0.31253405177546606	5.93567606511665	-5.061949389661448	-1.8119293757668101e-06	2.5143376171987684	-6.28095749480836e-05	0.934081586863667
4040000.0	7.8007363246260075	-17.512539954498042	0.3125340236214874	5.9570874078239315	-5.047370354707079	-3.27624249188331e-06	2.762388386076889	-6.283666370340374e-05	0.9373820347651113
4050000.0	7.860419057655479	-17.56292472158549	0.3125339955484148	5.9778881422823895	-5.0318848609183755	-3.2032747770004855e-06	3.0106156509577358	-6.286376093572083e-05	0.9406850226237968
4060000.0	7.920306156815813	-17.61314878366122	0.31253396887715457	5.997400759686305	-5.0144224707662906	-1.8091426006061147e-06	-3.0241701093557554	-6.289012860225374e-05	0.9439904833692321
4070000.0	7.980398550756942	-17.663213265924618	0.312533940749289	6.018582492481221	-4.999400620196272	-3.273487934559579e-06	-2.775599016282368	-6.291602338094576e-05	0.9472984148772269
4080000.0	8.040694893730805	-17.713115973195695	0.3125339127014828	6.039150065282595	-4.983486471997113	-3.2010730165508887e-06	-2.5268584254010507	-6.294195683382675e-05	0.9506087842477696
4090000.0	8.101193123957572	-17.762853633064257	0.3125338860556902	6.058391324602872	-4.9655879579003575	-1.806455805081787e-06	-2.277952474578831	-6.296714365508866e-05	0.9539215227473041
4100000.0	8.161894199377878	-17.812427411492767	0.31253385795296995	6.079340230310156	-4.950134840583662	-3.270837841218524e-06	-2.028881799571484	-6.29918880795361e-05	0.957236632792786
4110000.0	8.222796761416276	-17.86183516230546	0.3125338299294953	6.0996713847238135	-4.933803262040629	-3.1989529826544135e-06	-1.779648344701726	-6.301670031429663e-05	0.9605540828519701
4120000.0	8.283898701416177	-17.911073641838005	0.3125338033082297	6.118638497275521	-4.915481284613469	-1.803865868572814e-06	-1.5302561746944734	-6.304074957970133e-05	0.9638738025965126
4130000.0	8.345201006619655	-17.960144054389065	0.31253377522972003	6.139351466802192	-4.899608130197179	-3.268288484792198e-06	-1.28070582934915	-6.306438587150549e-05	0.9671957987940966
4140000.0	8.406702305914655	-18.009044301508627	0.3125337472296735	6.159443057085036	-4.882870042649332	-3.196911912266154e-06	-1.0309991531448897	-6.308811807675373e-05	0.9705200412221183
4150000.0	8.46840044456124	-18.05777116870579	0.31253372063202595	6.178133344517702	-4.864136905607081	-1.80136972248541e-06	-0.7811401405563928	-6.311107166943712e-05	0.9738464580227272
4160000.0	8.53029643910128	-18.106325896273272	0.3125336925768238	6.198607374387803	-4.847854635876729	-3.2658362456570505e-06	-0.5311292393248584	-6.313364067256515e-05	0.9771750601318727
4170000.0	8.592388906171996	-18.154706432258873	0.3125336645993325	6.218456363218038	-4.8307206685814705	-3.194947107122035e-06	-0.28096819814396184	-6.315633268793273e-05	0.9805058185808604
4180000.0	8.654675645734958	-18.20290959175509	0.3125336380244249	6.236867254865379	-4.81158833176892	-1.7989643552345756e-06	-0.030660944017642862	-6.317823111090732e-05	0.9838386600448021
4190000.0	8.717157703617687	-18.250936648788127	0.3125336099916584	6.257099444676221	-4.794907571665994	-3.2634776114685646e-06	0.21979216363387016	-6.319977231788485e-05	0.9871735994531364
4200000.0	8.77983368448737	-18.298785596724336	0.31253358203587966	6.276702900514913	-4.77738807210872	-3.193055935599136e-06	0.4703894680119696	-6.32214626606723e-05	0.9905106090376836
4210000.0	8.842701343783116	-18.346453280633146	0.31253355548286404	6.294831930674079	-4.757868164065293	-1.7966468157373756e-06	0.7211271069124765	-6.324234506485328e-05	0.9938496140663419
4220000.0	8.905761756591371	-18.393941006092206	0.3125335274716915	6.314819480487389	-4.740799252355384	-3.261209177760698e-06	0.972004805653132	-6.326289664472122e-05	0.9971906332946637
4230000.0	8.969013515884498	-18.4412468106541	0.3125334995368118	6.334174574881501	-4.722904296244519	-3.191235835712893e-06	1.2230209956008358	-6.328362253787558e-05	1.000533640103869
4240000.0	9.03245433334612	-18.488367569743335	0.3125334730048692	6.352019380037881	-4.703008126352578	-1.7944142168442225e-06	1.4741718767847984	-6.33035267516371e-05	1.0038785584119534
4250000.0	9.096085313282302	-18.53530461838258	0.3125334450144787	6.371759587720789	-4.6855611259374506	-3.2590276475324784e-06	1.7254572558255632	-6.332312558006992e-05	1.0072254106403251
4260000.0	9.159905037240126	-18.58205603722353	0.31253341709971294	6.3908635925706	-4.667300526885358	-3.189484313918221e-06	1.9768756486799508	-6.334292298260475e-05	1.010574171270689
4270000.0	9.223911173905478	-18.62861873240952	0.3125333905880531	6.408421908576357	-4.647039097072938	-1.792263737467912e-06	2.2284233151449477	-6.33618855436087e-05	1.0139247629260713
4280000.0	9.288104856752174	-18.674994066374612	0.31253336261766096	6.4279121671155535	-4.629223804993157	-3.2569298285608513e-06	2.480100139850441	-6.338056723495125e-05	1.017277211540308
4290000.0	9.352484656165759	-18.721180161826087	0.31253333472225153	6.4467624519133775	-4.610607123887953	-3.187798947693297e-06	2.7319047199152915	-6.339947087242241e-05	1.0206314926487954
4300000.0	9.417048198582759	-18.76717395597632	0.3125333082301119	6.464032111155654	-4.589991139943111	-1.790192623844521e-06	2.9838333725356025	-6.341752706011486e-05	1.0239875276322585
4310000.0	9.481796646580408	-18.812976836707307	0.31253328027896254	6.483269905950749	-4.571817097026211	-3.2549126330699644e-06	-3.0472992499867138	-6.343532599836286e-05	1.0273453457900799
4320000.0	9.546728559640574	-18.858586967780276	0.31253325240217883	6.501863935010614	-4.552853651108973	-3.1861773850434847e-06	-2.795123858298122	-6.345336939481503e-05	1.0307049236665962
4330000.0	9.611841522689335	-18.904001317814252	0.3125332259288236	6.518842863564398	-4.531893533573776	-1.7881981915384252e-06	-2.542829387258267	-6.347055326295588e-05	1.0340661814507395
4340000.0	9.677136727330701	-18.94922129824316	0.31253319799618823	6.537825769721612	-4.513370033783117	-3.2529730750646895e-06	-2.2904158055617367	-6.348750263525683e-05	1.0374291516668295
4350000.0	9.742612722394771	-18.994245112921018	0.31253317013732546	6.556161099414541	-4.494068905425086	-3.1846173430337287e-06	-2.0378843634896993	-6.35047181459197e-05	1.0407938118253497
4360000.0	9.808267052026595	-19.039069762199144	0.312533143682045	6.572847314205833	-4.472774800126771	-1.786277825318282e-06	-1.7852386357839383	-6.352106255594476e-05	1.0441600809718858
4370000.0	9.874100936768166	-19.083696679232517	0.31253311576722104	6.591572993838663	-4.453910899590972	-3.2511082694211307e-06	-1.5324785222182364	-6.353719438523862e-05	1.0475279947210931
4380000.0	9.940112915043777	-19.128124107045643	0.31253308792559986	6.60964726984179	-4.434280944793304	-3.183116608739399e-06	-1.279605201370616	-6.355361322755754e-05	1.0508975315086795
4390000.0	10.006300490937372	-19.17234907803665	0.31253306148771004	6.626038875827095	-4.412662732994155	-1.7844289800665178e-06	-1.0266221971437228	-6.356914988238495e-05	1.0542686092833646
4400000.0	10.072664913828193	-19.21637304531331	0.3125330335900202	6.644505075382725	-4.3934672587359564	-3.2493154280005946e-06	-0.7735293431743867	-6.358449506010006e-05	1.057641266621278
4410000.0	10.139204711974811	-19.26019429018581	0.3125330057649855	6.662316029950278	-4.3735171153393875	-3.1816730381094153e-06	-0.5203277492345462	-6.360014734801418e-05	1.0610154828442264
4420000.0	10.205917350110468	-19.303809877403026	0.31253297934382657	6.6784112173338785	-4.3515844235206576	-1.7826491807173236e-06	-0.26702089040395266	-6.3614906825809e-05	1.0643911748486592
4430000.0	10.272804106339276	-19.347221278317726	0.31253295146261817	6.69661576494215	-4.332065981903546	-3.2475918591948547e-06	-0.013608536851927686	-6.362949514531457e-05	1.0677683840488155
4440000.0	10.339863498988263	-19.390426811676996	0.3125329236535387	6.7141612142215985	-4.311804077538885	-3.1802845541059252e-06	0.23990826767757473	-6.364440992041947e-05	1.0711470906151908
4450000.0	10.407092954141028	-19.433423574874524	0.3125328972484748	6.7299582557012245	-4.289566286851048	-1.7809360216985575e-06	0.49352609499133	-6.365842170697057e-05	1.0745272104347565
4460000.0	10.474493778502696	-19.476213055858423	0.3125328693831188	6.747899058575308	-4.26973327172481	-3.245934964019451e-06	0.7472452358274455	-6.36722818958564e-05	1.07790878764175
4470000.0	10.54206448069725	-19.51879360999866	0.3125328415893861	6.765176899954094	-4.249167831497488	-3.1789491469730113e-06	1.001064709805946	-6.368648715957276e-05	1.0812918032195855
4480000.0	10.609802448850315	-19.561162367618433	0.3125328151998043	6.780674148026946	-4.226634086862993	-1.7792871670970966e-06	1.2549811337603205	-6.369977968218237e-05	1.0846761720868228
4490000.0	10.677709018133106	-19.603320831667634	0.31253278734969486	6.79834918989822	-4.206494687445877	-3.2443422342533553e-06	1.5089948568809737	-6.371293943460797e-05	1.0880619409846084
4500000.0	10.745782687689383	-19.645267393358512	0.3125327595707229	6.815357399413661	-4.185633741352733	-3.1776648718389343e-06	1.7631049595970183	-6.372646218089153e-05	1.0914490916750716
4510000.0	10.814020808369273	-19.686999216219636	0.31253273319603264	6.830553283724772	-4.162812960264554	-1.7777003494599703e-06	2.0173081019825654	-6.373906284015537e-05	1.0948375381477728
4520000.0	10.882424743664334	-19.728517816663246	0.312532705360586	6.847960622345402	-4.1423751687471055	-3.242811250020552e-06	2.2716046893256405	-6.375154884985137e-05	1.0982273296424845
4530000.0	10.950992983455446	-19.769821620995387	0.3125326775958099	6.864697252143	-4.1212265588671855	-3.176429847889321e-06	2.525993860414146	-6.376441509472482e-05	1.1016184486673388
4540000.0	11.019722841990655	-19.81090782621756	0.31253265123544216	6.879590276907113	-4.098127439844563	-1.7761733693396019e-06	2.78047231684751	-6.377635029774168e-05	1.1050108083207248
4550000.0	11.088615710925607	-19.851777960716984	0.31253262341409604	6.896728041600668	-4.077399058749353	-3.2413396772682516e-06	3.035040517752884	-6.37881882887005e-05	1.108404460237348
4560000.0	11.15767007109033	-19.89243048517604	0.31253259566297187	6.9131912174586025	-4.0559704461678825	-3.175242257085604e-06	-2.9934876492526645	-6.380042310288719e-05	1.1117993876400605
4570000.0	11.226883200795262	-19.932862630328767	0.3125325693163785	6.927779958942276	-4.032601476938493	-1.7747040943223142e-06	-2.7387448283325826	-6.381171829426185e-05	1.115195502772388
4580000.0	11.296256519693756	-19.973075935100336	0.3125325415085914	6.944646348224217	-4.01159012621336	-3.239925264955727e-06	-2.4839158158663843	-6.382293305121337e-05	1.1185928595646648
4590000.0	11.365788499771835	-20.01306889386173	0.3125325137705953	6.960834267143208	-3.989888997732712	-3.1741003423873698e-06	-2.229001363302776	-6.38345605900022e-05	1.121991441924542
4600000.0	11.43547638405807	-20.052838771331704	0.3125324874372484	6.975117371218437	-3.9662584631034297	-1.7732904576020655e-06	-1.974004690868482	-6.384524028276524e-05	1.1253911612755358
4610000.0	11.505321620027326	-20.09238711558477	0.3125324596424989	6.991710650485504	-3.9449715869770756	-3.2385658430286188e-06	-1.7189252381683917	-6.385585568323444e-05	1.1287920737485002
