10000.0	0.7599828791029685	-1.4100032467353119	0.3248876122439058	-0.0021568891958702024	0.0003919511071509695	-0.08060362305393357	-1.94367157872268e-05	2.815998737744485e-07	0.037755665291080986
20000.0	0.7599639550091066	-1.4100042135451651	0.32351335944795545	-0.0016553020739156208	-0.0007162189971363973	-0.18498955811739773	-4.922219912794052e-05	1.3790993204607945e-06	0.07849765338143763
30000.0	0.759949413068775	-1.4099991897689612	0.32118174847636477	-0.0013381787184384368	0.0014132690666432157	-0.27289412365921556	-9.023064757190881e-05	1.8582683490324362e-06	0.10734829923959124
40000.0	0.759937317522468	-1.4099952230527628	0.3178659254426062	-0.0011443545167945947	0.0019996737239063836	-0.36754917102567886	-0.00012157436733958835	-3.0083685407034834e-06	0.12729715279970463
50000.0	0.7599259924560872	-1.4099869692181213	0.3135984578657108	-0.001135134353603561	-0.0005352118515483093	-0.47698908394579237	-0.00016381501212629724	-1.3047298870790094e-05	0.14099874934534684
60000.0	0.7599125128068563	-1.4105733624148111	0.31260808115427763	-0.0010503651836044096	-0.0683572265305661	-3.5073903232399117e-06	0.0009749283714632312	-4.2970325060130584e-05	0.15016458143148767
70000.0	0.7599072542863413	-1.411471441201336	0.3126080478288287	-8.68747306584678e-05	-0.10653570788702502	-2.905570558735761e-06	0.0033063655487276236	-4.312460048547858e-05	0.15598927637304555
80000.0	0.7599134785173841	-1.4127327915974086	0.3126080137047916	0.001365875755235626	-0.14323566111871733	-3.7310733131078093e-06	0.006769863411158997	-4.3130966226784904e-05	0.15951744762853068
90000.0	0.7599360475309771	-1.414349695296138	0.3126079798431091	0.0030416123922415634	-0.17645262733361053	-3.4937755291833187e-06	0.011355897060792795	-4.306784574765683e-05	0.16142180490710073
100000.0	0.7599798413630808	-1.4163222299329874	0.312607946603696	0.00546251150264121	-0.21335258571228624	-2.8920034568450207e-06	0.017063283333253	-4.296608697108216e-05	0.162172582458337
110000.0	0.7600488749126262	-1.4186455530049753	0.3126079125503928	0.008223336324077861	-0.24890052507659471	-3.7284021870609954e-06	0.023886481232435447	-4.285884153440366e-05	0.16216915277544564
120000.0	0.760146428931768	-1.421312515797264	0.31260787875901863	0.011035571453646387	-0.2809445265582102	-3.484617169580184e-06	0.031812804178401564	-4.275730707630481e-05	0.16166802413868842
130000.0	0.7602757528886324	-1.4243236327996152	0.3126078455830478	0.014449733845677451	-0.3167222188558897	-2.88843363465105e-06	0.040838492379108485	-4.266434360193341e-05	0.16084894510878275
140000.0	0.7604395557664532	-1.4276743836888968	0.31260781159110057	0.018092879096870802	-0.35117237083952946	-3.72625917796411e-06	0.05095565423705705	-4.258775469657048e-05	0.15985545119284283
150000.0	0.7606402852558766	-1.4313574126648119	0.3126077778624662	0.021693023506370663	-0.382031619349549	-3.4729317949883534e-06	0.06214853371309765	-4.25271801770562e-05	0.15877925036693144
160000.0	0.7608799238297942	-1.4353744337413952	0.31260774475804376	0.025771190545817915	-0.4168369909122402	-2.8757561595089808e-06	0.07441451879931088	-4.248144474351199e-05	0.15768504902321345
170000.0	0.7611598471554287	-1.4397217749780993	0.31260771082665967	0.029897718860812023	-0.4504786856027424	-3.7213548488199408e-06	0.08774645940943637	-4.244963970225329e-05	0.1566174692366311
180000.0	0.7614810086062325	-1.4443929761781582	0.31260767717928006	0.03391923781537915	-0.4804520469276666	-3.464876779870408e-06	0.10213027358967461	-4.242971465834623e-05	0.15560461851877883
190000.0	0.7618447249813505	-1.4493899858713828	0.31260764414945674	0.03834121996963274	-0.5144651734307151	-2.8663747720027916e-06	0.11756303006925625	-4.242142248257329e-05	0.1546667451081597
200000.0	0.7622516435815639	-1.4547092665114336	0.3126076102911119	0.04269983009746469	-0.5473452938281151	-3.715577027817856e-06	0.13403725237489525	-4.242128291662929e-05	0.15381193728356224
210000.0	0.7627022382182638	-1.4603451906262952	0.31260757670445855	0.04696539600358934	-0.5766383983118386	-3.4642133097175704e-06	0.15154076970041935	-4.242775339457676e-05	0.1530449474460249
220000.0	0.7631972856153524	-1.4662996592112467	0.3126075437421637	0.05156710009697622	-0.6098793038042374	-2.8576556806881473e-06	0.17007051682140217	-4.244188876059218e-05	0.15236964570568182
230000.0	0.7637370021911924	-1.4725694826018445	0.3126075099504215	0.0560099877249179	-0.642079045761243	-3.7079864957368324e-06	0.189619447387797	-4.245980244597847e-05	0.1517819905561023
240000.0	0.7643216018828116	-1.4791493467253987	0.3126074764245764	0.06041742816287179	-0.6707211090490721	-3.4614081172478225e-06	0.21017635044844724	-4.2480689808737766e-05	0.15127909514919863
250000.0	0.7649515767116701	-1.486041115230424	0.31260744352498687	0.06511096378066351	-0.7033615360315014	-2.8527919780935374e-06	0.23173785267449895	-4.250635171240466e-05	0.1508594461224179
260000.0	0.7656268580984742	-1.4932420220298253	0.31260740979885787	0.06955940642838739	-0.7349242775254222	-3.699400789674932e-06	0.2542983227447373	-4.253322358846579e-05	0.15051607559794541
270000.0	0.7663475996368898	-1.500746557495573	0.31260737633423036	0.07405953943640171	-0.7629007483781	-3.458520566684237e-06	0.27784603294799476	-4.2560996406057475e-05	0.15024434927332758
280000.0	0.7671141567877835	-1.5085570729952475	0.3126073435046925	0.07879983078944687	-0.7949580336541725	-2.838624963369044e-06	0.3023787572357909	-4.259174047540694e-05	0.15004150325354543
290000.0	0.7679263104019827	-1.5166708508848663	0.3126073098350826	0.08323468483913568	-0.8259269603996642	-3.6927105998437954e-06	0.32789126688497433	-4.262240217929471e-05	0.14990082928974466
300000.0	0.7687842333445796	-1.5250823116871945	0.31260727642788455	0.08779549448826106	-0.8533222842005032	-3.4541110673559776e-06	0.35437160667412576	-4.265291527924419e-05	0.14981796825523572
310000.0	0.7696882192820389	-1.5337941000038506	0.3126072436623625	0.0925682308058827	-0.884817141661173	-2.828921534372168e-06	0.3818185840481254	-4.268537578210803e-05	0.1497903265151271
320000.0	0.7706379768219137	-1.5428033019503355	0.3126072100554968	0.09699741177202832	-0.9152316997680202	-3.6889266179402217e-06	0.41022638416123913	-4.271720039306275e-05	0.14981234296695942
330000.0	0.7716337387955198	-1.5521048526484629	0.31260717670150556	0.10159467052085801	-0.9421244976079182	-3.4540025218814695e-06	0.43958457237584386	-4.274842822810357e-05	0.14988048126700063
340000.0	0.7726757658234842	-1.5617011478286484	0.31260714399756784	0.10639756357095127	-0.973004600528559	-2.8197592115218486e-06	0.4698915943727233	-4.2781052938358425e-05	0.14999270272377588
350000.0	0.7737637727996445	-1.5715894355089421	0.31260711044910783	0.1108131630559791	-1.002884556017795	-3.683164923312716e-06	0.501141814381378	-4.28128813057182e-05	0.15014465961124016
360000.0	0.7748980757906139	-1.581764773835644	0.3126070771486689	0.11546330083414331	-1.0292517216551385	-3.452496728419509e-06	0.5333254433806112	-4.284398105848507e-05	0.15033365885102065
370000.0	0.7760790042990698	-1.5922292611945936	0.31260704450053367	0.12031046394035531	-1.0596327684338387	-2.8147317419213022e-06	0.5664399735679556	-4.2876205535185064e-05	0.1505582445102041
380000.0	0.7773062740012746	-1.602980366879346	0.3126070110127498	0.12475605218426909	-1.088882785538357	-3.672045714340322e-06	0.6004807875446612	-4.290766926176178e-05	0.15081510581193913
390000.0	0.7785802455450959	-1.6140132844385577	0.3126069777603314	0.12944426710031684	-1.1147805067493262	-3.4533603619232904e-06	0.635438236480092	-4.2938425533673593e-05	0.15110225463686772
400000.0	0.7799012580517519	-1.6253302842421422	0.3126069451745304	0.13434226939452218	-1.1446546705519205	-2.800605074986241e-06	0.6713104965630704	-4.2970183318799014e-05	0.151418713637231
410000.0	0.7812690320299931	-1.6369287094590423	0.312606911737443	0.1388266003609375	-1.1733183422392814	-3.6637718229145923e-06	0.7080927238558617	-4.300128182629138e-05	0.15176196195034455
420000.0	0.7826839528396747	-1.6488034736061064	0.31260687853068575	0.14355541861425505	-1.19874380510834	-3.4547086895446424e-06	0.7457742717442221	-4.303174141205517e-05	0.15213055072421405
430000.0	0.7841463878269719	-1.6609573141729073	0.31260684600075056	0.14851068093120975	-1.2281166149979235	-2.791270393919011e-06	0.7843547465298026	-4.306317119825378e-05	0.15252386875767857
440000.0	0.7856560701359584	-1.6733873284478107	0.3126068126183376	0.15303969083813762	-1.256265090864974	-3.6603531267837208e-06	0.8238287942484055	-4.3094048558305425e-05	0.1529399806804893
450000.0	0.7872134047578354	-1.6860888858867549	0.3126067794548228	0.1578162297421976	-1.2812002546573675	-3.4560208757482164e-06	0.8641870996964104	-4.3124383444644826e-05	0.1533778334998197
460000.0	0.7888188011317279	-1.6990642767131319	0.3126067469791659	0.16283579857066874	-1.3100578829816434	-2.7821257580534987e-06	0.905427924214291	-4.315568265754821e-05	0.15383708695585938
470000.0	0.7904719969860855	-1.7123107083745062	0.3126067136484269	0.16741699711641464	-1.337646123395182	-3.6533803917989263e-06	0.947546358350539	-4.318631323610173e-05	0.15431611740742598
480000.0	0.7921734175310757	-1.7258237313618119	0.3126066805276693	0.17224679059254408	-1.3621417063297345	-3.4573712169494963e-06	0.9905334774933316	-4.32160588028684e-05	0.15481360019979534
490000.0	0.7939235078454642	-1.739605637147755	0.3126066481049439	0.17733693720443736	-1.3905028225543477	-2.7728407518919114e-06	1.0343877134472905	-4.324677225716307e-05	0.1553294574265318
500000.0	0.7957220107213002	-1.7536540193018895	0.31260661482397967	0.18197673928289926	-1.41758939973432	-3.6471962574701e-06	1.079105336472175	-4.327740143806389e-05	0.1558628149447995
510000.0	0.7975693760364362	-1.7679643534363976	0.3126065817446636	0.18686569491105542	-1.441739853872463	-3.459705320825654e-06	1.1246770816327827	-4.330789351599675e-05	0.15641325990843463
520000.0	0.799466086399235	-1.7825392506164868	0.3126065493705896	0.19203363314897226	-1.4696475782483636	-2.7666137544420335e-06	1.1711026422480029	-4.333936859336243e-05	0.15698079065863427
530000.0	0.8014118998626616	-1.7973759287977404	0.3126065161407514	0.19674008666752343	-1.4961782715115555	-3.641358475053274e-06	1.2183773996543068	-4.337068054103769e-05	0.1575645907359366
540000.0	0.8034072857808985	-1.812470351189089	0.3126064831015867	0.20169613650275597	-1.5199531772890509	-3.4611648846099134e-06	1.2664929743528681	-4.3401824997400344e-05	0.1581642912957209
550000.0	0.805452768675074	-1.8278246606909816	0.3126064507782403	0.20694912903377272	-1.5473940540811781	-2.757005584845365e-06	1.3154481012921668	-4.34338941615326e-05	0.15877991487643459
560000.0	0.8075481116779996	-1.843436429740711	0.31260641759369884	0.21172850666129855	-1.5734691479798246	-3.6336031070619975e-06	1.3652390161646024	-4.346580711210878e-05	0.15941074622131213
570000.0	0.8096938086755844	-1.8593015683743603	0.312606384594083	0.21675850666303043	-1.5968410357261775	-3.4626352526538002e-06	1.415857473783097	-4.349753861721507e-05	0.160056480254501
580000.0	0.8118904219721985	-1.8754225933918611	0.31260635232508993	0.2221037956396432	-1.6238776946596662	-2.742528181944457e-06	1.4673030666894058	-4.353020189233066e-05	0.16071718023289117
590000.0	0.8141377271604777	-1.8917969958367562	0.3126063191801791	0.22696359552932702	-1.6494981267811344	-3.628659253882551e-06	1.5195720904145917	-4.3562721106197115e-05	0.1613922235450911
600000.0	0.8164362394311638	-1.9084206469527512	0.3126062862179916	0.23207465147414416	-1.6725153839842355	-3.46352586689668e-06	1.5726559515595813	-4.35950748452213e-05	0.1620813700141433
610000.0	0.8187865618133894	-1.925296253079176	0.3126062539979698	0.23751954383175553	-1.699150745346826	-2.7322574994898004e-06	1.6265550668210151	-4.362836918847982e-05	0.1627847190064977
620000.0	0.8211884810947268	-1.9424213996928867	0.31260622089659723	0.24246721964166304	-1.7244142736567794	-3.628391025818792e-06	1.6812659083119696	-4.366153544183846e-05	0.16350172602864238
630000.0	0.8236425383264068	-1.9597925127127234	0.31260618796977235	0.24766719459153863	-1.7471398833038507	-3.4661142969930427e-06	1.7367815534608335	-4.369456902634889e-05	0.16423219755999394
640000.0	0.8261493795837914	-1.9774116962805655	0.31260615579434686	0.25321960204225447	-1.7733744719054803	-2.7253789581014435e-06	1.7931009295302929	-4.3728541295337646e-05	0.16497626434886664
650000.0	0.8287088003935414	-1.9952765936170058	0.3126061227367321	0.25826302383552535	-1.7981940142914827	-3.622027155989463e-06	1.8502206126852054	-4.3762396224313625e-05	0.1657334479946149
660000.0	0.8313213622075641	-2.0133837784642448	0.3126060898458285	0.26355879921961295	-1.8205808130174574	-3.467101397461801e-06	1.9081339643799056	-4.379613244049995e-05	0.16650359567169012
670000.0	0.833987753584002	-2.031735799495017	0.31260605772205935	0.26922633506345534	-1.8464834824344536	-2.7102720663845557e-06	1.9668412807319406	-4.383083780990326e-05	0.1672868582799758
680000.0	0.8367077836406919	-2.0503302929547336	0.31260602470044335	0.27437327959937025	-1.8709960865917923	-3.6223474115116064e-06	2.0263392425712414	-4.38654318439628e-05	0.1680828014617175
690000.0	0.839482033717049	-2.069163496628833	0.31260599184280785	0.2797722094554153	-1.8930749620027423	-3.469775405428611e-06	2.086620283734008	-4.389990058291465e-05	0.1688913046433523
700000.0	0.8423112290476971	-2.088237949053658	0.31260595976180666	0.28556132457397854	-1.918601033002836	-2.7031130528290114e-06	2.147684681803855	-4.393536138919856e-05	0.1697125397114795
710000.0	0.845195184792975	-2.10755129008981	0.3126059267810374	0.2908177527272959	-1.9426986278781542	-3.616784274832205e-06	2.2095291938915986	-4.397070786059365e-05	0.1705461103516625
720000.0	0.8481345011293235	-2.127099992602363	0.31260589395737415	0.29632581412275105	-1.9644639962636976	-3.4716094271156157e-06	2.2721468449054694	-4.4005929846261386e-05	0.17139191667482362
730000.0	0.8511299392989988	-2.146886490284704	0.31260586192103584	0.30224263490852005	-1.9896313856935657	-2.6929772300420303e-06	2.335537630849975	-4.404215955808268e-05	0.17225014284385423
740000.0	0.8541813122145051	-2.1669079755547203	0.31260582897757855	0.3076136560876431	-2.013325508003181	-3.613946833582005e-06	2.399697118101156	-4.407825271991036e-05	0.17312042458760352
750000.0	0.8572892360031529	-2.187161429110803	0.312605796185494	0.3132358856011937	-2.0347877709070206	-3.4728039803079795e-06	2.464619532629231	-4.411424402079471e-05	0.17400267973398495
760000.0	0.8604545045978239	-2.207649034058653	0.31260576419761543	0.31928516236777027	-2.0595905801811187	-2.678168110404458e-06	2.5303045431280995	-4.41512308522131e-05	0.1748970957210505
770000.0	0.8636769391256828	-2.2283684715536833	0.31260573128589586	0.324777088066447	-2.0829843255424483	-3.615018389480725e-06	2.596748863550448	-4.418809348813726e-05	0.17580332709097976
780000.0	0.8669571726591491	-2.2493166857663724	0.31260569852349307	0.3305192701563656	-2.1041717506297455	-3.475756931416021e-06	2.663946792693728	-4.422484703109061e-05	0.17672129901114927
790000.0	0.870296037410482	-2.270495919795223	0.31260566657908784	0.3367067515272425	-2.1285898800476675	-2.6670926046368368e-06	2.7318984309052814	-4.4262606103538e-05	0.1776511990780994
800000.0	0.873693359058822	-2.2919037495549657	0.3126056337014144	0.3423252021993259	-2.151646182034364	-3.6131036930712214e-06	2.8005999746518935	-4.43002156814505e-05	0.17859269888575507
810000.0	0.8771497791688143	-2.3135368489463035	0.31260560096884826	0.34819210052361305	-2.1725170738352655	-3.477770758593279e-06	2.87004498729088	-4.433769450201702e-05	0.17954573638739707
820000.0	0.8806661647894122	-2.3353976995463843	0.3126055690631745	0.35452360434455527	-2.196646700210512	-2.6594640913129355e-06	2.9402340550769943	-4.4376214954892803e-05	0.1805105067111804
830000.0	0.8842423435218721	-2.3574838040073507	0.3126055362217924	0.36027237376102067	-2.2193034202569533	-3.611276641234853e-06	3.0111637505334823	-4.441455201776044e-05	0.18148669016130223
840000.0	0.8878789754585511	-2.3797921994249114	0.3126055035177865	0.36626963350867153	-2.239905561522931	-3.479959516079805e-06	3.0828281178078707	-4.445276851226456e-05	0.1824742319958358
850000.0	0.8915769642138839	-2.4023253315035142	0.31260547165300007	0.3727502781885416	-2.2637172922941784	-2.6489877117901707e-06	-3.127957297828631	-4.449203223931114e-05	0.18347332371243852
860000.0	0.895336135454548	-2.42508052151937	0.31260543884260694	0.37863580519407036	-2.286060140385805	-3.6074875928256797e-06	-3.054825940626105	-4.4531095749846255e-05	0.1844836593200159
870000.0	0.8991571617487465	-2.448054796586002	0.31260540616736526	0.38476769411963724	-2.3063598356572923	-3.4821567906948284e-06	-2.980968853683305	-4.4570010839509556e-05	0.1855051880458335
880000.0	0.9030409851956877	-2.47125084986745	0.31260537434725305	0.39140297884786646	-2.3298723616275803	-2.6334918745813863e-06	-2.9063847797269324	-4.461000611736637e-05	0.1865381046356948
890000.0	0.9069874281637837	-2.4946662209124963	0.3126053415630567	0.3974313245713715	-2.3519627781937555	-3.6096613825511955e-06	-2.831076915123927	-4.4649775837856835e-05	0.18758210241061576
900000.0	0.9109971615242263	-2.5182981240245876	0.3126053089120068	0.40370386505164235	-2.3720501804582725	-3.4849158046666196e-06	-2.7550505560949134	-4.468939088780695e-05	0.18863712466363886
910000.0	0.9150711159920201	-2.542148926848599	0.31260527712918923	0.4104687961462702	-2.395226038528339	-2.623536293883455e-06	-2.6783049335132607	-4.473001870991249e-05	0.18970333924488147
920000.0	0.919209148671644	-2.566216253989056	0.3126052443730813	0.4166596893434628	-2.417003630853297	-3.6109979255603104e-06	-2.6008432275066635	-4.47703527067412e-05	0.19078042572974807
930000.0	0.9234119581692973	-2.5904973449273103	0.31260521174548367	0.42308176637646233	-2.4368462760482923	-3.4877601841831864e-06	-2.5226708423580817	-4.481048607819236e-05	0.19186830949794
940000.0	0.9276804576722514	-2.614994065244454	0.3126051800019804	0.42998190601407077	-2.459660728172981	-2.6107910440643654e-06	-2.4437881681937363	-4.4851589433050655e-05	0.19296715044959645
950000.0	0.9320145790011386	-2.639704457143649	0.31260514727061756	0.43633980010352535	-2.481171915045353	-3.610640208096095e-06	-2.3641975177130687	-4.489242352196589e-05	0.1940766449863455
960000.0	0.9364150172603166	-2.6646259046001735	0.31260511466728635	0.44291786969040947	-2.5007661032529294	-3.4900112499941936e-06	-2.283903540657228	-4.493306267216305e-05	0.1951967262653123
970000.0	0.9408827294899723	-2.689760680139085	0.31260508296626466	0.44997497943363973	-2.5233252609595818	-2.594774957572252e-06	-2.202905462424199	-4.49747028112503e-05	0.19632755556081963
980000.0	0.9454176373088109	-2.7151064670480154	0.31260505025775565	0.4564979640593297	-2.544610083194118	-3.614036612201773e-06	-2.121206543649285	-4.501604487306612e-05	0.19746884250587995
990000.0	0.9500204547216712	-2.7406606554256387	0.31260501767738563	0.4632334138936116	-2.5639798883490115	-3.4934268725497332e-06	-2.0388114971263143	-4.505720679860095e-05	0.1986205330018147
1000000.0	0.9546921126977104	-2.7664252058912164	0.3126049860153385	0.4704338341945683	-2.5861479223812496	-2.5821413458300463e-06	-1.955720081344136	-4.509936155303929e-05	0.19978279462644655
1010000.0	0.959432617956474	-2.792398092284566	0.3126049533316415	0.4771333283339108	-2.6071754881302023	-3.615442129552764e-06	-1.8719352580483437	-4.514123878684594e-05	0.20095535387893249
1020000.0	0.9642426672568553	-2.818576794519125	0.3126049207742807	0.48403222261526474	-2.6263152729759396	-3.496188245337375e-06	-1.7874612213219856	-4.518294087134078e-05	0.2021381638821739
1030000.0	0.9691231837867167	-2.844963006162638	0.3126048891481512	0.49137942574524396	-2.6482044408900944	-2.571759245396223e-06	-1.7022984995055712	-4.522563854476746e-05	0.20333139459783306
1040000.0	0.9740742229946803	-2.87155498673053	0.3126048564899515	0.4982637730347565	-2.668955572596253	-3.6152825207049284e-06	-1.6164490493711705	-4.52680654826766e-05	0.20453478383684928
1050000.0	0.9790964279598618	-2.898349549038682	0.3126048239558502	0.5053279293284891	-2.687796394671026	-3.4988612490153305e-06	-1.5299189817196837	-4.531025130316788e-05	0.2057482878900262
1060000.0	0.9841907980351288	-2.9253491812886394	0.31260479236671473	0.5128304667330714	-2.7093942540793994	-2.559554558465967e-06	-1.4427068198781625	-4.535350806728579e-05	0.20697208195888805
1070000.0	0.9893573670945832	-2.9525516150739293	0.31260475973194685	0.5198964886110542	-2.7298651494595774	-3.6166801949456767e-06	-1.3548157662450415	-4.5396447964148805e-05	0.20820590801947875
1080000.0	0.9945968208399348	-2.979954212392547	0.31260472721938787	0.5271309226838714	-2.748490066819511	-3.501688392160375e-06	-1.2662505067637402	-4.54391764876623e-05	0.20944972614105126
1090000.0	0.999910129732247	-3.007558969622097	0.31260469566964133	0.5348063904111793	-2.769788593580883	-2.544371713068884e-06	-1.1770106922619457	-4.548294264332382e-05	0.2107037072878606
1100000.0	1.0052973719676135	-3.0353641434354413	0.31260466305424517	0.5420446922755384	-2.7899959148761675	-3.6180439709133065e-06	-1.087098141034795	-4.5526412682770244e-05	0.21196759995490513
1110000.0	1.0107592475382334	-3.063366909885725	0.31260463056236665	0.5494542324866145	-2.80840254735951	-3.5039753439038297e-06	-0.9965181110151448	-4.556966465043367e-05	0.21324136463723917
1120000.0	1.0162966975947259	-3.0915690685948727	0.31260459904849996	0.5572919916937428	-2.829389982599676	-2.532264112341625e-06	-0.9052704724663818	-4.561392149132453e-05	0.2145251690176469
1130000.0	1.021909862990381	-3.1199689893437275	0.31260456645542856	0.5647250943342703	-2.8493966173837912	-3.6219357019150897e-06	-0.8133571345780782	-4.5657882438919184e-05	0.21581876948113704
1140000.0	1.0275994183070452	-3.1485641261572472	0.31260453398306676	0.5723051037691321	-2.8675297665724195	-3.50674579993908e-06	-0.7207821648753218	-4.570163928555537e-05	0.21712212756175447
1150000.0	1.0333663420949042	-3.1773561565097665	0.31260450250425675	0.5803128440137152	-2.8882397798269657	-2.519729344483607e-06	-0.6275459402253946	-4.574640629223164e-05	0.21843540767608172
1160000.0	1.0392107656780707	-3.206343278993307	0.31260446993190855	0.5879352365331274	-2.907989174301852	-3.623564858266892e-06	-0.5336507079784026	-4.5790831598468866e-05	0.2197583698632231
1170000.0	1.0451333733240957	-3.2355229672766894	0.3126044374791247	0.5956941167440654	-2.925885492290932	-3.5095904466817265e-06	-0.4391006296257438	-4.5835054191748444e-05	0.22109097989104162
1180000.0	1.0511351415003516	-3.2648968612788485	0.31260440603439343	0.6038722399803265	-2.9462934900356514	-2.507812266112057e-06	-0.343896036625752	-4.588029182034886e-05	0.22243340174651066
1190000.0	1.0572162692561815	-3.2944635876859865	0.31260437348213144	0.6116899137280555	-2.965824759926748	-3.625529536185105e-06	-0.2480380632664246	-4.592520995042418e-05	0.22378539974389788
1200000.0	1.0633774204073194	-3.324220439189403	0.3126043410478849	0.6196371381351345	-2.983564818926938	-3.513269569861253e-06	-0.15153134107379262	-4.5969898437770896e-05	0.2251469372177884
1210000.0	1.0696195777858692	-3.3541692782082073	0.31260430963431873	0.6279840177971103	-3.003692027075849	-2.498026563273624e-06	-0.05437522953120315	-4.601562736738848e-05	0.22651817560008744
1220000.0	1.0759429588579774	-3.3843084476175047	0.31260427710384076	0.6360022264686752	-3.0229470209355527	-3.6273543032260906e-06	0.043428349351979416	-4.6060984085728335e-05	0.2278988810312847
1230000.0	1.0823482220446328	-3.4146351938392074	0.31260424468787834	0.6441350294880219	-3.040458282160877	-3.516174193314688e-06	0.14187428242784245	-4.6106107370777114e-05	0.22928902131619971
1240000.0	1.0888363509796446	-3.445151337530184	0.31260421330699795	0.6526597047179423	-3.060294387031622	-2.486290180002169e-06	0.24096332254173064	-4.6152280144004024e-05	0.23068875927085336
1250000.0	1.0954076212789374	-3.4758555519874217	0.31260418079437596	0.6608782184434597	-3.0793432310852853	-3.6278100104556172e-06	0.34069430043046117	-4.61981060368937e-05	0.23209786644246855
1260000.0	1.1020627016198772	-3.5067453124631833	0.31260414839659983	0.669202808763375	-3.09666269316404	-3.519196726513767e-06	0.4410631655715606	-4.624369192020504e-05	0.2335163072833529
1270000.0	1.1088026215330893	-3.5378226366947763	0.312604117050349	0.6779294040270426	-3.1162994881596	-2.4714757077815726e-06	0.5420710911598051	-4.629035189937849e-05	0.23494423884661955
1280000.0	1.1156276280028137	-3.5690859461571316	0.31260408455348776	0.6863478363101092	-3.135177882266553	-3.6318735572847424e-06	0.6437163840266857	-4.6336619965778555e-05	0.23638143315479127
1290000.0	1.1225384093931918	-3.6005328189566197	0.31260405217192394	0.69486252540088	-3.152271023457101	-3.5215605396958075e-06	0.7459952785667299	-4.6382670657948756e-05	0.23782785886890848
1300000.0	1.1295359590070915	-3.632164692887842	0.3126040208575834	0.7037743062238044	-3.1716287603549667	-2.459913991189943e-06	0.8489074037510084	-4.6429739563744676e-05	0.2392836730264249
1310000.0	1.1366205553359674	-3.663980075253572	0.31260398837856174	0.7123980344216785	-3.190269029874495	-3.633878165865043e-06	0.952451021560458	-4.647642545868115e-05	0.24074866031744113
1320000.0	1.1437929138040568	-3.6959767501706366	0.3126039560132211	0.7211153490354248	-3.207219832524536	-3.525371733122759e-06	1.0566228446805321	-4.652292260480927e-05	0.2422227949611204
1330000.0	1.1510539945201945	-3.728156138749235	0.3126039247298969	0.7302112069058376	-3.2262535557361365	-2.448374331167735e-06	1.161423116608638	-4.657043900482822e-05	0.24370623131991134
1340000.0	1.1584041542440517	-3.760516933541265	0.3126038922677745	0.7390455746819857	-3.244695437286287	-3.636212462554078e-06	1.2668500769816953	-4.661757948502381e-05	0.24519875722348633
1350000.0	1.1658440477420542	-3.7930565989501197	0.3126038599183309	0.7479608913624203	-3.261427123123329	-3.528385364766466e-06	1.372899832952416	-4.6664491850317296e-05	0.24670034662689228
1360000.0	1.1733746802938065	-3.8257767487824568	0.3126038286627319	0.7572476144179099	-3.280245847832449	-2.43905202617368e-06	1.479572977158729	-4.671246072520019e-05	0.2482111555496758
1370000.0	1.1809964393261811	-3.8586762830303565	0.3126037962182269	0.7662982029251058	-3.2984672208324772	-3.6369739639782567e-06	1.586868697410971	-4.676005310537236e-05	0.24973097262347776
1380000.0	1.1887099925597282	-3.891752772962587	0.31260376388475763	0.7754180998425896	-3.3150171876299424	-3.5315293995951508e-06	1.694783359269044	-4.680740311482366e-05	0.2512597681441981
1390000.0	1.1965163505958165	-3.9250077122526332	0.31260373266109287	0.7849163928233573	-3.333619740455538	-2.4252458122141276e-06	1.8033172094401697	-4.68558049825295e-05	0.25279769513542283
1400000.0	1.204415890886411	-3.9584399669660053	0.3126037002298321	0.7941702866177864	-3.3516174651681707	-3.6390459721103575e-06	1.9124694300706482	-4.6903823056141296e-05	0.2543445465021146
1410000.0	1.212409299183553	-3.9920470058003583	0.3126036679109019	0.8034977890464449	-3.3679814972814333	-3.534058029960125e-06	2.022235925140884	-4.6951605051026925e-05	0.2559002970003197
1420000.0	1.2204975974187215	-4.025830455318846	0.31260363671669744	0.813198069960144	-3.3863494025122414	-2.413402933314196e-06	2.1326176121845304	-4.700044472460846e-05	0.25746509847311494
1430000.0	1.2286811634714854	-4.059788965995245	0.312603604300983	0.8226766576418155	-3.4041852021132866	-3.643521562413572e-06	2.2436128747728445	-4.7048865143752916e-05	0.259038747842277
1440000.0	1.2369606812346448	-4.0939202360782	0.31260357199579974	0.832203993255899	-3.420307751877471	-3.53710145268156e-06	2.355218485887432	-4.70970754666513e-05	0.2606212231282689
1450000.0	1.2453371568942615	-4.128225462109729	0.31260354083014463	0.842104452718201	-3.4384090188130974	-2.402226499017848e-06	2.467434036284252	-4.7146321455465076e-05	0.26221267696706735
1460000.0	1.253811043494382	-4.162703775817438	0.31260350842901163	0.8518046176368445	-3.456056246360478	-3.6461298969255048e-06	2.5802591842858744	-4.719518499202812e-05	0.26381291193649825
1470000.0	1.262382993676127	-4.197352690818959	0.31260347613711315	0.8615496389139943	-3.4720437465166567	-3.5410787418756315e-06	2.693690245071517	-4.724381490782939e-05	0.26542190432360263
1480000.0	1.2710539968387176	-4.232173396051303	0.3126034449995881	0.8716473857837027	-3.4898365817620562	-2.391050765073761e-06	2.8077272737141037	-4.729348057893984e-05	0.2670398047205262
1490000.0	1.2798245305565639	-4.2671648549754035	0.31260341261261493	0.8815672944564009	-3.507262935586024	-3.6485384808937364e-06	2.9223689522320973	-4.734273944700731e-05	0.26866642010807135
1500000.0	1.2886952405367242	-4.302324634544137	0.312603380333923	0.8915229810832316	-3.5230432502631275	-3.5442611597371502e-06	3.037611862169155	-4.739177135408124e-05	0.2703017302503232
1510000.0	1.2976671518492608	-4.337654102443891	0.3126033492210755	0.9018268086920462	-3.540634367250462	-2.3820803579250356e-06	-3.129728778353041	-4.744187477909033e-05	0.2719458850652726
1520000.0	1.3067407348269107	-4.373152157864209	0.3126033168498969	0.9119710406050094	-3.557815885739196	-3.6510496573939333e-06	-3.0132833771720717	-4.74915313498241e-05	0.2735986896757339
1530000.0	1.3159166856592606	-4.4088166595933895	0.31260328458354336	0.9221436214036662	-3.5734271352076563	-3.547577427933929e-06	-2.896240290530992	-4.7540986406114174e-05	0.27526012325849136
1540000.0	1.3251960204581805	-4.444648904264447	0.31260325349693086	0.9326587737484482	-3.5907901309753614	-2.3713124360722776e-06	-2.778598809445507	-4.759150671392104e-05	0.2769303303337769
1550000.0	1.3345792091568134	-4.480647630002447	0.31260322113794997	0.9430310963248294	-3.6077874425710728	-3.65218848096772e-06	-2.6603606059963614	-4.76415688441483e-05	0.27860911962130763
1560000.0	1.3440669736493478	-4.516810906175282	0.3126031888841048	0.9534241251309145	-3.623217208324546	-3.5502648067544143e-06	-2.5415278953716545	-4.76914357076213e-05	0.28029647056119217
1570000.0	1.3536603474041657	-4.553140010010106	0.3126031578266353	0.9641682607643842	-3.640382471035155	-2.357252638660306e-06	-2.4221000327744124	-4.774236370200099e-05	0.28199252460628305
1580000.0	1.363359819243393	-4.5896338377689165	0.3126031254774693	0.9747684001975604	-3.6572333158128445	-3.656752135782576e-06	-2.302078259697529	-4.7792831988830476e-05	0.2836970917663966
1590000.0	1.3731660660214295	-4.626290164366017	0.3126030932350128	0.9853724548440177	-3.6724277259944462	-3.5534555404980575e-06	-2.181465397311027	-4.784308936627267e-05	0.2854101534490507
1600000.0	1.3830801046291838	-4.663109944713798	0.3126030622034773	0.9963288786442862	-3.689336057627315	-2.3463982965383045e-06	-2.060261916859413	-4.789439494524176e-05	0.2871318563823608
1610000.0	1.393102448451972	-4.700092196798144	0.3126030298664925	1.0071575465326192	-3.705970708024958	-3.659386101756876e-06	-1.9384687606576014	-4.794525188008861e-05	0.28886201948050017
1620000.0	1.4032337701418571	-4.737234715721463	0.3126029976353312	1.0179809963747182	-3.720961303175299	-3.556760329218073e-06	-1.8160886530176723	-4.799590715165205e-05	0.29060062759660127
1630000.0	1.4134750850193554	-4.774538412859781	0.3126029666289522	1.0291513629809894	-3.7376149240421923	-2.335624813042764e-06	-1.6931220643255909	-4.8047618543657946e-05	0.2923478276847252
1640000.0	1.4238269879579468	-4.812002699962778	0.31260293430319086	1.0402151207270354	-3.7540703376042566	-3.6623813094356855e-06	-1.5695689129974693	-4.8098910147209476e-05	0.2941034391371484
1650000.0	1.434290113916357	-4.849625184808704	0.31260290208210356	1.0512713174275814	-3.768930970901718	-3.560953457462373e-06	-1.4454323818433994	-4.814996972230886e-05	0.2958674427534971
1660000.0	1.4448654635453704	-4.887406767530659	0.3126028711006666	1.0626508843423528	-3.785287624601636	-2.324822974189566e-06	-1.320712494511583	-4.820208094023797e-05	0.2976399820342755
1670000.0	1.4555536460417926	-4.925346687158699	0.31260283878589296	1.0739465857139743	-3.8015298825122623	-3.6651427036377936e-06	-1.195410150445655	-4.825374699112457e-05	0.2994208802660472
1680000.0	1.4663553585960496	-4.9634429768967205	0.3126028065746668	1.0852312100602817	-3.8162247617814415	-3.5644459778362874e-06	-1.0695272370520164	-4.830522530773851e-05	0.30121011937935444
1690000.0	1.477271632527986	-5.001696685904477	0.3126027756142313	1.0968367839993756	-3.8324174255634484	-2.3164037603931343e-06	-0.9430632222718811	-4.835777812495344e-05	0.3030078362875055
1700000.0	1.488303037792684	-5.040106772939566	0.3126027433114109	1.1083732461336708	-3.8484528782421297	-3.6666097053937455e-06	-0.81601944684718	-4.840983900806336e-05	0.30481385233744895
1710000.0	1.4994502404407084	-5.078671078099022	0.3126027111110565	1.1198840863953243	-3.8629406683757495	-3.567853032042242e-06	-0.6883984996357805	-4.8461672131764595e-05	0.3066281515784544
1720000.0	1.5107142805362026	-5.117390558058092	0.31260268017684306	1.1317235486109327	-3.8789050033704937	-2.3034087815601715e-06	-0.5602002828318683	-4.851459835213598e-05	0.30845087729558746
1730000.0	1.5220957874686036	-5.156264589987046	0.3126026478813602	1.1434871724688613	-3.894734068155845	-3.66931019966526e-06	-0.43142483416958666	-4.8567074674749034e-05	0.31028185429800387
1740000.0	1.533595411479115	-5.19529080403217	0.3126026156898923	1.155230705371928	-3.9090439401283605	-3.570713031551542e-06	-0.30207535743792086	-4.861932227264223e-05	0.3121210673762972
1750000.0	1.5452142140112293	-5.234470288201007	0.3126025847793291	1.1672983619904556	-3.92479141924675	-2.292156729269856e-06	-0.17215111061590294	-4.86726643503943e-05	0.31396865668536267
1760000.0	1.5569528052136996	-5.27380219686243	0.31260255249350405	1.1793122053438099	-3.9404683392935245	-3.674296582904665e-06	-0.04165293102394009	-4.8725517004978995e-05	0.31582444915712243
1770000.0	1.5688118460101739	-5.313284366139937	0.3126025203104786	1.1912772392822568	-3.954545048655453	-3.5741037441633967e-06	0.08941677528399657	-4.877816944018606e-05	0.31768843177061395
1780000.0	1.5807923562277564	-5.3529174653347384	0.31260248942287355	1.2035682654465076	-3.970040774107419	-2.281637879982498e-06	0.22105745631243037	-4.8831894717034714e-05	0.3195607470380879
1790000.0	1.5928950417119259	-5.392701102288629	0.3126024571459969	1.215827566052408	-3.9855379998768723	-3.67756034043266e-06	0.35326947337235415	-4.8885174407861766e-05	0.3214412264275654
1800000.0	1.6051205193832168	-5.432632927478525	0.31260242497081014	1.2280366777149823	-3.9994817599195756	-3.5784629993043396e-06	0.4860499774361106	-4.8938230787548284e-05	0.32332985514276463
1810000.0	1.6174698417688391	-5.472713812848791	0.31260239410326995	1.2405499420511243	-4.014739267014157	-2.2730893588181818e-06	0.619399299851221	-4.8992392595901536e-05	0.325226773392559
1820000.0	1.6299436867750905	-5.512943081710304	0.31260236183748197	1.2530510663080936	-4.029996996665869	-3.6806046725661144e-06	0.7533170559173945	-4.904604916616685e-05	0.32713181195674246
1830000.0	1.6425427318042758	-5.553318683540043	0.31260232967005075	1.265498910347931	-4.0437711764333475	-3.58212079425434e-06	0.887800864078827	-4.9099522133243866e-05	0.32904495923580773
1840000.0	1.6552680172528829	-5.593841424098706	0.3126022988239349	1.2782442729281223	-4.058805676208614	-2.2628787121087885e-06	1.0228512576073698	-4.915410122536115e-05	0.33096635206163194
1850000.0	1.6681202064922263	-5.634510457282008	0.3126022665655532	1.2909940314567425	-4.073879151311854	-3.6823162852785256e-06	1.1584671874892525	-4.92081681437301e-05	0.332895825445918
1860000.0	1.6810999506268556	-5.675323654399431	0.3126022344068551	1.3036765914566404	-4.087443336537795	-3.5857032576185226e-06	1.294646366938802	-4.926202115609492e-05	0.3348333688812422
1870000.0	1.6942082943060832	-5.716281726074838	0.31260220358460183	1.3166640555105888	-4.102248774494012	-2.250244209847247e-06	1.4313887941570809	-4.931699520952677e-05	0.33677912398766563
1880000.0	1.707445973420284	-5.757384226661814	0.31260217133102297	1.3296506528695053	-4.117110911057915	-3.685418280698974e-06	1.5686946865137108	-4.93714944421644e-05	0.3387329269006831
1890000.0	1.7208136180339233	-5.798628818052392	0.31260213917835494	1.3425749814121875	-4.13049348299804	-3.588807054169205e-06	1.7065611350850807	-4.942577001196365e-05	0.34069476558082
1900000.0	1.7343122999174556	-5.840016340258015	0.31260210837659547	1.3558000011663434	-4.145079986108796	-2.2392611748863944e-06	1.8449887862909604	-4.9481152895283066e-05	0.34266477391430034
1910000.0	1.7479428048772971	-5.881546465882656	0.3126020761293113	1.3690534547486564	-4.159820265775065	-3.6906924167346762e-06	1.9839779905720505	-4.9536040657796555e-05	0.3446427824969214
1920000.0	1.761705820532192	-5.923217225903409	0.3126020439808379	1.3822297991263353	-4.173069691206109	-3.593240202282052e-06	2.123527135058548	-4.9590722907258914e-05	0.34662876939395837
1930000.0	1.7756023380796608	-5.965028853104983	0.3126020131973419	1.3957007875246341	-4.18742939718067	-2.22881613870077e-06	2.2636353894696946	-4.96464231574897e-05	0.34862285725653697
1940000.0	1.7896332418607912	-6.006981477550304	0.3126019809516391	1.4092046987200204	-4.201961583013331	-3.6933887685058697e-06	2.404304297602119	-4.970162421675368e-05	0.3506248688210455
1950000.0	1.803799134556511	-6.04907268012143	0.31260194880677356	1.4226269906720894	-4.215028286765727	-3.5965771625168133e-06	2.5455309237656505	-4.9756540727133e-05	0.3526347731355942
1960000.0	1.8181010431140905	-6.091302827969127	0.3126019180401162	1.436344939914245	-4.229145806509096	-2.219475162731325e-06	2.6873149564241325	-4.981243840833884e-05	0.3546526816642346
1970000.0	1.83253977549539	-6.133671650304755	0.31260188579969733	1.4501094215960733	-4.243529578754741	-3.6983278905972294e-06	2.8296565125185955	-4.9867789566134285e-05	0.3566784184459479
1980000.0	1.8471159771229388	-6.176176989996031	0.3126018536568454	1.4637664106750496	-4.256350277957779	-3.600178100612236e-06	2.9725537759327634	-4.992288233824519e-05	0.35871195315334176
1990000.0	1.861830672013679	-6.218819137820007	0.31260182290758554	1.477730156982112	-4.270219393369538	-2.209290951312252e-06	3.116005992724394	-4.9978968710315e-05	0.3607533985570119
2000000.0	1.8766846274967024	-6.261597618707118	0.3126017906706533	1.4917433419367472	-4.284387624020424	-3.7018216340761552e-06	-3.023172431728753	-5.003447938484947e-05	0.3628025865155185
2010000.0	1.8916785138588286	-6.304510449927638	0.3126017585326672	1.5056557749480903	-4.297068473370885	-3.6043859970248004e-06	-2.878612549592221	-5.008978120258913e-05	0.3648594927805203
2020000.0	1.9068133490444392	-6.347557820050399	0.3126017277994697	1.519850087183337	-4.310613574698341	-2.1997089622233655e-06	-2.7334999271106617	-5.014607732692905e-05	0.3669242322238019
2030000.0	1.9220899473635766	-6.39073950364244	0.3126016955668182	1.5341191454224452	-4.324598286754117	-3.7054489307749585e-06	-2.587834812306739	-5.02018416876839e-05	0.3689966448814291
2040000.0	1.9375088974391035	-6.434053140157079	0.3126016634324406	1.548272186655276	-4.337060804717132	-3.6079534203644847e-06	-2.441619558227963	-5.025736872959348e-05	0.37107671139684384
2050000.0	1.9530712183524186	-6.477498879560288	0.3126016327160074	1.562704603877929	-4.350323795613352	-2.1902355435270735e-06	-2.294854569647705	-5.031389804815505e-05	0.3731645497680937
2060000.0	1.9687777352801896	-6.52107656266576	0.3126016004871159	1.577222614872358	-4.36409005556225	-3.708921003475582e-06	-2.1475400019134825	-5.036990782509805e-05	0.3752600058347506
2070000.0	1.984629110570702	-6.564784214206172	0.312601568356739	1.5916242161611667	-4.376369752822879	-3.6115886117253433e-06	-1.9996770853445103	-5.042574412311533e-05	0.3773630626329448
2080000.0	2.0006263128220403	-6.608621682287457	0.3126015376554175	1.6063034169430883	-4.389391227124303	-2.1833268373413515e-06	-1.8512668817361633	-5.04825745803612e-05	0.3794738393742835
2090000.0	2.0167702225053254	-6.652589055439667	0.3126015054312912	1.6210752044595513	-4.40295632434604	-3.711532054152102e-06	-1.7023087204013294	-5.053890855325296e-05	0.38159218526766403
2100000.0	2.0330614959069466	-6.696684342338003	0.3126014733050423	1.6357242639012073	-4.415041956048447	-3.614755415712548e-06	-1.5528039133803164	-5.0595075185558835e-05	0.3837180855670401
2110000.0	2.049501204467772	-6.740907786874931	0.3126014426243095	1.6506666891269308	-4.427890347348532	-2.170362690048053e-06	-1.4027523433316447	-5.065229455531899e-05	0.385851659460989
2120000.0	2.066090147455647	-6.785259075252993	0.3126014104022515	1.6657003672267965	-4.44128043121697	-3.7163074297424964e-06	-1.2521542839449948	-5.0708976162133334e-05	0.38799276001594074
2130000.0	2.0828289720211406	-6.8297361918961546	0.31260137827894313	1.680601423597811	-4.453182245395846	-3.618913958271098e-06	-1.101011243285029	-5.076550080186941e-05	0.3901413753578543
2140000.0	2.099718690423799	-6.874339052530676	0.3126013476133552	1.695773373111013	-4.465700823677272	-2.1610326858919647e-06	-0.9493236380742907	-5.082303927967601e-05	0.39229762563121023
2150000.0	2.116760167789088	-6.919067641825164	0.31260131539484437	1.7110660815607242	-4.478897161214308	-3.7199503520977047e-06	-0.7970915175939526	-5.088007235076565e-05	0.39446136748471705
2160000.0	2.133954051192203	-6.963919955154852	0.31260128327468606	1.7262179054605598	-4.490604832952566	-3.622562442682495e-06	-0.6443160005553147	-5.093695802488564e-05	0.3966325897124893
2170000.0	2.1513014002168456	-7.008896050229425	0.3126012526233847	1.7416457175892515	-4.502906369795721	-2.1546561630689923e-06	-0.4909971126638883	-5.099489763401587e-05	0.39881141227758715
2180000.0	2.1688030207934745	-7.053995639841178	0.31260122040903454	1.7571947090068891	-4.515890334722845	-3.7225793618839785e-06	-0.3371353626402991	-5.1052296433040534e-05	0.4009976937177048
2190000.0	2.1864595080933444	-7.099216524039089	0.3126011882922815	1.7725899896280672	-4.527367822287061	-3.6261546693689492e-06	-0.1827325429923686	-5.110950113676278e-05	0.403191424363639
2200000.0	2.2042719014346233	-7.144558635221496	0.31260115765614593	1.788255976870794	-4.539376984717096	-2.145573692199862e-06	-0.027789138861331254	-5.1167753921612795e-05	0.4053927246738818
2210000.0	2.2222410184260255	-7.190021747651117	0.312601125444246	1.8040568977275586	-4.552128855365707	-3.7260885905850593e-06	0.12769446754669622	-5.1225465051756814e-05	0.4076014544955659
2220000.0	2.2403674449566555	-7.235603660390568	0.31260109332974184	1.8196955702806752	-4.563375931444356	-3.6297551873811705e-06	0.2837165442389193	-5.1282983678357256e-05	0.40981760400196876
2230000.0	2.258652224892513	-7.281304283145007	0.3126010627116004	1.8356096375303208	-4.575135745953617	-2.133305713512639e-06	0.4402766295450491	-5.134155162317837e-05	0.41204129214627444
2240000.0	2.2770962949969724	-7.32712386239542	0.3126010305006219	1.8516756049769225	-4.587704228157747	-3.7309220723450255e-06	0.5973756604530754	-5.139963225954155e-05	0.4142723783543175
2250000.0	2.2957002339921484	-7.3730601779636125	0.3126009983863972	1.8675567556262538	-4.59871214870744	-3.632910856238707e-06	0.7550121933505046	-5.145754061669988e-05	0.41651085178331687
2260000.0	2.314465041557036	-7.419112905000248	0.31260096778370616	1.8837179636142558	-4.610212717907457	-2.1236281307015606e-06	0.9131851204746143	-5.151646233855743e-05	0.4187568305265087
2270000.0	2.333391684978738	-7.465282387409206	0.3126009355746351	1.9000455455644822	-4.622576451357391	-3.7346308686780214e-06	1.0718955525349296	-5.157489509407488e-05	0.4210101754433891
2280000.0	2.3524806826426183	-7.511566197110478	0.3126009034630366	1.9161886866900129	-4.63341735601091	-3.6371802708935697e-06	1.2311413667945281	-5.163313642693674e-05	0.4232708767961881
2290000.0	2.371733086855675	-7.557964161915878	0.3126008728720024	1.9325886292011984	-4.64462280295157	-2.1173448206883434e-06	1.3909223012530167	-5.169242220319306e-05	0.42553905136841885
2300000.0	2.391149806907939	-7.604476386377295	0.31260084066604976	1.9491661119096146	-4.6567330546204095	-3.7382057823886967e-06	1.551238744689245	-5.175116595727169e-05	0.4278145617573607
2310000.0	2.4107314296720084	-7.651100732611986	0.3126008085560754	1.9655629777334997	-4.66736833816845	-3.6409091763197854e-06	1.7120890638550597	-5.180976192859205e-05	0.4300973988054106
2320000.0	2.430478994842269	-7.697836925193798	0.3126007779786152	1.9822077899617492	-4.678301859547544	-2.1088496326240664e-06	1.8734731384350303	-5.1869402332732e-05	0.4323876781672011
2330000.0	2.450393375940238	-7.744684926854306	0.3126007457733834	1.9990470512271146	-4.690198439307804	-3.7408943071725083e-06	2.03539072099892	-5.1928490398335365e-05	0.4346852643898763
2340000.0	2.470475203060836	-7.791642775765037	0.31260071366504105	2.015695656105247	-4.700616006239418	-3.6441475667176486e-06	2.1978409351988475	-5.198744507089213e-05	0.4369901479551475
2350000.0	2.490725438194844	-7.8387098699590085	0.31260068310443145	2.0325899908314513	-4.7112932020698075	-2.0968603719781377e-06	2.3608227946814266	-5.204739401811302e-05	0.4393024443435412
2360000.0	2.511145044105618	-7.885886486220513	0.31260065089684014	2.049680039922039	-4.7229311111361145	-3.744392534605007e-06	2.5243368564233237	-5.210682883664934e-05	0.44162201913655746
2370000.0	2.5317345215499554	-7.933170224887119	0.3126006187891224	2.066573338868762	-4.733102857920235	-3.647817535357584e-06	2.688381007986122	-5.2166082727995686e-05	0.4439488637198144
2380000.0	2.552494933160215	-7.980560810114719	0.312600588241948	2.083712629932873	-4.743505263363936	-2.087408180805504e-06	2.852955218773588	-5.2226380989940596e-05	0.4462830923139118
2390000.0	2.573427302313658	-8.028058707101671	0.31260055603679215	2.1010833941658147	-4.754986973274356	-3.749571408057271e-06	3.0180605880354334	-5.228618434904062e-05	0.4486245708141882
2400000.0	2.594532107050343	-8.07566145303843	0.3126005239286815	2.1182324216950024	-4.764946219833797	-3.6521137640246267e-06	-3.0994901594904314	-5.234580674679224e-05	0.4509732904823924
2410000.0	2.61581031246164	-8.123368390674448	0.31260049339295726	2.135596117118241	-4.775000313843391	-2.0787632722401763e-06	-2.933327280297297	-5.240642281221439e-05	0.45332936527638956
2420000.0	2.637262928053163	-8.171179929791226	0.3126004611877885	2.153220922498269	-4.786228107339379	-3.7531967145956324e-06	-2.766635695280564	-5.2466518740405864e-05	0.45569266352264226
2430000.0	2.6588905345804252	-8.219093986036647	0.3126004290799585	2.1706248924020386	-4.795968783991	-3.655912758502495e-06	-2.599416169974576	-5.252649345049236e-05	0.4580631759675718
2440000.0	2.68069402244456	-8.26710961773679	0.3126003985545756	2.188235186956192	-4.805751511727826	-2.073044750023933e-06	-2.431670178088225	-5.2587445784104193e-05	0.46044101594557224
2450000.0	2.7026744012569606	-8.315227216424455	0.31260036635087823	2.2061099675128912	-4.816709639378116	-3.7568619881138617e-06	-2.263397124768649	-5.264784759102178e-05	0.4628260523298422
2460000.0	2.724832212959843	-8.3634445993835	0.312600334242516	2.2237583075944753	-4.826194526213017	-3.659631021455786e-06	-2.0945984356472693	-5.270811549643838e-05	0.4652182767993537
2470000.0	2.7471683344815254	-8.411760764189916	0.31260030372861086	2.2416023405463825	-4.835664388532658	-2.064661987452248e-06	-1.9252755254582568	-5.2769357891956253e-05	0.4676178015866625
2480000.0	2.769683869321438	-8.460176393713049	0.31260027152365644	2.2597401480977983	-4.846393648330093	-3.759630994249196e-06	-1.755427168529103	-5.2830095440559346e-05	0.47002449597307944
2490000.0	2.7923792930559332	-8.508689111191885	0.312600239415339	2.277632375885356	-4.855619849017203	-3.6633767534641505e-06	-1.5850548520607204	-5.289066065890122e-05	0.47243835091633707
2500000.0	2.8152555868197915	-8.557298222703777	0.31260020891602436	2.2957318236926794	-4.864845606792972	-2.0532751496594167e-06	-1.4141593901811238	-5.295224879613321e-05	0.47485947758080455
2510000.0	2.838313818495606	-8.606004264540685	0.3126001767070701	2.3141194667907117	-4.87529931197849	-3.7632127533544247e-06	-1.2427396243670157	-5.3013320293439376e-05	0.4772877460166202
2520000.0	2.861554430269648	-8.654804784354646	0.3126001445975312	2.332263356469265	-4.884287896576615	-3.6666825697478163e-06	-1.0707975177805473	-5.3074221249914054e-05	0.47972314799345994
2530000.0	2.8849784424061533	-8.703699172868573	0.3126001141101287	2.350606673607577	-4.893229329639681	-2.0441615630748687e-06	-0.8983332879274135	-5.31361513248475e-05	0.48216579351524114
2540000.0	2.908586866281325	-8.75268777184991	0.3126000819014184	2.369266569546518	-4.903474878791241	-3.768282603857799e-06	-0.7253465351102394	-5.3197525469728364e-05	0.4846155545814479
2550000.0	2.93238023475838	-8.801768431341278	0.3126000497899817	2.3876669682232516	-4.9122359320663955	-3.6710697405057293e-06	-0.5518382516804546	-5.3258785202990204e-05	0.48707242295250497
2560000.0	2.9563595209911178	-8.85094035964438	0.31260001931048736	2.4062434585177352	-4.920858003704296	-2.0387398180954317e-06	-0.3778088816267156	-5.332106822129373e-05	0.48953650805805826
2570000.0	2.9805257894616775	-8.900204036464748	0.31259998710247866	2.425163041717888	-4.930851097198823	-3.772223343022928e-06	-0.20325768869291405	-5.3382797481133984e-05	0.4920076832233654
2580000.0	3.0048794177747875	-8.949556870638883	0.3125999549889343	2.4438055099426776	-4.939338451674792	-3.6748401408215697e-06	-0.028187000675991305	-5.344434812314792e-05	0.4944859418624354
2590000.0	3.029421370245523	-8.998998026888419	0.31259992451937335	2.4626121611676917	-4.947634359696135	-2.0306511264557146e-06	0.14740263555345395	-5.35069184558305e-05	0.49697139330183904
2600000.0	3.0541528144152044	-9.048528273636625	0.3125998923087518	2.481794528322501	-4.9573820570431115	-3.7750528073844844e-06	0.3235126058411808	-5.356898434973275e-05	0.49946391160961184
2610000.0	3.0790741780181397	-9.098145188424278	0.31259986019444763	2.50069099703982	-4.965628327504883	-3.6787564123674955e-06	0.5001415324574263	-5.363089206999413e-05	0.5019634892255587
2620000.0	3.104186393575323	-9.147847812309694	0.31259982973785644	2.5197494891938526	-4.973660361860704	-2.019515646974504e-06	0.6772884487605146	-5.36938138403927e-05	0.5044702353286222
2630000.0	3.12949060943813	-9.197636827859908	0.3125997975218793	2.539180114357705	-4.983116264058045	-3.778693430433737e-06	0.8549546476894178	-5.375621962718768e-05	0.5069840252304957
2640000.0	3.1549872161261665	-9.247509737352747	0.3125997654050383	2.5583269316701833	-4.991107699716028	-3.682112458927343e-06	1.0331382933127018	-5.3818469601453086e-05	0.5095048523330796
2650000.0	3.1806771858592953	-9.297465666139477	0.3125997349588921	2.577625836003698	-4.99884038481099	-2.010634041916953e-06	1.2118390144712052	-5.388174129656701e-05	0.5120328248543715
2660000.0	3.206561605434752	-9.3475051031919	0.3125997027418744	2.597328375511795	-5.0080697374787935	-3.783823561853207e-06	1.3910573529368417	-5.3944456594196694e-05	0.5145678198569726
2670000.0	3.2326409025145257	-9.397625681728021	0.3125996706204081	2.6167057613007065	-5.015748712950009	-3.685880841467176e-06	1.570792134119585	-5.400704066241018e-05	0.517109830601636
2680000.0	3.2589159249726025	-9.447826167285013	0.31259964018310815	2.636231289210792	-5.02314461873858	-2.002746634704422e-06	1.7510418110243955	-5.407060072579887e-05	0.5196589655926981
2690000.0	3.2853880032468683	-9.498107695500074	0.3125996079630613	2.656207308144153	-5.032146665255054	-3.786917406402808e-06	1.931808569841651	-5.4133710522557584e-05	0.5222151018604871
2700000.0	3.312057555533618	-9.548467883594443	0.3125995758410596	2.6758611847944302	-5.039636051442904	-3.6905314568324697e-06	2.113091717986437	-5.419668986988728e-05	0.5247782321073376
2710000.0	3.338925454934797	-9.598905533328836	0.31259954540958723	2.695623240959513	-5.046718970919412	-1.9981304192812555e-06	2.294890039575562	-5.426067110370911e-05	0.5273484644871848
2720000.0	3.3659928002869477	-9.6494211271589	0.3125995131883198	2.7158441449116872	-5.055412470773665	-3.790737398860274e-06	2.4772038470297875	-5.432408758681191e-05	0.5299256787938518
2730000.0	3.3932600966227926	-9.70001254469492	0.31259948106266155	2.7357463617038253	-5.062632145975916	-3.693924072913385e-06	2.6600326519492583	-5.438741512486903e-05	0.5325098689121234
2740000.0	3.420728131630485	-9.750678346920102	0.31259945064321504	2.7557484104380907	-5.069412680098802	-1.986936526903382e-06	2.843375044341103	-5.4451704060847394e-05	0.5351011425147489
2750000.0	3.4483981187842687	-9.801419298801072	0.31259941841505645	2.776214708732328	-5.077797773258312	-3.7944354164201637e-06	3.0272320279856197	-5.451546938412687e-05	0.537699380046821
2760000.0	3.476270392449671	-9.85223286378523	0.3125993862857262	2.7963551562329223	-5.084720565593677	-3.69779776483189e-06	-3.0715833789624343	-5.4579093057676216e-05	0.5403045761568708
2770000.0	3.5043458609496434	-9.903117905331031	0.3125993558747749	2.8165900021968513	-5.091179819785448	-1.978233940519817e-06	-2.8867010801577315	-5.4643730467534e-05	0.542916837253619
2780000.0	3.532625691599132	-9.954075047379359	0.31259932364425347	2.837326116785824	-5.0993190798447126	-3.799627150375555e-06	-2.7013057095877873	-5.4707808925933145e-05	0.5455360443205843
2790000.0	3.5611102548077653	-10.00510187273076	0.3125992915089312	2.8576922637508133	-5.105912398724257	-3.7016271593355265e-06	-2.5153983364081096	-5.477176841197259e-05	0.5481621914326638
2800000.0	3.589800322513076	-10.056196891317592	0.31259926110530356	2.8781469776760877	-5.1120189317553	-1.9706297238301153e-06	-2.3289806420342565	-5.4836692796744074e-05	0.5507953849947365
2810000.0	3.6186971025281616	-10.107360815201913	0.312599228870457	2.899129333590309	-5.119851342208536	-3.803474078056042e-06	-2.1420517557262726	-5.490105577428868e-05	0.5534355062750065
2820000.0	3.647801014815674	-10.158591380682347	0.3125991967321106	2.919757548732073	-5.126206478619511	-3.7062289629056493e-06	-1.954612418717976	-5.4965333470606854e-05	0.5560825488566369
2830000.0	3.677112802827688	-10.209887014890253	0.31259916633428697	2.9404144946088073	-5.131919121981488	-1.9629539179185912e-06	-1.7666638023950296	-5.503056771357415e-05	0.5587366172007637
2840000.0	3.7066337608181503	-10.261248620448779	0.31259913409534656	2.9616547958119472	-5.139471681051666	-3.8075744696524053e-06	-1.578205077253011	-5.5095266165323926e-05	0.5613975935868752
2850000.0	3.736364162546188	-10.312673602589522	0.31259910195188995	2.982515847144101	-5.145515215613802	-3.710143214567193e-06	-1.3892375680520104	-5.515982737785373e-05	0.5640654716699794
2860000.0	3.7663048162499666	-10.364160540612636	0.3125990715589634	3.003405103976016	-5.150908661461941	-1.958554328258569e-06	-1.1997622229351856	-5.522538049771932e-05	0.5667403551747359
2870000.0	3.7964569967215116	-10.4157102632191	0.3125990393170052	3.024883866974525	-5.158133954541883	-3.8114917016247344e-06	-1.0097779298147491	-5.5290371311660246e-05	0.5694221264580667
2880000.0	3.8268210676127965	-10.467320417684945	0.31259900716888855	3.0459912088914347	-5.163896399135049	-3.7142092132700115e-06	-0.819285729812139	-5.53552691262708e-05	0.5721107794504326
2890000.0	3.8573976446632683	-10.51898912159306	0.312598976781889	3.067091552588875	-5.168921746300954	-1.9511536611132775e-06	-0.6282874741259517	-5.542109682632944e-05	0.5748064176224587
2900000.0	3.888188146416256	-10.570717517872557	0.31259894453393655	3.0888246826787484	-5.1758558561961	-3.8144820287482673e-06	-0.436781519034837	-5.5486410301821826e-05	0.5775089239682096
2910000.0	3.9191928500805147	-10.62250307678555	0.3125989123814135	3.110162984262425	-5.181300891537853	-3.7181820582802304e-06	-0.24476890944618154	-5.5551594945452405e-05	0.5802182921589379
2920000.0	3.9504124948049624	-10.674344197049896	0.31259888200378244	3.1315027300651006	-5.186024041123412	-1.940685684639436e-06	-0.05225095302669569	-5.561776102638248e-05	0.5829346250637131
2930000.0	3.9818484538081185	-10.726241881519382	0.31259884974709595	3.153472124805371	-5.1926232699759245	-3.8182825834642956e-06	0.14077395342238141	-5.568340431860731e-05	0.5856578065660425
2940000.0	4.013500956288024	-10.778193521170897	0.3125988175887395	3.1750495421002243	-5.197768002844846	-3.72167359404345e-06	0.3343042780335127	-5.57489190172849e-05	0.5883878311802544
2950000.0	4.0453707830358425	-10.830197596275092	0.31259878721790973	3.1966130286645336	-5.202151849853433	-1.932365834958162e-06	0.5283393001634595	-5.58154240008531e-05	0.5911248009592704
2960000.0	4.07745937164848	-10.882255221402504	0.31259875495764483	3.2188596616149363	-5.208506176764493	-3.823816620137252e-06	0.722880741707524	-5.5881424530636443e-05	0.5938686011068126
2970000.0	4.109767073075838	-10.93436407234528	0.31259872279303674	3.240695192356614	-5.213388573989383	-3.7264236027930946e-06	0.9179282166232812	-5.5947364467111796e-05	0.5966192261594694
2980000.0	4.142294424804106	-10.986522079018915	0.3125986924244397	3.26246528511489	-5.217393730065616	-1.9281499557659095e-06	1.113479690673832	-5.601422769339456e-05	0.5993767792910094
2990000.0	4.175042818651205	-11.038730228639144	0.3125986601598886	3.284943681662245	-5.223399799900995	-3.827795510310714e-06	1.3095363194294078	-5.608052991843123e-05	0.6021411476886972
3000000.0	4.208012552661992	-11.090986112488961	0.3125986279888642	3.307004765498634	-5.227947961931084	-3.730423385403427e-06	1.5060971690763882	-5.6146757115983806e-05	0.6049123269823041
3010000.0	4.241204134044917	-11.143287604297194	0.3125985976248989	3.3289780063234895	-5.231570715060521	-1.92103691479045e-06	1.7031602631798815	-5.6213904856180197e-05	0.6076904196299168
3020000.0	4.2746190838104585	-11.195635943491494	0.3125985653530818	3.3517045880469745	-5.237264088924257	-3.830846434048359e-06	1.900727331758905	-5.628054196489449e-05	0.6104753128966258
3030000.0	4.308257722246365	-11.24802878924335	0.3125985331762188	3.37399973499588	-5.241496142157858	-3.7339723914960696e-06	2.0987980638072865	-5.63471227452503e-05	0.6132670016612286
3040000.0	4.342120591527196	-11.300464086561947	0.31259850282075236	3.3962069206452346	-5.24480206656047	-1.9108874084283063e-06	2.2973707379941386	-5.641463062195197e-05	0.616065587951783
3050000.0	4.3762091382916095	-11.352942884406955	0.31259847053896345	3.419162003620287	-5.2501393764255555	-3.8347055105317e-06	2.49644662896935	-5.648160925136817e-05	0.6188709602937035
3060000.0	4.410523518805013	-11.405462530327059	0.3125984383552308	3.441678439793619	-5.25402788532736	-3.7380068633298563e-06	2.696024340744841	-5.654847495889038e-05	0.621683114501066
3070000.0	4.445064410261624	-11.458021251735675	0.31259840800462235	3.4640966172302563	-5.256969174527723	-1.9027154345034413e-06	2.896103011945549	-5.661632200427262e-05	0.6245021514363391
3080000.0	4.479833353117931	-11.51062025707633	0.3125983757180026	3.487323438473261	-5.262038723075944	-3.8403082443160095e-06	3.0966844556501734	-5.668366664073255e-05	0.6273279598892292
3090000.0	4.514830465149084	-11.563256838683253	0.3125983435261803	3.5100755982166554	-5.265611755880934	-3.7426872646673046e-06	-2.9854178814934844	-5.675090262632995e-05	0.6301605359210747
3100000.0	4.550056255220398	-11.615928880327298	0.3125983131780857	3.5326714733807125	-5.268121813125559	-1.8956248899001013e-06	-2.783835030162915	-5.681906372013963e-05	0.6329999805421863
3110000.0	4.585512240551726	-11.668637520412872	0.3125982808838743	3.556126801526036	-5.272834457349288	-3.844321986429794e-06	-2.5817512101903812	-5.6886689344404994e-05	0.6358461840426182
3120000.0	4.621198523559459	-11.721380056419417	0.3125982486843874	3.579095391238922	-5.276054042401717	-3.7467523716105693e-06	-2.379167519161569	-5.695420835003986e-05	0.6386991420371909
3130000.0	4.657115676217643	-11.774154502923937	0.31259821833778934	3.6019024035960143	-5.278202775621941	-1.892014893816219e-06	-2.1760852155699326	-5.7022692449431464e-05	0.6415589544006652
3140000.0	4.693265301864032	-11.826962134337448	0.3125981860370693	3.625591945514415	-5.282569882383088	-3.847475702726228e-06	-1.972502424898188	-5.709066782348288e-05	0.6444255110285381
3150000.0	4.729647646785437	-11.879800549525003	0.3125981538310157	3.6488017897931497	-5.285483042034472	-3.7505042249730206e-06	-1.768419400978547	-5.7158599668853816e-05	0.6472988074165212
3160000.0	4.7662632637235625	-11.93266771365314	0.312598123492321	3.6718442382900522	-5.287316129320354	-1.8808615986360285e-06	-1.5638372603509605	-5.72275054316178e-05	0.6501789436942729
3170000.0	4.803113773147613	-11.985564890226037	0.3125980911827524	3.6957958041707775	-5.291387022484563	-3.852998305851904e-06	-1.358754150911849	-5.7295911617279324e-05	0.6530658115435437
3180000.0	4.840199228200449	-12.038489328372725	0.3125980589678272	3.719234694380225	-5.293966774716108	-3.7552353733243314e-06	-1.1531712653041846	-5.73642215091902e-05	0.6559594082837057
3190000.0	4.8775201395564745	-12.091438913719626	0.3125980286288858	3.742464982172512	-5.295391343363307	-1.8772481358270555e-06	-0.9470899589402723	-5.743349656277575e-05	0.6588598345110319
3200000.0	4.915078164494255	-12.144414946904151	0.312597996312154	3.766646008952688	-5.299102659912395	-3.856174865513354e-06	-0.7405083422701293	-5.750226961378235e-05	0.661766983006371
3210000.0	4.952873509316351	-12.197414986491749	0.3125979640900988	3.7903217451334807	-5.3013619441354445	-3.7590195806172264e-06	-0.5334266577150133	-5.757101166639088e-05	0.6646808510849804
3220000.0	4.990906523384486	-12.250436615350594	0.3125979337573917	3.8137675555997017	-5.302431034550354	-1.8674614736990853e-06	-0.32584682960049416	-5.7640670010613224e-05	0.667601540169147
3230000.0	5.02917880685923	-12.303480996492878	0.3125979014287788	3.838161856988526	-5.305751716228795	-3.86011934350785e-06	-0.11776748409621807	-5.77098040348309e-05	0.6705289443115661
3240000.0	5.067689971643073	-12.356544642512924	0.31259786919523275	3.861953510705519	-5.307471681713758	-3.7627241253105356e-06	0.09080832623091756	-5.7778665684890445e-05	0.6734630621302876
3250000.0	5.1064390806515405	-12.409622879727829	0.3125978388502261	3.8853392402978866	-5.30769814431566	-1.8686485764762149e-06	0.29987117885720593	-5.7847927614954525e-05	0.6764039967492623
3260000.0	5.145426757342306	-12.462715200204135	0.31259780650918934	3.9096504131601457	-5.310118948352105	-3.860879140600971e-06	0.5094159121093951	-5.791614483376212e-05	0.6793516384098848
3270000.0	5.184652065622904	-12.51581733004149	0.3125977742601954	3.9333378777949144	-5.3109444041282	-3.7648801795793137e-06	0.719435575413344	-5.7983783463905924e-05	0.6823059748714909
3280000.0	5.224114237130724	-12.568925091657109	0.3125977439016092	3.95657926725548	-5.310230771149154	-1.8699095752431152e-06	0.9299221126176298	-5.805178679531979e-05	0.6852670890731993
3290000.0	5.263813901340578	-12.622038122303575	0.3125977115470178	3.980799028484369	-5.311788226521079	-3.861591298196249e-06	1.1408708422274842	-5.8118667808993287e-05	0.6882348538045606
3300000.0	5.303750091865694	-12.675152279492028	0.31259767928254434	4.004392137321301	-5.311784970058721	-3.767234736358357e-06	1.3522751445574226	-5.8184900038417395e-05	0.6912092388160858
3310000.0	5.343921953898575	-12.728263399829318	0.3125976489092648	4.027478223973898	-5.310162436364846	-1.8712601016919283e-06	1.5641271815268893	-5.825138777429153e-05	0.6941903062826137
3320000.0	5.384330148637467	-12.781371289644605	0.31259761654030116	4.051598330552816	-5.310886673905246	-3.8623957254759446e-06	1.776422590129868	-5.831668417641002e-05	0.6971779152991678
3330000.0	5.42497368407892	-12.834471928739807	0.3125975842596959	4.075089023960044	-5.310083014781172	-3.7696015829946122e-06	1.989155078899797	-5.838128021087481e-05	0.700172020695369
3340000.0	5.465851623459717	-12.887561164747273	0.312597553871046	4.098012630090897	-5.307584300588927	-1.8727092860539345e-06	2.20231701399971	-5.8446029503635045e-05	0.703172666417183
3350000.0	5.506964662819631	-12.940638960692391	0.31259752148712133	4.1220259218131226	-5.307502973080409	-3.863270941849501e-06	2.4159043313902977	-5.850954478211376e-05	0.706179703497783
3360000.0	5.548311787360237	-12.993701410326636	0.3125974891899275	4.1454071182802075	-5.305924983798446	-3.7719637013126072e-06	2.629911048387264	-5.8572332467078256e-05	0.7091930760927584
3370000.0	5.589891981560605	-13.046744370312092	0.3125974587854199	4.168161932324432	-5.302580466948047	-1.874237313540133e-06	2.8443297226380153	-5.863518393473055e-05	0.712212813232076
3380000.0	5.631705978359736	-13.099767949683024	0.312597426386124	4.192062008970769	-5.301719233217298	-3.864198724577721e-06	3.0591565717525646	-5.869678359010555e-05	0.7152387629908169
3390000.0	5.673752742057535	-13.15276834920217	0.3125973940720505	4.215327305570398	-5.299391170073218	-3.774307424376798e-06	-3.008799402678522	-5.875764991300838e-05	0.7182708626230144
3400000.0	5.716031180743955	-13.205741433562265	0.3125973636513584	4.2379076143833725	-5.2952292897036095	-1.8758265500404315e-06	-2.7931748483124155	-5.881850308143736e-05	0.7213091292035358
3410000.0	5.7585420655799435	-13.258687448445562	0.31259733123643135	4.26168860041416	-5.293612168571641	-3.865164037088051e-06	-2.577158588576416	-5.887810645834412e-05	0.7243534117861427
3420000.0	5.801284341221945	-13.311602695765595	0.312597298905325	4.284832065457313	-5.2905567916253755	-3.7766218945774228e-06	-2.360756038854828	-5.893698735674226e-05	0.7274036436456829
3430000.0	5.844256841173008	-13.364483047965045	0.3125972684682569	4.307232571394978	-5.285604357269759	-1.8774615058472121e-06	-2.143974290695255	-5.899578871240695e-05	0.7304598322504154
3440000.0	5.887460375640598	-13.417328879054157	0.312597236037564	4.330888955993639	-5.283253996577763	-3.866154527057529e-06	-1.9268166082258582	-5.905335689045412e-05	0.733521830436559
3450000.0	5.9308938704715315	-13.47013658706479	0.3125972036893862	4.3539049890023245	-5.279492812307887	-3.7788986001395994e-06	-1.7092881451751571	-5.9110225421215706e-05	0.7365895696210673
3460000.0	5.97455608600525	-13.522902052417713	0.3125971732358635	4.376120687547589	-5.2737752403718625	-1.8791287085327754e-06	-1.4913958314591196	-5.9166956408001037e-05	0.7396630494381843
3470000.0	6.018447871988943	-13.575625769954884	0.312597140789373	4.399647218123733	-5.270713121644745	-3.8671600884910835e-06	-1.2731426918758169	-5.9222481080458236e-05	0.7427421283977155
3480000.0	6.062568136016724	-13.628304229434093	0.3125971084241788	4.422530457185076	-5.266266567407814	-3.78113097180377e-06	-1.0545336315003089	-5.9277337199257566e-05	0.7458267375406687
3490000.0	6.106915566439474	-13.680933319836715	0.3125970779542165	4.444556556825018	-5.259808063156163	-1.8808165317576343e-06	-0.8355754266147981	-5.933200432184917e-05	0.748916869978878
3500000.0	6.151491052821077	-13.733513650000344	0.3125970454919822	4.467948169635226	-5.2560546582227685	-3.868172486058882e-06	-0.6162708744388231	-5.938549892569012e-05	0.7520123911073876
3510000.0	6.196293484884336	-13.786041797516178	0.31259701310990373	4.490693431466866	-5.250942243441214	-3.7833140381892116e-06	-0.39662464338998604	-5.943836154367758e-05	0.7551132325981216
3520000.0	6.241321480008082	-13.83851366075043	0.31259698262359426	4.512525302562543	-5.243765942384823	-1.8825150056201997e-06	-0.17664336342255427	-5.9490988832512794e-05	0.7582193820073491
3530000.0	6.286575967711863	-13.89092995623752	0.3125969501457391	4.535777078708363	-5.239340834372365	-3.86918503631844e-06	0.043670384955205414	-5.9542481904054896e-05	0.7613307123414284
3540000.0	6.3320558201217105	-13.943287345905055	0.31259691774697057	4.558379320980406	-5.233581249655575	-3.785444136430035e-06	0.2643121588505122	-5.959338300672982e-05	0.7644471565697236
3550000.0	6.377759584563146	-13.995581738488463	0.31259688724446905	4.580012464238693	-5.225709328772039	-1.8842156274818763e-06	0.4852754679091399	-5.96440065008554e-05	0.7675686974102778
3560000.0	6.423688230564759	-14.047813952364695	0.3125968547511724	4.603119602768539	-5.220631306684316	-3.870192339227645e-06	0.7065579382293059	-5.969353684746224e-05	0.7706952158682177
3570000.0	6.469840612869391	-14.099980730618427	0.31259682233595826	4.625573901368638	-5.214242509215356	-3.787518668616636e-06	0.9281553420599942	-5.974251725239271e-05	0.7738266466380469
3580000.0	6.516215209610847	-14.152077993439915	0.3125967918174714	4.647003929377643	-5.205696275665821	-1.8859111809156135e-06	1.1500613224077445	-5.9791181040145844e-05	0.7769629681391771
3590000.0	6.562813030329095	-14.204106655568468	0.3125967593089577	4.669961731756147	-5.19998340933912	-3.871190055297892e-06	1.3722737025373541	-5.9838794290462415e-05	0.7801040695308064
3600000.0	6.609632912566497	-14.256063538325742	0.3125967268775818	4.692263267922727	-5.192982690614128	-3.789535901252114e-06	1.5947884601143876	-5.988590062376984e-05	0.7832498874948061
3610000.0	6.65667326609629	-14.307944574501416	0.3125966963433579	4.713485895235629	-5.183782653624731	-1.8875955716247875e-06	1.8175993656853537	-5.993265403077747e-05	0.7864003965657027
3620000.0	6.703935140443429	-14.359750770037127	0.31259666381988815	4.736289757224695	-5.177452354045375	-3.8721747189202885e-06	2.0407044308277436	-5.9978400190775396e-05	0.7895554940552121
3630000.0	6.751417356120939	-14.41147902178654	0.31259663137266613	4.758433811069995	-5.169856394450525	-3.79149479887675e-06	2.2640998294819332	-6.002368274872697e-05	0.7927151187811521
3640000.0	6.799118255359356	-14.463125276312084	0.3125966008229864	4.779444849752916	-5.160022324488256	-1.8892636777899867e-06	2.487779454276272	-6.0068578351321324e-05	0.7958792417177981
3650000.0	6.847038927627453	-14.51469062587604	0.3125965682848497	4.802090257996235	-5.153091393118477	-3.8731435849091e-06	2.7117414967685947	-6.011251007638071e-05	0.7990477682234921
3660000.0	6.895178176580449	-14.566172040340696	0.3125965358221209	4.824072206049094	-5.144916306611931	-3.7933948868790015e-06	2.9359823185546587	-6.015602131484947e-05	0.8022206393231017
3670000.0	6.9435342777214295	-14.617565481221767	0.31259650525729243	4.844867564589196	-5.134467284933635	-1.8909112192257905e-06	-3.1226893779748996	-6.019911353784421e-05	0.8053978226918875
3680000.0	6.99210836041539	-14.66887212246611	0.31259647270479995	4.867350096074065	-5.126951954730532	-3.874094501523884e-06	-2.897904614786639	-6.0241284916349934e-05	0.8085792315609275
3690000.0	7.040899211638644	-14.720089004576982	0.3125964402269218	4.889165411232087	-5.118213326057005	-3.7952361396069847e-06	-2.6728521579568483	-6.0283078386249625e-05	0.8117648091808326
3700000.0	7.089905040985738	-14.771212105196026	0.3125964096472721	4.909741095397022	-5.107167786866391	-1.8925346420196429e-06	-2.4475378858311743	-6.032442251577813e-05	0.8149545201436
3710000.0	7.1391270176684625	-14.822242675538174	0.312596377080752	4.932056418559479	-5.0990837569705585	-3.875025805133469e-06	-2.2219632700586596	-6.036488821011944e-05	0.8181482853361678
3720000.0	7.188563912174187	-14.873177824515713	0.31259634458809565	4.953700671379154	-5.089796673173611	-3.7970188885301754e-06	-1.9961315977471596	-6.0405017806116636e-05	0.821346050218496
3730000.0	7.238213869014829	-14.924013547050423	0.31259631399396715	4.974052786089187	-5.078172440066987	-1.894131018156701e-06	-1.7700486397629878	-6.044466929195049e-05	0.8245477764820357
3740000.0	7.288078097199842	-14.974751167407442	0.3125962814137594	4.996196662745223	-5.06953490563313	-3.875936235054174e-06	-1.5437157101312657	-6.048348393213456e-05	0.8277533924268856
3750000.0	7.338155350930208	-15.025387860796142	0.3125962489067048	5.01766552336057	-5.059713983194416	-3.7987437476815233e-06	-1.317135931496471	-6.052200336207306e-05	0.8309628456828
3760000.0	7.388443710469491	-15.075919640547044	0.3125962182984515	5.037790274956643	-5.047528301145972	-1.8956979591385164e-06	-1.0903149716214755	-6.056001732561974e-05	0.8341760951990511
3770000.0	7.438944424576562	-15.126347899939184	0.312596185704905	5.059758562523628	-5.038351979394289	-3.8768248612036455e-06	-0.8632539936049474	-6.0597235083008496e-05	0.8373930764320971
3780000.0	7.489656231381266	-15.176669878474497	0.3125961531838382	5.081047802734506	-5.028011387977374	-3.8004115524732484e-06	-0.6359559625909892	-6.063419749412496e-05	0.8406137391269926
3790000.0	7.540577147741635	-15.226881608990592	0.31259612256182145	5.100941501252495	-5.015280951792729	-1.8972335407223441e-06	-0.4084264474059099	-6.067062838330295e-05	0.8438380396309135
3800000.0	7.591708462118148	-15.276984549911464	0.31259608995529037	5.122730154930402	-5.005580105108093	-3.877691026492633e-06	-0.1806664665912146	-6.070630266860286e-05	0.8470659202937486
3810000.0	7.643048896796755	-15.32697600312443	0.31259605742060037	5.14383565017049	-4.994733588636958	-3.802023309757329e-06	0.04732116558226926	-6.0741760384088275e-05	0.8502973329120784
3820000.0	7.694596406080638	-15.376852022039337	0.31259602678518633	5.163494711381463	-4.981474568583241	-1.8987362384297016e-06	0.2755309752501501	-6.0776661728588736e-05	0.8535322313570425
3830000.0	7.7463523180835745	-15.426614126511659	0.3125959941660279	5.185099786076906	-4.971263025268225	-3.878534297960317e-06	0.5039620823634333	-6.081084498169951e-05	0.8567705646083023
3840000.0	7.7983153394855735	-15.476259678996016	0.31259596161810455	5.206017517095236	-4.959923920899472	-3.803580157745714e-06	0.7326118172102425	-6.0844849317026656e-05	0.860012286444792
3850000.0	7.850483362892469	-15.52578475450484	0.3125959309696622	5.225438464170924	-4.946151986054736	-1.9002048723359071e-06	0.9614747970915926	-6.0878273559906494e-05	0.8632573483766723
3860000.0	7.902857756021184	-15.575190930756888	0.31259589833823465	5.246856116061743	-4.935443159195427	-3.879354427604029e-06	1.1905502746703605	-6.091101710345491e-05	0.8665057057526021
3870000.0	7.9554372101930015	-15.624475629038292	0.3125958657774665	5.267582170213576	-4.923624414599248	-3.8050833327724274e-06	1.4198357187716804	-6.094361823880677e-05	0.8697573142619669
3880000.0	8.008219557179334	-15.6736349469589	0.312595835116365	5.286761634952043	-4.909354754312071	-1.901638558308755e-06	1.6493258342313968	-6.0975616619811145e-05	0.8730121231601615
3890000.0	8.061206204246888	-15.722670516669053	0.31259580247302565	5.30798812262296	-4.898161659119317	-3.880151318521242e-06	1.8790200009094673	-6.100697056009137e-05	0.8762700939093312
3900000.0	8.114395827613077	-15.771579816627145	0.3125957698997986	5.328518694743761	-4.88587584837961	-3.8065341437243667e-06	2.108915820420389	-6.103821745488787e-05	0.8795311840364963
3910000.0	8.167786199081824	-15.820358967999711	0.3125957392264057	5.347453418328682	-4.871123192173767	-1.903036667618694e-06	2.3390080816596894	-6.106883993316479e-05	0.8827953406412158
3920000.0	8.221378765411632	-15.869009654065817	0.3125957065715094	5.368485103471546	-4.859458462062321	-3.880924999216346e-06	2.569296286419294	-6.109885309320585e-05	0.8860625310504078
3930000.0	8.275172187976938	-15.917529408868496	0.3125956739862052	5.3888164963104686	-4.846717800448752	-3.8079339485391347e-06	2.7997781636134977	-6.112879342947205e-05	0.8893327145562385
3940000.0	8.329164179483652	-15.96591437805516	0.31259564330088657	5.40750332960927	-4.831496436604681	-1.9043987909104297e-06	3.0304485828686105	-6.115808863302595e-05	0.8926058361952128
3950000.0	8.38335622611812	-16.01416629285272	0.312595610634785	5.4283366772904875	-4.819372338210248	-3.881675599747086e-06	-3.0218781443010645	-6.118680851263063e-05	0.8958818689180528
3960000.0	8.43774697467723	-16.062282741368648	0.31259557803778054	5.448465301529714	-4.8061886959978715	-3.8092841389916676e-06	-2.7908335525683947	-6.121548866190516e-05	0.8991607737107328
3970000.0	8.49233407963949	-16.110259894621063	0.31259554734089784	5.466901204958008	-4.79051248900541	-1.9057247074661307e-06	-2.559608001946685	-6.124350385953612e-05	0.9024424936341905
3980000.0	8.54711906654794	-16.15809952871973	0.31259551466393787	5.487532783476999	-4.777940936311942	-3.88240333345198e-06	-2.3282017616481436	-6.127097661193848e-05	0.905727007030267
3990000.0	8.602100567890446	-16.20579928438006	0.31259548205560383	5.507455157359039	-4.764325851803087	-3.810586124695404e-06	-2.0966168636670486	-6.129844161648297e-05	0.9090142765091059
4000000.0	8.657276180788552	-16.253355358847383	0.31259545134751393	5.525637200336413	-4.748208258827334	-1.907014358644062e-06	-1.8648582863572052	-6.132522270388108e-05	0.912304243238907
4010000.0	8.712647470062562	-16.30076957015968	0.31259541866003754	5.54606368071371	-4.735200826524123	-3.883108481757626e-06	-1.6329261914349262	-6.135149312737821e-05	0.9155968907284936
4020000.0	8.768213054161652	-16.34803961024419	0.31259538604073833	5.565776429310514	-4.721165518368676	-3.8118413227050946e-06	-1.4008224986546813	-6.137778669630545e-05	0.9188921831445844
4030000.0	8.823970473719447	-16.395161703397747	0.3125953553217929	5.5837017893566205	-4.704619604866576	-1.9082678251412034e-06	-1.1685521148261395	-6.14033781938304e-05	0.9221900598413116
4040000.0	8.879921332744853	-16.442137706737213	0.3125953226241358	5.603919944482443	-4.691187541027739	-3.883791381301084e-06	-0.9361150985687233	-6.142848973267056e-05	0.9254905092789575
4050000.0	8.936064235919355	-16.48896536206303	0.3125952899942286	5.623419798645896	-4.676742919948908	-3.813051148421874e-06	-0.7035132619881097	-6.145365424391512e-05	0.9287934971154793
4060000.0	8.992396668255218	-16.535640921516823	0.3125952592647732	5.6410857601545805	-4.659781374505011	-1.909485306467624e-06	-0.47075144316744383	-6.147809930393752e-05	0.9320989609658371
4070000.0	9.048920272851252	-16.582166278545632	0.31259522655726507	5.661092463639905	-4.645935612676414	-3.884452412375163e-06	-0.23782960183931798	-6.150209405693133e-05	0.9354068940348029
4080000.0	9.10563364089187	-16.628539223539256	0.31259519391709945	5.680376258673079	-4.631092292652655	-3.8142170077591865e-06	-0.004749446855152078	-6.152617056960576e-05	0.9387172634086067
4090000.0	9.162534202631088	-16.674756037247665	0.31259516317747305	5.697780211406385	-4.613727441136275	-1.9106671041001463e-06	0.2284842497236477	-6.154951098916568e-05	0.9420300050344736
4100000.0	9.219623640148233	-16.72081864679576	0.31259513046043647	5.717572436178	-4.599478611885987	-3.885091990598274e-06	0.4618716230208562	-6.157242972525699e-05	0.945345116663097
4110000.0	9.276900531400026	-16.766724889931176	0.3125950978103542	5.736637110263098	-4.584246920858159	-3.815340291809851e-06	0.6954110632317507	-6.159545799475865e-05	0.9486625667484357
4120000.0	9.33436225274102	-16.812471076747286	0.3125950670608889	5.753776547602237	-4.566490739943829	-1.9118136059796023e-06	0.9290978617194704	-6.161773423359895e-05	0.9519822896382109
4130000.0	9.392010525110436	-16.8580591654869	0.3125950343346395	5.773351364273332	-4.551849181932491	-3.885710559390423e-06	1.1629322446046009	-6.163961641065532e-05	0.9553042874386651
4140000.0	9.449843913504658	-16.903487040073998	0.3125950016749742	5.79219395669414	-4.536239172068985	-3.816422371823161e-06	1.396912697099526	-6.166163490899958e-05	0.9586285299133603
4150000.0	9.507859741232515	-16.948751040653256	0.31259497091599464	5.809066473692875	-4.518103302190349	-1.912925273509186e-06	1.6310345714977734	-6.16828861118375e-05	0.9619549498757579
4160000.0	9.566059767960862	-16.993853154114024	0.3125949381808406	5.828421048750349	-4.503079072789824	-3.8863085833793774e-06	1.8652981812199807	-6.170376989963191e-05	0.9652835536052229
4170000.0	9.624442545990465	-17.038791309423118	0.3125949055119175	5.847038697942299	-4.487100530355701	-3.81746459589764e-06	2.0997021026357303	-6.172481583805291e-05	0.9686143121191888
4180000.0	9.683005346432434	-17.08356187745845	0.312594874743741	5.863641989211696	-4.468596288123047	-1.9140026301031036e-06	2.3342417465732708	-6.174507985921928e-05	0.9719471567592953
4190000.0	9.741749967537087	-17.1281668713696	0.31259484199998316	5.882773583045098	-4.453199173628786	-3.886886543563816e-06	2.568917510211704	-6.176500216373005e-05	0.975282097803282
4200000.0	9.800674949171082	-17.172604264078693	0.31259480932211925	5.901163524507518	-4.436861628485427	-3.818468285921823e-06	2.8037280573797063	-6.178511151889395e-05	0.9786191074690639
4210000.0	9.859777511089588	-17.216870457854036	0.31259477854505546	5.917495381961252	-4.418000018603753	-1.9150462507480382e-06	3.0386688551390386	-6.180442494934133e-05	0.9819581156862496
4220000.0	9.919059489970067	-17.260967489800944	0.31259474579298696	5.936401346775241	-4.402239544072121	-3.887444931484285e-06	-3.0094449261458163	-6.182342144089634e-05	0.9852991365636048
4230000.0	9.978519413502948	-17.30489337575342	0.3125947131064906	5.9545609108674125	-4.385552278822235	-3.81943473596198e-06	-2.7742439243715817	-6.18426289811303e-05	0.9886421434684097
4240000.0	10.038154450922539	-17.348644550003762	0.3125946823208412	5.970619221369059	-4.366344005552853	-1.916056753693679e-06	-2.5389179256333194	-6.186102717666036e-05	0.9919870649755314
4250000.0	10.097966477164878	-17.39222307138708	0.3125946495607472	5.9892969989880545	-4.3502294442596945	-3.8879842476729186e-06	-2.303466375274162	-6.187913231788684e-05	0.995333918864522
4260000.0	10.15795400799807	-17.435626997648225	0.31259461686591833	6.007223608639227	-4.333201503077641	-3.820365209657648e-06	-2.0678904450308133	-6.189747163154524e-05	0.9986826796031156
4270000.0	10.218114162963545	-17.478852795714612	0.31259458607197715	6.023006351565044	-4.313656981254659	-1.9170347922259393e-06	-1.8321945619198323	-6.191498874256276e-05	1.0020332744663465
4280000.0	10.278448855075101	-17.521902544000856	0.3125945533041353	6.041453471174105	-4.297197363836937	-3.888504996382524e-06	-1.5963780972887165	-6.193223581797481e-05	1.0053857247511462
4290000.0	10.338956588428157	-17.56477434120235	0.3125945206012656	6.059144639532531	-4.279837560977459	-3.821260940035595e-06	-1.3604421456102902	-6.194973934319321e-05	1.0087400059789065
4300000.0	10.39963443369188	-17.607464687471303	0.3125944897993188	6.074649884274526	-4.259966926619121	-1.9179810483624953e-06	-1.1243910840428273	-6.19664083455703e-05	1.0120960441774791
4310000.0	10.460484341764756	-17.649975678724385	0.31259445702399913	6.092863960103465	-4.24317104987482	-3.8890076842016505e-06	-0.8882242129262984	-6.198282949154486e-05	1.015453864014308
4320000.0	10.521504805314706	-17.6923054536863	0.3125944243133715	6.110317288137741	-4.2254879779076635	-3.822123128228274e-06	-0.651942552590306	-6.199952854554988e-05	1.018813442019693
4330000.0	10.582692846951616	-17.734450546303425	0.3125943935036972	6.125543191577873	-4.2053010984233365	-1.9188962264863253e-06	-0.4155504322954253	-6.201538127043541e-05	1.022174703024796
4340000.0	10.644050455253476	-17.776413067987054	0.31259436072116187	6.143521920552604	-4.188177533818116	-3.889492817264102e-06	-0.17904708423889223	-6.203100750661773e-05	1.0255376749269753
4350000.0	10.705576111701284	-17.818191196607653	0.31259432800305087	6.160735094631288	-4.1701795715600465	-3.822952943453132e-06	0.05756654240102151	-6.20469323154117e-05	1.0289023352226438
4360000.0	10.76726679165084	-17.85978150045568	0.312594297185919	6.175679898591675	-4.149686055594983	-1.919781048157448e-06	0.29428616437761457	-6.206199948196905e-05	1.0322686075947096
4370000.0	10.829124521142443	-17.901186104497167	0.3125942643964225	6.193421057969139	-4.132243157470176	-3.889960899285243e-06	0.5311126148895621	-6.207686074040211e-05	1.0356365230358509
4380000.0	10.89114777070607	-17.942403224901003	0.3125942316710948	6.210391847429616	-4.113938477668448	-3.823751521565696e-06	0.7680450130412916	-6.209204047034886e-05	1.0390060599676736
4390000.0	10.953333469240707	-17.983429464833115	0.31259420084676787	6.225053876120825	-4.0931476845868895	-1.9206362479168596e-06	1.0050791197898457	-6.210635171567639e-05	1.0423771409713
4400000.0	11.015683680019974	-18.02426696093948	0.3125941680505573	6.242555321123413	-4.075393598081669	-3.89041243065253e-06	1.2422158310958553	-6.21204768734693e-05	1.0457498000058734
4410000.0	11.07819686285399	-18.06491396687481	0.312594135318271	6.259281575841063	-4.056790174826583	-3.824519966857905e-06	1.4794543315955706	-6.213493965996565e-05	1.049124016379068
4420000.0	11.140869900974193	-18.1053671211943	0.3125941044870038	6.273659233328845	-4.035711223851563	-1.9214625685943604e-06	1.7167904247106114	-6.214852357170956e-05	1.052499711614809
4430000.0	11.203704894646982	-18.145628570411787	0.3125940716843185	6.290918894787061	-4.017653892568516	-3.8908479060483935e-06	1.9542250666376277	-6.216194048015308e-05	1.0558769225153426
4440000.0	11.26670029318903	-18.18569660488871	0.31259403894532417	6.307398542766943	-3.998759508471314	-3.825259350094398e-06	2.1917575049066023	-6.217571345932576e-05	1.059255629237003
4450000.0	11.329852934945485	-18.225567899066533	0.31259400810736343	6.321490310450919	-3.977401287491083	-1.9222607584560395e-06	2.4293835837325894	-6.218859760471239e-05	1.0626357522893024
4460000.0	11.393164956923643	-18.2652446075753	0.3125939752984355	6.3385061924728685	-3.9590484608876926	-3.891267813995515e-06	2.6671043171256885	-6.220133312118401e-05	1.0660173311994843
4470000.0	11.456634798168484	-18.304725056736324	0.3125939425529754	6.354737237461248	-3.939870714005128	-3.825970710744946e-06	2.9049190129795486	-6.221444245881093e-05	1.0694003469367692
4480000.0	11.520259252912043	-18.34400595735824	0.3125939117085606	6.368541671597949	-3.918241888081393	-1.923031567855704e-06	-3.140361752482697	-6.222665341790789e-05	1.0727847190373205
4490000.0	11.584040494639645	-18.383089470494017	0.312593878893615	6.385311849262203	-3.89960112861411	-3.891672635699272e-06	-2.902366295401902	-6.223873343494965e-05	1.0761704896402913
4500000.0	11.647976952341658	-18.421973957708925	0.31259384614192376	6.401292368400098	-3.880147439155335	-3.826655055785543e-06	-2.6642805571270514	-6.225120435622782e-05	1.0795576404935852
4510000.0	11.71206537690221	-18.460656166644483	0.3125938152912869	6.4148080976596615	-3.858256458712633	-1.9237757461343e-06	-2.4261086166106183	-6.226276775049237e-05	1.082946090199427
4520000.0	11.776307978011046	-18.499138263139432	0.31259378247054126	6.43133071475601	-3.8393351487452674	-3.892062844572323e-06	-2.187849351091566	-6.227421722638195e-05	1.0863358834005923
4530000.0	11.84070317481648	-18.537418643316993	0.3125937497128459	6.44705885626824	-3.819612765550897	-3.827313361124672e-06	-1.9495033391300245	-6.228607404509848e-05	1.0897270025909576
4540000.0	11.905247675611978	-18.575494092102574	0.3125937188562116	6.460284579347836	-3.7974678742818346	-1.9244940396149133e-06	-1.7110746235161505	-6.229701456810726e-05	1.0931193654766367
4550000.0	11.969943726007699	-18.6133667785379	0.3125936860298769	6.476557846157603	-3.778273222753603	-3.892438905159762e-06	-1.4725620303658677	-6.230785755608026e-05	1.096513019100332
4560000.0	12.034789735518036	-18.651035132646733	0.312593653266397	6.492031827096303	-3.758289229553503	-3.827946571334595e-06	-1.2339660848628986	-6.231912370361704e-05	1.0999079466706119
4570000.0	12.09978237059518	-18.688495977075476	0.31259362240398275	6.50496631038511	-3.7358984720426704	-1.9251871900524865e-06	-0.9952907950594941	-6.232946515050263e-05	1.103304065033785
4580000.0	12.164923912475631	-18.725751482538346	0.3125935895722628	6.520988501515439	-3.71643752091434	-3.8928012729530685e-06	-0.7565349379996062	-6.233972482757494e-05	1.1067014235331754
4590000.0	12.230212761243685	-18.762800112329913	0.312593556803211	6.5362066055545665	-3.696198842385667	-3.828555600643519e-06	-0.5176989876325531	-6.235042288090007e-05	1.1101000060621216
4600000.0	12.295645542251881	-18.799638727241284	0.3125935259352273	6.5488486808612665	-3.673570071465662	-1.9258559316572865e-06	-0.278786918641335	-6.236018817697695e-05	1.1134997286419823
4610000.0	12.361224572059285	-18.83626949817926	0.3125934930983193	6.5646181331370235	-3.653849701936406	-3.893150393687331e-06	-0.0397974609656422	-6.236988687188814e-05	1.1169006428215902
