1696.67236328125	2.86	-0.786	0.0	0.0011632886497646615	0.004232831473698386	-0.01521854677125349	0.0	-0.0	-0.03776746296580402
1703.841064453125	1.4098680254486702	-0.7859309574391812	-0.29847677960628294	-0.013504796940048627	0.005784815599314434	0.166029394672759	-3.1386761252857913e-06	5.284906728631037e-05	-0.07850738782538957
1716.683349609375	1.4097338271035238	-0.7858697229285675	-0.2958311562975934	-0.013651360878958348	0.005285092227515174	0.24532673846244735	-1.9427096874752746e-06	5.745697309804914e-05	-0.10735618605665538
1727.486083984375	1.4095981650573879	-0.7858134986935698	-0.2923925500441023	-0.013787067193850151	0.0048235167212446195	0.3395139811266624	-5.256107126650609e-06	0.00012836177037954717	-0.12730336535262785
1736.9873046875	1.4092089344367809	-0.7857474763645481	-0.28682330530189337	-0.03903514662706855	0.00617790898332052	0.5826018474375645	-4.872734828363411e-06	0.00021329505062977274	-0.14100415748473288
1749.0009765625	1.4088189129291646	-0.7856823760833982	-0.28000946274908445	-0.03909719080730236	0.006164628673969524	0.6807905015068468	1.5255178077354404e-05	0.00020864115125004008	-0.15016956356459424
1758.51513671875	1.4084283277659915	-0.785617314319718	-0.2731949711950981	-0.0391431995967169	0.006206679507840276	0.6704348164272101	1.4013055935728803e-05	0.00020876283281276813	-0.15599449414180755
1768.4208984375	1.4080250145123985	-0.7855508249835451	-0.26746942953227426	-0.04036992078799606	0.006494466510277247	0.5884605588279462	6.566113415247754e-06	0.0002469312315465169	-0.15952270289306883
1778.776123046875	1.4073460850069013	-0.7848589278254925	-0.2605403227041229	-0.06792507736561122	0.06907723519654752	0.6879651237054691	8.701296712613848e-06	0.00023010959741330978	-0.16142557635569219
1789.1943359375	1.4067706565108171	-0.7841646901666787	-0.2536555085316722	-0.0575845625527877	0.0693345968324056	0.6163043048245699	6.486833912902732e-06	0.00023054812677374752	-0.16217148503891177
1799.07080078125	1.405393622140774	-0.7834677963677023	-0.24264150836824083	-0.13765766869695595	0.06961794154821528	1.2531591374106843	-3.444505419682792e-05	0.0004798366449651328	-0.16215825083611018
1809.880126953125	1.4040173872428134	-0.7827681838785231	-0.22912206477846803	-0.1376624082715131	0.0699411271235448	1.247092200891406	1.2554755302886221e-05	0.0002052306450865541	-0.16164066232192487
1819.756591796875	1.4033077368886713	-0.782065001102872	-0.22200317371091155	-0.07105862938490463	0.06996468207401979	0.7274293457465026	-1.7755794093590225e-06	0.00029268952357272934	-0.16079634062156078
1830.37109375	1.4019795949974374	-0.7813564158790117	-0.21471972718291366	-0.13261779794405043	0.07148989990122899	0.797045672082162	-0.00034042132637232775	0.000362785870927274	-0.15976995727497317
1838.252197265625	1.400656330828708	-0.7806429332833396	-0.20578658478632406	-0.13234050816764953	0.07138095542442396	0.7623432263107854	-4.176166000026087e-05	0.00013057031664470296	-0.1586468393039058
1850.187255859375	1.4000296728182269	-0.7799286625132256	-0.20379285969913644	-0.06271672579967881	0.07150341381857965	0.03484614359926616	0.00021333100003049861	0.0003467460028353065	-0.15749288563367905
1860.40625	1.3967333444951644	-0.7792219624968494	-0.1895942598163668	-0.32959106107122027	0.06944180604932071	1.8144669393222663	0.0003716624343300857	0.0011314436120377378	-0.15635280638765056
1870.89990234375	1.392347007551904	-0.7810460759192718	-0.17023747194175834	-0.43859524691449775	-0.18136490933343638	1.6227834249957414	-0.000161501254348529	0.0006554566244165748	-0.1552562166403525
1880.1533203125	1.3880650342530794	-0.7828580825444883	-0.15400904599941967	-0.42832033895368105	-0.18126616191807746	1.5701944599059847	-1.904604761042044e-05	0.0011649773892816006	-0.1542172843206141
1890.975341796875	1.3789025951596015	-0.7846737770954461	-0.1137245500797408	-0.9158369261371564	-0.1816430382888626	4.289663561932034	9.01060523614455e-05	0.0018568457637439014	-0.15324365178410848
1901.68359375	1.3682732646338793	-0.7830712372408808	-0.06959264505347161	-1.063476778377487	0.16059507582263702	4.0488918349940874	0.000229210927581735	0.0016585445618949718	-0.15234600885875757
1911.7080078125	1.4927629902733635	1.4333645505352077	-2.3242533613612206	0.039786416699926185	0.09442641747498506	-0.2257057837974088	-9.46078784704209e-06	-0.0006443151395930352	-0.15166619142526355
1921.4150390625	1.484119795999448	1.4343050586136612	-2.282204311711705	-0.8639454823030039	0.09372793276602619	5.194667837707236	-6.456611365631459e-05	0.0007468228106449464	-0.15091402177513327
1931.39990234375	1.475480636723252	1.4352459794762304	-2.2292666979072733	-0.8630903946211562	0.09425424515420087	4.215495275598111	0.0004000520993511164	-0.0012837614161302217	-0.1502316786124948
1941.91845703125	1.4669573588531248	1.4361915864615091	-2.1871206941348227	-0.8528589138230774	0.09449609333082928	4.0359772720990605	0.00011999089266201223	0.00043469943585227336	-0.14961541277621615
1951.740234375	1.4418942806148807	1.4371374327590476	-2.066142436130387	-2.5020041996906253	0.09445531696064893	13.917328199773602	-0.00025300519515375654	0.002771400623057294	-0.14906031802003417
1961.598388671875	1.4168750771847498	1.4380858960563248	-1.9259746706478125	-2.501617982103292	0.09490556433226373	11.832219484581797	0.00031671196311073554	-0.00118336758680362	-0.14856071083361239
1972.35595703125	1.391859785514629	1.4390380573067278	-1.8066651388321753	-2.504240482925327	0.09518189444415814	11.601035989792283	-0.00024305015166902058	0.00241605082419902	-0.14811534875664933
1983.369873046875	1.3366702459138895	1.4399925864650833	-1.5431964916351053	-5.505893653342558	0.09585226397030257	28.58642789277275	-0.0009661549560753503	0.007156531785876654	-0.14772233350649125
1992.218505859375	1.2816047492206981	1.4409547180265716	-1.256341197462287	-5.524621519270366	0.09670827518628534	24.671733010004193	-0.0005241397312511163	0.00414994513429616	-0.14736905677393006
2002.741943359375	1.2263676678414066	1.4419248352565468	-1.008602044500373	-5.525705056175925	0.09668844596537254	25.785455597620636	-0.0021477796770798937	0.015027131517379229	-0.14707618595368735
2011.162353515625	1.1191331632589034	1.4428794141189771	-0.47969388596440093	-10.59210743640117	0.09496480483832129	59.043488227928464	-0.003265007206337448	0.022408520302105037	-0.14682831423853626
2022.202392578125	1.0132253860282916	1.4438332310391273	0.11178947220212579	-10.682552414890813	0.0953574843617837	51.763033325631035	-0.0012494505359846584	0.008504414631406826	-0.14656920745071134
2032.111572265625	0.9063951558327772	1.4447897744336513	0.6304442537613664	-10.725512148829662	0.0954311882433457	50.75414660283178	-0.0030146131022056972	0.020149660751781557	-0.14640833416163346
2041.6201171875	0.7056958015961596	1.4457377932355904	1.6361445046355405	-19.697508567350493	0.09450055325187753	111.88184514839779	-0.005354513950528539	0.03564273142509898	-0.14633343274806643
2053.411376953125	0.5087532249190163	1.4466871996089457	2.7561170449882395	-19.940499508746132	0.09451389869025334	98.411642759445	-0.0019355513704258447	0.011984797549435941	-0.14616835260858146
2061.744140625	0.3093438154629684	1.4476344734501676	3.7413898546485935	-20.093576912184997	0.09455434730105877	96.48337709590665	-0.005441955617153159	0.03533206865187377	-0.14623638260574498
2073.7607421875	-0.050852231142045845	1.4486158802254407	5.62416763050437	-34.77240420108941	0.09881881071007192	209.0579892633766	-0.010007892533733626	0.0657607613108006	-0.14654392040337447
2082.579345703125	-0.39847930123418474	1.449609196836914	7.716216883146178	-35.62533555748925	0.09756256112239574	184.22480796161506	-0.003953728170874812	0.024174708556672156	-0.14647745319576871
2094.829345703125	-0.7547181754202281	1.4505852309352185	9.560123320959896	-36.18025140374474	0.09748550794080837	180.64845296298122	-0.010683105957223356	0.06905317737908073	-0.14717646395374306
2103.091796875	-1.3567017187112898	1.4517016712959008	13.063267056110075	-55.785258993065455	0.11442563596525791	388.3494709489176	-0.01947735931046406	0.12694604168221002	-0.14868845430748276
2113.5771484375	2.3263871342393503	1.4649746192372812	-8.061835793627933	-1.667758503259396	-0.1216389697591955	-8.849027653115375	0.001129524224384506	-0.028623157663421876	-0.1489981929655785
2125.06103515625	1.7798122704453732	1.4708786130980331	-5.186659833536204	-54.68943656953905	0.7124873684877795	296.2320861614928	-0.028342561954909435	0.16423655483662386	-0.15315366794575389
2131.365966796875	1.7798122704453732	1.4708786130980331	-5.186659833536204	-46.044763702272476	0.8545374733456631	347.6658444517046	-0.028795787324604444	0.1641583855924271	-0.15592635416777748
2143.197021484375	1.3170226670072958	1.4794369697705447	-1.7078913394330462	-54.938123699841164	0.6500015192213879	263.8174694841416	-0.018085311083732056	0.09224476232076084	-0.1588866015445722
2151.87255859375	0.7726194439925858	1.4859267042189908	0.9538263294548288	-65.2569730907778	0.6561825743572411	255.83601274559481	-0.05729790061391985	0.3117967286933661	-0.17410493590807136
2162.29248046875	0.542476615087661	1.5056038803262077	9.3214802457646	39.475419715574574	2.216231104074207	949.8018578815768	-0.11912644486827992	0.5731880943937806	-0.21093797065995024
2172.29443359375	0.9366778802949174	1.5278556826933287	18.826497794565867	-25.211132382964152	1.9333231279038618	809.2500047627359	-0.08492437167350099	0.3893412080593978	-0.20868161999542703
2182.621826171875	0.7172179826719096	1.5469895965878249	26.982532283866345	-52.61267355857613	2.0100249573197666	809.3777325548838	-0.2060759096354841	0.732607940784432	-0.29616399822993134
2193.22802734375	5.300268303789502	1.5810627564539077	44.545290849226554	748.1353032670268	12.613172269008814	1897.3949122522888	-0.6206750249302911	1.1032397937463057	-0.6705151130855551
2203.119873046875	12.746364781782242	1.6656276044483334	63.40375204883505	556.1850904587953	5.508216697183185	1680.0029765599118	-0.15509819036203384	0.46378757873365	-0.4298124200976545
2212.926025390625	18.29024652268652	1.7335973937298759	80.26007957481457	516.671997614295	3.239323834783156	1668.4967559542574	-0.4353880658287305	0.6713859072728313	-0.7736072644803518
2222.099853515625	34.21008323070039	1.7134172115585056	113.40823269034884	1995.60988353165	30.475944549637628	3476.0393730940755	-1.1184454844174554	0.6642685248181086	-1.3386350400177827
2232.738525390625	53.81677892704384	1.6513766595752015	147.8107071475275	1730.4975116013275	-49.4316953336816	2999.3621159335894	-0.03524439366823065	0.16246756288503506	-0.7769502023762677
2242.332275390625	71.13424519272249	1.184284960947678	178.28161291807697	1610.75867694128	-67.55220360736544	3056.6647032961487	-0.6872029976356732	0.6137349351538209	-1.0505272486837438
2252.284912109375	108.77782992814092	3.747739944161333	238.40550425674058	4491.873421943787	384.7095594982513	5851.421693552974	-1.9576721106152235	0.5290166255155824	-1.784533823666909
2262.991943359375	151.10526002129504	6.726485815366006	296.5824236782875	3767.340900536952	197.45530818081522	5145.036060116364	0.021167221577998017	0.21075475365242974	-0.717989584156197
2273.078125	189.5542866897878	9.23214836844252	351.43923902690915	3587.2817670284417	435.0517083866718	5826.266237312809	-1.7994323560221666	0.7975819840631627	-2.0484841068318316
2283.64453125	292.8210412496716	-3.8119804589088777	428.3015127388519	10088.171406196698	-1276.7398109248277	6813.328091496027	2.9958455666280432	-0.7961174233003536	3.1181966797884098
2294.1552734375	392.53434700938294	-11.392472519323	503.9907502501095	9037.677292780863	-119.59866090338693	7979.7670464138655	-0.5592730205790191	0.766288079575971	-1.0917462663906494
2302.474853515625	500.8786197428759	-22.97480113840784	577.4092382287121	11890.251467820672	-2433.7058626238427	7367.5074745727625	-0.04137103914894724	-0.5038941402338831	0.04853772893671781
2313.222900390625	-602.7595883465171	60.628673811044784	-372.73830602969645	3537721.278138083	-718292.0171391789	5582112.103238325	-1.1390922077312295	0.3787902134878133	1.3342667890677808
2326.266845703125	nan	nan	nan	nan	nan	nan	nan	nan	nan
2334.93359375	nan	nan	nan	nan	nan	nan	nan	nan	nan
2345.813720703125	nan	nan	nan	nan	nan	nan	nan	nan	nan
2356.930908203125	nan	nan	nan	nan	nan	nan	nan	nan	nan
2368.646728515625	nan	nan	nan	nan	nan	nan	nan	nan	nan
2378.597900390625	nan	nan	nan	nan	nan	nan	nan	nan	nan
2388.6455078125	nan	nan	nan	nan	nan	nan	nan	nan	nan
2401.60498046875	nan	nan	nan	nan	nan	nan	nan	nan	nan
2410.6884765625	nan	nan	nan	nan	nan	nan	nan	nan	nan
2424.519287109375	nan	nan	nan	nan	nan	nan	nan	nan	nan
2431.9736328125	nan	nan	nan	nan	nan	nan	nan	nan	nan
2445.891845703125	nan	nan	nan	nan	nan	nan	nan	nan	nan
2454.353759765625	nan	nan	nan	nan	nan	nan	nan	nan	nan
2466.49365234375	nan	nan	nan	nan	nan	nan	nan	nan	nan
2475.635009765625	nan	nan	nan	nan	nan	nan	nan	nan	nan
2486.26513671875	nan	nan	nan	nan	nan	nan	nan	nan	nan
2498.870361328125	nan	nan	nan	nan	nan	nan	nan	nan	nan
2509.788330078125	nan	nan	nan	nan	nan	nan	nan	nan	nan
2520.2578125	nan	nan	nan	nan	nan	nan	nan	nan	nan
2531.8798828125	nan	nan	nan	nan	nan	nan	nan	nan	nan
2542.11865234375	nan	nan	nan	nan	nan	nan	nan	nan	nan
2552.786865234375	nan	nan	nan	nan	nan	nan	nan	nan	nan
2564.376953125	nan	nan	nan	nan	nan	nan	nan	nan	nan
2572.459716796875	nan	nan	nan	nan	nan	nan	nan	nan	nan
2585.460205078125	nan	nan	nan	nan	nan	nan	nan	nan	nan
2598.515625	nan	nan	nan	nan	nan	nan	nan	nan	nan
2607.819580078125	nan	nan	nan	nan	nan	nan	nan	nan	nan
2618.630126953125	nan	nan	nan	nan	nan	nan	nan	nan	nan
2630.7646484375	nan	nan	nan	nan	nan	nan	nan	nan	nan
2639.873291015625	nan	nan	nan	nan	nan	nan	nan	nan	nan
2654.755126953125	nan	nan	nan	nan	nan	nan	nan	nan	nan
2662.8388671875	nan	nan	nan	nan	nan	nan	nan	nan	nan
2676.261474609375	nan	nan	nan	nan	nan	nan	nan	nan	nan
2684.21435546875	nan	nan	nan	nan	nan	nan	nan	nan	nan
2698.739990234375	nan	nan	nan	nan	nan	nan	nan	nan	nan
2708.7783203125	nan	nan	nan	nan	nan	nan	nan	nan	nan
2717.529052734375	nan	nan	nan	nan	nan	nan	nan	nan	nan
2730.3203125	nan	nan	nan	nan	nan	nan	nan	nan	nan
2738.35693359375	nan	nan	nan	nan	nan	nan	nan	nan	nan
2751.094970703125	nan	nan	nan	nan	nan	nan	nan	nan	nan
2759.374755859375	nan	nan	nan	nan	nan	nan	nan	nan	nan
2772.6875	nan	nan	nan	nan	nan	nan	nan	nan	nan
2781.74365234375	nan	nan	nan	nan	nan	nan	nan	nan	nan
2794.772705078125	nan	nan	nan	nan	nan	nan	nan	nan	nan
2803.575927734375	nan	nan	nan	nan	nan	nan	nan	nan	nan
2814.256103515625	nan	nan	nan	nan	nan	nan	nan	nan	nan
2827.085693359375	nan	nan	nan	nan	nan	nan	nan	nan	nan
2835.4765625	nan	nan	nan	nan	nan	nan	nan	nan	nan
2845.843994140625	nan	nan	nan	nan	nan	nan	nan	nan	nan
2857.721435546875	nan	nan	nan	nan	nan	nan	nan	nan	nan
2868.4482421875	nan	nan	nan	nan	nan	nan	nan	nan	nan
2877.94775390625	nan	nan	nan	nan	nan	nan	nan	nan	nan
2890.076171875	nan	nan	nan	nan	nan	nan	nan	nan	nan
2900.327880859375	nan	nan	nan	nan	nan	nan	nan	nan	nan
2910.836181640625	nan	nan	nan	nan	nan	nan	nan	nan	nan
2922.021484375	nan	nan	nan	nan	nan	nan	nan	nan	nan
2931.37255859375	nan	nan	nan	nan	nan	nan	nan	nan	nan
2942.914794921875	nan	nan	nan	nan	nan	nan	nan	nan	nan
2953.431640625	nan	nan	nan	nan	nan	nan	nan	nan	nan
2964.364501953125	nan	nan	nan	nan	nan	nan	nan	nan	nan
2974.356689453125	nan	nan	nan	nan	nan	nan	nan	nan	nan
2986.454833984375	nan	nan	nan	nan	nan	nan	nan	nan	nan
2996.470703125	nan	nan	nan	nan	nan	nan	nan	nan	nan
3006.8046875	nan	nan	nan	nan	nan	nan	nan	nan	nan
3018.26123046875	nan	nan	nan	nan	nan	nan	nan	nan	nan
3027.50390625	nan	nan	nan	nan	nan	nan	nan	nan	nan
3040.2275390625	nan	nan	nan	nan	nan	nan	nan	nan	nan
3051.927490234375	nan	nan	nan	nan	nan	nan	nan	nan	nan
3060.79296875	nan	nan	nan	nan	nan	nan	nan	nan	nan
3071.841064453125	nan	nan	nan	nan	nan	nan	nan	nan	nan
3083.859375	nan	nan	nan	nan	nan	nan	nan	nan	nan
3092.821533203125	nan	nan	nan	nan	nan	nan	nan	nan	nan
3105.374755859375	nan	nan	nan	nan	nan	nan	nan	nan	nan
3114.787353515625	nan	nan	nan	nan	nan	nan	nan	nan	nan
3124.075439453125	nan	nan	nan	nan	nan	nan	nan	nan	nan
3137.233642578125	nan	nan	nan	nan	nan	nan	nan	nan	nan
3145.981689453125	nan	nan	nan	nan	nan	nan	nan	nan	nan
3157.5048828125	nan	nan	nan	nan	nan	nan	nan	nan	nan
3170.944580078125	nan	nan	nan	nan	nan	nan	nan	nan	nan
3178.856201171875	nan	nan	nan	nan	nan	nan	nan	nan	nan
3191.09765625	nan	nan	nan	nan	nan	nan	nan	nan	nan
3199.931396484375	nan	nan	nan	nan	nan	nan	nan	nan	nan
3212.836669921875	nan	nan	nan	nan	nan	nan	nan	nan	nan
3223.56103515625	nan	nan	nan	nan	nan	nan	nan	nan	nan
3233.10693359375	nan	nan	nan	nan	nan	nan	nan	nan	nan
3246.752197265625	nan	nan	nan	nan	nan	nan	nan	nan	nan
3255.21630859375	nan	nan	nan	nan	nan	nan	nan	nan	nan
3269.389892578125	nan	nan	nan	nan	nan	nan	nan	nan	nan
3279.619384765625	nan	nan	nan	nan	nan	nan	nan	nan	nan
3290.70166015625	nan	nan	nan	nan	nan	nan	nan	nan	nan
3301.41943359375	nan	nan	nan	nan	nan	nan	nan	nan	nan
3310.359130859375	nan	nan	nan	nan	nan	nan	nan	nan	nan
3321.129150390625	nan	nan	nan	nan	nan	nan	nan	nan	nan
3334.223388671875	nan	nan	nan	nan	nan	nan	nan	nan	nan
3344.114990234375	nan	nan	nan	nan	nan	nan	nan	nan	nan
3354.758544921875	nan	nan	nan	nan	nan	nan	nan	nan	nan
3364.755859375	nan	nan	nan	nan	nan	nan	nan	nan	nan
3379.0869140625	nan	nan	nan	nan	nan	nan	nan	nan	nan
3387.86279296875	nan	nan	nan	nan	nan	nan	nan	nan	nan
3399.5625	nan	nan	nan	nan	nan	nan	nan	nan	nan
3409.891357421875	nan	nan	nan	nan	nan	nan	nan	nan	nan
3424.10107421875	nan	nan	nan	nan	nan	nan	nan	nan	nan
3430.8955078125	nan	nan	nan	nan	nan	nan	nan	nan	nan
3444.142333984375	nan	nan	nan	nan	nan	nan	nan	nan	nan
3452.808837890625	nan	nan	nan	nan	nan	nan	nan	nan	nan
3465.51220703125	nan	nan	nan	nan	nan	nan	nan	nan	nan
3474.875	nan	nan	nan	nan	nan	nan	nan	nan	nan
3487.876708984375	nan	nan	nan	nan	nan	nan	nan	nan	nan
3498.54931640625	nan	nan	nan	nan	nan	nan	nan	nan	nan
3512.74365234375	nan	nan	nan	nan	nan	nan	nan	nan	nan
3524.619873046875	nan	nan	nan	nan	nan	nan	nan	nan	nan
3536.378662109375	nan	nan	nan	nan	nan	nan	nan	nan	nan
3545.812744140625	nan	nan	nan	nan	nan	nan	nan	nan	nan
3557.993408203125	nan	nan	nan	nan	nan	nan	nan	nan	nan
3569.0361328125	nan	nan	nan	nan	nan	nan	nan	nan	nan
3580.1142578125	nan	nan	nan	nan	nan	nan	nan	nan	nan
3589.807861328125	nan	nan	nan	nan	nan	nan	nan	nan	nan
3602.103271484375	nan	nan	nan	nan	nan	nan	nan	nan	nan
3611.14501953125	nan	nan	nan	nan	nan	nan	nan	nan	nan
3623.025634765625	nan	nan	nan	nan	nan	nan	nan	nan	nan
3632.235107421875	nan	nan	nan	nan	nan	nan	nan	nan	nan
3646.05712890625	nan	nan	nan	nan	nan	nan	nan	nan	nan
3653.490234375	nan	nan	nan	nan	nan	nan	nan	nan	nan
3667.7412109375	nan	nan	nan	nan	nan	nan	nan	nan	nan
3675.343505859375	nan	nan	nan	nan	nan	nan	nan	nan	nan
3688.203369140625	nan	nan	nan	nan	nan	nan	nan	nan	nan
3698.296875	nan	nan	nan	nan	nan	nan	nan	nan	nan
3709.51123046875	nan	nan	nan	nan	nan	nan	nan	nan	nan
3720.37548828125	nan	nan	nan	nan	nan	nan	nan	nan	nan
3730.20947265625	nan	nan	nan	nan	nan	nan	nan	nan	nan
3741.070556640625	nan	nan	nan	nan	nan	nan	nan	nan	nan
3752.713134765625	nan	nan	nan	nan	nan	nan	nan	nan	nan
3762.193359375	nan	nan	nan	nan	nan	nan	nan	nan	nan
3774.110595703125	nan	nan	nan	nan	nan	nan	nan	nan	nan
3784.812744140625	nan	nan	nan	nan	nan	nan	nan	nan	nan
3796.136962890625	nan	nan	nan	nan	nan	nan	nan	nan	nan
3806.899658203125	nan	nan	nan	nan	nan	nan	nan	nan	nan
3818.650390625	nan	nan	nan	nan	nan	nan	nan	nan	nan
3828.6083984375	nan	nan	nan	nan	nan	nan	nan	nan	nan
3840.529296875	nan	nan	nan	nan	nan	nan	nan	nan	nan
3851.6640625	nan	nan	nan	nan	nan	nan	nan	nan	nan
3860.387451171875	nan	nan	nan	nan	nan	nan	nan	nan	nan
3874.729736328125	nan	nan	nan	nan	nan	nan	nan	nan	nan
3884.753173828125	nan	nan	nan	nan	nan	nan	nan	nan	nan
3895.882080078125	nan	nan	nan	nan	nan	nan	nan	nan	nan
3906.989501953125	nan	nan	nan	nan	nan	nan	nan	nan	nan
3917.9873046875	nan	nan	nan	nan	nan	nan	nan	nan	nan
3927.83203125	nan	nan	nan	nan	nan	nan	nan	nan	nan
3940.569091796875	nan	nan	nan	nan	nan	nan	nan	nan	nan
3952.548583984375	nan	nan	nan	nan	nan	nan	nan	nan	nan
3961.009521484375	nan	nan	nan	nan	nan	nan	nan	nan	nan
3972.824951171875	nan	nan	nan	nan	nan	nan	nan	nan	nan
3984.0634765625	nan	nan	nan	nan	nan	nan	nan	nan	nan
3994.649169921875	nan	nan	nan	nan	nan	nan	nan	nan	nan
4006.384765625	nan	nan	nan	nan	nan	nan	nan	nan	nan
4017.719482421875	nan	nan	nan	nan	nan	nan	nan	nan	nan
4026.62744140625	nan	nan	nan	nan	nan	nan	nan	nan	nan
4039.5390625	nan	nan	nan	nan	nan	nan	nan	nan	nan
4047.581787109375	nan	nan	nan	nan	nan	nan	nan	nan	nan
4059.892578125	nan	nan	nan	nan	nan	nan	nan	nan	nan
4068.94677734375	nan	nan	nan	nan	nan	nan	nan	nan	nan
4082.934326171875	nan	nan	nan	nan	nan	nan	nan	nan	nan
4092.78564453125	nan	nan	nan	nan	nan	nan	nan	nan	nan
4102.816162109375	nan	nan	nan	nan	nan	nan	nan	nan	nan
4113.304931640625	nan	nan	nan	nan	nan	nan	nan	nan	nan
4126.833984375	nan	nan	nan	nan	nan	nan	nan	nan	nan
4135.815673828125	nan	nan	nan	nan	nan	nan	nan	nan	nan
4148.047119140625	nan	nan	nan	nan	nan	nan	nan	nan	nan
4156.63232421875	nan	nan	nan	nan	nan	nan	nan	nan	nan
4167.155029296875	nan	nan	nan	nan	nan	nan	nan	nan	nan
4179.656982421875	nan	nan	nan	nan	nan	nan	nan	nan	nan
4187.894287109375	nan	nan	nan	nan	nan	nan	nan	nan	nan
4200.995361328125	nan	nan	nan	nan	nan	nan	nan	nan	nan
4209.837158203125	nan	nan	nan	nan	nan	nan	nan	nan	nan
4221.1240234375	nan	nan	nan	nan	nan	nan	nan	nan	nan
4234.8232421875	nan	nan	nan	nan	nan	nan	nan	nan	nan
4243.927001953125	nan	nan	nan	nan	nan	nan	nan	nan	nan
4256.1875	nan	nan	nan	nan	nan	nan	nan	nan	nan
4267.756103515625	nan	nan	nan	nan	nan	nan	nan	nan	nan
4276.48779296875	nan	nan	nan	nan	nan	nan	nan	nan	nan
4290.36328125	nan	nan	nan	nan	nan	nan	nan	nan	nan
4300.08251953125	nan	nan	nan	nan	nan	nan	nan	nan	nan
4311.3681640625	nan	nan	nan	nan	nan	nan	nan	nan	nan
4322.129150390625	nan	nan	nan	nan	nan	nan	nan	nan	nan
4334.70849609375	nan	nan	nan	nan	nan	nan	nan	nan	nan
4343.375732421875	nan	nan	nan	nan	nan	nan	nan	nan	nan
4357.326416015625	nan	nan	nan	nan	nan	nan	nan	nan	nan
4367.5517578125	nan	nan	nan	nan	nan	nan	nan	nan	nan
4378.31201171875	nan	nan	nan	nan	nan	nan	nan	nan	nan
4389.996826171875	nan	nan	nan	nan	nan	nan	nan	nan	nan
4399.75	nan	nan	nan	nan	nan	nan	nan	nan	nan
4409.810302734375	nan	nan	nan	nan	nan	nan	nan	nan	nan
4421.154052734375	nan	nan	nan	nan	nan	nan	nan	nan	nan
4434.469482421875	nan	nan	nan	nan	nan	nan	nan	nan	nan
4443.310546875	nan	nan	nan	nan	nan	nan	nan	nan	nan
4455.810302734375	nan	nan	nan	nan	nan	nan	nan	nan	nan
4467.050048828125	nan	nan	nan	nan	nan	nan	nan	nan	nan
4475.8916015625	nan	nan	nan	nan	nan	nan	nan	nan	nan
4487.1298828125	nan	nan	nan	nan	nan	nan	nan	nan	nan
4498.24462890625	nan	nan	nan	nan	nan	nan	nan	nan	nan
4508.168212890625	nan	nan	nan	nan	nan	nan	nan	nan	nan
4520.463134765625	nan	nan	nan	nan	nan	nan	nan	nan	nan
4531.292724609375	nan	nan	nan	nan	nan	nan	nan	nan	nan
4539.30810546875	nan	nan	nan	nan	nan	nan	nan	nan	nan
4552.2275390625	nan	nan	nan	nan	nan	nan	nan	nan	nan
4562.146728515625	nan	nan	nan	nan	nan	nan	nan	nan	nan
4575.602294921875	nan	nan	nan	nan	nan	nan	nan	nan	nan
4585.146240234375	nan	nan	nan	nan	nan	nan	nan	nan	nan
4597.601806640625	nan	nan	nan	nan	nan	nan	nan	nan	nan
4606.3544921875	nan	nan	nan	nan	nan	nan	nan	nan	nan
4617.724365234375	nan	nan	nan	nan	nan	nan	nan	nan	nan
4629.185302734375	nan	nan	nan	nan	nan	nan	nan	nan	nan
4641.255615234375	nan	nan	nan	nan	nan	nan	nan	nan	nan
4649.542236328125	nan	nan	nan	nan	nan	nan	nan	nan	nan
4663.11474609375	nan	nan	nan	nan	nan	nan	nan	nan	nan
4671.912109375	nan	nan	nan	nan	nan	nan	nan	nan	nan
4682.940185546875	nan	nan	nan	nan	nan	nan	nan	nan	nan
4695.173828125	nan	nan	nan	nan	nan	nan	nan	nan	nan
4707.236083984375	nan	nan	nan	nan	nan	nan	nan	nan	nan
4716.557373046875	nan	nan	nan	nan	nan	nan	nan	nan	nan
4729.5361328125	nan	nan	nan	nan	nan	nan	nan	nan	nan
4738.66650390625	nan	nan	nan	nan	nan	nan	nan	nan	nan
4752.054931640625	nan	nan	nan	nan	nan	nan	nan	nan	nan
4760.473388671875	nan	nan	nan	nan	nan	nan	nan	nan	nan
4774.025634765625	nan	nan	nan	nan	nan	nan	nan	nan	nan
4782.3408203125	nan	nan	nan	nan	nan	nan	nan	nan	nan
4794.65869140625	nan	nan	nan	nan	nan	nan	nan	nan	nan
4804.469482421875	nan	nan	nan	nan	nan	nan	nan	nan	nan
4817.229736328125	nan	nan	nan	nan	nan	nan	nan	nan	nan
4827.2392578125	nan	nan	nan	nan	nan	nan	nan	nan	nan
4837.041748046875	nan	nan	nan	nan	nan	nan	nan	nan	nan
4849.67236328125	nan	nan	nan	nan	nan	nan	nan	nan	nan
4861.18310546875	nan	nan	nan	nan	nan	nan	nan	nan	nan
4869.943603515625	nan	nan	nan	nan	nan	nan	nan	nan	nan
4883.470458984375	nan	nan	nan	nan	nan	nan	nan	nan	nan
4891.95849609375	nan	nan	nan	nan	nan	nan	nan	nan	nan
4903.523193359375	nan	nan	nan	nan	nan	nan	nan	nan	nan
4917.24609375	nan	nan	nan	nan	nan	nan	nan	nan	nan
4926.095458984375	nan	nan	nan	nan	nan	nan	nan	nan	nan
4937.47216796875	nan	nan	nan	nan	nan	nan	nan	nan	nan
4946.74951171875	nan	nan	nan	nan	nan	nan	nan	nan	nan
4960.3251953125	nan	nan	nan	nan	nan	nan	nan	nan	nan
4968.990478515625	nan	nan	nan	nan	nan	nan	nan	nan	nan
4982.0068359375	nan	nan	nan	nan	nan	nan	nan	nan	nan
4992.53857421875	nan	nan	nan	nan	nan	nan	nan	nan	nan
5003.44580078125	nan	nan	nan	nan	nan	nan	nan	nan	nan
5014.46826171875	nan	nan	nan	nan	nan	nan	nan	nan	nan
5027.942626953125	nan	nan	nan	nan	nan	nan	nan	nan	nan
5035.69775390625	nan	nan	nan	nan	nan	nan	nan	nan	nan
5046.23974609375	nan	nan	nan	nan	nan	nan	nan	nan	nan
5058.39208984375	nan	nan	nan	nan	nan	nan	nan	nan	nan
5069.90185546875	nan	nan	nan	nan	nan	nan	nan	nan	nan
5078.664794921875	nan	nan	nan	nan	nan	nan	nan	nan	nan
5093.0498046875	nan	nan	nan	nan	nan	nan	nan	nan	nan
5100.968994140625	nan	nan	nan	nan	nan	nan	nan	nan	nan
5113.980712890625	nan	nan	nan	nan	nan	nan	nan	nan	nan
5122.60107421875	nan	nan	nan	nan	nan	nan	nan	nan	nan
5135.198486328125	nan	nan	nan	nan	nan	nan	nan	nan	nan
5145.855712890625	nan	nan	nan	nan	nan	nan	nan	nan	nan
5156.114501953125	nan	nan	nan	nan	nan	nan	nan	nan	nan
5169.786865234375	nan	nan	nan	nan	nan	nan	nan	nan	nan
5179.65185546875	nan	nan	nan	nan	nan	nan	nan	nan	nan
5189.459228515625	nan	nan	nan	nan	nan	nan	nan	nan	nan
5201.79931640625	nan	nan	nan	nan	nan	nan	nan	nan	nan
5216.12255859375	nan	nan	nan	nan	nan	nan	nan	nan	nan
5225.116455078125	nan	nan	nan	nan	nan	nan	nan	nan	nan
5236.142822265625	nan	nan	nan	nan	nan	nan	nan	nan	nan
5249.553466796875	nan	nan	nan	nan	nan	nan	nan	nan	nan
5258.400390625	nan	nan	nan	nan	nan	nan	nan	nan	nan
5272.3310546875	nan	nan	nan	nan	nan	nan	nan	nan	nan
5281.011474609375	nan	nan	nan	nan	nan	nan	nan	nan	nan
5295.002197265625	nan	nan	nan	nan	nan	nan	nan	nan	nan
5303.256103515625	nan	nan	nan	nan	nan	nan	nan	nan	nan
5315.736083984375	nan	nan	nan	nan	nan	nan	nan	nan	nan
5325.670654296875	nan	nan	nan	nan	nan	nan	nan	nan	nan
5338.76904296875	nan	nan	nan	nan	nan	nan	nan	nan	nan
5346.965576171875	nan	nan	nan	nan	nan	nan	nan	nan	nan
5360.831298828125	nan	nan	nan	nan	nan	nan	nan	nan	nan
5369.57666015625	nan	nan	nan	nan	nan	nan	nan	nan	nan
5381.591552734375	nan	nan	nan	nan	nan	nan	nan	nan	nan
5391.58740234375	nan	nan	nan	nan	nan	nan	nan	nan	nan
5403.70654296875	nan	nan	nan	nan	nan	nan	nan	nan	nan
5412.72021484375	nan	nan	nan	nan	nan	nan	nan	nan	nan
5426.1435546875	nan	nan	nan	nan	nan	nan	nan	nan	nan
5434.856201171875	nan	nan	nan	nan	nan	nan	nan	nan	nan
5447.236328125	nan	nan	nan	nan	nan	nan	nan	nan	nan
5456.6884765625	nan	nan	nan	nan	nan	nan	nan	nan	nan
5468.521728515625	nan	nan	nan	nan	nan	nan	nan	nan	nan
5478.725341796875	nan	nan	nan	nan	nan	nan	nan	nan	nan
5488.156005859375	nan	nan	nan	nan	nan	nan	nan	nan	nan
5501.377197265625	nan	nan	nan	nan	nan	nan	nan	nan	nan
5512.047119140625	nan	nan	nan	nan	nan	nan	nan	nan	nan
5521.29248046875	nan	nan	nan	nan	nan	nan	nan	nan	nan
5533.876708984375	nan	nan	nan	nan	nan	nan	nan	nan	nan
5542.663818359375	nan	nan	nan	nan	nan	nan	nan	nan	nan
5555.738037109375	nan	nan	nan	nan	nan	nan	nan	nan	nan
5566.35888671875	nan	nan	nan	nan	nan	nan	nan	nan	nan
5577.30419921875	nan	nan	nan	nan	nan	nan	nan	nan	nan
5589.6240234375	nan	nan	nan	nan	nan	nan	nan	nan	nan
5599.91015625	nan	nan	nan	nan	nan	nan	nan	nan	nan
5610.90185546875	nan	nan	nan	nan	nan	nan	nan	nan	nan
5623.60009765625	nan	nan	nan	nan	nan	nan	nan	nan	nan
5633.51806640625	nan	nan	nan	nan	nan	nan	nan	nan	nan
5646.09521484375	nan	nan	nan	nan	nan	nan	nan	nan	nan
5656.4609375	nan	nan	nan	nan	nan	nan	nan	nan	nan
5667.114990234375	nan	nan	nan	nan	nan	nan	nan	nan	nan
5679.373291015625	nan	nan	nan	nan	nan	nan	nan	nan	nan
5690.86279296875	nan	nan	nan	nan	nan	nan	nan	nan	nan
5701.823486328125	nan	nan	nan	nan	nan	nan	nan	nan	nan
5712.68310546875	nan	nan	nan	nan	nan	nan	nan	nan	nan
5723.59326171875	nan	nan	nan	nan	nan	nan	nan	nan	nan
5733.990966796875	nan	nan	nan	nan	nan	nan	nan	nan	nan
5745.596923828125	nan	nan	nan	nan	nan	nan	nan	nan	nan
5755.445556640625	nan	nan	nan	nan	nan	nan	nan	nan	nan
5767.196533203125	nan	nan	nan	nan	nan	nan	nan	nan	nan
5778.11328125	nan	nan	nan	nan	nan	nan	nan	nan	nan
5789.70556640625	nan	nan	nan	nan	nan	nan	nan	nan	nan
5800.947509765625	nan	nan	nan	nan	nan	nan	nan	nan	nan
5811.45751953125	nan	nan	nan	nan	nan	nan	nan	nan	nan
5820.973388671875	nan	nan	nan	nan	nan	nan	nan	nan	nan
5834.077880859375	nan	nan	nan	nan	nan	nan	nan	nan	nan
5843.856689453125	nan	nan	nan	nan	nan	nan	nan	nan	nan
5854.987060546875	nan	nan	nan	nan	nan	nan	nan	nan	nan
5864.625732421875	nan	nan	nan	nan	nan	nan	nan	nan	nan
5876.08935546875	nan	nan	nan	nan	nan	nan	nan	nan	nan
5885.229736328125	nan	nan	nan	nan	nan	nan	nan	nan	nan
5896.638916015625	nan	nan	nan	nan	nan	nan	nan	nan	nan
5908.9609375	nan	nan	nan	nan	nan	nan	nan	nan	nan
5917.223876953125	nan	nan	nan	nan	nan	nan	nan	nan	nan
5929.295166015625	nan	nan	nan	nan	nan	nan	nan	nan	nan
5940.07080078125	nan	nan	nan	nan	nan	nan	nan	nan	nan
5951.73779296875	nan	nan	nan	nan	nan	nan	nan	nan	nan
5961.314697265625	nan	nan	nan	nan	nan	nan	nan	nan	nan
5975.973388671875	nan	nan	nan	nan	nan	nan	nan	nan	nan
5984.244140625	nan	nan	nan	nan	nan	nan	nan	nan	nan
5993.90771484375	nan	nan	nan	nan	nan	nan	nan	nan	nan
6006.9306640625	nan	nan	nan	nan	nan	nan	nan	nan	nan
6017.084228515625	nan	nan	nan	nan	nan	nan	nan	nan	nan
6028.804443359375	nan	nan	nan	nan	nan	nan	nan	nan	nan
6038.232421875	nan	nan	nan	nan	nan	nan	nan	nan	nan
6051.1826171875	nan	nan	nan	nan	nan	nan	nan	nan	nan
6059.564453125	nan	nan	nan	nan	nan	nan	nan	nan	nan
6072.203369140625	nan	nan	nan	nan	nan	nan	nan	nan	nan
6081.796630859375	nan	nan	nan	nan	nan	nan	nan	nan	nan
6092.756103515625	nan	nan	nan	nan	nan	nan	nan	nan	nan
6102.8271484375	nan	nan	nan	nan	nan	nan	nan	nan	nan
6113.970458984375	nan	nan	nan	nan	nan	nan	nan	nan	nan
6122.314208984375	nan	nan	nan	nan	nan	nan	nan	nan	nan
6135.55859375	nan	nan	nan	nan	nan	nan	nan	nan	nan
6145.39111328125	nan	nan	nan	nan	nan	nan	nan	nan	nan
6157.816650390625	nan	nan	nan	nan	nan	nan	nan	nan	nan
6167.796875	nan	nan	nan	nan	nan	nan	nan	nan	nan
6178.102294921875	nan	nan	nan	nan	nan	nan	nan	nan	nan
6189.769287109375	nan	nan	nan	nan	nan	nan	nan	nan	nan
6200.639892578125	nan	nan	nan	nan	nan	nan	nan	nan	nan
6212.267822265625	nan	nan	nan	nan	nan	nan	nan	nan	nan
6221.7919921875	nan	nan	nan	nan	nan	nan	nan	nan	nan
6232.358642578125	nan	nan	nan	nan	nan	nan	nan	nan	nan
6244.10107421875	nan	nan	nan	nan	nan	nan	nan	nan	nan
6252.3349609375	nan	nan	nan	nan	nan	nan	nan	nan	nan
6265.710693359375	nan	nan	nan	nan	nan	nan	nan	nan	nan
6275.88134765625	nan	nan	nan	nan	nan	nan	nan	nan	nan
6285.64453125	nan	nan	nan	nan	nan	nan	nan	nan	nan
6298.98193359375	nan	nan	nan	nan	nan	nan	nan	nan	nan
6308.43408203125	nan	nan	nan	nan	nan	nan	nan	nan	nan
6318.279296875	nan	nan	nan	nan	nan	nan	nan	nan	nan
6330.721923828125	nan	nan	nan	nan	nan	nan	nan	nan	nan
6340.6328125	nan	nan	nan	nan	nan	nan	nan	nan	nan
6352.5068359375	nan	nan	nan	nan	nan	nan	nan	nan	nan
6361.281982421875	nan	nan	nan	nan	nan	nan	nan	nan	nan
6372.623046875	nan	nan	nan	nan	nan	nan	nan	nan	nan
6382.6552734375	nan	nan	nan	nan	nan	nan	nan	nan	nan
6393.921875	nan	nan	nan	nan	nan	nan	nan	nan	nan
6405.8310546875	nan	nan	nan	nan	nan	nan	nan	nan	nan
6413.64404296875	nan	nan	nan	nan	nan	nan	nan	nan	nan
6425.55615234375	nan	nan	nan	nan	nan	nan	nan	nan	nan
6437.01611328125	nan	nan	nan	nan	nan	nan	nan	nan	nan
6445.75830078125	nan	nan	nan	nan	nan	nan	nan	nan	nan
6456.8876953125	nan	nan	nan	nan	nan	nan	nan	nan	nan
6468.904052734375	nan	nan	nan	nan	nan	nan	nan	nan	nan
6478.46435546875	nan	nan	nan	nan	nan	nan	nan	nan	nan
6489.555419921875	nan	nan	nan	nan	nan	nan	nan	nan	nan
6502.204833984375	nan	nan	nan	nan	nan	nan	nan	nan	nan
6512.256103515625	nan	nan	nan	nan	nan	nan	nan	nan	nan
6522.043212890625	nan	nan	nan	nan	nan	nan	nan	nan	nan
6533.94775390625	nan	nan	nan	nan	nan	nan	nan	nan	nan
6543.449462890625	nan	nan	nan	nan	nan	nan	nan	nan	nan
6552.510498046875	nan	nan	nan	nan	nan	nan	nan	nan	nan
6565.255126953125	nan	nan	nan	nan	nan	nan	nan	nan	nan
6574.841552734375	nan	nan	nan	nan	nan	nan	nan	nan	nan
6586.7275390625	nan	nan	nan	nan	nan	nan	nan	nan	nan
6597.153076171875	nan	nan	nan	nan	nan	nan	nan	nan	nan
6605.50634765625	nan	nan	nan	nan	nan	nan	nan	nan	nan
6618.652099609375	nan	nan	nan	nan	nan	nan	nan	nan	nan
6628.007568359375	nan	nan	nan	nan	nan	nan	nan	nan	nan
6638.96728515625	nan	nan	nan	nan	nan	nan	nan	nan	nan
6648.63818359375	nan	nan	nan	nan	nan	nan	nan	nan	nan
6660.90771484375	nan	nan	nan	nan	nan	nan	nan	nan	nan
6671.639892578125	nan	nan	nan	nan	nan	nan	nan	nan	nan
6681.260986328125	nan	nan	nan	nan	nan	nan	nan	nan	nan
6691.81494140625	nan	nan	nan	nan	nan	nan	nan	nan	nan
6704.905517578125	nan	nan	nan	nan	nan	nan	nan	nan	nan
6714.064453125	nan	nan	nan	nan	nan	nan	nan	nan	nan
6726.2490234375	nan	nan	nan	nan	nan	nan	nan	nan	nan
6736.92822265625	nan	nan	nan	nan	nan	nan	nan	nan	nan
6748.13720703125	nan	nan	nan	nan	nan	nan	nan	nan	nan
6759.573974609375	nan	nan	nan	nan	nan	nan	nan	nan	nan
6767.914794921875	nan	nan	nan	nan	nan	nan	nan	nan	nan
6781.829833984375	nan	nan	nan	nan	nan	nan	nan	nan	nan
6791.312744140625	nan	nan	nan	nan	nan	nan	nan	nan	nan
6803.1982421875	nan	nan	nan	nan	nan	nan	nan	nan	nan
6813.385498046875	nan	nan	nan	nan	nan	nan	nan	nan	nan
6826.435302734375	nan	nan	nan	nan	nan	nan	nan	nan	nan
6836.134765625	nan	nan	nan	nan	nan	nan	nan	nan	nan
6846.69091796875	nan	nan	nan	nan	nan	nan	nan	nan	nan
6857.857421875	nan	nan	nan	nan	nan	nan	nan	nan	nan
6869.42578125	nan	nan	nan	nan	nan	nan	nan	nan	nan
6880.343505859375	nan	nan	nan	nan	nan	nan	nan	nan	nan
6891.0986328125	nan	nan	nan	nan	nan	nan	nan	nan	nan
6901.0673828125	nan	nan	nan	nan	nan	nan	nan	nan	nan
6912.6962890625	nan	nan	nan	nan	nan	nan	nan	nan	nan
6923.2607421875	nan	nan	nan	nan	nan	nan	nan	nan	nan
6934.930908203125	nan	nan	nan	nan	nan	nan	nan	nan	nan
6947.009033203125	nan	nan	nan	nan	nan	nan	nan	nan	nan
6956.729736328125	nan	nan	nan	nan	nan	nan	nan	nan	nan
6968.189208984375	nan	nan	nan	nan	nan	nan	nan	nan	nan
6978.0927734375	nan	nan	nan	nan	nan	nan	nan	nan	nan
6990.925537109375	nan	nan	nan	nan	nan	nan	nan	nan	nan
7001.534912109375	nan	nan	nan	nan	nan	nan	nan	nan	nan
7012.631591796875	nan	nan	nan	nan	nan	nan	nan	nan	nan
7023.438720703125	nan	nan	nan	nan	nan	nan	nan	nan	nan
7033.96630859375	nan	nan	nan	nan	nan	nan	nan	nan	nan
7045.009765625	nan	nan	nan	nan	nan	nan	nan	nan	nan
7056.99267578125	nan	nan	nan	nan	nan	nan	nan	nan	nan
7069.188720703125	nan	nan	nan	nan	nan	nan	nan	nan	nan
7078.861328125	nan	nan	nan	nan	nan	nan	nan	nan	nan
7091.425048828125	nan	nan	nan	nan	nan	nan	nan	nan	nan
7100.51611328125	nan	nan	nan	nan	nan	nan	nan	nan	nan
7113.46728515625	nan	nan	nan	nan	nan	nan	nan	nan	nan
7124.257080078125	nan	nan	nan	nan	nan	nan	nan	nan	nan
7136.1396484375	nan	nan	nan	nan	nan	nan	nan	nan	nan
7146.583251953125	nan	nan	nan	nan	nan	nan	nan	nan	nan
7158.08056640625	nan	nan	nan	nan	nan	nan	nan	nan	nan
7169.125	nan	nan	nan	nan	nan	nan	nan	nan	nan
7214.392822265625	nan	nan	nan	nan	nan	nan	nan	nan	nan
7218.244873046875	nan	nan	nan	nan	nan	nan	nan	nan	nan
7220.961669921875	nan	nan	nan	nan	nan	nan	nan	nan	nan
7222.403564453125	nan	nan	nan	nan	nan	nan	nan	nan	nan
7222.9365234375	nan	nan	nan	nan	nan	nan	nan	nan	nan
7231.46142578125	nan	nan	nan	nan	nan	nan	nan	nan	nan
7243.86572265625	nan	nan	nan	nan	nan	nan	nan	nan	nan
7253.992431640625	nan	nan	nan	nan	nan	nan	nan	nan	nan
7265.99365234375	nan	nan	nan	nan	nan	nan	nan	nan	nan
7275.978271484375	nan	nan	nan	nan	nan	nan	nan	nan	nan
7287.9013671875	nan	nan	nan	nan	nan	nan	nan	nan	nan
7298.630859375	nan	nan	nan	nan	nan	nan	nan	nan	nan
7308.18017578125	nan	nan	nan	nan	nan	nan	nan	nan	nan
7322.045166015625	nan	nan	nan	nan	nan	nan	nan	nan	nan
7332.447021484375	nan	nan	nan	nan	nan	nan	nan	nan	nan
7341.496826171875	nan	nan	nan	nan	nan	nan	nan	nan	nan
7354.013427734375	nan	nan	nan	nan	nan	nan	nan	nan	nan
7365.027099609375	nan	nan	nan	nan	nan	nan	nan	nan	nan
7376.158935546875	nan	nan	nan	nan	nan	nan	nan	nan	nan
7386.71484375	nan	nan	nan	nan	nan	nan	nan	nan	nan
7397.08984375	nan	nan	nan	nan	nan	nan	nan	nan	nan
7408.530517578125	nan	nan	nan	nan	nan	nan	nan	nan	nan
7418.4921875	nan	nan	nan	nan	nan	nan	nan	nan	nan
7429.49658203125	nan	nan	nan	nan	nan	nan	nan	nan	nan
7440.185791015625	nan	nan	nan	nan	nan	nan	nan	nan	nan
7452.450927734375	nan	nan	nan	nan	nan	nan	nan	nan	nan
7462.100341796875	nan	nan	nan	nan	nan	nan	nan	nan	nan
7474.60986328125	nan	nan	nan	nan	nan	nan	nan	nan	nan
7483.758056640625	nan	nan	nan	nan	nan	nan	nan	nan	nan
7495.677734375	nan	nan	nan	nan	nan	nan	nan	nan	nan
7507.716552734375	nan	nan	nan	nan	nan	nan	nan	nan	nan
7516.66552734375	nan	nan	nan	nan	nan	nan	nan	nan	nan
7528.7001953125	nan	nan	nan	nan	nan	nan	nan	nan	nan
7539.512451171875	nan	nan	nan	nan	nan	nan	nan	nan	nan
7549.882568359375	nan	nan	nan	nan	nan	nan	nan	nan	nan
7560.653564453125	nan	nan	nan	nan	nan	nan	nan	nan	nan
7571.656982421875	nan	nan	nan	nan	nan	nan	nan	nan	nan
7582.498291015625	nan	nan	nan	nan	nan	nan	nan	nan	nan
7593.170654296875	nan	nan	nan	nan	nan	nan	nan	nan	nan
7606.491455078125	nan	nan	nan	nan	nan	nan	nan	nan	nan
7617.464599609375	nan	nan	nan	nan	nan	nan	nan	nan	nan
7626.954833984375	nan	nan	nan	nan	nan	nan	nan	nan	nan
7637.745849609375	nan	nan	nan	nan	nan	nan	nan	nan	nan
7649.523681640625	nan	nan	nan	nan	nan	nan	nan	nan	nan
7659.468505859375	nan	nan	nan	nan	nan	nan	nan	nan	nan
7671.43359375	nan	nan	nan	nan	nan	nan	nan	nan	nan
7682.3291015625	nan	nan	nan	nan	nan	nan	nan	nan	nan
7695.440673828125	nan	nan	nan	nan	nan	nan	nan	nan	nan
7703.870849609375	nan	nan	nan	nan	nan	nan	nan	nan	nan
7718.221435546875	nan	nan	nan	nan	nan	nan	nan	nan	nan
7726.08740234375	nan	nan	nan	nan	nan	nan	nan	nan	nan
7737.595458984375	nan	nan	nan	nan	nan	nan	nan	nan	nan
7751.978759765625	nan	nan	nan	nan	nan	nan	nan	nan	nan
7760.174072265625	nan	nan	nan	nan	nan	nan	nan	nan	nan
7773.57421875	nan	nan	nan	nan	nan	nan	nan	nan	nan
7781.390625	nan	nan	nan	nan	nan	nan	nan	nan	nan
7795.73779296875	nan	nan	nan	nan	nan	nan	nan	nan	nan
7805.9873046875	nan	nan	nan	nan	nan	nan	nan	nan	nan
7817.287353515625	nan	nan	nan	nan	nan	nan	nan	nan	nan
7828.446533203125	nan	nan	nan	nan	nan	nan	nan	nan	nan
7838.607177734375	nan	nan	nan	nan	nan	nan	nan	nan	nan
7849.79736328125	nan	nan	nan	nan	nan	nan	nan	nan	nan
7860.205322265625	nan	nan	nan	nan	nan	nan	nan	nan	nan
7872.358154296875	nan	nan	nan	nan	nan	nan	nan	nan	nan
7882.705322265625	nan	nan	nan	nan	nan	nan	nan	nan	nan
7893.52490234375	nan	nan	nan	nan	nan	nan	nan	nan	nan
7905.77392578125	nan	nan	nan	nan	nan	nan	nan	nan	nan
7916.1025390625	nan	nan	nan	nan	nan	nan	nan	nan	nan
7926.622314453125	nan	nan	nan	nan	nan	nan	nan	nan	nan
7937.82470703125	nan	nan	nan	nan	nan	nan	nan	nan	nan
7947.218017578125	nan	nan	nan	nan	nan	nan	nan	nan	nan
7959.210693359375	nan	nan	nan	nan	nan	nan	nan	nan	nan
7971.34228515625	nan	nan	nan	nan	nan	nan	nan	nan	nan
7981.82568359375	nan	nan	nan	nan	nan	nan	nan	nan	nan
7991.396484375	nan	nan	nan	nan	nan	nan	nan	nan	nan
8002.80419921875	nan	nan	nan	nan	nan	nan	nan	nan	nan
8013.650634765625	nan	nan	nan	nan	nan	nan	nan	nan	nan
8022.747314453125	nan	nan	nan	nan	nan	nan	nan	nan	nan
8036.4482421875	nan	nan	nan	nan	nan	nan	nan	nan	nan
8045.326416015625	nan	nan	nan	nan	nan	nan	nan	nan	nan
8055.22314453125	nan	nan	nan	nan	nan	nan	nan	nan	nan
8068.2861328125	nan	nan	nan	nan	nan	nan	nan	nan	nan
8077.79296875	nan	nan	nan	nan	nan	nan	nan	nan	nan
8088.19970703125	nan	nan	nan	nan	nan	nan	nan	nan	nan
8097.08740234375	nan	nan	nan	nan	nan	nan	nan	nan	nan
8110.159912109375	nan	nan	nan	nan	nan	nan	nan	nan	nan
8120.556884765625	nan	nan	nan	nan	nan	nan	nan	nan	nan
8131.570068359375	nan	nan	nan	nan	nan	nan	nan	nan	nan
8140.0556640625	nan	nan	nan	nan	nan	nan	nan	nan	nan
8153.4765625	nan	nan	nan	nan	nan	nan	nan	nan	nan
8162.74072265625	nan	nan	nan	nan	nan	nan	nan	nan	nan
8175.2197265625	nan	nan	nan	nan	nan	nan	nan	nan	nan
8185.2568359375	nan	nan	nan	nan	nan	nan	nan	nan	nan
8197.684326171875	nan	nan	nan	nan	nan	nan	nan	nan	nan
8209.150146484375	nan	nan	nan	nan	nan	nan	nan	nan	nan
8220.4541015625	nan	nan	nan	nan	nan	nan	nan	nan	nan
8231.264404296875	nan	nan	nan	nan	nan	nan	nan	nan	nan
8242.640380859375	nan	nan	nan	nan	nan	nan	nan	nan	nan
8254.0029296875	nan	nan	nan	nan	nan	nan	nan	nan	nan
8264.42041015625	nan	nan	nan	nan	nan	nan	nan	nan	nan
8275.75390625	nan	nan	nan	nan	nan	nan	nan	nan	nan
8286.325439453125	nan	nan	nan	nan	nan	nan	nan	nan	nan
8297.75927734375	nan	nan	nan	nan	nan	nan	nan	nan	nan
8308.1875	nan	nan	nan	nan	nan	nan	nan	nan	nan
8320.26416015625	nan	nan	nan	nan	nan	nan	nan	nan	nan
8330.087646484375	nan	nan	nan	nan	nan	nan	nan	nan	nan
8340.3701171875	nan	nan	nan	nan	nan	nan	nan	nan	nan
8352.536376953125	nan	nan	nan	nan	nan	nan	nan	nan	nan
8363.066650390625	nan	nan	nan	nan	nan	nan	nan	nan	nan
8375.609130859375	nan	nan	nan	nan	nan	nan	nan	nan	nan
8384.21484375	nan	nan	nan	nan	nan	nan	nan	nan	nan
8394.720947265625	nan	nan	nan	nan	nan	nan	nan	nan	nan
8406.876953125	nan	nan	nan	nan	nan	nan	nan	nan	nan
8417.16455078125	nan	nan	nan	nan	nan	nan	nan	nan	nan
8428.163330078125	nan	nan	nan	nan	nan	nan	nan	nan	nan
8439.518310546875	nan	nan	nan	nan	nan	nan	nan	nan	nan
8449.842041015625	nan	nan	nan	nan	nan	nan	nan	nan	nan
8461.171875	nan	nan	nan	nan	nan	nan	nan	nan	nan
8472.3212890625	nan	nan	nan	nan	nan	nan	nan	nan	nan
8483.009033203125	nan	nan	nan	nan	nan	nan	nan	nan	nan
8495.531005859375	nan	nan	nan	nan	nan	nan	nan	nan	nan
8505.182861328125	nan	nan	nan	nan	nan	nan	nan	nan	nan
8517.1962890625	nan	nan	nan	nan	nan	nan	nan	nan	nan
8524.940673828125	nan	nan	nan	nan	nan	nan	nan	nan	nan
8538.76416015625	nan	nan	nan	nan	nan	nan	nan	nan	nan
8548.377685546875	nan	nan	nan	nan	nan	nan	nan	nan	nan
8557.871826171875	nan	nan	nan	nan	nan	nan	nan	nan	nan
8571.05029296875	nan	nan	nan	nan	nan	nan	nan	nan	nan
8580.51123046875	nan	nan	nan	nan	nan	nan	nan	nan	nan
8593.02490234375	nan	nan	nan	nan	nan	nan	nan	nan	nan
8602.740478515625	nan	nan	nan	nan	nan	nan	nan	nan	nan
8613.127197265625	nan	nan	nan	nan	nan	nan	nan	nan	nan
8626.398681640625	nan	nan	nan	nan	nan	nan	nan	nan	nan
8636.483154296875	nan	nan	nan	nan	nan	nan	nan	nan	nan
8648.677490234375	nan	nan	nan	nan	nan	nan	nan	nan	nan
8657.60302734375	nan	nan	nan	nan	nan	nan	nan	nan	nan
8669.4169921875	nan	nan	nan	nan	nan	nan	nan	nan	nan
8680.1552734375	nan	nan	nan	nan	nan	nan	nan	nan	nan
8690.8408203125	nan	nan	nan	nan	nan	nan	nan	nan	nan
8701.307373046875	nan	nan	nan	nan	nan	nan	nan	nan	nan
8713.025634765625	nan	nan	nan	nan	nan	nan	nan	nan	nan
8723.335205078125	nan	nan	nan	nan	nan	nan	nan	nan	nan
8733.088134765625	nan	nan	nan	nan	nan	nan	nan	nan	nan
8743.192138671875	nan	nan	nan	nan	nan	nan	nan	nan	nan
8755.818115234375	nan	nan	nan	nan	nan	nan	nan	nan	nan
8766.77197265625	nan	nan	nan	nan	nan	nan	nan	nan	nan
8777.14453125	nan	nan	nan	nan	nan	nan	nan	nan	nan
8789.582763671875	nan	nan	nan	nan	nan	nan	nan	nan	nan
8798.876220703125	nan	nan	nan	nan	nan	nan	nan	nan	nan
8812.4140625	nan	nan	nan	nan	nan	nan	nan	nan	nan
8822.54736328125	nan	nan	nan	nan	nan	nan	nan	nan	nan
8833.429931640625	nan	nan	nan	nan	nan	nan	nan	nan	nan
8842.904296875	nan	nan	nan	nan	nan	nan	nan	nan	nan
8856.03271484375	nan	nan	nan	nan	nan	nan	nan	nan	nan
8868.144775390625	nan	nan	nan	nan	nan	nan	nan	nan	nan
8877.49560546875	nan	nan	nan	nan	nan	nan	nan	nan	nan
8889.565185546875	nan	nan	nan	nan	nan	nan	nan	nan	nan
8901.2529296875	nan	nan	nan	nan	nan	nan	nan	nan	nan
8912.02001953125	nan	nan	nan	nan	nan	nan	nan	nan	nan
8921.43994140625	nan	nan	nan	nan	nan	nan	nan	nan	nan
8933.966796875	nan	nan	nan	nan	nan	nan	nan	nan	nan
8942.643310546875	nan	nan	nan	nan	nan	nan	nan	nan	nan
8955.253173828125	nan	nan	nan	nan	nan	nan	nan	nan	nan
8966.6142578125	nan	nan	nan	nan	nan	nan	nan	nan	nan
8978.791259765625	nan	nan	nan	nan	nan	nan	nan	nan	nan
8989.3232421875	nan	nan	nan	nan	nan	nan	nan	nan	nan
8999.1611328125	nan	nan	nan	nan	nan	nan	nan	nan	nan
9008.986083984375	nan	nan	nan	nan	nan	nan	nan	nan	nan
9022.35009765625	nan	nan	nan	nan	nan	nan	nan	nan	nan
9032.09033203125	nan	nan	nan	nan	nan	nan	nan	nan	nan
9043.005859375	nan	nan	nan	nan	nan	nan	nan	nan	nan
9053.927978515625	nan	nan	nan	nan	nan	nan	nan	nan	nan
9065.492431640625	nan	nan	nan	nan	nan	nan	nan	nan	nan
9076.623291015625	nan	nan	nan	nan	nan	nan	nan	nan	nan
9087.354248046875	nan	nan	nan	nan	nan	nan	nan	nan	nan
9097.15576171875	nan	nan	nan	nan	nan	nan	nan	nan	nan
9109.11962890625	nan	nan	nan	nan	nan	nan	nan	nan	nan
9118.432861328125	nan	nan	nan	nan	nan	nan	nan	nan	nan
9130.72900390625	nan	nan	nan	nan	nan	nan	nan	nan	nan
9142.166748046875	nan	nan	nan	nan	nan	nan	nan	nan	nan
9152.812744140625	nan	nan	nan	nan	nan	nan	nan	nan	nan
9162.365966796875	nan	nan	nan	nan	nan	nan	nan	nan	nan
9173.00634765625	nan	nan	nan	nan	nan	nan	nan	nan	nan
9184.20654296875	nan	nan	nan	nan	nan	nan	nan	nan	nan
9195.1826171875	nan	nan	nan	nan	nan	nan	nan	nan	nan
9206.778564453125	nan	nan	nan	nan	nan	nan	nan	nan	nan
9217.440185546875	nan	nan	nan	nan	nan	nan	nan	nan	nan
9228.0048828125	nan	nan	nan	nan	nan	nan	nan	nan	nan
9238.6005859375	nan	nan	nan	nan	nan	nan	nan	nan	nan
9250.07373046875	nan	nan	nan	nan	nan	nan	nan	nan	nan
9259.512939453125	nan	nan	nan	nan	nan	nan	nan	nan	nan
9271.825439453125	nan	nan	nan	nan	nan	nan	nan	nan	nan
9282.690673828125	nan	nan	nan	nan	nan	nan	nan	nan	nan
9295.707763671875	nan	nan	nan	nan	nan	nan	nan	nan	nan
9303.973876953125	nan	nan	nan	nan	nan	nan	nan	nan	nan
9316.17041015625	nan	nan	nan	nan	nan	nan	nan	nan	nan
9327.412841796875	nan	nan	nan	nan	nan	nan	nan	nan	nan
9337.36962890625	nan	nan	nan	nan	nan	nan	nan	nan	nan
9347.315185546875	nan	nan	nan	nan	nan	nan	nan	nan	nan
9357.875732421875	nan	nan	nan	nan	nan	nan	nan	nan	nan
9367.5869140625	nan	nan	nan	nan	nan	nan	nan	nan	nan
9379.09326171875	nan	nan	nan	nan	nan	nan	nan	nan	nan
9389.7724609375	nan	nan	nan	nan	nan	nan	nan	nan	nan
9401.206787109375	nan	nan	nan	nan	nan	nan	nan	nan	nan
9412.085693359375	nan	nan	nan	nan	nan	nan	nan	nan	nan
9422.438232421875	nan	nan	nan	nan	nan	nan	nan	nan	nan
9433.58056640625	nan	nan	nan	nan	nan	nan	nan	nan	nan
9443.672607421875	nan	nan	nan	nan	nan	nan	nan	nan	nan
9456.08203125	nan	nan	nan	nan	nan	nan	nan	nan	nan
9464.702392578125	nan	nan	nan	nan	nan	nan	nan	nan	nan
9476.024169921875	nan	nan	nan	nan	nan	nan	nan	nan	nan
9486.05859375	nan	nan	nan	nan	nan	nan	nan	nan	nan
9497.24853515625	nan	nan	nan	nan	nan	nan	nan	nan	nan
9508.566650390625	nan	nan	nan	nan	nan	nan	nan	nan	nan
9519.46875	nan	nan	nan	nan	nan	nan	nan	nan	nan
9530.45361328125	nan	nan	nan	nan	nan	nan	nan	nan	nan
9540.721435546875	nan	nan	nan	nan	nan	nan	nan	nan	nan
9551.628173828125	nan	nan	nan	nan	nan	nan	nan	nan	nan
9561.150390625	nan	nan	nan	nan	nan	nan	nan	nan	nan
9574.59228515625	nan	nan	nan	nan	nan	nan	nan	nan	nan
9585.9580078125	nan	nan	nan	nan	nan	nan	nan	nan	nan
9595.23193359375	nan	nan	nan	nan	nan	nan	nan	nan	nan
9605.280517578125	nan	nan	nan	nan	nan	nan	nan	nan	nan
9616.909912109375	nan	nan	nan	nan	nan	nan	nan	nan	nan
9628.43798828125	nan	nan	nan	nan	nan	nan	nan	nan	nan
9637.577392578125	nan	nan	nan	nan	nan	nan	nan	nan	nan
9650.651611328125	nan	nan	nan	nan	nan	nan	nan	nan	nan
9659.15576171875	nan	nan	nan	nan	nan	nan	nan	nan	nan
9672.655029296875	nan	nan	nan	nan	nan	nan	nan	nan	nan
9682.51953125	nan	nan	nan	nan	nan	nan	nan	nan	nan
9694.665283203125	nan	nan	nan	nan	nan	nan	nan	nan	nan
9704.986572265625	nan	nan	nan	nan	nan	nan	nan	nan	nan
9713.881591796875	nan	nan	nan	nan	nan	nan	nan	nan	nan
9727.229736328125	nan	nan	nan	nan	nan	nan	nan	nan	nan
9734.72802734375	nan	nan	nan	nan	nan	nan	nan	nan	nan
9749.75927734375	nan	nan	nan	nan	nan	nan	nan	nan	nan
9756.182373046875	nan	nan	nan	nan	nan	nan	nan	nan	nan
9768.06689453125	nan	nan	nan	nan	nan	nan	nan	nan	nan
9780.7880859375	nan	nan	nan	nan	nan	nan	nan	nan	nan
9789.398193359375	nan	nan	nan	nan	nan	nan	nan	nan	nan
9801.441650390625	nan	nan	nan	nan	nan	nan	nan	nan	nan
9810.412353515625	nan	nan	nan	nan	nan	nan	nan	nan	nan
9822.95361328125	nan	nan	nan	nan	nan	nan	nan	nan	nan
9831.45361328125	nan	nan	nan	nan	nan	nan	nan	nan	nan
9843.236083984375	nan	nan	nan	nan	nan	nan	nan	nan	nan
9852.44384765625	nan	nan	nan	nan	nan	nan	nan	nan	nan
9863.96240234375	nan	nan	nan	nan	nan	nan	nan	nan	nan
9874.758544921875	nan	nan	nan	nan	nan	nan	nan	nan	nan
9885.007568359375	nan	nan	nan	nan	nan	nan	nan	nan	nan
9896.5703125	nan	nan	nan	nan	nan	nan	nan	nan	nan
9908.209228515625	nan	nan	nan	nan	nan	nan	nan	nan	nan
9918.23974609375	nan	nan	nan	nan	nan	nan	nan	nan	nan
9929.01220703125	nan	nan	nan	nan	nan	nan	nan	nan	nan
9939.396240234375	nan	nan	nan	nan	nan	nan	nan	nan	nan
9949.215576171875	nan	nan	nan	nan	nan	nan	nan	nan	nan
9959.14111328125	nan	nan	nan	nan	nan	nan	nan	nan	nan
9971.1650390625	nan	nan	nan	nan	nan	nan	nan	nan	nan
9979.86962890625	nan	nan	nan	nan	nan	nan	nan	nan	nan
9991.867919921875	nan	nan	nan	nan	nan	nan	nan	nan	nan
10001.906494140625	nan	nan	nan	nan	nan	nan	nan	nan	nan
10013.533447265625	nan	nan	nan	nan	nan	nan	nan	nan	nan
10023.5390625	nan	nan	nan	nan	nan	nan	nan	nan	nan
10035.5498046875	nan	nan	nan	nan	nan	nan	nan	nan	nan
10045.412109375	nan	nan	nan	nan	nan	nan	nan	nan	nan
10055.875732421875	nan	nan	nan	nan	nan	nan	nan	nan	nan
10066.9453125	nan	nan	nan	nan	nan	nan	nan	nan	nan
10076.453125	nan	nan	nan	nan	nan	nan	nan	nan	nan
10087.501708984375	nan	nan	nan	nan	nan	nan	nan	nan	nan
10098.51904296875	nan	nan	nan	nan	nan	nan	nan	nan	nan
10109.305419921875	nan	nan	nan	nan	nan	nan	nan	nan	nan
10120.6005859375	nan	nan	nan	nan	nan	nan	nan	nan	nan
10132.51611328125	nan	nan	nan	nan	nan	nan	nan	nan	nan
10142.00048828125	nan	nan	nan	nan	nan	nan	nan	nan	nan
10153.223388671875	nan	nan	nan	nan	nan	nan	nan	nan	nan
10165.7158203125	nan	nan	nan	nan	nan	nan	nan	nan	nan
10176.95556640625	nan	nan	nan	nan	nan	nan	nan	nan	nan
10187.068603515625	nan	nan	nan	nan	nan	nan	nan	nan	nan
10198.772705078125	nan	nan	nan	nan	nan	nan	nan	nan	nan
10209.862060546875	nan	nan	nan	nan	nan	nan	nan	nan	nan
10221.4248046875	nan	nan	nan	nan	nan	nan	nan	nan	nan
10232.398193359375	nan	nan	nan	nan	nan	nan	nan	nan	nan
10242.8154296875	nan	nan	nan	nan	nan	nan	nan	nan	nan
10254.321044921875	nan	nan	nan	nan	nan	nan	nan	nan	nan
10265.30029296875	nan	nan	nan	nan	nan	nan	nan	nan	nan
10274.8916015625	nan	nan	nan	nan	nan	nan	nan	nan	nan
10289.092041015625	nan	nan	nan	nan	nan	nan	nan	nan	nan
10298.8876953125	nan	nan	nan	nan	nan	nan	nan	nan	nan
10308.28125	nan	nan	nan	nan	nan	nan	nan	nan	nan
10321.87841796875	nan	nan	nan	nan	nan	nan	nan	nan	nan
10331.310546875	nan	nan	nan	nan	nan	nan	nan	nan	nan
10343.1240234375	nan	nan	nan	nan	nan	nan	nan	nan	nan
10352.911376953125	nan	nan	nan	nan	nan	nan	nan	nan	nan
10365.993408203125	nan	nan	nan	nan	nan	nan	nan	nan	nan
10374.12548828125	nan	nan	nan	nan	nan	nan	nan	nan	nan
10386.33544921875	nan	nan	nan	nan	nan	nan	nan	nan	nan
10399.03857421875	nan	nan	nan	nan	nan	nan	nan	nan	nan
10407.82177734375	nan	nan	nan	nan	nan	nan	nan	nan	nan
10420.650146484375	nan	nan	nan	nan	nan	nan	nan	nan	nan
10428.109375	nan	nan	nan	nan	nan	nan	nan	nan	nan
10439.59326171875	nan	nan	nan	nan	nan	nan	nan	nan	nan
10451.014892578125	nan	nan	nan	nan	nan	nan	nan	nan	nan
10461.3232421875	nan	nan	nan	nan	nan	nan	nan	nan	nan
10473.041259765625	nan	nan	nan	nan	nan	nan	nan	nan	nan
10482.994140625	nan	nan	nan	nan	nan	nan	nan	nan	nan
10495.21435546875	nan	nan	nan	nan	nan	nan	nan	nan	nan
10504.7880859375	nan	nan	nan	nan	nan	nan	nan	nan	nan
10516.966064453125	nan	nan	nan	nan	nan	nan	nan	nan	nan
10526.34033203125	nan	nan	nan	nan	nan	nan	nan	nan	nan
10538.6787109375	nan	nan	nan	nan	nan	nan	nan	nan	nan
10549.281005859375	nan	nan	nan	nan	nan	nan	nan	nan	nan
10561.215087890625	nan	nan	nan	nan	nan	nan	nan	nan	nan
10569.764404296875	nan	nan	nan	nan	nan	nan	nan	nan	nan
10582.079345703125	nan	nan	nan	nan	nan	nan	nan	nan	nan
10593.687744140625	nan	nan	nan	nan	nan	nan	nan	nan	nan
10605.74462890625	nan	nan	nan	nan	nan	nan	nan	nan	nan
10615.689697265625	nan	nan	nan	nan	nan	nan	nan	nan	nan
10626.587158203125	nan	nan	nan	nan	nan	nan	nan	nan	nan
10636.71923828125	nan	nan	nan	nan	nan	nan	nan	nan	nan
10649.722412109375	nan	nan	nan	nan	nan	nan	nan	nan	nan
10660.783447265625	nan	nan	nan	nan	nan	nan	nan	nan	nan
10670.252685546875	nan	nan	nan	nan	nan	nan	nan	nan	nan
10682.64453125	nan	nan	nan	nan	nan	nan	nan	nan	nan
10690.603759765625	nan	nan	nan	nan	nan	nan	nan	nan	nan
10703.48486328125	nan	nan	nan	nan	nan	nan	nan	nan	nan
10711.823486328125	nan	nan	nan	nan	nan	nan	nan	nan	nan
10724.46533203125	nan	nan	nan	nan	nan	nan	nan	nan	nan
10734.3544921875	nan	nan	nan	nan	nan	nan	nan	nan	nan
10745.349853515625	nan	nan	nan	nan	nan	nan	nan	nan	nan
10756.451416015625	nan	nan	nan	nan	nan	nan	nan	nan	nan
10767.41064453125	nan	nan	nan	nan	nan	nan	nan	nan	nan
10778.12939453125	nan	nan	nan	nan	nan	nan	nan	nan	nan
10791.283447265625	nan	nan	nan	nan	nan	nan	nan	nan	nan
10801.55029296875	nan	nan	nan	nan	nan	nan	nan	nan	nan
10812.981201171875	nan	nan	nan	nan	nan	nan	nan	nan	nan
10822.33349609375	nan	nan	nan	nan	nan	nan	nan	nan	nan
10832.14208984375	nan	nan	nan	nan	nan	nan	nan	nan	nan
10844.71630859375	nan	nan	nan	nan	nan	nan	nan	nan	nan
10856.55078125	nan	nan	nan	nan	nan	nan	nan	nan	nan
10867.458740234375	nan	nan	nan	nan	nan	nan	nan	nan	nan
10877.327392578125	nan	nan	nan	nan	nan	nan	nan	nan	nan
10889.68505859375	nan	nan	nan	nan	nan	nan	nan	nan	nan
10898.5361328125	nan	nan	nan	nan	nan	nan	nan	nan	nan
10910.889404296875	nan	nan	nan	nan	nan	nan	nan	nan	nan
10919.71142578125	nan	nan	nan	nan	nan	nan	nan	nan	nan
10932.1630859375	nan	nan	nan	nan	nan	nan	nan	nan	nan
10940.9384765625	nan	nan	nan	nan	nan	nan	nan	nan	nan
10953.96923828125	nan	nan	nan	nan	nan	nan	nan	nan	nan
10964.556640625	nan	nan	nan	nan	nan	nan	nan	nan	nan
10978.07275390625	nan	nan	nan	nan	nan	nan	nan	nan	nan
10986.91845703125	nan	nan	nan	nan	nan	nan	nan	nan	nan
10996.588134765625	nan	nan	nan	nan	nan	nan	nan	nan	nan
11008.749755859375	nan	nan	nan	nan	nan	nan	nan	nan	nan
11018.311279296875	nan	nan	nan	nan	nan	nan	nan	nan	nan
11030.24658203125	nan	nan	nan	nan	nan	nan	nan	nan	nan
11039.931640625	nan	nan	nan	nan	nan	nan	nan	nan	nan
11050.564208984375	nan	nan	nan	nan	nan	nan	nan	nan	nan
11062.8828125	nan	nan	nan	nan	nan	nan	nan	nan	nan
11073.302490234375	nan	nan	nan	nan	nan	nan	nan	nan	nan
11084.96923828125	nan	nan	nan	nan	nan	nan	nan	nan	nan
11095.034423828125	nan	nan	nan	nan	nan	nan	nan	nan	nan
11106.015380859375	nan	nan	nan	nan	nan	nan	nan	nan	nan
11116.237060546875	nan	nan	nan	nan	nan	nan	nan	nan	nan
11126.793701171875	nan	nan	nan	nan	nan	nan	nan	nan	nan
11136.850341796875	nan	nan	nan	nan	nan	nan	nan	nan	nan
11149.009521484375	nan	nan	nan	nan	nan	nan	nan	nan	nan
11159.9150390625	nan	nan	nan	nan	nan	nan	nan	nan	nan
11170.13623046875	nan	nan	nan	nan	nan	nan	nan	nan	nan
11180.747314453125	nan	nan	nan	nan	nan	nan	nan	nan	nan
11192.499267578125	nan	nan	nan	nan	nan	nan	nan	nan	nan
11202.10302734375	nan	nan	nan	nan	nan	nan	nan	nan	nan
11211.853759765625	nan	nan	nan	nan	nan	nan	nan	nan	nan
11225.315673828125	nan	nan	nan	nan	nan	nan	nan	nan	nan
11233.37646484375	nan	nan	nan	nan	nan	nan	nan	nan	nan
11247.911865234375	nan	nan	nan	nan	nan	nan	nan	nan	nan
11256.125	nan	nan	nan	nan	nan	nan	nan	nan	nan
11266.8486328125	nan	nan	nan	nan	nan	nan	nan	nan	nan
11281.049072265625	nan	nan	nan	nan	nan	nan	nan	nan	nan
11289.9482421875	nan	nan	nan	nan	nan	nan	nan	nan	nan
11301.43408203125	nan	nan	nan	nan	nan	nan	nan	nan	nan
11313.3212890625	nan	nan	nan	nan	nan	nan	nan	nan	nan
11323.82177734375	nan	nan	nan	nan	nan	nan	nan	nan	nan
11333.41748046875	nan	nan	nan	nan	nan	nan	nan	nan	nan
11345.73974609375	nan	nan	nan	nan	nan	nan	nan	nan	nan
11357.5341796875	nan	nan	nan	nan	nan	nan	nan	nan	nan
11366.423095703125	nan	nan	nan	nan	nan	nan	nan	nan	nan
11378.504150390625	nan	nan	nan	nan	nan	nan	nan	nan	nan
11389.11962890625	nan	nan	nan	nan	nan	nan	nan	nan	nan
11399.278564453125	nan	nan	nan	nan	nan	nan	nan	nan	nan
11411.6484375	nan	nan	nan	nan	nan	nan	nan	nan	nan
11423.7216796875	nan	nan	nan	nan	nan	nan	nan	nan	nan
11431.571044921875	nan	nan	nan	nan	nan	nan	nan	nan	nan
11443.8916015625	nan	nan	nan	nan	nan	nan	nan	nan	nan
11455.685302734375	nan	nan	nan	nan	nan	nan	nan	nan	nan
11463.615234375	nan	nan	nan	nan	nan	nan	nan	nan	nan
11476.36181640625	nan	nan	nan	nan	nan	nan	nan	nan	nan
11487.542236328125	nan	nan	nan	nan	nan	nan	nan	nan	nan
11496.64794921875	nan	nan	nan	nan	nan	nan	nan	nan	nan
11510.666015625	nan	nan	nan	nan	nan	nan	nan	nan	nan
11516.751708984375	nan	nan	nan	nan	nan	nan	nan	nan	nan
11530.792724609375	nan	nan	nan	nan	nan	nan	nan	nan	nan
11539.912353515625	nan	nan	nan	nan	nan	nan	nan	nan	nan
11552.327392578125	nan	nan	nan	nan	nan	nan	nan	nan	nan
11560.953857421875	nan	nan	nan	nan	nan	nan	nan	nan	nan
11573.0009765625	nan	nan	nan	nan	nan	nan	nan	nan	nan
11581.87109375	nan	nan	nan	nan	nan	nan	nan	nan	nan
11593.49755859375	nan	nan	nan	nan	nan	nan	nan	nan	nan
11605.743408203125	nan	nan	nan	nan	nan	nan	nan	nan	nan
11617.0498046875	nan	nan	nan	nan	nan	nan	nan	nan	nan
11627.43212890625	nan	nan	nan	nan	nan	nan	nan	nan	nan
11641.44189453125	nan	nan	nan	nan	nan	nan	nan	nan	nan
11653.552490234375	nan	nan	nan	nan	nan	nan	nan	nan	nan
11668.998779296875	nan	nan	nan	nan	nan	nan	nan	nan	nan
11675.952392578125	nan	nan	nan	nan	nan	nan	nan	nan	nan
11687.441650390625	nan	nan	nan	nan	nan	nan	nan	nan	nan
11696.711181640625	nan	nan	nan	nan	nan	nan	nan	nan	nan
11708.880126953125	nan	nan	nan	nan	nan	nan	nan	nan	nan
11718.685302734375	nan	nan	nan	nan	nan	nan	nan	nan	nan
11730.899658203125	nan	nan	nan	nan	nan	nan	nan	nan	nan
11740.925537109375	nan	nan	nan	nan	nan	nan	nan	nan	nan
11751.65380859375	nan	nan	nan	nan	nan	nan	nan	nan	nan
11763.6669921875	nan	nan	nan	nan	nan	nan	nan	nan	nan
11772.581298828125	nan	nan	nan	nan	nan	nan	nan	nan	nan
11784.237060546875	nan	nan	nan	nan	nan	nan	nan	nan	nan
11794.21142578125	nan	nan	nan	nan	nan	nan	nan	nan	nan
11805.520751953125	nan	nan	nan	nan	nan	nan	nan	nan	nan
11815.973876953125	nan	nan	nan	nan	nan	nan	nan	nan	nan
11827.83447265625	nan	nan	nan	nan	nan	nan	nan	nan	nan
11838.011962890625	nan	nan	nan	nan	nan	nan	nan	nan	nan
11849.136474609375	nan	nan	nan	nan	nan	nan	nan	nan	nan
