10000.0	1.4099851326002029	0.7600171208752595	-0.3248878559520167	-0.002678840595781907	0.0021568832091917066	0.08055477611415619	-3.6461634329691916e-07	2.0053521149438375e-05	-0.04086615503876326
20000.0	1.409966471854796	0.7600360448740973	-0.3235118311342591	-0.0009442324793175777	0.0016552951451761367	0.18542700585211214	-1.8265330464147203e-06	5.074202789259285e-05	-0.08496515863986075
30000.0	1.409947376077245	0.7600505868468861	-0.32117377057292423	-0.0026701037283943653	0.0013381884474204585	0.27368038271572487	-2.9685570022653914e-06	9.287717564370132e-05	-0.11619341306613884
40000.0	1.4099336300525762	0.7600626825340635	-0.31784299261338467	-0.0028381508507722836	0.001144372805920024	0.3693988856364616	1.2452903309922244e-06	0.00012506924810980747	-0.13778656471038095
50000.0	1.4099184790456802	0.7600740075550224	-0.31355027903616406	-9.786782422257935e-06	0.0011350996844133891	0.48024464509243403	1.0450414175810742e-05	0.00016837815823287584	-0.1526177485346007
60000.0	1.4099676138826402	0.7600792665368707	-0.3125715823854126	-0.00015268851591010104	0.00033549148308262104	3.412767609029832e-06	4.105584836884888e-05	0.00012584307790150786	-0.1625398157936826
70000.0	1.4099650029866302	0.760081705953549	-0.31259156871476707	-0.0012091640738776414	0.00016804951238387486	-0.011084837761370462	4.013099989580341e-05	0.0001313245517226289	-0.16884586071869004
80000.0	1.409967759872594	0.7600742667626287	-0.3126101081102178	0.0004741769752528626	0.00010904931838955255	2.0606474310941684e-07	1.2742025026441519e-05	0.00011583512423905717	-0.17266557407729255
90000.0	1.40995567127734	0.7600745009485262	-0.31266629121034495	-1.878571561629381e-05	-6.102966272665076e-07	-0.00034789878777697486	3.86469570377224e-06	0.00015562047976929832	-0.17472575521609657
100000.0	1.4099614404631795	0.7600746891511067	-0.3126530416063115	-0.007415728533354872	6.209439761802205e-06	-0.02944253803477963	6.892298816995336e-06	0.00013690283088622842	-0.1755335173888664
110000.0	1.4099691048555885	0.7600747594549562	-0.3126125034470054	0.008255278675437029	3.462605868614189e-05	0.05325955203615786	1.1701705512247095e-05	0.00011255957316810867	-0.17551940987793277
120000.0	1.4099565372044998	0.7600742158650791	-0.31271212920784686	-0.0025636399000507535	-4.382511993215244e-05	-0.025346246699075904	3.1522528282833777e-06	0.00015600935353843085	-0.17495928542013944
130000.0	1.409958054230643	0.7600543086251459	-0.31270823553783594	-0.003468485370835001	-0.009728442285625718	-0.059761378878257984	-6.0387784651391065e-05	0.00014768226065436037	-0.17404572068409788
140000.0	1.4099623071966385	0.7600950364798701	-0.3125847871301036	0.008166299429335529	0.007699414030335289	0.09394050434291559	7.591904533493831e-05	0.00016202952590649492	-0.17293286332115435
150000.0	1.4099505807529646	0.7600809660290565	-0.31275723920125914	-0.0051301292965252095	0.008564059298978167	-0.02785915195027084	2.2851277518698592e-05	0.00017333539070767657	-0.17171840708971997
160000.0	1.409960726125114	0.7600642443210874	-0.31278560669180755	-0.022132385947422055	0.008351833894501715	-0.07832669403216913	-2.587704116709448e-05	0.000123257433283988	-0.17047079935688372
170000.0	1.4099968388834485	0.7601193421245809	-0.3124908443596802	0.011663311093492687	-0.018173688893124443	7.058636472570403e-05	0.0001776421902877824	8.456321611703529e-05	-0.1692376022986237
180000.0	1.4098967787517815	0.7600532517219654	-0.31321946544069534	-0.014194554886294944	0.0065875894769870675	-0.12110369285468128	-9.694769528588654e-05	0.00028146426019882254	-0.16804868113646154
190000.0	1.4099950730205728	0.7601172713101727	-0.3127206812083066	-0.019681342469024973	0.006317827404708846	-0.05027232347059751	0.00017011298569796069	7.932554297494363e-05	-0.1669243665315487
200000.0	1.4099341385589539	0.7599464820282585	-0.3132353077660062	0.006454643568953056	0.0033282239661062214	0.016173576025828716	-0.0004257924472286483	7.258400628032588e-05	-0.16587360142490634
210000.0	1.4098579034213634	0.7599951601902782	-0.314340638133703	-0.030792972649843257	0.004842592407144172	-0.20726549092547555	-0.00031241368416046775	0.00041214296353841816	-0.16490146624930793
220000.0	1.409991814186306	0.7600424334933589	-0.3137205534377446	-0.04081438685994383	0.0047130780666035125	-0.15853743387154445	-8.448500085699709e-05	0.0006147936632183707	-0.1640104836401702
230000.0	1.4100569456686582	0.7600888231093701	-0.3124552895232011	0.06124486945337009	0.0045435392609655175	0.4380643842096401	0.0001042089236846816	0.0009851308067300739	-0.16319681329247487
240000.0	1.4096483546397311	0.7600847026486016	-0.31536760479288856	-0.05134907974931684	-0.0006069848850815003	-0.49947725259991516	-0.0001357616019280094	0.0012715467413179288	-0.16245751486525709
250000.0	1.4099480277074792	0.7600785700312781	-0.31586221206425397	-0.06964902238523746	-0.0007153944987298355	-0.4913131026766885	6.049260066310857e-06	0.0014740591446495246	-0.1617907124162798
260000.0	1.410120802622864	0.760071715894009	-0.3159853833387515	0.11774050718622449	-0.0006431182335673236	0.5236424726916312	7.729928368468901e-05	0.0018443837832204189	-0.1611893557862822
270000.0	1.410029670879395	0.7600645704490374	-0.31641403423673536	-0.10730619151363727	-0.0007683750834435344	-0.4792152944375872	5.264453364530631e-06	0.0021307451476149674	-0.16064906627724176
280000.0	1.4104422549826106	0.7600580676207375	-0.3133878294261524	-0.14035922191372158	-0.0007140591268682243	-0.5476599128650975	0.00020946432527779648	0.0023331579311856483	-0.16016663332245717
290000.0	1.409945206707051	0.7600553406670104	-0.31699478435022227	0.08971614735779293	3.4188457286954585e-05	0.1558219039978681	-7.00128867310013e-05	0.002703450894957049	-0.15973721028387947
300000.0	1.4084981455657517	0.7600538797920542	-0.32629214060738404	-0.3301767958232151	-0.0002786502385875458	-1.7673806829400536	-0.0008544510086481964	0.0029900015019257873	-0.15935500320269794
310000.0	1.4088458700869944	0.7600509384445333	-0.32986820035127734	-0.2234209339991434	-0.0008272355552278122	-1.9378964230771951	-0.0006972207736169127	0.0031927542992909444	-0.15902249115995637
320000.0	1.4096031300738359	0.7600422268291881	-0.33434252957757066	0.419606785962035	-0.0008669049426164345	1.2595213418851405	-0.0003346535627753102	0.00356326577673589	-0.1587337673025806
330000.0	1.4094558594255493	0.760028475946128	-0.3421717703588033	-0.34976879326007954	-0.001760081068030792	-2.362715525442107	-0.00046013246865110775	0.003849735181368349	-0.15848772558151042
340000.0	1.4110176821727558	0.7600120096435659	-0.3406356839266656	-0.4534835290965047	-0.0022942593502268765	-2.8271661126979586	0.00032226122387918137	0.004052206358044358	-0.15828737996128867
350000.0	1.411786883927091	0.7599918387655816	-0.3419090004633831	0.6887385482160341	-0.0016108785759955118	2.9792255749091736	0.0006810242862665923	0.004422491650841359	-0.15813617016779885
360000.0	1.410952604420707	0.7599675887817638	-0.3502007129544045	-0.6829759489069778	-0.003096206336909517	-3.7761066212658325	0.00016113099016986366	0.004708838386650521	-0.15805013794384434
370000.0	1.4131770251263904	0.7599443174185765	-0.34208125192289335	-0.8536759262960748	-0.0035517521644715055	-4.717725443220867	0.0013215951996496844	0.004911306695451247	-0.15802808470180543
380000.0	1.4139981240369721	0.759918352088501	-0.33997259183640977	1.1691189910999265	-0.0013775951079079247	5.8957399781415125	0.0017187764187492271	0.005281724963566625	-0.15810875316265308
390000.0	1.4119680663943392	0.7598882152421094	-0.35162412183850317	-1.2819728163268151	-0.004359386607077548	-6.628358879531929	0.0005104099174980412	0.005568500005717033	-0.15834820771510028
400000.0	1.41541868447443	0.75986475980587	-0.3338859317346649	-1.5413028799341628	-0.0048317896397238	-8.453163384101794	0.002410417763479256	0.005771777832350854	-0.1587438446999674
410000.0	1.4163759946674621	0.7598388002100469	-0.32804946379085137	2.024132764553737	0.00011358266467194457	11.017935293047493	0.0029179073434439	0.0061434436230837115	-0.15944149263575072
420000.0	1.4122426903248422	0.7598071494743083	-0.3483799301224902	-2.3766341717535573	-0.005795028575415044	-12.124895820596864	0.0004494829603098995	0.006432799572517208	-0.16062128034465828
430000.0	1.41797567730992	0.7597914974131212	-0.3154265342733998	-2.6909067533869853	-0.00642945943267841	-15.591066132369342	0.0037945525771030508	0.006640546166738863	-0.16232753434736952
440000.0	1.4087255488255366	0.75977690777553	-0.41265763189332566	2.1448617607475873	0.003230335951344523	2.2364438713860637	-0.0017591183519255597	0.007012264622799459	-0.16531186719764393
450000.0	1.3746459689139314	0.7597229683879176	-0.6282273183153005	-9.237860965302538	-0.012268864761053239	-39.59483612292228	-0.017889503060609283	0.007266321688982539	-0.1693439113563642
460000.0	1.3626124091074883	0.7596559003155394	-0.7469381704855772	-11.88214537819365	-0.019583005461882307	-45.48726721159008	-0.023858134359072823	0.0073382741099461656	-0.17609413464701637
470000.0	1.3339606899196466	0.7595318809771892	-0.9054808150970394	10.437398799434707	-0.001964202417219166	17.4028324033078	-0.036549685154035394	0.007383225733228049	-0.1856489478199646
480000.0	1.2591946509599696	0.7593249308192961	-1.1444566449646694	-24.445500496717525	-0.03750096144106835	-54.446315895692805	-0.06437320516995322	0.007168598489031125	-0.19677556441639993
490000.0	1.2620525723940872	0.7591446885212152	-1.2195973829917206	-29.41944266140555	-0.04946864474972952	-65.26142194595252	-0.07290469333548118	0.005692624262155887	-0.2226358455936577
500000.0	1.3343162660621817	0.8023163306014304	-1.191002111801766	25.45749079204185	4.727975729592434	68.75036079940031	0.00814755131855452	0.0031355255895587192	-0.293646007386935
510000.0	1.2989090652207613	0.8439020552544318	-1.2886953228981581	-12.410165904516465	4.5378556684348625	-71.71761316623086	0.09036351846337977	0.01010665206360278	-0.3989924290730461
520000.0	1.179981487725307	0.8774241395859	-1.0671765009458567	12.110631166460147	2.084637423420916	-98.0984554137931	0.3264804842274033	0.04324622983558599	-0.5449012559926011
530000.0	0.9391576182565786	0.9075598266478676	-1.0183198363191117	-83.86142436168912	0.9609120371002511	107.40785054062576	0.6054961707484299	0.08938443611713981	-0.6778634092535631
540000.0	0.8244406607331846	0.9306591478083585	-1.2800175263500762	59.59067894054038	4.097869185550909	-120.31501204709066	0.6396676963637205	0.07338590140467535	-0.6444242047760892
550000.0	0.24275704756669184	0.9390841263192184	-1.1465418119113888	137.82024843738347	4.724413812680867	-97.19923597614887	0.8332105800661341	-0.2382150350162461	-0.20326924187927867
560000.0	-0.20410311661714875	0.9455771880177221	-1.315541508851412	-265.3429731400837	-5.857395150506003	48.73778561685672	0.8982004282666778	-0.4815218264318694	0.10628678971945164
570000.0	-0.1754365449228085	0.9846182350887862	-1.6659116337709832	201.66689186930492	17.307142707107012	-81.8400805292904	0.8303089746537521	-0.4806806796134718	0.06427759643281067
580000.0	-1.3477315153877774	1.0760123223020015	-2.167480677619192	188.00748414742804	14.098968295092678	92.85959519054973	0.4796139797589707	-1.025352477010631	0.7053147395169749
590000.0	-2.028060629210869	1.0267685991901954	-2.9353338872489543	-371.55108331700785	-82.9226013939323	-333.842206225343	-0.3520138789441715	-0.9759231861220228	0.8398076401824747
600000.0	-1.8697383547284978	0.7420541705904891	-2.6718462109159073	331.32030011096805	-24.535489758873315	311.74215577642354	-1.0101443180708227	-1.0804693973946884	0.7556509340305669
610000.0	-2.9961691482491166	0.2257113475995016	-4.397855161743269	-208.09959007138073	232.7325806028394	578.1054808646093	0.1473172619660214	0.09665206841806578	1.8766434337332145
620000.0	1447.583033010663	2110.784670221435	-583.924274704589	1904615.2408675838	2285154.203626965	-639488.2393359856	0.4354010987367417	-1.3636628102433443	1.8224217938153189
630000.0	0.0	0.0	0.0	nan	nan	nan	0.0	0.0	0.0
640000.0	0.0	0.0	0.0	nan	nan	nan	0.0	0.0	0.0
650000.0	0.0	0.0	0.0	nan	nan	nan	0.0	0.0	0.0
660000.0	0.0	0.0	0.0	nan	nan	nan	0.0	0.0	0.0
670000.0	0.0	0.0	0.0	nan	nan	nan	0.0	0.0	0.0
680000.0	0.0	0.0	0.0	nan	nan	nan	0.0	0.0	0.0
690000.0	0.0	0.0	0.0	nan	nan	nan	0.0	0.0	0.0
700000.0	0.0	0.0	0.0	nan	nan	nan	0.0	0.0	0.0
710000.0	0.0	0.0	0.0	nan	nan	nan	0.0	0.0	0.0
720000.0	0.0	0.0	0.0	nan	nan	nan	0.0	0.0	0.0
730000.0	0.0	0.0	0.0	nan	nan	nan	0.0	0.0	0.0
740000.0	0.0	0.0	0.0	nan	nan	nan	0.0	0.0	0.0
750000.0	0.0	0.0	0.0	nan	nan	nan	0.0	0.0	0.0
760000.0	0.0	0.0	0.0	nan	nan	nan	0.0	0.0	0.0
770000.0	0.0	0.0	0.0	nan	nan	nan	0.0	0.0	0.0
780000.0	0.0	0.0	0.0	nan	nan	nan	0.0	0.0	0.0
790000.0	0.0	0.0	0.0	nan	nan	nan	0.0	0.0	0.0
800000.0	0.0	0.0	0.0	nan	nan	nan	0.0	0.0	0.0
810000.0	0.0	0.0	0.0	nan	nan	nan	0.0	0.0	0.0
820000.0	0.0	0.0	0.0	nan	nan	nan	0.0	0.0	0.0
830000.0	0.0	0.0	0.0	nan	nan	nan	0.0	0.0	0.0
840000.0	0.0	0.0	0.0	nan	nan	nan	0.0	0.0	0.0
850000.0	0.0	0.0	0.0	nan	nan	nan	0.0	0.0	0.0
860000.0	0.0	0.0	0.0	nan	nan	nan	0.0	0.0	0.0
870000.0	0.0	0.0	0.0	nan	nan	nan	0.0	0.0	0.0
880000.0	0.0	0.0	0.0	nan	nan	nan	0.0	0.0	0.0
890000.0	0.0	0.0	0.0	nan	nan	nan	0.0	0.0	0.0
900000.0	0.0	0.0	0.0	nan	nan	nan	0.0	0.0	0.0
910000.0	0.0	0.0	0.0	nan	nan	nan	0.0	0.0	0.0
920000.0	0.0	0.0	0.0	nan	nan	nan	0.0	0.0	0.0
930000.0	0.0	0.0	0.0	nan	nan	nan	0.0	0.0	0.0
940000.0	0.0	0.0	0.0	nan	nan	nan	0.0	0.0	0.0
950000.0	0.0	0.0	0.0	nan	nan	nan	0.0	0.0	0.0
960000.0	0.0	0.0	0.0	nan	nan	nan	0.0	0.0	0.0
970000.0	0.0	0.0	0.0	nan	nan	nan	0.0	0.0	0.0
980000.0	0.0	0.0	0.0	nan	nan	nan	0.0	0.0	0.0
990000.0	0.0	0.0	0.0	nan	nan	nan	0.0	0.0	0.0
1000000.0	0.0	0.0	0.0	nan	nan	nan	0.0	0.0	0.0
1010000.0	0.0	0.0	0.0	nan	nan	nan	0.0	0.0	0.0
1020000.0	0.0	0.0	0.0	nan	nan	nan	0.0	0.0	0.0
1030000.0	0.0	0.0	0.0	nan	nan	nan	0.0	0.0	0.0
1040000.0	0.0	0.0	0.0	nan	nan	nan	0.0	0.0	0.0
1050000.0	0.0	0.0	0.0	nan	nan	nan	0.0	0.0	0.0
1060000.0	0.0	0.0	0.0	nan	nan	nan	0.0	0.0	0.0
1070000.0	0.0	0.0	0.0	nan	nan	nan	0.0	0.0	0.0
1080000.0	0.0	0.0	0.0	nan	nan	nan	0.0	0.0	0.0
1090000.0	0.0	0.0	0.0	nan	nan	nan	0.0	0.0	0.0
1100000.0	0.0	0.0	0.0	nan	nan	nan	0.0	0.0	0.0
1110000.0	0.0	0.0	0.0	nan	nan	nan	0.0	0.0	0.0
1120000.0	0.0	0.0	0.0	nan	nan	nan	0.0	0.0	0.0
1130000.0	0.0	0.0	0.0	nan	nan	nan	0.0	0.0	0.0
1140000.0	0.0	0.0	0.0	nan	nan	nan	0.0	0.0	0.0
1150000.0	0.0	0.0	0.0	nan	nan	nan	0.0	0.0	0.0
1160000.0	0.0	0.0	0.0	nan	nan	nan	0.0	0.0	0.0
1170000.0	0.0	0.0	0.0	nan	nan	nan	0.0	0.0	0.0
1180000.0	0.0	0.0	0.0	nan	nan	nan	0.0	0.0	0.0
1190000.0	0.0	0.0	0.0	nan	nan	nan	0.0	0.0	0.0
1200000.0	0.0	0.0	0.0	nan	nan	nan	0.0	0.0	0.0
1210000.0	0.0	0.0	0.0	nan	nan	nan	0.0	0.0	0.0
1220000.0	0.0	0.0	0.0	nan	nan	nan	0.0	0.0	0.0
1230000.0	0.0	0.0	0.0	nan	nan	nan	0.0	0.0	0.0
1240000.0	0.0	0.0	0.0	nan	nan	nan	0.0	0.0	0.0
1250000.0	0.0	0.0	0.0	nan	nan	nan	0.0	0.0	0.0
1260000.0	0.0	0.0	0.0	nan	nan	nan	0.0	0.0	0.0
1270000.0	0.0	0.0	0.0	nan	nan	nan	0.0	0.0	0.0
1280000.0	0.0	0.0	0.0	nan	nan	nan	0.0	0.0	0.0
1290000.0	0.0	0.0	0.0	nan	nan	nan	0.0	0.0	0.0
1300000.0	0.0	0.0	0.0	nan	nan	nan	0.0	0.0	0.0
1310000.0	0.0	0.0	0.0	nan	nan	nan	0.0	0.0	0.0
1320000.0	0.0	0.0	0.0	nan	nan	nan	0.0	0.0	0.0
1330000.0	0.0	0.0	0.0	nan	nan	nan	0.0	0.0	0.0
1340000.0	0.0	0.0	0.0	nan	nan	nan	0.0	0.0	0.0
1350000.0	0.0	0.0	0.0	nan	nan	nan	0.0	0.0	0.0
1360000.0	0.0	0.0	0.0	nan	nan	nan	0.0	0.0	0.0
1370000.0	0.0	0.0	0.0	nan	nan	nan	0.0	0.0	0.0
1380000.0	0.0	0.0	0.0	nan	nan	nan	0.0	0.0	0.0
1390000.0	0.0	0.0	0.0	nan	nan	nan	0.0	0.0	0.0
1400000.0	0.0	0.0	0.0	nan	nan	nan	0.0	0.0	0.0
1410000.0	0.0	0.0	0.0	nan	nan	nan	0.0	0.0	0.0
1420000.0	0.0	0.0	0.0	nan	nan	nan	0.0	0.0	0.0
1430000.0	0.0	0.0	0.0	nan	nan	nan	0.0	0.0	0.0
1440000.0	0.0	0.0	0.0	nan	nan	nan	0.0	0.0	0.0
1450000.0	0.0	0.0	0.0	nan	nan	nan	0.0	0.0	0.0
1460000.0	0.0	0.0	0.0	nan	nan	nan	0.0	0.0	0.0
1470000.0	0.0	0.0	0.0	nan	nan	nan	0.0	0.0	0.0
1480000.0	0.0	0.0	0.0	nan	nan	nan	0.0	0.0	0.0
1490000.0	0.0	0.0	0.0	nan	nan	nan	0.0	0.0	0.0
1500000.0	0.0	0.0	0.0	nan	nan	nan	0.0	0.0	0.0
1510000.0	0.0	0.0	0.0	nan	nan	nan	0.0	0.0	0.0
1520000.0	0.0	0.0	0.0	nan	nan	nan	0.0	0.0	0.0
1530000.0	0.0	0.0	0.0	nan	nan	nan	0.0	0.0	0.0
1540000.0	0.0	0.0	0.0	nan	nan	nan	0.0	0.0	0.0
1550000.0	0.0	0.0	0.0	nan	nan	nan	0.0	0.0	0.0
1560000.0	0.0	0.0	0.0	nan	nan	nan	0.0	0.0	0.0
1570000.0	0.0	0.0	0.0	nan	nan	nan	0.0	0.0	0.0
1580000.0	0.0	0.0	0.0	nan	nan	nan	0.0	0.0	0.0
1590000.0	0.0	0.0	0.0	nan	nan	nan	0.0	0.0	0.0
1600000.0	0.0	0.0	0.0	nan	nan	nan	0.0	0.0	0.0
1610000.0	0.0	0.0	0.0	nan	nan	nan	0.0	0.0	0.0
1620000.0	0.0	0.0	0.0	nan	nan	nan	0.0	0.0	0.0
1630000.0	0.0	0.0	0.0	nan	nan	nan	0.0	0.0	0.0
1640000.0	0.0	0.0	0.0	nan	nan	nan	0.0	0.0	0.0
1650000.0	0.0	0.0	0.0	nan	nan	nan	0.0	0.0	0.0
1660000.0	0.0	0.0	0.0	nan	nan	nan	0.0	0.0	0.0
1670000.0	0.0	0.0	0.0	nan	nan	nan	0.0	0.0	0.0
1680000.0	0.0	0.0	0.0	nan	nan	nan	0.0	0.0	0.0
1690000.0	0.0	0.0	0.0	nan	nan	nan	0.0	0.0	0.0
1700000.0	0.0	0.0	0.0	nan	nan	nan	0.0	0.0	0.0
1710000.0	0.0	0.0	0.0	nan	nan	nan	0.0	0.0	0.0
1720000.0	0.0	0.0	0.0	nan	nan	nan	0.0	0.0	0.0
1730000.0	0.0	0.0	0.0	nan	nan	nan	0.0	0.0	0.0
1740000.0	0.0	0.0	0.0	nan	nan	nan	0.0	0.0	0.0
1750000.0	0.0	0.0	0.0	nan	nan	nan	0.0	0.0	0.0
1760000.0	0.0	0.0	0.0	nan	nan	nan	0.0	0.0	0.0
1770000.0	0.0	0.0	0.0	nan	nan	nan	0.0	0.0	0.0
1780000.0	0.0	0.0	0.0	nan	nan	nan	0.0	0.0	0.0
1790000.0	0.0	0.0	0.0	nan	nan	nan	0.0	0.0	0.0
1800000.0	0.0	0.0	0.0	nan	nan	nan	0.0	0.0	0.0
1810000.0	0.0	0.0	0.0	nan	nan	nan	0.0	0.0	0.0
1820000.0	0.0	0.0	0.0	nan	nan	nan	0.0	0.0	0.0
1830000.0	0.0	0.0	0.0	nan	nan	nan	0.0	0.0	0.0
1840000.0	0.0	0.0	0.0	nan	nan	nan	0.0	0.0	0.0
1850000.0	0.0	0.0	0.0	nan	nan	nan	0.0	0.0	0.0
1860000.0	0.0	0.0	0.0	nan	nan	nan	0.0	0.0	0.0
1870000.0	0.0	0.0	0.0	nan	nan	nan	0.0	0.0	0.0
1880000.0	0.0	0.0	0.0	nan	nan	nan	0.0	0.0	0.0
1890000.0	0.0	0.0	0.0	nan	nan	nan	0.0	0.0	0.0
1900000.0	0.0	0.0	0.0	nan	nan	nan	0.0	0.0	0.0
1910000.0	0.0	0.0	0.0	nan	nan	nan	0.0	0.0	0.0
1920000.0	0.0	0.0	0.0	nan	nan	nan	0.0	0.0	0.0
1930000.0	0.0	0.0	0.0	nan	nan	nan	0.0	0.0	0.0
1940000.0	0.0	0.0	0.0	nan	nan	nan	0.0	0.0	0.0
1950000.0	0.0	0.0	0.0	nan	nan	nan	0.0	0.0	0.0
1960000.0	0.0	0.0	0.0	nan	nan	nan	0.0	0.0	0.0
1970000.0	0.0	0.0	0.0	nan	nan	nan	0.0	0.0	0.0
1980000.0	0.0	0.0	0.0	nan	nan	nan	0.0	0.0	0.0
1990000.0	0.0	0.0	0.0	nan	nan	nan	0.0	0.0	0.0
2000000.0	0.0	0.0	0.0	nan	nan	nan	0.0	0.0	0.0
2010000.0	0.0	0.0	0.0	nan	nan	nan	0.0	0.0	0.0
2020000.0	0.0	0.0	0.0	nan	nan	nan	0.0	0.0	0.0
2030000.0	0.0	0.0	0.0	nan	nan	nan	0.0	0.0	0.0
2040000.0	0.0	0.0	0.0	nan	nan	nan	0.0	0.0	0.0
2050000.0	0.0	0.0	0.0	nan	nan	nan	0.0	0.0	0.0
2060000.0	0.0	0.0	0.0	nan	nan	nan	0.0	0.0	0.0
2070000.0	0.0	0.0	0.0	nan	nan	nan	0.0	0.0	0.0
2080000.0	0.0	0.0	0.0	nan	nan	nan	0.0	0.0	0.0
2090000.0	0.0	0.0	0.0	nan	nan	nan	0.0	0.0	0.0
2100000.0	0.0	0.0	0.0	nan	nan	nan	0.0	0.0	0.0
2110000.0	0.0	0.0	0.0	nan	nan	nan	0.0	0.0	0.0
2120000.0	0.0	0.0	0.0	nan	nan	nan	0.0	0.0	0.0
2130000.0	0.0	0.0	0.0	nan	nan	nan	0.0	0.0	0.0
2140000.0	0.0	0.0	0.0	nan	nan	nan	0.0	0.0	0.0
2150000.0	0.0	0.0	0.0	nan	nan	nan	0.0	0.0	0.0
2160000.0	0.0	0.0	0.0	nan	nan	nan	0.0	0.0	0.0
2170000.0	0.0	0.0	0.0	nan	nan	nan	0.0	0.0	0.0
2180000.0	0.0	0.0	0.0	nan	nan	nan	0.0	0.0	0.0
2190000.0	0.0	0.0	0.0	nan	nan	nan	0.0	0.0	0.0
2200000.0	0.0	0.0	0.0	nan	nan	nan	0.0	0.0	0.0
2210000.0	0.0	0.0	0.0	nan	nan	nan	0.0	0.0	0.0
2220000.0	0.0	0.0	0.0	nan	nan	nan	0.0	0.0	0.0
2230000.0	0.0	0.0	0.0	nan	nan	nan	0.0	0.0	0.0
2240000.0	0.0	0.0	0.0	nan	nan	nan	0.0	0.0	0.0
2250000.0	0.0	0.0	0.0	nan	nan	nan	0.0	0.0	0.0
2260000.0	0.0	0.0	0.0	nan	nan	nan	0.0	0.0	0.0
2270000.0	0.0	0.0	0.0	nan	nan	nan	0.0	0.0	0.0
2280000.0	0.0	0.0	0.0	nan	nan	nan	0.0	0.0	0.0
2290000.0	0.0	0.0	0.0	nan	nan	nan	0.0	0.0	0.0
2300000.0	0.0	0.0	0.0	nan	nan	nan	0.0	0.0	0.0
2310000.0	0.0	0.0	0.0	nan	nan	nan	0.0	0.0	0.0
2320000.0	0.0	0.0	0.0	nan	nan	nan	0.0	0.0	0.0
2330000.0	0.0	0.0	0.0	nan	nan	nan	0.0	0.0	0.0
2340000.0	0.0	0.0	0.0	nan	nan	nan	0.0	0.0	0.0
2350000.0	0.0	0.0	0.0	nan	nan	nan	0.0	0.0	0.0
2360000.0	0.0	0.0	0.0	nan	nan	nan	0.0	0.0	0.0
2370000.0	0.0	0.0	0.0	nan	nan	nan	0.0	0.0	0.0
2380000.0	0.0	0.0	0.0	nan	nan	nan	0.0	0.0	0.0
2390000.0	0.0	0.0	0.0	nan	nan	nan	0.0	0.0	0.0
2400000.0	0.0	0.0	0.0	nan	nan	nan	0.0	0.0	0.0
2410000.0	0.0	0.0	0.0	nan	nan	nan	0.0	0.0	0.0
2420000.0	0.0	0.0	0.0	nan	nan	nan	0.0	0.0	0.0
2430000.0	0.0	0.0	0.0	nan	nan	nan	0.0	0.0	0.0
2440000.0	0.0	0.0	0.0	nan	nan	nan	0.0	0.0	0.0
2450000.0	0.0	0.0	0.0	nan	nan	nan	0.0	0.0	0.0
2460000.0	0.0	0.0	0.0	nan	nan	nan	0.0	0.0	0.0
2470000.0	0.0	0.0	0.0	nan	nan	nan	0.0	0.0	0.0
2480000.0	0.0	0.0	0.0	nan	nan	nan	0.0	0.0	0.0
2490000.0	0.0	0.0	0.0	nan	nan	nan	0.0	0.0	0.0
2500000.0	0.0	0.0	0.0	nan	nan	nan	0.0	0.0	0.0
2510000.0	0.0	0.0	0.0	nan	nan	nan	0.0	0.0	0.0
2520000.0	0.0	0.0	0.0	nan	nan	nan	0.0	0.0	0.0
2530000.0	0.0	0.0	0.0	nan	nan	nan	0.0	0.0	0.0
2540000.0	0.0	0.0	0.0	nan	nan	nan	0.0	0.0	0.0
2550000.0	0.0	0.0	0.0	nan	nan	nan	0.0	0.0	0.0
2560000.0	0.0	0.0	0.0	nan	nan	nan	0.0	0.0	0.0
2570000.0	0.0	0.0	0.0	nan	nan	nan	0.0	0.0	0.0
2580000.0	0.0	0.0	0.0	nan	nan	nan	0.0	0.0	0.0
2590000.0	0.0	0.0	0.0	nan	nan	nan	0.0	0.0	0.0
2600000.0	0.0	0.0	0.0	nan	nan	nan	0.0	0.0	0.0
2610000.0	0.0	0.0	0.0	nan	nan	nan	0.0	0.0	0.0
2620000.0	0.0	0.0	0.0	nan	nan	nan	0.0	0.0	0.0
2630000.0	0.0	0.0	0.0	nan	nan	nan	0.0	0.0	0.0
2640000.0	0.0	0.0	0.0	nan	nan	nan	0.0	0.0	0.0
2650000.0	0.0	0.0	0.0	nan	nan	nan	0.0	0.0	0.0
2660000.0	0.0	0.0	0.0	nan	nan	nan	0.0	0.0	0.0
2670000.0	0.0	0.0	0.0	nan	nan	nan	0.0	0.0	0.0
2680000.0	0.0	0.0	0.0	nan	nan	nan	0.0	0.0	0.0
2690000.0	0.0	0.0	0.0	nan	nan	nan	0.0	0.0	0.0
2700000.0	0.0	0.0	0.0	nan	nan	nan	0.0	0.0	0.0
2710000.0	0.0	0.0	0.0	nan	nan	nan	0.0	0.0	0.0
2720000.0	0.0	0.0	0.0	nan	nan	nan	0.0	0.0	0.0
2730000.0	0.0	0.0	0.0	nan	nan	nan	0.0	0.0	0.0
2740000.0	0.0	0.0	0.0	nan	nan	nan	0.0	0.0	0.0
2750000.0	0.0	0.0	0.0	nan	nan	nan	0.0	0.0	0.0
2760000.0	0.0	0.0	0.0	nan	nan	nan	0.0	0.0	0.0
2770000.0	0.0	0.0	0.0	nan	nan	nan	0.0	0.0	0.0
2780000.0	0.0	0.0	0.0	nan	nan	nan	0.0	0.0	0.0
2790000.0	0.0	0.0	0.0	nan	nan	nan	0.0	0.0	0.0
2800000.0	0.0	0.0	0.0	nan	nan	nan	0.0	0.0	0.0
2810000.0	0.0	0.0	0.0	nan	nan	nan	0.0	0.0	0.0
2820000.0	0.0	0.0	0.0	nan	nan	nan	0.0	0.0	0.0
2830000.0	0.0	0.0	0.0	nan	nan	nan	0.0	0.0	0.0
2840000.0	0.0	0.0	0.0	nan	nan	nan	0.0	0.0	0.0
2850000.0	0.0	0.0	0.0	nan	nan	nan	0.0	0.0	0.0
2860000.0	0.0	0.0	0.0	nan	nan	nan	0.0	0.0	0.0
2870000.0	0.0	0.0	0.0	nan	nan	nan	0.0	0.0	0.0
2880000.0	0.0	0.0	0.0	nan	nan	nan	0.0	0.0	0.0
2890000.0	0.0	0.0	0.0	nan	nan	nan	0.0	0.0	0.0
2900000.0	0.0	0.0	0.0	nan	nan	nan	0.0	0.0	0.0
2910000.0	0.0	0.0	0.0	nan	nan	nan	0.0	0.0	0.0
2920000.0	0.0	0.0	0.0	nan	nan	nan	0.0	0.0	0.0
2930000.0	0.0	0.0	0.0	nan	nan	nan	0.0	0.0	0.0
2940000.0	0.0	0.0	0.0	nan	nan	nan	0.0	0.0	0.0
2950000.0	0.0	0.0	0.0	nan	nan	nan	0.0	0.0	0.0
2960000.0	0.0	0.0	0.0	nan	nan	nan	0.0	0.0	0.0
2970000.0	0.0	0.0	0.0	nan	nan	nan	0.0	0.0	0.0
2980000.0	0.0	0.0	0.0	nan	nan	nan	0.0	0.0	0.0
2990000.0	0.0	0.0	0.0	nan	nan	nan	0.0	0.0	0.0
3000000.0	0.0	0.0	0.0	nan	nan	nan	0.0	0.0	0.0
3010000.0	0.0	0.0	0.0	nan	nan	nan	0.0	0.0	0.0
3020000.0	0.0	0.0	0.0	nan	nan	nan	0.0	0.0	0.0
3030000.0	0.0	0.0	0.0	nan	nan	nan	0.0	0.0	0.0
3040000.0	0.0	0.0	0.0	nan	nan	nan	0.0	0.0	0.0
3050000.0	0.0	0.0	0.0	nan	nan	nan	0.0	0.0	0.0
3060000.0	0.0	0.0	0.0	nan	nan	nan	0.0	0.0	0.0
3070000.0	0.0	0.0	0.0	nan	nan	nan	0.0	0.0	0.0
3080000.0	0.0	0.0	0.0	nan	nan	nan	0.0	0.0	0.0
3090000.0	0.0	0.0	0.0	nan	nan	nan	0.0	0.0	0.0
3100000.0	0.0	0.0	0.0	nan	nan	nan	0.0	0.0	0.0
3110000.0	0.0	0.0	0.0	nan	nan	nan	0.0	0.0	0.0
3120000.0	0.0	0.0	0.0	nan	nan	nan	0.0	0.0	0.0
3130000.0	0.0	0.0	0.0	nan	nan	nan	0.0	0.0	0.0
3140000.0	0.0	0.0	0.0	nan	nan	nan	0.0	0.0	0.0
3150000.0	0.0	0.0	0.0	nan	nan	nan	0.0	0.0	0.0
3160000.0	0.0	0.0	0.0	nan	nan	nan	0.0	0.0	0.0
3170000.0	0.0	0.0	0.0	nan	nan	nan	0.0	0.0	0.0
3180000.0	0.0	0.0	0.0	nan	nan	nan	0.0	0.0	0.0
3190000.0	0.0	0.0	0.0	nan	nan	nan	0.0	0.0	0.0
3200000.0	0.0	0.0	0.0	nan	nan	nan	0.0	0.0	0.0
3210000.0	0.0	0.0	0.0	nan	nan	nan	0.0	0.0	0.0
3220000.0	0.0	0.0	0.0	nan	nan	nan	0.0	0.0	0.0
3230000.0	0.0	0.0	0.0	nan	nan	nan	0.0	0.0	0.0
3240000.0	0.0	0.0	0.0	nan	nan	nan	0.0	0.0	0.0
3250000.0	0.0	0.0	0.0	nan	nan	nan	0.0	0.0	0.0
3260000.0	0.0	0.0	0.0	nan	nan	nan	0.0	0.0	0.0
3270000.0	0.0	0.0	0.0	nan	nan	nan	0.0	0.0	0.0
3280000.0	0.0	0.0	0.0	nan	nan	nan	0.0	0.0	0.0
3290000.0	0.0	0.0	0.0	nan	nan	nan	0.0	0.0	0.0
3300000.0	0.0	0.0	0.0	nan	nan	nan	0.0	0.0	0.0
3310000.0	0.0	0.0	0.0	nan	nan	nan	0.0	0.0	0.0
3320000.0	0.0	0.0	0.0	nan	nan	nan	0.0	0.0	0.0
3330000.0	0.0	0.0	0.0	nan	nan	nan	0.0	0.0	0.0
3340000.0	0.0	0.0	0.0	nan	nan	nan	0.0	0.0	0.0
3350000.0	0.0	0.0	0.0	nan	nan	nan	0.0	0.0	0.0
3360000.0	0.0	0.0	0.0	nan	nan	nan	0.0	0.0	0.0
3370000.0	0.0	0.0	0.0	nan	nan	nan	0.0	0.0	0.0
3380000.0	0.0	0.0	0.0	nan	nan	nan	0.0	0.0	0.0
3390000.0	0.0	0.0	0.0	nan	nan	nan	0.0	0.0	0.0
3400000.0	0.0	0.0	0.0	nan	nan	nan	0.0	0.0	0.0
3410000.0	0.0	0.0	0.0	nan	nan	nan	0.0	0.0	0.0
3420000.0	0.0	0.0	0.0	nan	nan	nan	0.0	0.0	0.0
3430000.0	0.0	0.0	0.0	nan	nan	nan	0.0	0.0	0.0
3440000.0	0.0	0.0	0.0	nan	nan	nan	0.0	0.0	0.0
3450000.0	0.0	0.0	0.0	nan	nan	nan	0.0	0.0	0.0
3460000.0	0.0	0.0	0.0	nan	nan	nan	0.0	0.0	0.0
3470000.0	0.0	0.0	0.0	nan	nan	nan	0.0	0.0	0.0
3480000.0	0.0	0.0	0.0	nan	nan	nan	0.0	0.0	0.0
3490000.0	0.0	0.0	0.0	nan	nan	nan	0.0	0.0	0.0
3500000.0	0.0	0.0	0.0	nan	nan	nan	0.0	0.0	0.0
3510000.0	0.0	0.0	0.0	nan	nan	nan	0.0	0.0	0.0
3520000.0	0.0	0.0	0.0	nan	nan	nan	0.0	0.0	0.0
3530000.0	0.0	0.0	0.0	nan	nan	nan	0.0	0.0	0.0
3540000.0	0.0	0.0	0.0	nan	nan	nan	0.0	0.0	0.0
3550000.0	0.0	0.0	0.0	nan	nan	nan	0.0	0.0	0.0
3560000.0	0.0	0.0	0.0	nan	nan	nan	0.0	0.0	0.0
3570000.0	0.0	0.0	0.0	nan	nan	nan	0.0	0.0	0.0
3580000.0	0.0	0.0	0.0	nan	nan	nan	0.0	0.0	0.0
3590000.0	0.0	0.0	0.0	nan	nan	nan	0.0	0.0	0.0
3600000.0	0.0	0.0	0.0	nan	nan	nan	0.0	0.0	0.0
3610000.0	0.0	0.0	0.0	nan	nan	nan	0.0	0.0	0.0
3620000.0	0.0	0.0	0.0	nan	nan	nan	0.0	0.0	0.0
3630000.0	0.0	0.0	0.0	nan	nan	nan	0.0	0.0	0.0
3640000.0	0.0	0.0	0.0	nan	nan	nan	0.0	0.0	0.0
3650000.0	0.0	0.0	0.0	nan	nan	nan	0.0	0.0	0.0
3660000.0	0.0	0.0	0.0	nan	nan	nan	0.0	0.0	0.0
3670000.0	0.0	0.0	0.0	nan	nan	nan	0.0	0.0	0.0
3680000.0	0.0	0.0	0.0	nan	nan	nan	0.0	0.0	0.0
3690000.0	0.0	0.0	0.0	nan	nan	nan	0.0	0.0	0.0
3700000.0	0.0	0.0	0.0	nan	nan	nan	0.0	0.0	0.0
3710000.0	0.0	0.0	0.0	nan	nan	nan	0.0	0.0	0.0
3720000.0	0.0	0.0	0.0	nan	nan	nan	0.0	0.0	0.0
3730000.0	0.0	0.0	0.0	nan	nan	nan	0.0	0.0	0.0
3740000.0	0.0	0.0	0.0	nan	nan	nan	0.0	0.0	0.0
3750000.0	0.0	0.0	0.0	nan	nan	nan	0.0	0.0	0.0
3760000.0	0.0	0.0	0.0	nan	nan	nan	0.0	0.0	0.0
3770000.0	0.0	0.0	0.0	nan	nan	nan	0.0	0.0	0.0
3780000.0	0.0	0.0	0.0	nan	nan	nan	0.0	0.0	0.0
3790000.0	0.0	0.0	0.0	nan	nan	nan	0.0	0.0	0.0
3800000.0	0.0	0.0	0.0	nan	nan	nan	0.0	0.0	0.0
3810000.0	0.0	0.0	0.0	nan	nan	nan	0.0	0.0	0.0
3820000.0	0.0	0.0	0.0	nan	nan	nan	0.0	0.0	0.0
3830000.0	0.0	0.0	0.0	nan	nan	nan	0.0	0.0	0.0
3840000.0	0.0	0.0	0.0	nan	nan	nan	0.0	0.0	0.0
3850000.0	0.0	0.0	0.0	nan	nan	nan	0.0	0.0	0.0
3860000.0	0.0	0.0	0.0	nan	nan	nan	0.0	0.0	0.0
3870000.0	0.0	0.0	0.0	nan	nan	nan	0.0	0.0	0.0
3880000.0	0.0	0.0	0.0	nan	nan	nan	0.0	0.0	0.0
3890000.0	0.0	0.0	0.0	nan	nan	nan	0.0	0.0	0.0
3900000.0	0.0	0.0	0.0	nan	nan	nan	0.0	0.0	0.0
3910000.0	0.0	0.0	0.0	nan	nan	nan	0.0	0.0	0.0
3920000.0	0.0	0.0	0.0	nan	nan	nan	0.0	0.0	0.0
3930000.0	0.0	0.0	0.0	nan	nan	nan	0.0	0.0	0.0
3940000.0	0.0	0.0	0.0	nan	nan	nan	0.0	0.0	0.0
3950000.0	0.0	0.0	0.0	nan	nan	nan	0.0	0.0	0.0
3960000.0	0.0	0.0	0.0	nan	nan	nan	0.0	0.0	0.0
3970000.0	0.0	0.0	0.0	nan	nan	nan	0.0	0.0	0.0
3980000.0	0.0	0.0	0.0	nan	nan	nan	0.0	0.0	0.0
3990000.0	0.0	0.0	0.0	nan	nan	nan	0.0	0.0	0.0
4000000.0	0.0	0.0	0.0	nan	nan	nan	0.0	0.0	0.0
4010000.0	0.0	0.0	0.0	nan	nan	nan	0.0	0.0	0.0
4020000.0	0.0	0.0	0.0	nan	nan	nan	0.0	0.0	0.0
4030000.0	0.0	0.0	0.0	nan	nan	nan	0.0	0.0	0.0
4040000.0	0.0	0.0	0.0	nan	nan	nan	0.0	0.0	0.0
4050000.0	0.0	0.0	0.0	nan	nan	nan	0.0	0.0	0.0
4060000.0	0.0	0.0	0.0	nan	nan	nan	0.0	0.0	0.0
4070000.0	0.0	0.0	0.0	nan	nan	nan	0.0	0.0	0.0
4080000.0	0.0	0.0	0.0	nan	nan	nan	0.0	0.0	0.0
4090000.0	0.0	0.0	0.0	nan	nan	nan	0.0	0.0	0.0
4100000.0	0.0	0.0	0.0	nan	nan	nan	0.0	0.0	0.0
4110000.0	0.0	0.0	0.0	nan	nan	nan	0.0	0.0	0.0
4120000.0	0.0	0.0	0.0	nan	nan	nan	0.0	0.0	0.0
4130000.0	0.0	0.0	0.0	nan	nan	nan	0.0	0.0	0.0
4140000.0	0.0	0.0	0.0	nan	nan	nan	0.0	0.0	0.0
4150000.0	0.0	0.0	0.0	nan	nan	nan	0.0	0.0	0.0
4160000.0	0.0	0.0	0.0	nan	nan	nan	0.0	0.0	0.0
4170000.0	0.0	0.0	0.0	nan	nan	nan	0.0	0.0	0.0
4180000.0	0.0	0.0	0.0	nan	nan	nan	0.0	0.0	0.0
4190000.0	0.0	0.0	0.0	nan	nan	nan	0.0	0.0	0.0
4200000.0	0.0	0.0	0.0	nan	nan	nan	0.0	0.0	0.0
4210000.0	0.0	0.0	0.0	nan	nan	nan	0.0	0.0	0.0
4220000.0	0.0	0.0	0.0	nan	nan	nan	0.0	0.0	0.0
4230000.0	0.0	0.0	0.0	nan	nan	nan	0.0	0.0	0.0
4240000.0	0.0	0.0	0.0	nan	nan	nan	0.0	0.0	0.0
4250000.0	0.0	0.0	0.0	nan	nan	nan	0.0	0.0	0.0
4260000.0	0.0	0.0	0.0	nan	nan	nan	0.0	0.0	0.0
4270000.0	0.0	0.0	0.0	nan	nan	nan	0.0	0.0	0.0
4280000.0	0.0	0.0	0.0	nan	nan	nan	0.0	0.0	0.0
4290000.0	0.0	0.0	0.0	nan	nan	nan	0.0	0.0	0.0
4300000.0	0.0	0.0	0.0	nan	nan	nan	0.0	0.0	0.0
4310000.0	0.0	0.0	0.0	nan	nan	nan	0.0	0.0	0.0
4320000.0	0.0	0.0	0.0	nan	nan	nan	0.0	0.0	0.0
4330000.0	0.0	0.0	0.0	nan	nan	nan	0.0	0.0	0.0
4340000.0	0.0	0.0	0.0	nan	nan	nan	0.0	0.0	0.0
4350000.0	0.0	0.0	0.0	nan	nan	nan	0.0	0.0	0.0
4360000.0	0.0	0.0	0.0	nan	nan	nan	0.0	0.0	0.0
4370000.0	0.0	0.0	0.0	nan	nan	nan	0.0	0.0	0.0
4380000.0	0.0	0.0	0.0	nan	nan	nan	0.0	0.0	0.0
4390000.0	0.0	0.0	0.0	nan	nan	nan	0.0	0.0	0.0
4400000.0	0.0	0.0	0.0	nan	nan	nan	0.0	0.0	0.0
4410000.0	0.0	0.0	0.0	nan	nan	nan	0.0	0.0	0.0
4420000.0	0.0	0.0	0.0	nan	nan	nan	0.0	0.0	0.0
4430000.0	0.0	0.0	0.0	nan	nan	nan	0.0	0.0	0.0
4440000.0	0.0	0.0	0.0	nan	nan	nan	0.0	0.0	0.0
4450000.0	0.0	0.0	0.0	nan	nan	nan	0.0	0.0	0.0
4460000.0	0.0	0.0	0.0	nan	nan	nan	0.0	0.0	0.0
4470000.0	0.0	0.0	0.0	nan	nan	nan	0.0	0.0	0.0
4480000.0	0.0	0.0	0.0	nan	nan	nan	0.0	0.0	0.0
4490000.0	0.0	0.0	0.0	nan	nan	nan	0.0	0.0	0.0
4500000.0	0.0	0.0	0.0	nan	nan	nan	0.0	0.0	0.0
4510000.0	0.0	0.0	0.0	nan	nan	nan	0.0	0.0	0.0
4520000.0	0.0	0.0	0.0	nan	nan	nan	0.0	0.0	0.0
4530000.0	0.0	0.0	0.0	nan	nan	nan	0.0	0.0	0.0
4540000.0	0.0	0.0	0.0	nan	nan	nan	0.0	0.0	0.0
4550000.0	0.0	0.0	0.0	nan	nan	nan	0.0	0.0	0.0
4560000.0	0.0	0.0	0.0	nan	nan	nan	0.0	0.0	0.0
4570000.0	0.0	0.0	0.0	nan	nan	nan	0.0	0.0	0.0
4580000.0	0.0	0.0	0.0	nan	nan	nan	0.0	0.0	0.0
4590000.0	0.0	0.0	0.0	nan	nan	nan	0.0	0.0	0.0
4600000.0	0.0	0.0	0.0	nan	nan	nan	0.0	0.0	0.0
4610000.0	0.0	0.0	0.0	nan	nan	nan	0.0	0.0	0.0
4620000.0	0.0	0.0	0.0	nan	nan	nan	0.0	0.0	0.0
4630000.0	0.0	0.0	0.0	nan	nan	nan	0.0	0.0	0.0
4640000.0	0.0	0.0	0.0	nan	nan	nan	0.0	0.0	0.0
4650000.0	0.0	0.0	0.0	nan	nan	nan	0.0	0.0	0.0
4660000.0	0.0	0.0	0.0	nan	nan	nan	0.0	0.0	0.0
4670000.0	0.0	0.0	0.0	nan	nan	nan	0.0	0.0	0.0
4680000.0	0.0	0.0	0.0	nan	nan	nan	0.0	0.0	0.0
4690000.0	0.0	0.0	0.0	nan	nan	nan	0.0	0.0	0.0
4700000.0	0.0	0.0	0.0	nan	nan	nan	0.0	0.0	0.0
4710000.0	0.0	0.0	0.0	nan	nan	nan	0.0	0.0	0.0
4720000.0	0.0	0.0	0.0	nan	nan	nan	0.0	0.0	0.0
4730000.0	0.0	0.0	0.0	nan	nan	nan	0.0	0.0	0.0
4740000.0	0.0	0.0	0.0	nan	nan	nan	0.0	0.0	0.0
4750000.0	0.0	0.0	0.0	nan	nan	nan	0.0	0.0	0.0
4760000.0	0.0	0.0	0.0	nan	nan	nan	0.0	0.0	0.0
4770000.0	0.0	0.0	0.0	nan	nan	nan	0.0	0.0	0.0
4780000.0	0.0	0.0	0.0	nan	nan	nan	0.0	0.0	0.0
4790000.0	0.0	0.0	0.0	nan	nan	nan	0.0	0.0	0.0
4800000.0	0.0	0.0	0.0	nan	nan	nan	0.0	0.0	0.0
4810000.0	0.0	0.0	0.0	nan	nan	nan	0.0	0.0	0.0
4820000.0	0.0	0.0	0.0	nan	nan	nan	0.0	0.0	0.0
4830000.0	0.0	0.0	0.0	nan	nan	nan	0.0	0.0	0.0
4840000.0	0.0	0.0	0.0	nan	nan	nan	0.0	0.0	0.0
4850000.0	0.0	0.0	0.0	nan	nan	nan	0.0	0.0	0.0
4860000.0	0.0	0.0	0.0	nan	nan	nan	0.0	0.0	0.0
4870000.0	0.0	0.0	0.0	nan	nan	nan	0.0	0.0	0.0
4880000.0	0.0	0.0	0.0	nan	nan	nan	0.0	0.0	0.0
4890000.0	0.0	0.0	0.0	nan	nan	nan	0.0	0.0	0.0
4900000.0	0.0	0.0	0.0	nan	nan	nan	0.0	0.0	0.0
4910000.0	0.0	0.0	0.0	nan	nan	nan	0.0	0.0	0.0
4920000.0	0.0	0.0	0.0	nan	nan	nan	0.0	0.0	0.0
4930000.0	0.0	0.0	0.0	nan	nan	nan	0.0	0.0	0.0
4940000.0	0.0	0.0	0.0	nan	nan	nan	0.0	0.0	0.0
4950000.0	0.0	0.0	0.0	nan	nan	nan	0.0	0.0	0.0
4960000.0	0.0	0.0	0.0	nan	nan	nan	0.0	0.0	0.0
4970000.0	0.0	0.0	0.0	nan	nan	nan	0.0	0.0	0.0
4980000.0	0.0	0.0	0.0	nan	nan	nan	0.0	0.0	0.0
4990000.0	0.0	0.0	0.0	nan	nan	nan	0.0	0.0	0.0
5000000.0	0.0	0.0	0.0	nan	nan	nan	0.0	0.0	0.0
5010000.0	0.0	0.0	0.0	nan	nan	nan	0.0	0.0	0.0
5020000.0	0.0	0.0	0.0	nan	nan	nan	0.0	0.0	0.0
5030000.0	0.0	0.0	0.0	nan	nan	nan	0.0	0.0	0.0
5040000.0	0.0	0.0	0.0	nan	nan	nan	0.0	0.0	0.0
5050000.0	0.0	0.0	0.0	nan	nan	nan	0.0	0.0	0.0
5060000.0	0.0	0.0	0.0	nan	nan	nan	0.0	0.0	0.0
5070000.0	0.0	0.0	0.0	nan	nan	nan	0.0	0.0	0.0
5080000.0	0.0	0.0	0.0	nan	nan	nan	0.0	0.0	0.0
5090000.0	0.0	0.0	0.0	nan	nan	nan	0.0	0.0	0.0
5100000.0	0.0	0.0	0.0	nan	nan	nan	0.0	0.0	0.0
5110000.0	0.0	0.0	0.0	nan	nan	nan	0.0	0.0	0.0
5120000.0	0.0	0.0	0.0	nan	nan	nan	0.0	0.0	0.0
5130000.0	0.0	0.0	0.0	nan	nan	nan	0.0	0.0	0.0
5140000.0	0.0	0.0	0.0	nan	nan	nan	0.0	0.0	0.0
5150000.0	0.0	0.0	0.0	nan	nan	nan	0.0	0.0	0.0
5160000.0	0.0	0.0	0.0	nan	nan	nan	0.0	0.0	0.0
5170000.0	0.0	0.0	0.0	nan	nan	nan	0.0	0.0	0.0
5180000.0	0.0	0.0	0.0	nan	nan	nan	0.0	0.0	0.0
5190000.0	0.0	0.0	0.0	nan	nan	nan	0.0	0.0	0.0
5200000.0	0.0	0.0	0.0	nan	nan	nan	0.0	0.0	0.0
5210000.0	0.0	0.0	0.0	nan	nan	nan	0.0	0.0	0.0
5220000.0	0.0	0.0	0.0	nan	nan	nan	0.0	0.0	0.0
5230000.0	0.0	0.0	0.0	nan	nan	nan	0.0	0.0	0.0
5240000.0	0.0	0.0	0.0	nan	nan	nan	0.0	0.0	0.0
5250000.0	0.0	0.0	0.0	nan	nan	nan	0.0	0.0	0.0
5260000.0	0.0	0.0	0.0	nan	nan	nan	0.0	0.0	0.0
5270000.0	0.0	0.0	0.0	nan	nan	nan	0.0	0.0	0.0
5280000.0	0.0	0.0	0.0	nan	nan	nan	0.0	0.0	0.0
5290000.0	0.0	0.0	0.0	nan	nan	nan	0.0	0.0	0.0
5300000.0	0.0	0.0	0.0	nan	nan	nan	0.0	0.0	0.0
5310000.0	0.0	0.0	0.0	nan	nan	nan	0.0	0.0	0.0
5320000.0	0.0	0.0	0.0	nan	nan	nan	0.0	0.0	0.0
5330000.0	0.0	0.0	0.0	nan	nan	nan	0.0	0.0	0.0
5340000.0	0.0	0.0	0.0	nan	nan	nan	0.0	0.0	0.0
5350000.0	0.0	0.0	0.0	nan	nan	nan	0.0	0.0	0.0
5360000.0	0.0	0.0	0.0	nan	nan	nan	0.0	0.0	0.0
5370000.0	0.0	0.0	0.0	nan	nan	nan	0.0	0.0	0.0
5380000.0	0.0	0.0	0.0	nan	nan	nan	0.0	0.0	0.0
5390000.0	0.0	0.0	0.0	nan	nan	nan	0.0	0.0	0.0
5400000.0	0.0	0.0	0.0	nan	nan	nan	0.0	0.0	0.0
5410000.0	0.0	0.0	0.0	nan	nan	nan	0.0	0.0	0.0
5420000.0	0.0	0.0	0.0	nan	nan	nan	0.0	0.0	0.0
5430000.0	0.0	0.0	0.0	nan	nan	nan	0.0	0.0	0.0
5440000.0	0.0	0.0	0.0	nan	nan	nan	0.0	0.0	0.0
5450000.0	0.0	0.0	0.0	nan	nan	nan	0.0	0.0	0.0
5460000.0	0.0	0.0	0.0	nan	nan	nan	0.0	0.0	0.0
5470000.0	0.0	0.0	0.0	nan	nan	nan	0.0	0.0	0.0
5480000.0	0.0	0.0	0.0	nan	nan	nan	0.0	0.0	0.0
5490000.0	0.0	0.0	0.0	nan	nan	nan	0.0	0.0	0.0
5500000.0	0.0	0.0	0.0	nan	nan	nan	0.0	0.0	0.0
5510000.0	0.0	0.0	0.0	nan	nan	nan	0.0	0.0	0.0
5520000.0	0.0	0.0	0.0	nan	nan	nan	0.0	0.0	0.0
5530000.0	0.0	0.0	0.0	nan	nan	nan	0.0	0.0	0.0
5540000.0	0.0	0.0	0.0	nan	nan	nan	0.0	0.0	0.0
5550000.0	0.0	0.0	0.0	nan	nan	nan	0.0	0.0	0.0
5560000.0	0.0	0.0	0.0	nan	nan	nan	0.0	0.0	0.0
5570000.0	0.0	0.0	0.0	nan	nan	nan	0.0	0.0	0.0
5580000.0	0.0	0.0	0.0	nan	nan	nan	0.0	0.0	0.0
5590000.0	0.0	0.0	0.0	nan	nan	nan	0.0	0.0	0.0
5600000.0	0.0	0.0	0.0	nan	nan	nan	0.0	0.0	0.0
5610000.0	0.0	0.0	0.0	nan	nan	nan	0.0	0.0	0.0
5620000.0	0.0	0.0	0.0	nan	nan	nan	0.0	0.0	0.0
5630000.0	0.0	0.0	0.0	nan	nan	nan	0.0	0.0	0.0
5640000.0	0.0	0.0	0.0	nan	nan	nan	0.0	0.0	0.0
5650000.0	0.0	0.0	0.0	nan	nan	nan	0.0	0.0	0.0
5660000.0	0.0	0.0	0.0	nan	nan	nan	0.0	0.0	0.0
5670000.0	0.0	0.0	0.0	nan	nan	nan	0.0	0.0	0.0
5680000.0	0.0	0.0	0.0	nan	nan	nan	0.0	0.0	0.0
5690000.0	0.0	0.0	0.0	nan	nan	nan	0.0	0.0	0.0
5700000.0	0.0	0.0	0.0	nan	nan	nan	0.0	0.0	0.0
5710000.0	0.0	0.0	0.0	nan	nan	nan	0.0	0.0	0.0
5720000.0	0.0	0.0	0.0	nan	nan	nan	0.0	0.0	0.0
5730000.0	0.0	0.0	0.0	nan	nan	nan	0.0	0.0	0.0
5740000.0	0.0	0.0	0.0	nan	nan	nan	0.0	0.0	0.0
5750000.0	0.0	0.0	0.0	nan	nan	nan	0.0	0.0	0.0
5760000.0	0.0	0.0	0.0	nan	nan	nan	0.0	0.0	0.0
5770000.0	0.0	0.0	0.0	nan	nan	nan	0.0	0.0	0.0
5780000.0	0.0	0.0	0.0	nan	nan	nan	0.0	0.0	0.0
5790000.0	0.0	0.0	0.0	nan	nan	nan	0.0	0.0	0.0
5800000.0	0.0	0.0	0.0	nan	nan	nan	0.0	0.0	0.0
5810000.0	0.0	0.0	0.0	nan	nan	nan	0.0	0.0	0.0
5820000.0	0.0	0.0	0.0	nan	nan	nan	0.0	0.0	0.0
5830000.0	0.0	0.0	0.0	nan	nan	nan	0.0	0.0	0.0
5840000.0	0.0	0.0	0.0	nan	nan	nan	0.0	0.0	0.0
5850000.0	0.0	0.0	0.0	nan	nan	nan	0.0	0.0	0.0
5860000.0	0.0	0.0	0.0	nan	nan	nan	0.0	0.0	0.0
5870000.0	0.0	0.0	0.0	nan	nan	nan	0.0	0.0	0.0
5880000.0	0.0	0.0	0.0	nan	nan	nan	0.0	0.0	0.0
5890000.0	0.0	0.0	0.0	nan	nan	nan	0.0	0.0	0.0
5900000.0	0.0	0.0	0.0	nan	nan	nan	0.0	0.0	0.0
5910000.0	0.0	0.0	0.0	nan	nan	nan	0.0	0.0	0.0
5920000.0	0.0	0.0	0.0	nan	nan	nan	0.0	0.0	0.0
5930000.0	0.0	0.0	0.0	nan	nan	nan	0.0	0.0	0.0
5940000.0	0.0	0.0	0.0	nan	nan	nan	0.0	0.0	0.0
5950000.0	0.0	0.0	0.0	nan	nan	nan	0.0	0.0	0.0
5960000.0	0.0	0.0	0.0	nan	nan	nan	0.0	0.0	0.0
5970000.0	0.0	0.0	0.0	nan	nan	nan	0.0	0.0	0.0
5980000.0	0.0	0.0	0.0	nan	nan	nan	0.0	0.0	0.0
5990000.0	0.0	0.0	0.0	nan	nan	nan	0.0	0.0	0.0
6000000.0	0.0	0.0	0.0	nan	nan	nan	0.0	0.0	0.0
6010000.0	0.0	0.0	0.0	nan	nan	nan	0.0	0.0	0.0
6020000.0	0.0	0.0	0.0	nan	nan	nan	0.0	0.0	0.0
6030000.0	0.0	0.0	0.0	nan	nan	nan	0.0	0.0	0.0
6040000.0	0.0	0.0	0.0	nan	nan	nan	0.0	0.0	0.0
6050000.0	0.0	0.0	0.0	nan	nan	nan	0.0	0.0	0.0
6060000.0	0.0	0.0	0.0	nan	nan	nan	0.0	0.0	0.0
6070000.0	0.0	0.0	0.0	nan	nan	nan	0.0	0.0	0.0
6080000.0	0.0	0.0	0.0	nan	nan	nan	0.0	0.0	0.0
6090000.0	0.0	0.0	0.0	nan	nan	nan	0.0	0.0	0.0
6100000.0	0.0	0.0	0.0	nan	nan	nan	0.0	0.0	0.0
6110000.0	0.0	0.0	0.0	nan	nan	nan	0.0	0.0	0.0
6120000.0	0.0	0.0	0.0	nan	nan	nan	0.0	0.0	0.0
6130000.0	0.0	0.0	0.0	nan	nan	nan	0.0	0.0	0.0
6140000.0	0.0	0.0	0.0	nan	nan	nan	0.0	0.0	0.0
6150000.0	0.0	0.0	0.0	nan	nan	nan	0.0	0.0	0.0
6160000.0	0.0	0.0	0.0	nan	nan	nan	0.0	0.0	0.0
6170000.0	0.0	0.0	0.0	nan	nan	nan	0.0	0.0	0.0
6180000.0	0.0	0.0	0.0	nan	nan	nan	0.0	0.0	0.0
6190000.0	0.0	0.0	0.0	nan	nan	nan	0.0	0.0	0.0
6200000.0	0.0	0.0	0.0	nan	nan	nan	0.0	0.0	0.0
6210000.0	0.0	0.0	0.0	nan	nan	nan	0.0	0.0	0.0
6220000.0	0.0	0.0	0.0	nan	nan	nan	0.0	0.0	0.0
6230000.0	0.0	0.0	0.0	nan	nan	nan	0.0	0.0	0.0
6240000.0	0.0	0.0	0.0	nan	nan	nan	0.0	0.0	0.0
6250000.0	0.0	0.0	0.0	nan	nan	nan	0.0	0.0	0.0
6260000.0	0.0	0.0	0.0	nan	nan	nan	0.0	0.0	0.0
6270000.0	0.0	0.0	0.0	nan	nan	nan	0.0	0.0	0.0
6280000.0	0.0	0.0	0.0	nan	nan	nan	0.0	0.0	0.0
6290000.0	0.0	0.0	0.0	nan	nan	nan	0.0	0.0	0.0
6300000.0	0.0	0.0	0.0	nan	nan	nan	0.0	0.0	0.0
6310000.0	0.0	0.0	0.0	nan	nan	nan	0.0	0.0	0.0
6320000.0	0.0	0.0	0.0	nan	nan	nan	0.0	0.0	0.0
6330000.0	0.0	0.0	0.0	nan	nan	nan	0.0	0.0	0.0
6340000.0	0.0	0.0	0.0	nan	nan	nan	0.0	0.0	0.0
6350000.0	0.0	0.0	0.0	nan	nan	nan	0.0	0.0	0.0
6360000.0	0.0	0.0	0.0	nan	nan	nan	0.0	0.0	0.0
6370000.0	0.0	0.0	0.0	nan	nan	nan	0.0	0.0	0.0
6380000.0	0.0	0.0	0.0	nan	nan	nan	0.0	0.0	0.0
6390000.0	0.0	0.0	0.0	nan	nan	nan	0.0	0.0	0.0
6400000.0	0.0	0.0	0.0	nan	nan	nan	0.0	0.0	0.0
6410000.0	0.0	0.0	0.0	nan	nan	nan	0.0	0.0	0.0
6420000.0	0.0	0.0	0.0	nan	nan	nan	0.0	0.0	0.0
6430000.0	0.0	0.0	0.0	nan	nan	nan	0.0	0.0	0.0
6440000.0	0.0	0.0	0.0	nan	nan	nan	0.0	0.0	0.0
6450000.0	0.0	0.0	0.0	nan	nan	nan	0.0	0.0	0.0
6460000.0	0.0	0.0	0.0	nan	nan	nan	0.0	0.0	0.0
6470000.0	0.0	0.0	0.0	nan	nan	nan	0.0	0.0	0.0
6480000.0	0.0	0.0	0.0	nan	nan	nan	0.0	0.0	0.0
6490000.0	0.0	0.0	0.0	nan	nan	nan	0.0	0.0	0.0
6500000.0	0.0	0.0	0.0	nan	nan	nan	0.0	0.0	0.0
6510000.0	0.0	0.0	0.0	nan	nan	nan	0.0	0.0	0.0
6520000.0	0.0	0.0	0.0	nan	nan	nan	0.0	0.0	0.0
6530000.0	0.0	0.0	0.0	nan	nan	nan	0.0	0.0	0.0
6540000.0	0.0	0.0	0.0	nan	nan	nan	0.0	0.0	0.0
6550000.0	0.0	0.0	0.0	nan	nan	nan	0.0	0.0	0.0
6560000.0	0.0	0.0	0.0	nan	nan	nan	0.0	0.0	0.0
6570000.0	0.0	0.0	0.0	nan	nan	nan	0.0	0.0	0.0
6580000.0	0.0	0.0	0.0	nan	nan	nan	0.0	0.0	0.0
6590000.0	0.0	0.0	0.0	nan	nan	nan	0.0	0.0	0.0
6600000.0	0.0	0.0	0.0	nan	nan	nan	0.0	0.0	0.0
6610000.0	0.0	0.0	0.0	nan	nan	nan	0.0	0.0	0.0
6620000.0	0.0	0.0	0.0	nan	nan	nan	0.0	0.0	0.0
6630000.0	0.0	0.0	0.0	nan	nan	nan	0.0	0.0	0.0
6640000.0	0.0	0.0	0.0	nan	nan	nan	0.0	0.0	0.0
6650000.0	0.0	0.0	0.0	nan	nan	nan	0.0	0.0	0.0
6660000.0	0.0	0.0	0.0	nan	nan	nan	0.0	0.0	0.0
6670000.0	0.0	0.0	0.0	nan	nan	nan	0.0	0.0	0.0
6680000.0	0.0	0.0	0.0	nan	nan	nan	0.0	0.0	0.0
6690000.0	0.0	0.0	0.0	nan	nan	nan	0.0	0.0	0.0
6700000.0	0.0	0.0	0.0	nan	nan	nan	0.0	0.0	0.0
6710000.0	0.0	0.0	0.0	nan	nan	nan	0.0	0.0	0.0
6720000.0	0.0	0.0	0.0	nan	nan	nan	0.0	0.0	0.0
6730000.0	0.0	0.0	0.0	nan	nan	nan	0.0	0.0	0.0
6740000.0	0.0	0.0	0.0	nan	nan	nan	0.0	0.0	0.0
6750000.0	0.0	0.0	0.0	nan	nan	nan	0.0	0.0	0.0
6760000.0	0.0	0.0	0.0	nan	nan	nan	0.0	0.0	0.0
6770000.0	0.0	0.0	0.0	nan	nan	nan	0.0	0.0	0.0
6780000.0	0.0	0.0	0.0	nan	nan	nan	0.0	0.0	0.0
6790000.0	0.0	0.0	0.0	nan	nan	nan	0.0	0.0	0.0
6800000.0	0.0	0.0	0.0	nan	nan	nan	0.0	0.0	0.0
6810000.0	0.0	0.0	0.0	nan	nan	nan	0.0	0.0	0.0
6820000.0	0.0	0.0	0.0	nan	nan	nan	0.0	0.0	0.0
6830000.0	0.0	0.0	0.0	nan	nan	nan	0.0	0.0	0.0
6840000.0	0.0	0.0	0.0	nan	nan	nan	0.0	0.0	0.0
6850000.0	0.0	0.0	0.0	nan	nan	nan	0.0	0.0	0.0
6860000.0	0.0	0.0	0.0	nan	nan	nan	0.0	0.0	0.0
6870000.0	0.0	0.0	0.0	nan	nan	nan	0.0	0.0	0.0
6880000.0	0.0	0.0	0.0	nan	nan	nan	0.0	0.0	0.0
6890000.0	0.0	0.0	0.0	nan	nan	nan	0.0	0.0	0.0
6900000.0	0.0	0.0	0.0	nan	nan	nan	0.0	0.0	0.0
6910000.0	0.0	0.0	0.0	nan	nan	nan	0.0	0.0	0.0
6920000.0	0.0	0.0	0.0	nan	nan	nan	0.0	0.0	0.0
6930000.0	0.0	0.0	0.0	nan	nan	nan	0.0	0.0	0.0
6940000.0	0.0	0.0	0.0	nan	nan	nan	0.0	0.0	0.0
6950000.0	0.0	0.0	0.0	nan	nan	nan	0.0	0.0	0.0
6960000.0	0.0	0.0	0.0	nan	nan	nan	0.0	0.0	0.0
6970000.0	0.0	0.0	0.0	nan	nan	nan	0.0	0.0	0.0
6980000.0	0.0	0.0	0.0	nan	nan	nan	0.0	0.0	0.0
6990000.0	0.0	0.0	0.0	nan	nan	nan	0.0	0.0	0.0
7000000.0	0.0	0.0	0.0	nan	nan	nan	0.0	0.0	0.0
7010000.0	0.0	0.0	0.0	nan	nan	nan	0.0	0.0	0.0
7020000.0	0.0	0.0	0.0	nan	nan	nan	0.0	0.0	0.0
7030000.0	0.0	0.0	0.0	nan	nan	nan	0.0	0.0	0.0
7040000.0	0.0	0.0	0.0	nan	nan	nan	0.0	0.0	0.0
7050000.0	0.0	0.0	0.0	nan	nan	nan	0.0	0.0	0.0
7060000.0	0.0	0.0	0.0	nan	nan	nan	0.0	0.0	0.0
7070000.0	0.0	0.0	0.0	nan	nan	nan	0.0	0.0	0.0
7080000.0	0.0	0.0	0.0	nan	nan	nan	0.0	0.0	0.0
7090000.0	0.0	0.0	0.0	nan	nan	nan	0.0	0.0	0.0
7100000.0	0.0	0.0	0.0	nan	nan	nan	0.0	0.0	0.0
7110000.0	0.0	0.0	0.0	nan	nan	nan	0.0	0.0	0.0
7120000.0	0.0	0.0	0.0	nan	nan	nan	0.0	0.0	0.0
7130000.0	0.0	0.0	0.0	nan	nan	nan	0.0	0.0	0.0
7140000.0	0.0	0.0	0.0	nan	nan	nan	0.0	0.0	0.0
7150000.0	0.0	0.0	0.0	nan	nan	nan	0.0	0.0	0.0
7160000.0	0.0	0.0	0.0	nan	nan	nan	0.0	0.0	0.0
7170000.0	0.0	0.0	0.0	nan	nan	nan	0.0	0.0	0.0
7180000.0	0.0	0.0	0.0	nan	nan	nan	0.0	0.0	0.0
7190000.0	0.0	0.0	0.0	nan	nan	nan	0.0	0.0	0.0
7200000.0	0.0	0.0	0.0	nan	nan	nan	0.0	0.0	0.0
7210000.0	0.0	0.0	0.0	nan	nan	nan	0.0	0.0	0.0
7220000.0	0.0	0.0	0.0	nan	nan	nan	0.0	0.0	0.0
7230000.0	0.0	0.0	0.0	nan	nan	nan	0.0	0.0	0.0
7240000.0	0.0	0.0	0.0	nan	nan	nan	0.0	0.0	0.0
7250000.0	0.0	0.0	0.0	nan	nan	nan	0.0	0.0	0.0
7260000.0	0.0	0.0	0.0	nan	nan	nan	0.0	0.0	0.0
7270000.0	0.0	0.0	0.0	nan	nan	nan	0.0	0.0	0.0
7280000.0	0.0	0.0	0.0	nan	nan	nan	0.0	0.0	0.0
7290000.0	0.0	0.0	0.0	nan	nan	nan	0.0	0.0	0.0
7300000.0	0.0	0.0	0.0	nan	nan	nan	0.0	0.0	0.0
7310000.0	0.0	0.0	0.0	nan	nan	nan	0.0	0.0	0.0
7320000.0	0.0	0.0	0.0	nan	nan	nan	0.0	0.0	0.0
7330000.0	0.0	0.0	0.0	nan	nan	nan	0.0	0.0	0.0
7340000.0	0.0	0.0	0.0	nan	nan	nan	0.0	0.0	0.0
7350000.0	0.0	0.0	0.0	nan	nan	nan	0.0	0.0	0.0
7360000.0	0.0	0.0	0.0	nan	nan	nan	0.0	0.0	0.0
7370000.0	0.0	0.0	0.0	nan	nan	nan	0.0	0.0	0.0
7380000.0	0.0	0.0	0.0	nan	nan	nan	0.0	0.0	0.0
7390000.0	0.0	0.0	0.0	nan	nan	nan	0.0	0.0	0.0
7400000.0	0.0	0.0	0.0	nan	nan	nan	0.0	0.0	0.0
7410000.0	0.0	0.0	0.0	nan	nan	nan	0.0	0.0	0.0
7420000.0	0.0	0.0	0.0	nan	nan	nan	0.0	0.0	0.0
7430000.0	0.0	0.0	0.0	nan	nan	nan	0.0	0.0	0.0
7440000.0	0.0	0.0	0.0	nan	nan	nan	0.0	0.0	0.0
7450000.0	0.0	0.0	0.0	nan	nan	nan	0.0	0.0	0.0
7460000.0	0.0	0.0	0.0	nan	nan	nan	0.0	0.0	0.0
7470000.0	0.0	0.0	0.0	nan	nan	nan	0.0	0.0	0.0
7480000.0	0.0	0.0	0.0	nan	nan	nan	0.0	0.0	0.0
7490000.0	0.0	0.0	0.0	nan	nan	nan	0.0	0.0	0.0
7500000.0	0.0	0.0	0.0	nan	nan	nan	0.0	0.0	0.0
7510000.0	0.0	0.0	0.0	nan	nan	nan	0.0	0.0	0.0
7520000.0	0.0	0.0	0.0	nan	nan	nan	0.0	0.0	0.0
7530000.0	0.0	0.0	0.0	nan	nan	nan	0.0	0.0	0.0
7540000.0	0.0	0.0	0.0	nan	nan	nan	0.0	0.0	0.0
7550000.0	0.0	0.0	0.0	nan	nan	nan	0.0	0.0	0.0
7560000.0	0.0	0.0	0.0	nan	nan	nan	0.0	0.0	0.0
7570000.0	0.0	0.0	0.0	nan	nan	nan	0.0	0.0	0.0
7580000.0	0.0	0.0	0.0	nan	nan	nan	0.0	0.0	0.0
7590000.0	0.0	0.0	0.0	nan	nan	nan	0.0	0.0	0.0
7600000.0	0.0	0.0	0.0	nan	nan	nan	0.0	0.0	0.0
7610000.0	0.0	0.0	0.0	nan	nan	nan	0.0	0.0	0.0
7620000.0	0.0	0.0	0.0	nan	nan	nan	0.0	0.0	0.0
7630000.0	0.0	0.0	0.0	nan	nan	nan	0.0	0.0	0.0
7640000.0	0.0	0.0	0.0	nan	nan	nan	0.0	0.0	0.0
7650000.0	0.0	0.0	0.0	nan	nan	nan	0.0	0.0	0.0
7660000.0	0.0	0.0	0.0	nan	nan	nan	0.0	0.0	0.0
7670000.0	0.0	0.0	0.0	nan	nan	nan	0.0	0.0	0.0
7680000.0	0.0	0.0	0.0	nan	nan	nan	0.0	0.0	0.0
7690000.0	0.0	0.0	0.0	nan	nan	nan	0.0	0.0	0.0
7700000.0	0.0	0.0	0.0	nan	nan	nan	0.0	0.0	0.0
7710000.0	0.0	0.0	0.0	nan	nan	nan	0.0	0.0	0.0
7720000.0	0.0	0.0	0.0	nan	nan	nan	0.0	0.0	0.0
7730000.0	0.0	0.0	0.0	nan	nan	nan	0.0	0.0	0.0
7740000.0	0.0	0.0	0.0	nan	nan	nan	0.0	0.0	0.0
7750000.0	0.0	0.0	0.0	nan	nan	nan	0.0	0.0	0.0
7760000.0	0.0	0.0	0.0	nan	nan	nan	0.0	0.0	0.0
7770000.0	0.0	0.0	0.0	nan	nan	nan	0.0	0.0	0.0
7780000.0	0.0	0.0	0.0	nan	nan	nan	0.0	0.0	0.0
7790000.0	0.0	0.0	0.0	nan	nan	nan	0.0	0.0	0.0
7800000.0	0.0	0.0	0.0	nan	nan	nan	0.0	0.0	0.0
7810000.0	0.0	0.0	0.0	nan	nan	nan	0.0	0.0	0.0
7820000.0	0.0	0.0	0.0	nan	nan	nan	0.0	0.0	0.0
7830000.0	0.0	0.0	0.0	nan	nan	nan	0.0	0.0	0.0
7840000.0	0.0	0.0	0.0	nan	nan	nan	0.0	0.0	0.0
7850000.0	0.0	0.0	0.0	nan	nan	nan	0.0	0.0	0.0
7860000.0	0.0	0.0	0.0	nan	nan	nan	0.0	0.0	0.0
7870000.0	0.0	0.0	0.0	nan	nan	nan	0.0	0.0	0.0
7880000.0	0.0	0.0	0.0	nan	nan	nan	0.0	0.0	0.0
7890000.0	0.0	0.0	0.0	nan	nan	nan	0.0	0.0	0.0
7900000.0	0.0	0.0	0.0	nan	nan	nan	0.0	0.0	0.0
7910000.0	0.0	0.0	0.0	nan	nan	nan	0.0	0.0	0.0
7920000.0	0.0	0.0	0.0	nan	nan	nan	0.0	0.0	0.0
7930000.0	0.0	0.0	0.0	nan	nan	nan	0.0	0.0	0.0
7940000.0	0.0	0.0	0.0	nan	nan	nan	0.0	0.0	0.0
7950000.0	0.0	0.0	0.0	nan	nan	nan	0.0	0.0	0.0
7960000.0	0.0	0.0	0.0	nan	nan	nan	0.0	0.0	0.0
7970000.0	0.0	0.0	0.0	nan	nan	nan	0.0	0.0	0.0
7980000.0	0.0	0.0	0.0	nan	nan	nan	0.0	0.0	0.0
7990000.0	0.0	0.0	0.0	nan	nan	nan	0.0	0.0	0.0
8000000.0	0.0	0.0	0.0	nan	nan	nan	0.0	0.0	0.0
8010000.0	0.0	0.0	0.0	nan	nan	nan	0.0	0.0	0.0
8020000.0	0.0	0.0	0.0	nan	nan	nan	0.0	0.0	0.0
8030000.0	0.0	0.0	0.0	nan	nan	nan	0.0	0.0	0.0
8040000.0	0.0	0.0	0.0	nan	nan	nan	0.0	0.0	0.0
8050000.0	0.0	0.0	0.0	nan	nan	nan	0.0	0.0	0.0
8060000.0	0.0	0.0	0.0	nan	nan	nan	0.0	0.0	0.0
8070000.0	0.0	0.0	0.0	nan	nan	nan	0.0	0.0	0.0
8080000.0	0.0	0.0	0.0	nan	nan	nan	0.0	0.0	0.0
8090000.0	0.0	0.0	0.0	nan	nan	nan	0.0	0.0	0.0
8100000.0	0.0	0.0	0.0	nan	nan	nan	0.0	0.0	0.0
8110000.0	0.0	0.0	0.0	nan	nan	nan	0.0	0.0	0.0
8120000.0	0.0	0.0	0.0	nan	nan	nan	0.0	0.0	0.0
8130000.0	0.0	0.0	0.0	nan	nan	nan	0.0	0.0	0.0
8140000.0	0.0	0.0	0.0	nan	nan	nan	0.0	0.0	0.0
8150000.0	0.0	0.0	0.0	nan	nan	nan	0.0	0.0	0.0
8160000.0	0.0	0.0	0.0	nan	nan	nan	0.0	0.0	0.0
8170000.0	0.0	0.0	0.0	nan	nan	nan	0.0	0.0	0.0
8180000.0	0.0	0.0	0.0	nan	nan	nan	0.0	0.0	0.0
8190000.0	0.0	0.0	0.0	nan	nan	nan	0.0	0.0	0.0
8200000.0	0.0	0.0	0.0	nan	nan	nan	0.0	0.0	0.0
8210000.0	0.0	0.0	0.0	nan	nan	nan	0.0	0.0	0.0
8220000.0	0.0	0.0	0.0	nan	nan	nan	0.0	0.0	0.0
8230000.0	0.0	0.0	0.0	nan	nan	nan	0.0	0.0	0.0
8240000.0	0.0	0.0	0.0	nan	nan	nan	0.0	0.0	0.0
8250000.0	0.0	0.0	0.0	nan	nan	nan	0.0	0.0	0.0
8260000.0	0.0	0.0	0.0	nan	nan	nan	0.0	0.0	0.0
8270000.0	0.0	0.0	0.0	nan	nan	nan	0.0	0.0	0.0
8280000.0	0.0	0.0	0.0	nan	nan	nan	0.0	0.0	0.0
8290000.0	0.0	0.0	0.0	nan	nan	nan	0.0	0.0	0.0
8300000.0	0.0	0.0	0.0	nan	nan	nan	0.0	0.0	0.0
8310000.0	0.0	0.0	0.0	nan	nan	nan	0.0	0.0	0.0
8320000.0	0.0	0.0	0.0	nan	nan	nan	0.0	0.0	0.0
8330000.0	0.0	0.0	0.0	nan	nan	nan	0.0	0.0	0.0
8340000.0	0.0	0.0	0.0	nan	nan	nan	0.0	0.0	0.0
8350000.0	0.0	0.0	0.0	nan	nan	nan	0.0	0.0	0.0
8360000.0	0.0	0.0	0.0	nan	nan	nan	0.0	0.0	0.0
8370000.0	0.0	0.0	0.0	nan	nan	nan	0.0	0.0	0.0
8380000.0	0.0	0.0	0.0	nan	nan	nan	0.0	0.0	0.0
8390000.0	0.0	0.0	0.0	nan	nan	nan	0.0	0.0	0.0
8400000.0	0.0	0.0	0.0	nan	nan	nan	0.0	0.0	0.0
8410000.0	0.0	0.0	0.0	nan	nan	nan	0.0	0.0	0.0
8420000.0	0.0	0.0	0.0	nan	nan	nan	0.0	0.0	0.0
8430000.0	0.0	0.0	0.0	nan	nan	nan	0.0	0.0	0.0
8440000.0	0.0	0.0	0.0	nan	nan	nan	0.0	0.0	0.0
8450000.0	0.0	0.0	0.0	nan	nan	nan	0.0	0.0	0.0
8460000.0	0.0	0.0	0.0	nan	nan	nan	0.0	0.0	0.0
8470000.0	0.0	0.0	0.0	nan	nan	nan	0.0	0.0	0.0
8480000.0	0.0	0.0	0.0	nan	nan	nan	0.0	0.0	0.0
8490000.0	0.0	0.0	0.0	nan	nan	nan	0.0	0.0	0.0
8500000.0	0.0	0.0	0.0	nan	nan	nan	0.0	0.0	0.0
8510000.0	0.0	0.0	0.0	nan	nan	nan	0.0	0.0	0.0
8520000.0	0.0	0.0	0.0	nan	nan	nan	0.0	0.0	0.0
8530000.0	0.0	0.0	0.0	nan	nan	nan	0.0	0.0	0.0
8540000.0	0.0	0.0	0.0	nan	nan	nan	0.0	0.0	0.0
8550000.0	0.0	0.0	0.0	nan	nan	nan	0.0	0.0	0.0
8560000.0	0.0	0.0	0.0	nan	nan	nan	0.0	0.0	0.0
8570000.0	0.0	0.0	0.0	nan	nan	nan	0.0	0.0	0.0
8580000.0	0.0	0.0	0.0	nan	nan	nan	0.0	0.0	0.0
8590000.0	0.0	0.0	0.0	nan	nan	nan	0.0	0.0	0.0
8600000.0	0.0	0.0	0.0	nan	nan	nan	0.0	0.0	0.0
8610000.0	0.0	0.0	0.0	nan	nan	nan	0.0	0.0	0.0
8620000.0	0.0	0.0	0.0	nan	nan	nan	0.0	0.0	0.0
8630000.0	0.0	0.0	0.0	nan	nan	nan	0.0	0.0	0.0
8640000.0	0.0	0.0	0.0	nan	nan	nan	0.0	0.0	0.0
8650000.0	0.0	0.0	0.0	nan	nan	nan	0.0	0.0	0.0
8660000.0	0.0	0.0	0.0	nan	nan	nan	0.0	0.0	0.0
8670000.0	0.0	0.0	0.0	nan	nan	nan	0.0	0.0	0.0
8680000.0	0.0	0.0	0.0	nan	nan	nan	0.0	0.0	0.0
8690000.0	0.0	0.0	0.0	nan	nan	nan	0.0	0.0	0.0
8700000.0	0.0	0.0	0.0	nan	nan	nan	0.0	0.0	0.0
8710000.0	0.0	0.0	0.0	nan	nan	nan	0.0	0.0	0.0
8720000.0	0.0	0.0	0.0	nan	nan	nan	0.0	0.0	0.0
8730000.0	0.0	0.0	0.0	nan	nan	nan	0.0	0.0	0.0
8740000.0	0.0	0.0	0.0	nan	nan	nan	0.0	0.0	0.0
8750000.0	0.0	0.0	0.0	nan	nan	nan	0.0	0.0	0.0
8760000.0	0.0	0.0	0.0	nan	nan	nan	0.0	0.0	0.0
8770000.0	0.0	0.0	0.0	nan	nan	nan	0.0	0.0	0.0
8780000.0	0.0	0.0	0.0	nan	nan	nan	0.0	0.0	0.0
8790000.0	0.0	0.0	0.0	nan	nan	nan	0.0	0.0	0.0
8800000.0	0.0	0.0	0.0	nan	nan	nan	0.0	0.0	0.0
8810000.0	0.0	0.0	0.0	nan	nan	nan	0.0	0.0	0.0
8820000.0	0.0	0.0	0.0	nan	nan	nan	0.0	0.0	0.0
8830000.0	0.0	0.0	0.0	nan	nan	nan	0.0	0.0	0.0
8840000.0	0.0	0.0	0.0	nan	nan	nan	0.0	0.0	0.0
8850000.0	0.0	0.0	0.0	nan	nan	nan	0.0	0.0	0.0
8860000.0	0.0	0.0	0.0	nan	nan	nan	0.0	0.0	0.0
8870000.0	0.0	0.0	0.0	nan	nan	nan	0.0	0.0	0.0
8880000.0	0.0	0.0	0.0	nan	nan	nan	0.0	0.0	0.0
8890000.0	0.0	0.0	0.0	nan	nan	nan	0.0	0.0	0.0
8900000.0	0.0	0.0	0.0	nan	nan	nan	0.0	0.0	0.0
8910000.0	0.0	0.0	0.0	nan	nan	nan	0.0	0.0	0.0
8920000.0	0.0	0.0	0.0	nan	nan	nan	0.0	0.0	0.0
8930000.0	0.0	0.0	0.0	nan	nan	nan	0.0	0.0	0.0
8940000.0	0.0	0.0	0.0	nan	nan	nan	0.0	0.0	0.0
8950000.0	0.0	0.0	0.0	nan	nan	nan	0.0	0.0	0.0
8960000.0	0.0	0.0	0.0	nan	nan	nan	0.0	0.0	0.0
8970000.0	0.0	0.0	0.0	nan	nan	nan	0.0	0.0	0.0
8980000.0	0.0	0.0	0.0	nan	nan	nan	0.0	0.0	0.0
8990000.0	0.0	0.0	0.0	nan	nan	nan	0.0	0.0	0.0
9000000.0	0.0	0.0	0.0	nan	nan	nan	0.0	0.0	0.0
9010000.0	0.0	0.0	0.0	nan	nan	nan	0.0	0.0	0.0
9020000.0	0.0	0.0	0.0	nan	nan	nan	0.0	0.0	0.0
9030000.0	0.0	0.0	0.0	nan	nan	nan	0.0	0.0	0.0
9040000.0	0.0	0.0	0.0	nan	nan	nan	0.0	0.0	0.0
9050000.0	0.0	0.0	0.0	nan	nan	nan	0.0	0.0	0.0
9060000.0	0.0	0.0	0.0	nan	nan	nan	0.0	0.0	0.0
9070000.0	0.0	0.0	0.0	nan	nan	nan	0.0	0.0	0.0
9080000.0	0.0	0.0	0.0	nan	nan	nan	0.0	0.0	0.0
9090000.0	0.0	0.0	0.0	nan	nan	nan	0.0	0.0	0.0
9100000.0	0.0	0.0	0.0	nan	nan	nan	0.0	0.0	0.0
9110000.0	0.0	0.0	0.0	nan	nan	nan	0.0	0.0	0.0
9120000.0	0.0	0.0	0.0	nan	nan	nan	0.0	0.0	0.0
9130000.0	0.0	0.0	0.0	nan	nan	nan	0.0	0.0	0.0
9140000.0	0.0	0.0	0.0	nan	nan	nan	0.0	0.0	0.0
9150000.0	0.0	0.0	0.0	nan	nan	nan	0.0	0.0	0.0
9160000.0	0.0	0.0	0.0	nan	nan	nan	0.0	0.0	0.0
9170000.0	0.0	0.0	0.0	nan	nan	nan	0.0	0.0	0.0
9180000.0	0.0	0.0	0.0	nan	nan	nan	0.0	0.0	0.0
9190000.0	0.0	0.0	0.0	nan	nan	nan	0.0	0.0	0.0
9200000.0	0.0	0.0	0.0	nan	nan	nan	0.0	0.0	0.0
9210000.0	0.0	0.0	0.0	nan	nan	nan	0.0	0.0	0.0
9220000.0	0.0	0.0	0.0	nan	nan	nan	0.0	0.0	0.0
9230000.0	0.0	0.0	0.0	nan	nan	nan	0.0	0.0	0.0
9240000.0	0.0	0.0	0.0	nan	nan	nan	0.0	0.0	0.0
9250000.0	0.0	0.0	0.0	nan	nan	nan	0.0	0.0	0.0
9260000.0	0.0	0.0	0.0	nan	nan	nan	0.0	0.0	0.0
9270000.0	0.0	0.0	0.0	nan	nan	nan	0.0	0.0	0.0
9280000.0	0.0	0.0	0.0	nan	nan	nan	0.0	0.0	0.0
9290000.0	0.0	0.0	0.0	nan	nan	nan	0.0	0.0	0.0
9300000.0	0.0	0.0	0.0	nan	nan	nan	0.0	0.0	0.0
9310000.0	0.0	0.0	0.0	nan	nan	nan	0.0	0.0	0.0
9320000.0	0.0	0.0	0.0	nan	nan	nan	0.0	0.0	0.0
9330000.0	0.0	0.0	0.0	nan	nan	nan	0.0	0.0	0.0
9340000.0	0.0	0.0	0.0	nan	nan	nan	0.0	0.0	0.0
9350000.0	0.0	0.0	0.0	nan	nan	nan	0.0	0.0	0.0
9360000.0	0.0	0.0	0.0	nan	nan	nan	0.0	0.0	0.0
