1799.834228515625	6.653344163165542e-05	2.997121516246093e-09	0.00014315163633149552	4.652160018325802e-09	-8.260713300067835e-05	-9.689072461016579e-11	4.279810997154243e-05	-7.759779693805591e-10	0.00127440992723038	-0.0003304394408298332
1867.9697265625	-0.000121532772197952	0.16457348433658697	-4.488552806414248e-05	0.1623462264388298	-4.52832345265719e-05	2.168797993348792e-06	0.00036965900703744836	0.16292898590059773	-0.0010114459988788127	0.0009707944218296806
1933.350830078125	-0.0002220992559731627	0.0004118210043175441	-0.00014563137491574452	0.0002412838540702504	-0.0001578655979574961	-5.289538708333323e-06	0.00016642082651063816	-0.00031954736902553164	-0.0022349686067144603	1.570030630072396e-05
1998.69287109375	-0.0002651925339280936	1.5482409224694765e-05	-0.0001887518760170792	7.708192169790228e-06	-0.00016012355692218705	-4.735449947100684e-06	0.000160253002742472	-2.0676270186132646e-05	-0.002758952940592252	2.8035258502060644e-06
2066.591796875	-0.00024188574427697063	-7.328637741566587e-06	-0.00016544794599138157	2.8181396561633923e-05	-0.0001601019934041048	-4.708687079493764e-06	0.00016046118273571608	3.3244431008871194e-05	-0.002475665429398255	7.746805448016916e-07
2131.213623046875	-0.00020367931882692147	-4.380388831891662e-06	-0.00012724307497613552	4.3089357444817106e-05	-0.0001599928351021518	-4.751273886591821e-06	0.00016136691585177942	4.453047536729936e-05	-0.002011257967916791	2.077002942089958e-07
2200.876708984375	-0.00016150315314789054	-3.0414134775451537e-06	-8.50688042097758e-05	4.5568912315949594e-05	-0.0001598928168720093	-4.764388534202578e-06	0.0001623767678156085	4.4780832537384655e-05	-0.001498598533037132	2.2044561909181036e-07
2265.419921875	-0.000122536976836507	-2.6303366617099025e-06	-4.610539991389828e-05	4.0097584967501256e-05	-0.0001598132904394589	-4.75844499909225e-06	0.00016326949191469708	3.8519313174580685e-05	-0.0010249633458609964	5.98527797699112e-07
2340.18408203125	-9.107367223748497e-05	-2.5296813751507875e-06	-1.4645624758280462e-05	3.062695487221521e-05	-0.00015974106091931617	-4.742855486612967e-06	0.0001639378297637606	2.8621569857753114e-05	-0.0006425336648039348	1.1611214388222825e-06
2409.787353515625	-6.72736429869758e-05	0.0005439768649693058	9.154628004104381e-06	-0.0005849960168677183	-0.00013528637474991	1.3924040926044032e-05	0.0001586823079877675	-0.0012557110991752995	-0.00035323185797153656	0.00016318630000339068
2481.34716796875	0.0005453806826496432	-0.00035719802191647626	0.0006218123424099886	0.000462675814827694	-5.874602402400342e-05	-6.425601943467029e-06	7.686165129605627e-05	0.001011417179038556	0.007093887617442007	-4.380495229862941e-05
2554.47216796875	0.0009626163571168078	4.985167233667049e-05	0.0010388215282377544	0.00039603647367457087	-5.863090477831179e-05	-7.77319712939951e-06	0.0001001357543053416	0.0003308629382730962	0.012164205171902864	-1.4561943132534721e-05
2632.04248046875	0.0	-1.3527466535588866e-05	0.0	-1.3527462642779092e-05	-5.88486632171481e-05	-7.286126171448788e-06	0.00010662940971428725	4.821644884467116e-05	0.01381893209975793	-1.3189643502278545e-07
2712.934814453125	0.0	-1.3586034592297536e-05	8.881784197001252e-16	-1.3586034027731243e-05	-5.912273929098433e-05	-6.891315581332682e-06	0.00010676827068145656	-8.668142933735119e-07	2.1759661377629413e-05	1.8483126630207454e-06
2785.96728515625	8.881784197001252e-16	-1.3626766364129002e-05	8.881784197001252e-16	-1.3626765971887573e-05	-5.939131626675476e-05	-6.808567921437823e-06	0.00010673714097375608	7.013939614025077e-07	8.890659934479572e-06	1.8732615673674606e-06
2863.321533203125	0.0	-1.3634264254052837e-05	0.0	-1.3634263890389824e-05	-5.965447038747129e-05	-6.795803738418334e-06	0.00010674787822839704	9.506860266807798e-07	6.714666486828946e-06	1.876479218978893e-06
2939.336669921875	0.0	-1.3636625698660067e-05	0.0	-1.363662533958113e-05	-5.991686794004636e-05	-6.793877722672407e-06	0.00010676510418061724	9.89580247984286e-07	6.365400282426492e-06	1.8771488610549584e-06
3008.72802734375	0.0	-1.3638179444804418e-05	8.881784197001252e-16	-1.3638179086420402e-05	-6.017924327217372e-05	-6.793655863337322e-06	0.00010678333138613993	9.965080426759762e-07	6.310853900792779e-06	1.8773830853531246e-06
3088.069091796875	0.0	-1.3639595144236884e-05	0.0	-1.3639594785926543e-05	-6.04417132397117e-05	-6.793711500486079e-06	0.00010680168872401197	9.981310773952465e-07	6.303788506301089e-06	1.8775540579099803e-06
3159.316650390625	0.0	-1.3640986618782464e-05	0.0	-1.3640986260457062e-05	-6.070429551385814e-05	-6.793815404700061e-06	0.00010682003046191824	9.986416475927562e-07	6.304099008147546e-06	1.8777251244477847e-06
3231.263671875	8.881784197001252e-16	-1.3642376426017854e-05	8.881784197001252e-16	-1.364237606767024e-05	-6.096699171820319e-05	-6.793928761050051e-06	0.00010683832959479389	9.988259313077294e-07	6.305383196014702e-06	1.877901964287888e-06
3302.302001953125	0.0	-1.364376604579104e-05	8.881784197001252e-16	-1.3643765687423758e-05	-6.122980089529051e-05	-6.794044261853731e-06	0.00010685657953146688	9.98892809976526e-07	6.306670138123138e-06	1.878082129758556e-06
3371.71435546875	0.0	-1.3645155184623673e-05	0.0	-1.3645154826240628e-05	-6.14927217448269e-05	-6.794160442957903e-06	0.00010687477637461029	9.988918155765528e-07	6.307779675474023e-06	1.87826475285096e-06
3442.984375	-8.881784197001252e-16	-1.3646544135852119e-05	8.881784197001252e-16	-1.3646543777456717e-05	-6.175575287947765e-05	-6.7942777514174405e-06	0.0001068929187137968	9.988066860496967e-07	6.308782423580794e-06	1.8784499729480682e-06
3519.25927734375	8.881784197001252e-16	-1.3647931421086255e-05	8.881784197001252e-16	-1.3647931062680738e-05	-6.201889292789531e-05	-6.7943950035505395e-06	0.00010691100427173694	9.98698387161505e-07	6.309652604841176e-06	1.878636071796697e-06
3587.552490234375	0.0	-1.3649317475857075e-05	0.0	-1.3649317117443058e-05	-6.228214053294323e-05	-6.794512889371997e-06	0.00010692903262388143	9.98546185497481e-07	6.310465599845827e-06	1.8788233199673679e-06
3656.03662109375	-8.881784197001252e-16	-1.3650701753812446e-05	-8.881784197001252e-16	-1.3650701395392394e-05	-6.254549443163171e-05	-6.794630902440308e-06	0.0001069470010683915	9.983602187932294e-07	6.311135373415766e-06	1.8790115799364016e-06
3722.0107421875	0.0	-1.3652084184056248e-05	0.0	-1.3652083825630369e-05	-6.28089532348497e-05	-6.794748722423157e-06	0.00010696490988237883	9.981794993828135e-07	6.311787478452402e-06	1.879199872690076e-06
3790.0595703125	-8.881784197001252e-16	-1.3653464879611742e-05	0.0	-1.3653464521181889e-05	-6.307251575599082e-05	-6.794867236883358e-06	0.00010698275747067498	9.979482118062507e-07	6.3123431992551104e-06	1.8793891880312827e-06
3855.31884765625	0.0	-1.3654843581929129e-05	8.881784197001252e-16	-1.3654843223496588e-05	-6.333618071074909e-05	-6.794985443143986e-06	0.00010700054206669307	9.97713857409246e-07	6.312804839758712e-06	1.8795787367828843e-06
3913.92138671875	-8.881784197001252e-16	-1.3656220380536593e-05	0.0	-1.365622002210142e-05	-6.359994681659487e-05	-6.7951035465853086e-06	0.00010701826405679071	9.974827533812163e-07	6.313260201729065e-06	1.8797683232771589e-06
3966.71923828125	0.0	-1.3657594185867667e-05	0.0	-1.3657593827433584e-05	-6.386381305212296e-05	-6.795222441234927e-06	0.00010703591913774346	9.971693921597795e-07	6.313458333018218e-06	1.8799594984827652e-06
4012.64794921875	0.0	-1.3658966204691391e-05	0.0	-1.3658965846259706e-05	-6.412777814190918e-05	-6.79534050120672e-06	0.0001070535046023835	9.968755493066503e-07	6.313517460831974e-06	1.8801503180866574e-06
4060.319580078125	0.0	-1.366033636810348e-05	0.0	-1.3660336009674343e-05	-6.43918408513855e-05	-6.7954584100448225e-06	0.0001070710209907233	9.965862349715999e-07	6.313564015592021e-06	1.880341151800285e-06
4109.421142578125	0.0	-1.3661704629997847e-05	0.0	-1.366170427157125e-05	-6.465600000815641e-05	-6.795576259622641e-06	0.00010708846850349119	9.962986049074718e-07	6.313615272368622e-06	1.880532111044399e-06
4164.708984375	-8.881784197001252e-16	-1.3663070980113429e-05	8.881784197001252e-16	-1.366307062168932e-05	-6.49202544646954e-05	-6.795694065736068e-06	0.00010710584726947303	9.96013366657848e-07	6.313672828994754e-06	1.880723095020903e-06
4216.54345703125	0.0	-1.366443542638955e-05	0.0	-1.3664435067967841e-05	-6.518460309123952e-05	-6.795811832027356e-06	0.00010712315744942913	9.957296643827222e-07	6.313737752172699e-06	1.8809141537360365e-06
4267.3271484375	1.7763568394002505e-15	-1.3665797974703632e-05	-8.881784197001252e-16	-1.3665797616284256e-05	-6.544904477578939e-05	-6.795929559000927e-06	0.00010714039918102714	9.954482177773329e-07	6.3138086954239725e-06	1.881105179128321e-06
4315.59619140625	0.0	-1.3667158619755802e-05	8.881784197001252e-16	-1.366715826133871e-05	-6.57135784276619e-05	-6.7960472443274635e-06	0.00010715757258328296	9.951681393455064e-07	6.3138877024471185e-06	1.8812963372292605e-06
4371.55810546875	-8.881784197001252e-16	-1.3668517369191927e-05	-8.881784197001252e-16	-1.3668517010777022e-05	-6.597820296860846e-05	-6.796164889318732e-06	0.00010717467781606871	9.948904398169541e-07	6.313973550220453e-06	1.881487507601235e-06
4425.93896484375	0.0	-1.3669874218645468e-05	0.0	-1.3669873860232708e-05	-6.624291733992038e-05	-6.79628249293234e-06	0.00010719171500817026	9.94614396436714e-07	6.314066182788736e-06	1.8816787165245652e-06
4482.177001953125	0.0	-1.367122918131259e-05	-8.881784197001252e-16	-1.3671228822901889e-05	-6.650772049709985e-05	-6.796400056780651e-06	0.00010720868431146613	9.94339737567415e-07	6.314165674758954e-06	1.881869983495661e-06
4545.13330078125	8.881784197001252e-16	-1.3672582251053468e-05	1.7763568394002505e-15	-1.3672581892644745e-05	-6.677261141874169e-05	-6.7965175782878736e-06	0.00010722558586095943	9.940681231763887e-07	6.3142729604948045e-06	1.882061298982778e-06
4599.958251953125	8.881784197001252e-16	-1.3673933330064313e-05	0.0	-1.367393297165769e-05	-6.703758909765156e-05	-6.796635137736884e-06	0.00010724241966109105	9.937919732543133e-07	6.314376160609925e-06	1.8822527449808632e-06
4647.786865234375	-8.881784197001252e-16	-1.3675281815371763e-05	8.881784197001252e-16	-1.3675281456968575e-05	-6.730265259591306e-05	-6.7967526442025565e-06	0.00010725918393017508	9.9349821533703e-07	6.314377825944462e-06	1.8824446676819974e-06
4698.972900390625	-8.881784197001252e-16	-1.3676628480300047e-05	0.0	-1.3676628121900542e-05	-6.756780090277914e-05	-6.796869951440707e-06	0.00010727587837155994	9.93208913767703e-07	6.314359138670511e-06	1.8826366033493895e-06
4747.628173828125	0.0	-1.3677971110535868e-05	-8.881784197001252e-16	-1.3677970752142116e-05	-6.783303307145161e-05	-6.79698825614238e-06	0.000107292502862677	9.928627402973545e-07	6.314325169398671e-06	1.8828308899456417e-06
4797.076171875	-8.881784197001252e-16	-1.3679309344865037e-05	0.0	-1.367930898648069e-05	-6.809834821019933e-05	-6.79710765247761e-06	0.00010730905539269031	9.924384516534883e-07	6.314179995747793e-06	1.8830281876742864e-06
4845.487548828125	8.881784197001252e-16	-1.3680646387983734e-05	1.7763568394002505e-15	-1.3680646029613944e-05	-6.836374541663304e-05	-6.797228649169568e-06	0.0001073255342856072	9.9189663666941e-07	6.313929057810697e-06	1.8832304330014565e-06
4888.806884765625	0.0	-1.3681982454545668e-05	8.881784197001252e-16	-1.3681982096192027e-05	-6.86292237492836e-05	-6.797349840514554e-06	0.00010734193858308316	9.91329282568185e-07	6.313619570263995e-06	1.8834338026868834e-06
4930.283203125	0.0	-1.3683317883176732e-05	0.0	-1.368331752484295e-05	-6.889478235194701e-05	-6.797472038344893e-06	0.00010735826672814142	9.906805470172443e-07	6.313208077202148e-06	1.8836403791580073e-06
4971.950927734375	0.0	-1.3684651617692506e-05	0.0	-1.3684651259378921e-05	-6.916042029203595e-05	-6.797594026677173e-06	0.00010737451842413037	9.900363437779566e-07	6.312768054961282e-06	1.883846969277231e-06
5012.809814453125	-8.881784197001252e-16	-1.3685985147681654e-05	8.881784197001252e-16	-1.3685984789391302e-05	-6.942613674532083e-05	-6.7977171719690335e-06	0.0001073906925981305	9.893116338273286e-07	6.312262429197801e-06	1.884056405858992e-06
5053.677001953125	0.0	-1.3687316891742547e-05	8.881784197001252e-16	-1.3687316533476179e-05	-6.96919308413868e-05	-6.797840009518602e-06	0.00010740678804754822	9.88592701511556e-07	6.311687324789261e-06	1.8842658408947549e-06
5094.47509765625	-8.881784197001252e-16	-1.3688646930392382e-05	0.0	-1.3688646572150023e-05	-6.99578017027136e-05	-6.797962760193572e-06	0.0001074228049713355	9.878775201920928e-07	6.311104162826098e-06	1.8844752298248766e-06
5135.062255859375	0.0	-1.3689976080866322e-05	8.881784197001252e-16	-1.3689975722650466e-05	-7.02237485512569e-05	-6.798086428991689e-06	0.00010743874215002336	9.870960985272385e-07	6.310454073066296e-06	1.8846867183521896e-06
5174.947265625	0.0	-1.3691303335552038e-05	0.0	-1.3691302977363241e-05	-7.048977053436545e-05	-6.798209864841824e-06	0.00010745459887484543	9.863180561227872e-07	6.309757319300502e-06	1.8848982313786589e-06
5214.953369140625	-8.881784197001252e-16	-1.36926287478701e-05	8.881784197001252e-16	-1.3692628389708483e-05	-7.075586681892787e-05	-6.798333239475422e-06	0.00010747037537051085	9.855401661407103e-07	6.309059366493841e-06	1.8851099445207766e-06
5255.84423828125	-8.881784197001252e-16	-1.369395262080584e-05	-1.7763568394002505e-15	-1.3693952262671742e-05	-7.102203661979445e-05	-6.79845683129408e-06	0.00010748607154198453	9.847495025766773e-07	6.3083546804065804e-06	1.8853219450985843e-06
5295.71923828125	-8.881784197001252e-16	-1.369527475394374e-05	8.881784197001252e-16	-1.3695274395838843e-05	-7.128827919622438e-05	-6.7985807643235875e-06	0.00010750168584294784	9.839261748562642e-07	6.307567277374915e-06	1.8855349155769894e-06
5336.110107421875	0.0	-1.3696595107966882e-05	0.0	-1.3696594749891496e-05	-7.155459373109352e-05	-6.7987045377887415e-06	0.00010751721816770754	9.831045240911177e-07	6.3067600102328925e-06	1.8857479778716002e-06
5376.099365234375	0.0	-1.3697913639234849e-05	-8.881784197001252e-16	-1.3697913281189001e-05	-7.182097944991028e-05	-6.7988282745607255e-06	0.00010753266868146483	9.822843285707755e-07	6.30595474415685e-06	1.8859611527971003e-06
5416.4775390625	0.0	-1.369923034290296e-05	-8.881784197001252e-16	-1.3699229984886702e-05	-7.208743559061759e-05	-6.798951986505913e-06	0.00010754803748014297	9.814634682861877e-07	6.305152435714945e-06	1.8861744215288032e-06
5456.8115234375	0.0	-1.3705516767362414e-05	-8.881784197001252e-16	-1.3705516395972483e-05	-7.23536391511459e-05	-6.809984246057961e-06	0.00010756185915550276	5.975071003197885e-07	6.1014207188847536e-06	1.85884389854887e-06
5497.507080078125	-8.881784197001252e-16	-1.3301347610920104e-05	0.0	-1.3301347203673759e-05	-7.261125638180488e-05	-6.630967549611132e-06	0.00010793199819048027	2.8062262394825564e-05	-5.922254302248575e-05	1.1107077898213181e-07
5538.119873046875	0.0	-1.3678032694696536e-05	8.881784197001252e-16	-1.367803224031387e-05	-7.288776234659622e-05	-6.847072865660348e-06	0.00010812453639186259	1.3600532520523587e-07	1.3655934607115228e-05	1.8746514270712741e-06
5578.7041015625	0.0	-1.3640899306474915e-05	0.0	-1.3640899099536091e-05	-7.313851441725916e-05	-6.778774254177346e-06	0.00010817853919320441	9.174523643303324e-07	6.1885893014590465e-06	2.2214262953092892e-06
5618.86474609375	0.0	-1.3706228603498301e-05	0.0	-1.3706228247877417e-05	-7.342492017858859e-05	-6.799784550438167e-06	0.00010812235492352329	9.440764810868375e-07	6.409326988254804e-06	1.8914066013422753e-06
5659.870361328125	8.881784197001252e-16	-1.3707074044780584e-05	0.0	-1.3707073686880974e-05	-7.369187247174835e-05	-6.799689096738336e-06	0.00010813667216691414	9.753860724503034e-07	6.3060531054759394e-06	1.887457467201165e-06
5699.840576171875	1.7763568394002505e-15	-1.3446666183820969e-05	8.881784197001252e-16	-1.3446665064038329e-05	-7.394043622444002e-05	-6.733217545480574e-06	0.00010820659962718082	1.5283886940233805e-05	5.784246492446243e-06	1.6979147120723384e-06
5739.91796875	0.0	-1.3710765650747799e-05	0.0	-1.3710765296311548e-05	-7.422481392449498e-05	-6.798651304237426e-06	0.00010816360278731452	1.0148088493901377e-06	6.3147565425580865e-06	1.8941465885560397e-06
5780.064453125	0.0	-1.3711070390598803e-05	-8.881784197001252e-16	-1.3711070033223772e-05	-7.449190971531294e-05	-6.799863639255336e-06	0.0001081782519021246	9.767309355728564e-07	6.2703819407872174e-06	1.8881459957443212e-06
5820.6240234375	8.881784197001252e-16	-1.3712304356348728e-05	0.0	-1.3712303998713718e-05	-7.475902190545725e-05	-6.80012211714853e-06	0.00010819284877783275	9.733063650115313e-07	6.2910163149965115e-06	1.8883228799000115e-06
5860.70654296875	-8.881784197001252e-16	-1.371359083870289e-05	0.0	-1.3713590481057813e-05	-7.502620383359471e-05	-6.800266647166798e-06	0.00010820729175176069	9.720006476857135e-07	6.29332595636356e-06	1.8885342253369226e-06
5901.060791015625	8.881784197001252e-16	-1.3714883786831952e-05	8.881784197001252e-16	-1.3714883429214615e-05	-7.529344909951163e-05	-6.800393624989133e-06	0.00010822163739021562	9.710485324004289e-07	6.292739688440463e-06	1.888749322838307e-06
5941.667724609375	8.881784197001252e-16	-1.3710066778036931e-05	0.0	-1.3710066384435335e-05	-7.556102894756833e-05	-6.800072700132943e-06	0.00010822932564469312	8.257954550182264e-07	7.967297964484032e-06	1.8784388092737945e-06
5981.67626953125	-8.881784197001252e-16	3.801013819671054e-05	-8.881784197001252e-16	3.8010131994460985e-05	-7.584166043184126e-05	-6.855092159364024e-06	0.00010782004047804605	-3.9832474732625106e-05	0.00018426432001650284	0.00019418047732313494
6021.760986328125	-8.881784197001252e-16	8.95303896292398e-05	0.0	8.953038992128095e-05	-7.610225346788013e-05	-6.648082313508109e-06	0.00010576392671168833	1.9029760272591732e-06	-1.823172629578096e-05	-7.582798288229442e-07
6061.893310546875	0.0	8.951409752773548e-05	8.881784197001252e-16	8.951409794183313e-05	-7.636071197580918e-05	-6.781912060109012e-06	0.00010589380203107623	2.449760481875555e-06	2.1545800086286704e-06	-4.4434951739591906e-07
6101.926513671875	0.0	8.952015814473454e-05	-8.881784197001252e-16	8.952015859534921e-05	-7.662734362590129e-05	-6.798852755544372e-06	0.00010595740929275621	2.1027236769342563e-06	4.933256446015832e-06	-4.4869688513238e-07
6142.943603515625	0.0	8.952000736312336e-05	0.0	8.952000781923587e-05	-7.689497342511231e-05	-6.80146647649276e-06	0.00010601186475334146	2.0453621384204456e-06	5.368798952964937e-06	-4.4906702744277964e-07
6183.397216796875	8.881784197001252e-16	8.951884281671498e-05	-8.881784197001252e-16	8.951884327356203e-05	-7.716280016012433e-05	-6.8018427244103335e-06	0.00010606483143238421	2.0347835050562457e-06	5.434971232176622e-06	-4.490097435075065e-07
6223.589111328125	0.0	8.951752902468528e-05	8.881784197001252e-16	8.951752948152841e-05	-7.743070044696765e-05	-6.801872706814764e-06	0.00010611750600553194	2.0314444753855146e-06	5.4439441985465464e-06	-4.4889615103948647e-07
6263.810302734375	-8.881784197001252e-16	4.658157457162043e-05	8.881784197001252e-16	4.658157877829556e-05	-7.77090357289012e-05	-6.912034033549868e-06	0.0001078437213957173	7.841325127648754e-05	-2.2484885967344326e-05	-4.367020489870498e-06
6304.665771484375	0.0	4.667017698204923e-05	0.0	4.667018121391048e-05	-7.798260512892341e-05	-6.946483539996398e-06	0.00011091085398540201	7.603201294974861e-05	-2.1810767728780434e-05	-4.4941499008053454e-06
6345.67138671875	-8.881784197001252e-16	4.6665772195272204e-05	0.0	4.666577643917337e-05	-7.825700787655876e-05	-6.953359797648895e-06	0.00011396748939507262	7.586072033669398e-05	-2.0666519568557362e-05	-4.494553516739532e-06
6385.363037109375	0.0	4.665865128159588e-05	0.0	4.665865552667304e-05	-7.853183726069801e-05	-6.954261784839393e-06	0.00011702035675131839	7.582865361254373e-05	-2.048195080117665e-05	-4.49419079677041e-06
6427.09326171875	8.881784197001252e-16	3.305155551940469e-05	0.0	3.3051559347367536e-05	-7.880187750153311e-05	-6.895131168988981e-06	0.0001200693758445226	7.457894199175473e-05	-2.0414682802893935e-05	-3.696914230007435e-06
6465.9970703125	0.0	8.353563178825783e-07	8.881784197001252e-16	8.353566331070495e-07	-7.906348585162704e-05	-6.841284104767112e-06	0.00012002279271694505	-3.838474032098501e-06	1.6144531649331384e-05	-1.7839798461376164e-07
6506.302734375	0.0	8.128475235725861e-07	8.881784197001252e-16	8.12847739306807e-07	-7.933360247047716e-05	-6.79840602550321e-06	0.00011984123382458023	-3.3031262199640964e-06	8.783100350129303e-06	-1.7489184214057794e-07
6546.921630859375	-8.881784197001252e-16	8.102704015773397e-07	0.0	8.102706034214212e-07	-7.960173536059045e-05	-6.790938483200427e-06	0.0001196762076789426	-3.230157405498858e-06	7.265077167417644e-06	-1.7901161009755226e-07
6586.735107421875	8.881784197001252e-16	1.014167664656396e-06	0.0	1.0141682312587093e-06	-7.985593699277871e-05	-6.748839432241046e-06	0.00011955391561802031	3.130821177196114e-06	6.673236305765329e-06	-2.200591443730848e-07
6626.9541015625	0.0	9.648284726674173e-07	8.881784197001252e-16	9.64829728360264e-07	-8.012053670203301e-05	-6.723604114041753e-06	0.00011938405716183098	1.2851665621001526e-05	7.81515006842426e-06	-9.591267126772314e-07
6666.83935546875	0.0	1.089426810294987e-06	-8.881784197001252e-16	1.0894274177680877e-06	-8.037581592024168e-05	-6.728359639955212e-06	0.0001192600164996449	4.831455205291171e-06	6.20450191934907e-06	-1.328192611634363e-07
6706.9521484375	-8.881784197001252e-16	9.624660604410556e-07	1.7763568394002505e-15	9.624672989676372e-07	-8.064973002053222e-05	-6.7227179887979165e-06	0.0001190563870334671	1.2767946596041746e-05	7.55816140252108e-06	-9.461600354187383e-07
6747.114013671875	8.881784197001252e-16	1.0539986473475915e-06	1.7763568394002505e-15	1.053999210433832e-06	-8.090854274467318e-05	-6.735481319000939e-06	0.00011891966828159184	3.971699502032983e-06	6.515567053000382e-06	-1.406075647856095e-07
6787.609619140625	-8.881784197001252e-16	8.153095267017299e-07	8.881784197001252e-16	8.153091228071333e-07	-8.117677382379895e-05	-6.791918815397682e-06	0.00011874912002429738	-1.2802115292434925e-05	6.037560249971818e-06	3.03535069217775e-07
6827.954345703125	0.0	9.839759495242468e-07	-8.881784197001252e-16	9.839774415853483e-07	-8.144293766321198e-05	-6.711399706489179e-06	0.00011857100271761567	1.6619020481735172e-05	8.440699740042135e-06	-1.1149203946985652e-06
6868.96533203125	0.0	8.095433715831246e-07	0.0	8.095433263456041e-07	-8.17177404446312e-05	-6.788498613994195e-06	0.00011837878563003557	-7.276408768777459e-06	7.180858866639994e-06	1.6433072822185833e-08
6909.927001953125	0.0	8.241501197819567e-07	8.881784197001252e-16	8.241498341302172e-07	-8.197022995304337e-05	-6.7840176834774586e-06	0.00011826311877172202	-9.667399733444173e-06	5.97972922378176e-06	2.604149414851244e-07
6951.257568359375	8.881784197001252e-16	8.086628115110201e-07	-1.7763568394002505e-15	8.086626850225469e-07	-8.224750001062375e-05	-6.80374075694151e-06	0.0001180546209544886	-1.053324236483373e-05	7.787294324934635e-06	1.0318279777553303e-08
6991.5107421875	0.0	8.190447278038102e-07	-8.881784197001252e-16	8.190446624883759e-07	-8.250816381227821e-05	-6.7864335926908365e-06	0.00011790353203533499	-7.277336146841378e-06	7.715688617793148e-06	7.225105486702506e-08
7032.590576171875	0.0	8.285952706746311e-07	0.0	8.285953907268038e-07	-8.278020351859539e-05	-6.047541833433704e-06	0.00011770719718917633	-6.8250326003580785e-06	9.666568037580703e-06	-1.353431019301902e-07
7072.9765625	8.881784197001252e-16	8.07809768951889e-07	0.0	8.078096693862438e-07	-8.30408147809436e-05	-6.790944819888974e-06	0.00011756401070250888	-8.147300616516074e-06	7.184534372761675e-06	5.46183313372823e-08
7113.959716796875	8.881784197001252e-16	8.208301791586926e-07	-8.881784197001252e-16	8.208299026164808e-07	-8.329737627921219e-05	-6.785450028245933e-06	0.00011743365553495977	-9.984348298071507e-06	6.993919709152863e-06	2.485308452325325e-07
7154.27978515625	-8.881784197001252e-16	9.783290895110166e-07	0.0	9.783305201336978e-07	-8.356423948452374e-05	-6.71542923460946e-06	0.00011725714303523205	1.5581975416482054e-05	8.475465046231534e-06	-1.0723546298580585e-06
7194.84130859375	0.0	1.1051921891177458e-06	0.0	1.1051928848590007e-06	-8.382062824896508e-05	-6.723308355922616e-06	0.00011713344853525598	6.4496854221588374e-06	6.340530382509257e-06	-1.7074555028485048e-07
7234.769775390625	-8.881784197001252e-16	1.08922647645299e-06	0.0	1.0892274032666096e-06	-8.409349510962727e-05	-6.724773775137669e-06	0.00011693748314556274	9.502297044588262e-06	7.697263703754231e-06	-3.5358710785621036e-07
7275.827392578125	0.0	9.581073251331752e-07	8.881784197001252e-16	9.581085280414942e-07	-8.436196738159651e-05	-6.727297520428821e-06	0.00011675487575413257	1.1903195419115502e-05	8.946142648014188e-06	-8.998797549743912e-07
7315.428466796875	-8.881784197001252e-16	8.129898910021132e-07	0.0	8.12989793453772e-07	-8.462967630862295e-05	-6.788734832709715e-06	0.00011658912046463854	-7.830078592214266e-06	7.906574904126273e-06	8.101782882126761e-08
7355.750244140625	8.881784197001252e-16	8.103463727599448e-07	0.0	8.103460392519003e-07	-8.48894295097935e-05	-6.113474916216878e-06	0.00011645036148077992	-1.1131767180050748e-05	6.716038459586571e-06	2.4541497269768644e-07
7395.84814453125	0.0	1.0792599087531146e-06	0.0	1.07926079278099e-06	-8.51544198390286e-05	-6.728923231835561e-06	0.00011628135617414159	8.582876640139878e-06	7.925025474087022e-06	-3.383785318853585e-07
7436.303955078125	8.881784197001252e-16	8.109713457304996e-07	0.0	8.109711449570446e-07	-8.542607587536111e-05	-6.800943053716032e-06	0.00011609420435299	-1.1374080861794558e-05	7.6077619279857345e-06	7.769222304336302e-08
7476.84716796875	0.0	8.119430523280163e-07	0.0	8.119428915227647e-07	-8.568910071282687e-05	-6.789603103840675e-06	0.00011593987967639663	-8.796429312255986e-06	7.430165421595802e-06	1.225212240271202e-07
7517.18310546875	0.0	8.197563899671137e-07	0.0	8.197561229754176e-07	-8.595009388656649e-05	-6.786417188014726e-06	0.00011579437057207542	-9.891723355983587e-06	6.662522736178289e-06	2.3224492701863994e-07
7557.696533203125	-8.881784197001252e-16	9.972062782181255e-07	0.0	9.972066261895266e-07	-8.620749638943437e-05	-6.7394165043247846e-06	0.00011565941538016489	1.557617413080326e-06	6.0242485631079035e-06	8.383293462042207e-08
7597.901123046875	8.881784197001252e-16	8.055258574468794e-07	1.7763568394002505e-15	8.055257079104015e-07	-8.648798824673065e-05	-6.792593717948816e-06	0.00011543535437752439	-8.847731877757622e-06	6.95845107845372e-06	8.771267655635052e-08
7638.27880859375	0.0	2.055809321702174e-07	8.881784197001252e-16	2.0558211430507894e-07	-8.674959269150406e-05	-6.693325063360769e-06	0.00011528269531169144	1.0739765059094706e-05	6.980602353934273e-06	-1.7993953585974104e-06
7678.53759765625	8.881784197001252e-16	9.925053447160426e-07	0.0	9.92505436132031e-07	-8.699903047038049e-05	-6.746250365670202e-06	0.00011518539354415935	-3.311749386694416e-06	6.6250812853496654e-06	2.577952528834954e-07
7719.31689453125	0.0	8.367165226908605e-07	0.0	8.367161643440646e-07	-8.727306825484504e-05	-6.786795944031646e-06	0.000114988946878114	-1.1917517819265088e-05	5.470523684714124e-06	3.069221904772027e-07
7759.67041015625	8.881784197001252e-16	9.227611105527148e-07	-8.881784197001252e-16	9.227612515592759e-07	-8.754026350921151e-05	-6.7630283862290374e-06	0.00011481512734778931	-2.9389744851523497e-06	6.205718578122799e-06	7.819695951987082e-08
7801.02294921875	-8.881784197001252e-16	9.54467236053967e-07	-8.881784197001252e-16	9.54467343639372e-07	-8.780110742634406e-05	-6.755936336948419e-06	0.00011466789440284231	-3.615258722558745e-06	6.742839069318052e-06	1.66565055480598e-07
7840.9638671875	0.0	9.768171312353137e-07	-8.881784197001252e-16	9.768182808712042e-07	-8.806683694828621e-05	-6.7150262178538446e-06	0.00011449947531616544	1.213412160044188e-05	6.282409764857277e-06	-8.776544498938316e-07
7881.66650390625	0.0	8.143433511979475e-07	8.881784197001252e-16	8.143432669109979e-07	-8.834750775932321e-05	-6.088900863947757e-06	0.00011427621835835566	-8.63238214922544e-06	6.438159837252044e-06	2.5325221777375424e-09
7921.385498046875	0.0	8.139558704735728e-07	8.881784197001252e-16	8.139558109894146e-07	-8.861426042550136e-05	-6.106699223334132e-06	0.00011410897279962029	-8.85517175653327e-06	7.673763424698166e-06	-1.7698716886696133e-08
7961.70361328125	0.0	-1.8472716524299853e-08	-8.881784197001252e-16	-1.847085240328346e-08	-8.88748507090753e-05	-6.653370025798321e-06	0.00011396414005648836	2.0117975904855514e-05	7.729622023333604e-06	-2.682907734015668e-06
8001.57861328125	8.881784197001252e-16	1.1132520626565502e-06	0.0	1.113252773632352e-06	-8.912954264062023e-05	-6.723071568632536e-06	0.0001138523532375757	6.676213924239681e-06	6.228953144393756e-06	-1.7610606262897434e-07
8042.77783203125	8.881784197001252e-16	1.1132892620948078e-06	0.0	1.113290262678978e-06	-8.940188020822859e-05	-6.719714513343277e-06	0.00011365918991845803	1.0820947423366327e-05	7.787356766542075e-06	-3.7531921099218956e-07
8082.532470703125	1.7763568394002505e-15	8.54765372162676e-07	0.0	8.5476502281719e-07	-8.966351053807387e-05	-6.780471811657719e-06	0.00011352308882361939	-1.1199746480559633e-05	5.576783031813193e-06	3.5111343887923984e-07
8123.473876953125	0.0	8.05530911452768e-07	8.881784197001252e-16	8.055306975509468e-07	-8.99435195691467e-05	-6.801671643896502e-06	0.0001133005955162858	-1.0968002658498358e-05	5.74690807297884e-06	6.744484510705189e-08
8163.78466796875	-8.881784197001252e-16	9.263283294314133e-07	8.881784197001252e-16	9.263279976619235e-07	-9.018678534200575e-05	-6.7454254378709494e-06	0.00011324561391035104	-7.482704510012051e-06	3.86199890467509e-06	5.881716681323695e-07
8204.985107421875	0.0	8.093485340405676e-07	0.0	8.093484603492509e-07	-9.048243765885644e-05	-6.800098261247775e-06	0.00011295192588001157	-9.165929938105636e-06	7.528331567030477e-06	-8.946852262344712e-09
8244.46435546875	0.0	9.650051655083617e-07	1.7763568394002505e-15	9.650063856449714e-07	-9.07395886935447e-05	-6.721727658351183e-06	0.00011281918224259613	1.2827604605539405e-05	6.184693052802004e-06	-9.46571948189007e-07
8285.166259765625	8.881784197001252e-16	8.114981566782576e-07	0.0	8.114978873183598e-07	-9.100759297542282e-05	-6.791095568734516e-06	0.00011265488278056068	-1.032099568301068e-05	7.2815479148502504e-06	2.0734756795759476e-07
8325.304443359375	0.0	8.153170007609606e-07	8.881784197001252e-16	8.153167907615177e-07	-9.127678740394884e-05	-6.8049311877102545e-06	0.00011246732715797236	-1.2369450040598246e-05	8.44790185716704e-06	7.325521514329306e-08
8365.662109375	0.0	8.201664475193044e-07	0.0	8.201663216982715e-07	-9.153944858208973e-05	-6.786962595919315e-06	0.00011231564750957546	-8.04432621341479e-06	7.270769602385485e-06	1.1820200513450675e-07
8405.94189453125	0.0	8.176106496321381e-07	8.881784197001252e-16	8.176103155815246e-07	-9.180469751957077e-05	-6.801852735926239e-06	0.00011215572329792423	-1.338673395457602e-05	7.080626148514568e-06	1.798183003838521e-07
8446.110107421875	0.0	1.1272736255634289e-06	0.0	1.1272746775320402e-06	-9.20655017946359e-05	-6.715889140658984e-06	0.000112006217891647	1.175589729322829e-05	8.602731468521085e-06	-3.8094874154078333e-07
8486.175048828125	0.0	1.1166341245649957e-06	0.0	1.1166350936928558e-06	-9.233159493859944e-05	-6.719956388198786e-06	0.00011184625893623235	1.0457546059680151e-05	7.4847449047510395e-06	-3.5171916608792786e-07
8526.566650390625	8.881784197001252e-16	8.276105478542833e-07	0.0	8.276105032240934e-07	-9.260389985854545e-05	-6.7826751127138444e-06	0.00011166164717657523	-6.38538633408053e-06	6.210070531587064e-06	7.256372450079779e-08
8567.31494140625	0.0	9.134664368971018e-07	8.881784197001252e-16	9.134668630626089e-07	-9.287207467956193e-05	-6.76149105255326e-06	0.00011148447416697849	1.175756181150326e-06	8.752088636931887e-06	-1.1996007037247142e-07
8608.077392578125	0.0	8.249476594838649e-07	8.881784197001252e-16	8.249471447371208e-07	-9.313042370884261e-05	-6.79800526447227e-06	0.00011135593989486381	-1.5644254333728524e-05	6.9498058827832665e-06	3.640904341605361e-07
8647.8857421875	0.0	8.362290920279878e-07	0.0	8.362286313379267e-07	-9.339255712070837e-05	-6.785149440475381e-06	0.00011121098678135155	-1.2555053684647455e-05	4.205080859520649e-06	3.8951359295966705e-07
8688.27880859375	-8.881784197001252e-16	1.06167198191082e-06	8.881784197001252e-16	1.0616727909473476e-06	-9.366571436153492e-05	-6.732625909276326e-06	0.00011100416911524746	7.681918148143987e-06	7.311499180318037e-06	-3.0769937318615273e-07
8728.27685546875	1.7763568394002505e-15	8.115355352037048e-07	8.881784197001252e-16	8.115354508678334e-07	-9.393898734622042e-05	-6.26792475803844e-06	0.00011080911954230999	-8.969571668454465e-06	7.5654996836149735e-06	1.7594039269924348e-08
8768.177001953125	-8.881784197001252e-16	9.497366339894304e-07	0.0	9.49737123445065e-07	-9.419944352018206e-05	-6.752096463729231e-06	0.00011066722355046466	2.743281138278205e-06	7.665290685743287e-06	-1.0823074022116559e-07
8809.654052734375	-8.881784197001252e-16	9.998617628040678e-07	8.881784197001252e-16	9.99862323506239e-07	-9.446107258703762e-05	-6.736763338105759e-06	0.00011052665320399058	4.97598010178686e-06	7.313466472425034e-06	-5.1121349269399855e-08
8849.37109375	0.0	9.850257262407302e-07	0.0	9.85027160439886e-07	-9.473193672526747e-05	-6.715520205522624e-06	0.0001103436952920589	1.5892305953672556e-05	7.127480538215991e-06	-1.0948900449594052e-06
8890.695556640625	8.881784197001252e-16	8.58798789687614e-07	-8.881784197001252e-16	8.587984193193621e-07	-9.499200480433956e-05	-6.7792717686982666e-06	0.00011021932934784928	-1.1263197994545281e-05	5.389797193444679e-06	3.7997907160157144e-07
8930.02392578125	0.0	8.102868367101902e-07	0.0	8.102867350874555e-07	-9.527338172254929e-05	-6.792625952611472e-06	0.0001099832616482388	-8.24072804200066e-06	6.987175236616849e-06	5.1449124963092164e-08
8970.357666015625	-8.881784197001252e-16	8.224362714846242e-07	8.881784197001252e-16	8.2243597774424e-07	-9.553242380633264e-05	-6.787302222291034e-06	0.00010985386236850303	-1.021868419886085e-05	6.883268184765257e-06	2.601142138980208e-07
9010.545166015625	-8.881784197001252e-16	8.122508306104728e-07	1.7763568394002505e-15	8.122507192961067e-07	-9.580764412042697e-05	-6.804215178807469e-06	0.00010965159661058266	-1.0237931821086458e-05	8.060324648617723e-06	5.5262097721984696e-09
9051.421142578125	0.0	-3.145594323536548e-08	8.881784197001252e-16	-3.145441497752889e-08	-9.606203152223713e-05	-6.653270097250379e-06	0.0001095412515139671	1.5964533948987718e-05	6.183528618919354e-06	-2.440780850947505e-06
9091.6240234375	0.0	8.688161488834901e-07	0.0	8.688159224739811e-07	-9.632505947188008e-05	-6.7676160106241155e-06	0.00010939874963966645	-7.963063403643494e-06	6.075039525654802e-06	3.452436469095239e-07
9132.200439453125	8.881784197001252e-16	8.074759848204267e-07	0.0	8.074757692321894e-07	-9.660397831190437e-05	-6.794354513096219e-06	0.00010917911841623607	-9.751557350629418e-06	6.658331716202781e-06	1.3587888429759002e-07
9172.899169921875	8.881784197001252e-16	8.170214292323505e-07	-8.881784197001252e-16	8.170211838464797e-07	-9.68688438689469e-05	-6.051220032081443e-06	0.00010901664084261853	-1.0258585378911311e-05	6.782783023240313e-06	1.517009477936891e-07
9213.247314453125	8.881784197001252e-16	8.922703557893487e-07	8.881784197001252e-16	8.922705807286478e-07	-9.713214430107087e-05	-6.758903444226909e-06	0.00010886519708019904	-7.290017823337033e-07	7.101013019372715e-06	4.9213114155262035e-08
9253.77783203125	8.881784197001252e-16	9.799229979776662e-07	-8.881784197001252e-16	9.799241792873723e-07	-9.73947904920891e-05	-6.71596951953739e-06	0.00010872133410799734	1.2559269017581592e-05	6.609120956291292e-06	-8.957723999899523e-07
9294.1357421875	-8.881784197001252e-16	8.441824117958192e-07	-8.881784197001252e-16	8.441822247252583e-07	-9.766527755949994e-05	-6.781494758460912e-06	0.00010854505295121442	-8.603129907259709e-06	5.684974066610948e-06	2.0721251280153666e-07
9334.800537109375	8.881784197001252e-16	8.110344377843396e-07	0.0	8.110343454015303e-07	-9.794159552001247e-05	-6.803024745959775e-06	0.00010833730705961386	-9.6695642142397e-06	7.87002827529193e-06	-6.834522402604508e-11
9375.353515625	0.0	9.466623686082163e-07	8.881784197001252e-16	9.466628280222014e-07	-9.820188034304067e-05	-6.751862790514467e-06	0.00010819762642100272	2.616076433413451e-06	6.866466743638e-06	-9.513607311182618e-08
9415.608154296875	0.0	9.736009476698716e-07	8.881784197001252e-16	9.736022886316927e-07	-9.846879127550778e-05	-6.720528624757694e-06	0.00010803021269012447	1.4352594023138195e-05	7.634664688893622e-06	-1.0175832836958948e-06
9456.78173828125	8.881784197001252e-16	8.214628984139687e-07	0.0	8.214627753062954e-07	-9.873769216284245e-05	-6.786588641516921e-06	0.00010786080148328381	-7.765437088472835e-06	7.440891836019148e-06	1.2571936031450352e-07
9497.536376953125	0.0	8.221071270577072e-07	8.881784197001252e-16	8.221068687197826e-07	-9.900251253824877e-05	-6.788918585470171e-06	0.00010770708266516493	-9.861789280413985e-06	6.585787029500523e-06	2.196158749137052e-07
9537.728515625	0.0	1.2966103465885735e-07	1.7763568394002505e-15	1.2966225094643403e-07	-9.926829337203458e-05	-6.682919292290931e-06	0.00010754503786891689	1.1326562859913263e-05	6.446178407948366e-06	-1.948886819550434e-06
9578.64697265625	-8.881784197001252e-16	2.438393138835313e-07	0.0	2.438405195717987e-07	-9.954186366556428e-05	-6.7054868745501445e-06	0.00010734807294010551	1.0156720544917605e-05	7.905160580357062e-06	-1.7805894465711242e-06
9618.628173828125	0.0	8.238382747483391e-07	8.881784197001252e-16	8.238382680616508e-07	-9.981228246047635e-05	-6.0406569535912075e-06	0.00010717096146883875	-8.1199539374558e-06	7.2890584723595e-06	-7.027520303691231e-08
9658.861572265625	8.881784197001252e-16	8.69640775236331e-07	8.881784197001252e-16	8.696402511495313e-07	-0.00010005887351738352	-6.776946852529858e-06	0.00010710634268118469	-1.3695887663696432e-05	6.0841767854924456e-06	5.356883104335272e-07
9699.02490234375	8.881784197001252e-16	-1.0508199185626219e-07	0.0	-1.0507987210508533e-07	-0.00010033934554165569	-6.636285779109541e-06	0.00010686349146471485	2.404585882699422e-05	7.358467690288251e-06	-3.020409055102359e-06
9739.55908203125	-8.881784197001252e-16	8.218168487168624e-07	0.0	8.218167705997648e-07	-0.00010060720149240865	-6.7875948939671795e-06	0.00010670230859233243	-7.341147179867496e-06	7.947424667698044e-06	8.974671465473037e-08
9779.908203125	-8.881784197001252e-16	8.256018496894571e-07	8.881784197001252e-16	8.256019590680309e-07	-0.00010087991419638342	-6.076948022455392e-06	0.00010650386177957216	-6.772967676895815e-06	9.33536891611908e-06	-1.283601530277929e-07
9820.393798828125	0.0	8.825364646333971e-07	8.881784197001252e-16	8.82536274618374e-07	-0.00010113254727883714	-6.774971857678665e-06	0.00010641818364032218	-8.629258263595619e-06	5.912921769990476e-06	2.7329055789136373e-07
9861.137939453125	-8.881784197001252e-16	8.246615588196962e-07	0.0	8.246610905677158e-07	-0.00010140016524928797	-6.789355707885933e-06	0.00010625613773740383	-1.2547344415695112e-05	4.657746274006058e-06	3.7662433444638096e-07
9901.19287109375	-8.881784197001252e-16	8.106379151590656e-07	0.0	8.106376619992085e-07	-0.00010167640105507303	-6.802691545975068e-06	0.00010604278734938077	-1.1621958304693513e-05	6.35630955780897e-06	1.0639156380873652e-07
9941.71240234375	0.0	8.224362323561872e-07	0.0	8.224359400738202e-07	-0.00010193860957308232	-6.7882063615017e-06	0.00010590130925614005	-1.0230613430765965e-05	6.662407175284102e-06	2.5314206169045866e-07
9982.020263671875	0.0	9.452982643466895e-07	8.881784197001252e-16	9.452993119301885e-07	-0.00010221063076798487	-6.739127453619984e-06	0.00010570724347669369	9.589869760275187e-06	9.022698622018765e-06	-7.838812066601925e-07
10022.12158203125	-8.881784197001252e-16	2.565044836785672e-07	-8.881784197001252e-16	2.5650565126467737e-07	-0.00010247908353555601	-6.709100160839782e-06	0.0001055407460812674	9.554797191004158e-06	7.600212915015447e-06	-1.7408760894776458e-06
10062.063720703125	0.0	8.200478378734292e-07	0.0	8.200476104608788e-07	-0.00010274334717585987	-6.791114894713765e-06	0.00010539753326721524	-9.596471497661433e-06	5.957760947694624e-06	1.742011034193808e-07
10102.6533203125	8.881784197001252e-16	1.0948027420098636e-06	0.0	1.0948033666217222e-06	-0.0001030045037051508	-6.731232321652537e-06	0.00010526061248583574	5.064727350438111e-06	5.946757873687147e-06	-1.4953671208832096e-07
10143.159423828125	8.881784197001252e-16	-1.3996878993128435e-07	0.0	-1.3996654288804952e-07	-0.00010328012385230068	-6.629823347980847e-06	0.00010504597874838595	2.574865684820919e-05	7.6108746442926645e-06	-3.1764326587733405e-06
10183.140380859375	8.881784197001252e-16	1.0062371866002488e-06	0.0	1.006237887067432e-06	-0.00010354808442336605	-6.746595744597602e-06	0.00010488089027749226	5.470366120977074e-06	9.49308897535417e-06	-2.7348540232652744e-07
10224.5556640625	8.881784197001252e-16	8.120050313197114e-07	0.0	8.120049005864605e-07	-0.00010381964138694855	-6.808525774591333e-06	0.00010470551067598421	-1.0726424685942558e-05	7.148151434321903e-06	-7.210057205988981e-09
10265.576171875	0.0	9.39910564076631e-07	8.881784197001252e-16	9.399110474182232e-07	-0.00010408265110761761	-6.75560993947418e-06	0.00010455595381753113	2.512159010871008e-06	8.729503275795025e-06	-1.1217994145839876e-07
10305.7236328125	0.0	9.165315679123888e-07	8.881784197001252e-16	9.165316091098862e-07	-0.00010434062740216632	-6.752329593137601e-06	0.00010444463036485274	-2.831483429764779e-06	5.45999281698073e-06	2.4121299308502043e-07
10346.305419921875	0.0	8.085367540494436e-07	0.0	8.085366020512502e-07	-0.00010462280758716247	-6.807719990499088e-06	0.00010420846153547103	-1.078860278613718e-05	6.373916041191308e-06	3.3744867177373155e-09
10387.088134765625	0.0	9.389344628670342e-07	-1.7763568394002505e-15	9.389349440328137e-07	-0.00010488632764449335	-6.756130867011195e-06	0.00010405631201315657	2.4502052086287247e-06	8.743332731597775e-06	-1.1305717136365172e-07
10428.17236328125	8.881784197001252e-16	9.170596570705648e-07	8.881784197001252e-16	9.170597045010462e-07	-0.00010514439749620408	-6.752012069244798e-06	0.0001039451004034575	-2.7019190317860047e-06	5.4733463006328975e-06	2.3883716700472695e-07
10468.9833984375	8.881784197001252e-16	8.085855409416848e-07	0.0	8.085853888899939e-07	-0.0001054264847830666	-6.80782800832202e-06	0.00010370905414891496	-1.0786335821388518e-05	6.35609750876398e-06	3.042236714686952e-09
10510.10986328125	8.881784197001252e-16	9.371052736699948e-07	8.881784197001252e-16	9.371057509815145e-07	-0.00010569025344864258	-6.756805164440039e-06	0.00010355611528733988	2.35549853865017e-06	8.759898430632518e-06	-1.1420225198710855e-07
10549.978759765625	0.0	9.17131719610312e-07	0.0	9.171317605797045e-07	-0.00010594828748367036	-6.752392447072629e-06	0.00010344590434563372	-2.824070690327111e-06	5.447544764614065e-06	2.4227168815443305e-07
10590.336669921875	8.881784197001252e-16	8.085622536247777e-07	0.0	8.085621031294825e-07	-0.00010623037031187721	-6.80780413038643e-06	0.00010320938316610295	-1.0740945397716969e-05	6.333435276673072e-06	2.2431104031667496e-09
10631.0634765625	8.881784197001252e-16	9.519312444049129e-07	0.0	9.519317501600174e-07	-0.0001064932984871092	-6.752407009840669e-06	0.00010306123015446644	3.0626404684185884e-06	8.665132355645255e-06	-1.0642382174685549e-07
10671.119140625	8.881784197001252e-16	9.144943707348526e-07	8.881784197001252e-16	9.144943959796444e-07	-0.00010675268645243818	-6.754144648306476e-06	0.000102945095272311	-3.206752255554131e-06	5.397196599865595e-06	2.421125761684664e-07
10712.290283203125	0.0	8.094236060076373e-07	0.0	8.094234628011402e-07	-0.00010703447986770698	-6.807941692666759e-06	0.00010270965711800528	-1.0671952010059938e-05	6.518840856450936e-06	-1.3730078902818878e-09
10751.71484375	-8.881784197001252e-16	9.590733749035244e-07	0.0	9.590738993475867e-07	-0.00010729685708277259	-6.7502984272928564e-06	0.00010256506716821434	3.501887419826163e-06	8.58510810086699e-06	-1.0416201554248459e-07
10793.297607421875	8.881784197001252e-16	9.122140631130694e-07	8.881784197001252e-16	9.12214074215832e-07	-0.00010755720870569974	-6.755755040013523e-06	0.00010244478954302139	-3.5504365518648567e-06	5.3536320452352015e-06	2.4204284708481285e-07
10833.572021484375	8.881784197001252e-16	8.100498674994505e-07	-8.881784197001252e-16	8.100497364131615e-07	-0.0001078388048281198	-6.807646280437596e-06	0.0001022098350063061	-1.0467955796784988e-05	6.685264428263338e-06	-6.2814241992154305e-09
10875.364501953125	0.0	8.218684477858283e-07	-8.881784197001252e-16	8.218685591676844e-07	-0.00010810719167864136	-6.789939872226013e-06	0.00010203622183535543	-4.917521723311885e-06	8.443733783281004e-06	-7.475636338117666e-08
10914.70751953125	0.0	8.164674865831769e-07	1.7763568394002505e-15	8.164674241159021e-07	-0.00010837228030702306	-6.791193207753537e-06	0.00010188669936628258	-7.229657928417572e-06	7.997641419343893e-06	5.274393953381765e-08
10956.417724609375	8.881784197001252e-16	8.150801270438734e-07	8.881784197001252e-16	8.150799523126469e-07	-0.0001086393799099028	-6.099279279054015e-06	0.00010172582387024676	-9.23267537735799e-06	7.0867213155523245e-06	1.0451896472632897e-07
10996.75	8.881784197001252e-16	8.230269772537897e-07	0.0	8.23026725491854e-07	-0.00010890348618097789	-6.789539941685508e-06	0.0001015810497850822	-9.757411496965322e-06	6.933922295004891e-06	2.2025778329557995e-07
11037.193359375	0.0	9.792616820917985e-07	8.881784197001252e-16	9.792617769063963e-07	-0.00010916416989914524	-6.753880586613211e-06	0.00010145563442698347	-2.9905245404203326e-06	5.074523205195192e-06	2.0066699497570666e-07
11077.561767578125	0.0	1.0980319588429494e-06	8.881784197001252e-16	1.0980327920789198e-06	-0.00010943801356511074	-6.7291564019679295e-06	0.00010125558551621339	8.28009275100343e-06	5.837956877918771e-06	-3.072922311591776e-07
11117.9599609375	0.0	9.347865408130884e-07	0.0	9.347869236978661e-07	-0.00010970947297295197	-6.760373304716077e-06	0.00010107042366325203	9.034606949641577e-07	7.43904739319845e-06	-7.054195444009814e-08
11158.802978515625	0.0	8.125498094489503e-07	0.0	8.125497218875124e-07	-0.00010998291350006184	-6.803534028777058e-06	0.00010088110496475622	-9.418419586647548e-06	7.53479787363176e-06	-1.5690829426120114e-09
11198.677001953125	0.0	8.193964576735486e-07	8.881784197001252e-16	8.193964960154028e-07	-0.00011025074264026102	-6.105369014450431e-06	0.00010070005147344574	-7.734632223339626e-06	8.665200179613919e-06	-8.595041196352006e-08
11239.0849609375	0.0	8.115416744366797e-07	0.0	8.115414726356017e-07	-0.000110516617823464	-6.809342738951541e-06	0.00010055419794596787	-1.1796420276741699e-05	6.63399791367425e-06	3.606927138143297e-08
11279.4990234375	0.0	1.0460038328177785e-06	-8.881784197001252e-16	1.0460046316034692e-06	-0.00011078095701932966	-6.739719486701825e-06	0.0001004000345057321	7.167167868913327e-06	8.415428775165879e-06	-3.1398364381160075e-07
11319.67626953125	-8.881784197001252e-16	8.127747271962643e-07	8.881784197001252e-16	8.127744183683549e-07	-0.00011104803378714223	-6.793717937645159e-06	0.00010024825746057786	-1.0808849721573261e-05	6.881913314771282e-06	2.3084513286760325e-07
11359.68603515625	0.0	9.687392230940707e-07	0.0	9.687402694286355e-07	-0.00011131037592093662	-6.7224492352724975e-06	0.00010010619185063518	1.062111877122229e-05	6.2068656498937e-06	-8.005571834758913e-07
11401.07275390625	1.7763568394002505e-15	8.320192619135542e-07	-8.881784197001252e-16	8.320189637984407e-07	-0.00011158187456317137	-6.039741713386056e-06	9.99234072587285e-05	-1.1069053424755238e-05	5.658084369031258e-06	2.121386094028849e-07
11440.566650390625	1.7763568394002505e-15	1.061191061237031e-06	0.0	1.0611918600288442e-06	-0.0001118511722211224	-6.73671742886394e-06	9.97491411558471e-05	7.429755561139977e-06	7.322496363038056e-06	-3.079985882800415e-07
11481.807373046875	-8.881784197001252e-16	1.0775087814917433e-06	0.0	1.0775095989366386e-06	-0.00011211851941261841	-6.734938381057628e-06	9.958612330240868e-05	7.601862092845046e-06	7.428134631837224e-06	-3.0538736121133035e-07
11521.395263671875	0.0	9.940200973203774e-07	1.7763568394002505e-15	9.940204602268615e-07	-0.00011238673316604775	-6.756601652517041e-06	9.942327729905998e-05	3.317920781833456e-07	6.077552353822568e-06	-9.246936579072443e-08
11562.032470703125	0.0	-3.4750882213281526e-08	0.0	-3.47491995771212e-08	-0.00011265211656841245	-6.647792087450384e-06	9.926717817698716e-05	1.804276746205734e-05	6.208583750222374e-06	-2.5557527206632486e-06
11601.940185546875	-8.881784197001252e-16	8.107721006937748e-07	0.0	8.107717601494237e-07	-0.00011292594243528242	-6.807832903162888e-06	9.908028156146997e-05	-1.3277022023705334e-05	6.1257590964203246e-06	1.517738459536601e-07
11642.650146484375	-8.881784197001252e-16	8.075025546381926e-07	0.0	8.075023416794193e-07	-0.00011319697471989798	-6.8058974067142966e-06	9.89023060018468e-05	-1.0995737513903276e-05	5.558988160458966e-06	5.609967487549316e-08
11682.1025390625	0.0	8.421010202809655e-07	8.881784197001252e-16	8.421005686668393e-07	-0.00011345529597939219	-6.7858025874829135e-06	9.879705081772272e-05	-1.2119795236105882e-05	4.255186977886183e-06	3.9650486312861094e-07
11723.33642578125	8.881784197001252e-16	9.822590025671665e-07	-8.881784197001252e-16	9.822592335378466e-07	-0.00011372417314348127	-6.750182302405721e-06	9.862092448287285e-05	-6.712418341551359e-07	5.620114085225225e-06	1.1717122687297533e-07
11763.710693359375	8.881784197001252e-16	9.692287968461258e-07	-8.881784197001252e-16	9.692300431410943e-07	-0.00011399846522763823	-6.7260849564474984e-06	9.841991290926444e-05	1.304105177394684e-05	6.059283484738387e-06	-9.747253898366395e-07
11804.7861328125	0.0	1.114390678606911e-06	0.0	1.1143916757031126e-06	-0.00011426635553668518	-6.724232447981703e-06	9.825730450874204e-05	1.069829450608062e-05	7.873809289904443e-06	-3.7758706570834875e-07
11844.91064453125	0.0	8.626017584132618e-07	0.0	8.626013923640168e-07	-0.00011453022228558041	-6.781023882210198e-06	9.81259704335713e-05	-1.115974247727756e-05	5.171921305446858e-06	3.753661166327117e-07
11884.97900390625	0.0	-1.5743519308663627e-07	0.0	-1.5743328752415967e-07	-0.00011480018088150246	-6.6283568947205485e-06	9.794154785147668e-05	2.171859065630327e-05	6.145225103004748e-06	-2.931230093654293e-06
11925.390869140625	-1.7763568394002505e-15	8.109495495376795e-07	0.0	8.109492253991801e-07	-0.00011507550527056765	-6.807264798878235e-06	9.774775467885632e-05	-1.2951966715781368e-05	6.124622938585844e-06	1.418034810396784e-07
11965.533203125	0.0	8.237497481053957e-07	-1.7763568394002505e-15	8.237494274590864e-07	-0.00011534073863117555	-6.791232761450158e-06	9.760116068413538e-05	-1.0681894037191062e-05	6.025624878169822e-06	2.6198971820061574e-07
12005.69189453125	0.0	8.232406258778701e-07	8.881784197001252e-16	8.23240810808871e-07	-0.0001156190911952848	-6.793392826186134e-06	9.737513528751407e-05	-4.513969489303232e-06	9.274515141655115e-06	-1.4808119082934744e-07
12045.640625	-8.881784197001252e-16	-6.820221077921696e-09	-8.881784197001252e-16	-6.818309144690358e-09	-0.00011588229648396009	-6.656990898594823e-06	9.723493866697908e-05	2.077253865788707e-05	7.5757678823507035e-06	-2.7133209601012147e-06
12085.91552734375	8.881784197001252e-16	1.1210561599491428e-06	8.881784197001252e-16	1.121057193109271e-06	-0.00011614588946073923	-6.720680389022108e-06	9.709736398555435e-05	1.1463092077300905e-05	8.955675098398785e-06	-3.723573451392036e-07
12127.168701171875	8.881784197001252e-16	8.318573583267155e-07	0.0	8.318573777085093e-07	-0.00011641790822558562	-6.778911291293483e-06	9.691911150166987e-05	-4.357564677450122e-06	6.389465879053091e-06	6.143398345472932e-08
