200000.0	-1.0684608538606815	-0.8023400760835823	-3.2388207011125	0.5898047680817653	-0.04883449368069457	-0.05462569351558758
400000.0	-0.8916621024423979	-0.8018028843796898	-3.2583832314791525	1.1902757082547992	-0.0560366749419163	-0.0736341735847175
600000.0	-0.6197030166424984	-0.8043569130754166	-3.285558839960245	1.810572393118582	-0.015421610093066394	0.003766617426657413
800000.0	-0.2250097746288427	-0.8251549031257005	-3.318397085755703	2.2590700234559886	-0.07003162377421819	0.07843481095256073
1000000.0	0.2724640007826237	-0.8396720459867699	-3.381423335131437	2.4612001940210804	-0.19477456421801317	-0.05008914412790101
1200000.0	0.833099284493306	-0.8802477242458621	-3.399968672818269	2.796409039870782	-0.3076356873510577	0.04894621552540105
1400000.0	1.4804690107531249	-0.9267958462217296	-3.3572767899339446	3.5725747260858918	-0.22326711204628982	0.18076780459986655
1600000.0	2.211259498557507	-1.005689141278648	-3.345383725889226	3.7908967020507323	-0.6361971645813935	0.004019266478209896
1800000.0	3.002010609006509	-1.1403143587986504	-3.362971095619732	4.231483373064807	-0.7095154178361581	-0.17484372309045235
2000000.0	3.8702673454432346	-1.2949369573860832	-3.3487691381479854	4.482378539691523	-1.0103446295393663	-0.12006895958624712
2200000.0	4.79587705567406	-1.5187669704336633	-3.301230853415402	4.869819901818	-1.2158804005988253	0.13728618202382456
2400000.0	5.779139509383754	-1.7846588271731632	-3.276945301040321	5.138965884464525	-1.4113502375692673	-0.1238026231779279
2600000.0	6.823290681552424	-2.1328251387922768	-3.269951857239205	5.107001927051375	-2.1688301511781627	-0.1066150170477165
2800000.0	7.899094954760748	-2.553729878726775	-3.2757234650864198	5.460554405221904	-1.9749387987816134	-0.12621258556301138
3000000.0	9.024596164182334	-3.002064919622634	-3.241606621527281	5.756570655210786	-2.5747217097552313	-0.09487562891669823
3200000.0	10.168175664304266	-3.5890383365619236	-3.2899709334695593	5.959154350381399	-2.9570495228914653	-0.06133675338551667
3400000.0	11.371175695839211	-4.234855339230414	-3.315517073547402	5.931881170731537	-3.4217536794711663	-0.17834490135218967
3600000.0	12.547015198623756	-4.9603004860658135	-3.302376479705245	5.912740016469083	-4.148680794774583	0.07714629557202914
3800000.0	13.727829159696515	-5.8073516805412995	-3.3045326644932524	5.801558813951206	-4.60153895274081	-0.00536668491179273
4000000.0	14.861145702985716	-6.792601227470583	-3.3027535721341765	5.660800006851255	-4.870098243228214	0.09817601234772279
4200000.0	15.964128489465335	-7.817725752256794	-3.3174437208902803	5.545159219961284	-5.487858859659499	0.022754659646487735
4400000.0	17.00175579622742	-8.896257251610745	-3.320562433223155	4.984416638017858	-5.819228172064027	0.13776590791080626
4600000.0	17.965381515935775	-10.099439736208444	-3.312539854530016	4.494356600338817	-6.2575786046975495	0.04483994649418296
4800000.0	18.856964160368552	-11.362613554306733	-3.3011882119817044	4.417818783201575	-6.488018141557695	0.031185617159929076
5000000.0	19.672036514871596	-12.723706637459186	-3.3072955893832674	3.806417380905111	-6.7051872990546	0.026037808109697108
5200000.0	20.386313592944347	-14.10830724903297	-3.227165762853475	3.4646167650344575	-6.921865564991086	0.04141342560522254
5400000.0	21.01214151859034	-15.521875018373862	-3.178947249912093	2.91629661349549	-7.394897020823499	0.056788392753180664
5600000.0	21.53637058762243	-16.96047410395138	-3.2007855505552105	2.4403127892942593	-7.4720026516430575	0.14221731591331635
5800000.0	21.96132037021053	-18.459652482920987	-3.226544204664874	1.774387275200372	-7.5601075907374415	0.004191038342744408
6000000.0	22.28159555305335	-20.033590596879296	-3.2720986538376704	1.1547957760686105	-7.845711482680411	0.06646820904741993
6200000.0	22.479552178626243	-21.59903870998883	-3.2829751939261054	0.8396065561004433	-7.805487154234058	0.045438457822669615
6400000.0	22.575924595766583	-23.17622018459534	-3.267653966407526	0.27541804119396346	-7.76999946950909	0.192573948172186
6600000.0	22.574943033789136	-24.71895237732672	-3.2885078209296017	-0.38000949971578524	-7.802135448410774	-0.06344767185723542
6800000.0	22.45844228187186	-26.287153519755968	-3.251817475718492	-0.7235094081834533	-7.9627167976769275	0.07128526781092133
7000000.0	22.234576355744263	-27.82471313458195	-3.2592809426272797	-1.4357044576982867	-7.85215567405018	0.05266867664578468
7200000.0	21.909857048567368	-29.39562422855585	-3.2976791002988906	-1.957969937562985	-7.684987201721994	0.10355106282798382
7400000.0	21.46435844619477	-30.924800866448255	-3.2753389390205983	-2.5622278418482947	-7.514173353270922	0.1487898314447776
7600000.0	20.906024415529277	-32.404025268143215	-3.306616382528375	-3.027986302334671	-7.237850008848412	-0.09751115872210421
7800000.0	20.252552355232268	-33.840195203757915	-3.3082940493450668	-3.5378416562960564	-7.1624686049920525	0.19708569569136306
8000000.0	19.496934396231712	-35.23858427063624	-3.33461228994523	-3.9449214734932814	-6.825809327690622	0.014609237957102846
8200000.0	18.649951913744598	-36.589599561965215	-3.2993925827852064	-4.524302131481298	-6.5833635392077765	0.019964291475551045
8400000.0	17.706593835305213	-37.861554654527964	-3.2699415490289803	-4.95256589299535	-6.260752693778225	-0.021960343583806715
8600000.0	16.675126518094785	-39.05211550483889	-3.2815027730996924	-5.227997039389918	-5.711035480234197	-0.14164167508268694
8800000.0	15.569000501932349	-40.16590992937277	-3.3041946713232777	-5.879699408341834	-5.525777802022653	0.09379993719210111
9000000.0	14.410417616974263	-41.21385473771077	-3.3651064638294783	-6.345952295085837	-4.955124113421676	0.08682465844554792
9200000.0	13.135738224853602	-42.166245117804	-3.3181927638580575	-6.46435434182511	-4.5953904493834985	-0.0030041213301609505
9400000.0	11.81118005420279	-43.05458395923227	-3.33435929703202	-6.885981932573932	-4.3368620060958	0.007962673083316425
9600000.0	10.42870527300099	-43.85435357859692	-3.288339794301523	-7.082165885981642	-3.8021332411406314	0.10432515717088697
9800000.0	9.003369434127315	-44.55347298692144	-3.2732799180315966	-7.2594914495558935	-3.4064173217028144	0.006370072766144791
10000000.0	7.522085599053997	-45.15995373748286	-3.232363534953566	-7.415368625525343	-2.5901007469925545	0.15090267907938557
10200000.0	6.007525671772973	-45.64823491051328	-3.264775310625803	-7.658278004561848	-2.256164219475683	0.05544680518771487
10400000.0	4.473047190845121	-46.03434320482795	-3.2934587494228493	-7.769626926825572	-1.6391078617343502	0.0696955218597231
10600000.0	2.912957566159054	-46.305524983253385	-3.294926423411184	-7.905751311389479	-1.1406532442347745	-0.026864171894574296
10800000.0	1.3365753105073304	-46.453128530452105	-3.2303693295743234	-8.027933929350882	-0.5319927913653236	-0.022528729115029122
11000000.0	-0.2461664460144622	-46.527339418381445	-3.1948479901464277	-7.788764390521018	0.15579433505815876	0.07037928369469701
11200000.0	-1.8362435700269495	-46.442350691727455	-3.103761177061627	-7.792961616926114	0.6909437642629467	0.16462452176830225
11400000.0	-3.390028081156312	-46.25167520682946	-3.0668299590985297	-7.792949241103454	1.0852334981642175	0.017323864980419986
11600000.0	-4.951214082362715	-45.981562944009966	-3.1050150491181574	-7.775414769257981	1.6447925537193968	-0.04931082770651095
11800000.0	-6.480894405294279	-45.58720340694967	-3.198384507691067	-7.593283298171701	2.127790435416283	0.11388923622931368
12000000.0	-7.977749441339607	-45.11546870689491	-3.204249247417261	-7.508917417612937	2.6690285829862397	0.025441947398089932
12200000.0	-9.459745711085946	-44.52504968226212	-3.246052875063164	-7.140397118247457	3.2989119413130683	-0.025673181261068934
12400000.0	-10.899771414316016	-43.78482608674605	-3.206202023248848	-6.922979097751062	3.7170938756732688	-0.04169190147207614
12600000.0	-12.286242508845138	-42.982550413388935	-3.257025314724728	-6.6383260379482945	4.237219206567822	-0.03478067253241703
12800000.0	-13.594827468350893	-42.096280308591	-3.271135879918962	-6.45671228357146	4.635414061041563	-0.031113889501444343
13000000.0	-14.837712985111006	-41.12924550278988	-3.1975465401268415	-5.953960067617664	5.079319041477749	0.0040274021940159
13200000.0	-16.012349105289694	-40.063815009611055	-3.165877999011665	-5.8641332514301725	5.535573879258484	0.05532686849103143
13400000.0	-17.11657114330921	-38.91423234407788	-3.2291804350813154	-5.346781197150439	5.9100173054206975	-0.026731287227955085
13600000.0	-18.12381710924686	-37.693338485632346	-3.2768955942215547	-4.6435243310255245	6.2702871488971015	0.10707756584248708
13800000.0	-19.047708047038686	-36.42526729699295	-3.3215777484817206	-4.316123168304055	6.656662977502965	0.04001513677997408
14000000.0	-19.87977480707401	-35.07839555816123	-3.325565758951196	-3.9854355388694076	6.92127957600378	-0.017665512460273827
14200000.0	-20.607129967319835	-33.67306422169936	-3.3226254872673873	-3.4866355115516563	7.221330246526441	0.1855008958470143
14400000.0	-21.25067275647347	-32.1749460592901	-3.329146359059152	-2.9555771059352804	7.234092690294684	-0.1327302682735453
14600000.0	-21.79666115140965	-30.676320936233214	-3.302808573530143	-2.3109514569220146	7.67516523315755	0.04337753908076123
14800000.0	-22.209691733968917	-29.178179838874698	-3.270792901605587	-1.7896793533350526	7.697670135428779	0.059469990305057535
15000000.0	-22.53454923101333	-27.615697510003933	-3.3026937891289583	-1.2518305202152678	7.717646641237229	-0.0035700136495998873
