2843.03466796875	0.696218910851821	0.5721450156640742	934.011638504453	0.0	0.0	0.0
3184.96630859375	0.6962188531400342	0.5721450620980475	934.0116422418505	0.0	0.0	0.0
3450.89404296875	0.6962188454266777	0.5721450653137425	934.0116408253089	0.0	0.0	0.0
3710.669921875	0.6962189017311282	0.5721450900371872	934.0116424495354	0.0	0.0	0.0
3985.318603515625	0.6962188645415355	0.5721450274584458	934.0116412360221	0.0	0.0	0.0
4284.81689453125	0.6962188398987995	0.5721450518090381	934.0116398259997	0.0	0.0	0.0
4564.809326171875	0.6962189261708135	0.572145027863621	934.0116387754679	0.0	0.0	0.0
4796.75830078125	0.6962189053972092	0.5721450575834002	934.0116377696395	0.0	0.0	0.0
5001.488037109375	0.696218891928952	0.5721449922746776	934.0116393463686	0.0	0.0	0.0
5204.798095703125	0.6962188887743422	0.5721450467660522	934.0116397738457	0.0	0.0	0.0
5408.4580078125	0.6962188693956262	0.5721450657933089	934.0116423666477	0.0	0.0	0.0
5611.613037109375	0.6962188368078697	0.5721449421329755	934.0116410087794	0.0	0.0	0.0
5813.90380859375	0.6962189123123019	0.5721450882781219	934.0116402963176	0.0	0.0	0.0
6017.040771484375	0.6962188268226881	0.5721451114201296	934.0116391768679	0.0	0.0	0.0
6221.530029296875	0.6962189243019651	0.572145047321449	934.0116376038641	0.0	0.0	0.0
6427.72412109375	0.6962188723701389	0.5721450028779003	934.0116439117119	0.0	0.0	0.0
6633.266357421875	0.6962188907621127	0.5721450092026246	934.0116377007216	0.0	0.0	0.0
6840.60107421875	0.696218899637827	0.5721450099233477	934.0116410544142	0.0	0.0	0.0
7047.855712890625	0.696218907381091	0.572145097079864	934.0116418385878	0.0	0.0	0.0
7254.828857421875	0.696218896884806	0.5721450943471427	934.0116383144632	0.0	0.0	0.0
7460.070556640625	0.6962188704025843	0.5721449585072022	934.0116408439353	0.0	0.0	0.0
7665.4931640625	0.6962188307652849	0.5721450604932189	934.0116371922195	0.0	0.0	0.0
7870.31103515625	0.6962189454241728	0.5721451158726628	934.0116408700123	0.0	0.0	0.0
8074.611572265625	0.6962188632345486	0.5721450270467919	934.0116386320442	0.0	0.0	0.0
8278.32763671875	0.6962188582483253	0.572144994997969	934.0116400914267	0.0	0.0	0.0
8482.822998046875	0.6962189230201624	0.5721450464013228	934.0116395903751	0.0	0.0	0.0
8685.722900390625	0.6962188890801067	0.5721450127366792	934.0116400867701	0.0	0.0	0.0
8889.4990234375	0.6962188741403268	0.5721450833838472	934.0116415554658	0.0	0.0	0.0
9097.519775390625	0.6962188956347631	0.5721450990988638	934.0116427876055	0.0	0.0	0.0
9303.270263671875	0.6962188634713976	0.5721449896715609	934.0116389309987	0.0	0.0	0.0
9509.9970703125	0.6962188651862663	0.5721450236627096	934.0116377519444	0.0	0.0	0.0
9717.7021484375	0.6962188512395822	0.5721451123645102	934.0116396518424	0.0	0.0	0.0
9923.3173828125	0.6962189356312958	0.572145034279174	934.0116424066946	0.0	0.0	0.0
10128.1796875	0.6962188948488337	0.5721450836460811	934.0116397496313	0.0	0.0	0.0
10331.865966796875	0.6962188889987581	0.572145062733397	934.0116396760568	0.0	0.0	0.0
10537.38427734375	0.6962189243024296	0.572145076378305	934.0116386618465	0.0	0.0	0.0
10742.354736328125	0.6962188531102383	0.5721451474097903	934.0116402963176	0.0	0.0	0.0
10947.924072265625	0.6962188624364127	0.5721450293162136	934.0116407191381	0.0	0.0	0.0
11152.70361328125	0.6962189232051943	0.5721450442273959	934.0116419326514	0.0	0.0	0.0
11358.3271484375	0.6962188714717353	0.5721450317137242	934.0116395540535	0.0	0.0	0.0
11561.889892578125	0.6962189020622966	0.5721450578188886	934.0116384960711	0.0	0.0	0.0
11769.10205078125	0.696218890451896	0.5721450551452433	934.0116401705891	0.0	0.0	0.0
11976.402587890625	0.6962188879003073	0.572145066442258	934.0116393202916	0.0	0.0	0.0
12183.45068359375	0.6962189266281616	0.5721449844007992	934.0116423079744	0.0	0.0	0.0
12389.1455078125	0.6962188683193972	0.5721450535821517	934.0116392774507	0.0	0.0	0.0
12595.241943359375	0.69621887854253	0.5721450862376569	934.0116440579295	0.0	0.0	0.0
12800.92919921875	0.6962188794414559	0.5721449962013451	934.0116427680477	0.0	0.0	0.0
13004.5029296875	0.6962188254040491	0.5721450571202024	934.0116415088996	0.0	0.0	0.0
13209.748779296875	0.6962189228773888	0.5721450126860835	934.0116397328675	0.0	0.0	0.0
13413.53076171875	0.6962188792395361	0.5721450692990342	934.0116401910782	0.0	0.0	0.0
13617.719970703125	0.6962188977071534	0.5721450024034376	934.0116412900388	0.0	0.0	0.0
13823.22119140625	0.6962188793473947	0.5721450669546813	934.0116420220584	0.0	0.0	0.0
14027.903076171875	0.6962188723372271	0.5721451059408728	934.0116391694173	0.0	0.0	0.0
14234.745361328125	0.6962188612847212	0.5721449980802955	934.0116431415081	0.0	0.0	0.0
14439.81640625	0.6962188390802838	0.57214494772644	934.0116396034136	0.0	0.0	0.0
14646.235595703125	0.6962188416976671	0.5721450455784535	934.0116397794336	0.0	0.0	0.0
14849.595947265625	0.6962189241393073	0.5721450214302097	934.0116381822154	0.0	0.0	0.0
15055.697509765625	0.6962189340556636	0.5721450406834514	934.0116386869922	0.0	0.0	0.0
15261.1044921875	0.6962188546280148	0.572144996979007	934.0116401202977	0.0	0.0	0.0
15467.312255859375	0.6962188392292327	0.5721451096491371	934.0116383126006	0.0	0.0	0.0
15676.422119140625	0.696218866910629	0.5721450224068751	934.0116422101855	0.0	0.0	0.0
15883.734375	0.6962188460716356	0.5721450478544081	934.0116414632648	0.0	0.0	0.0
16087.90283203125	0.6962188455324668	0.5721450810380055	934.0116392355412	0.0	0.0	0.0
16294.592529296875	0.6962188741203928	0.572144958885371	934.0116399135441	0.0	0.0	0.0
16499.68505859375	0.6962188557516911	0.5721451336691448	934.0116409519687	0.0	0.0	0.0
16706.54443359375	0.696218853668189	0.5721450697999321	934.011641047895	0.0	0.0	0.0
16909.625	0.6962188826354889	0.5721450277064006	934.01164205838	0.0	0.0	0.0
17114.66357421875	0.6962188631949675	0.57214508513609	934.011640412733	0.0	0.0	0.0
17320.094482421875	0.6962188960043079	0.5721451227489113	934.0116393864155	0.0	0.0	0.0
17525.9921875	0.6962188884511017	0.5721450687288826	934.0116411568597	0.0	0.0	0.0
17731.98291015625	0.6962188318547342	0.5721450181322835	934.011638703756	0.0	0.0	0.0
17936.31689453125	0.6962189099911834	0.5721450722061239	934.0116386907175	0.0	0.0	0.0
18141.489990234375	0.6962188287411023	0.5721451221189195	934.0116412863135	0.0	0.0	0.0
18346.275390625	0.6962189252731977	0.572145063017942	934.011641215533	0.0	0.0	0.0
18551.520263671875	0.6962188331597235	0.5721449907556889	934.0116410842165	0.0	0.0	0.0
18756.412841796875	0.6962189335210593	0.5721449849508874	934.0116388304159	0.0	0.0	0.0
18960.25927734375	0.6962188443356762	0.5721450374759879	934.0116401072592	0.0	0.0	0.0
19164.0849609375	0.6962188931633083	0.5721450821736326	934.0116398893297	0.0	0.0	0.0
19369.430908203125	0.6962188679003136	0.5721449830225931	934.0116391070187	0.0	0.0	0.0
19575.669189453125	0.696218876822214	0.5721449796007401	934.01164181903	0.0	0.0	0.0
19782.474609375	0.6962187977752837	0.5721451274662743	934.0116359209642	0.0	0.0	0.0
19990.19873046875	0.6962188772463025	0.5721450553627129	934.0116390995681	0.0	0.0	0.0
20200.27099609375	0.6962188652262362	0.5721450469409749	934.0116416793317	0.0	0.0	0.0
20407.761962890625	0.696218848662402	0.5721450378442192	934.0116405729204	0.0	0.0	0.0
20615.8154296875	0.6962189142186548	0.5721450985324426	934.0116440281272	0.0	0.0	0.0
20822.104736328125	0.6962189090840417	0.5721450049321882	934.0116396266967	0.0	0.0	0.0
21025.728515625	0.6962188195119208	0.5721450399585819	934.0116408243775	0.0	0.0	0.0
21231.03466796875	0.6962188868458622	0.5721450376314307	934.0116384336725	0.0	0.0	0.0
21434.888427734375	0.6962189172846731	0.5721450686351702	934.0116398055106	0.0	0.0	0.0
21639.941650390625	0.6962188766118454	0.5721450029092828	934.0116406390443	0.0	0.0	0.0
21846.011474609375	0.6962188508342132	0.5721449944969682	934.0116393649951	0.0	0.0	0.0
22052.61474609375	0.6962188957912238	0.5721450971359445	934.0116422083229	0.0	0.0	0.0
22257.747314453125	0.6962189044078468	0.5721451016073866	934.0116400728002	0.0	0.0	0.0
22463.34716796875	0.696218839421238	0.5721450468820795	934.011641414836	0.0	0.0	0.0
22670.683349609375	0.6962188890890516	0.5721450708697192	934.0116384932771	0.0	0.0	0.0
22875.98779296875	0.6962188709453447	0.5721450980264294	934.0116401026025	0.0	0.0	0.0
23083.9951171875	0.6962188571977271	0.5721450321464712	934.0116408215836	0.0	0.0	0.0
23287.781494140625	0.696218884258002	0.5721451082553654	934.0116402581334	0.0	0.0	0.0
23492.112548828125	0.6962188727544688	0.5721451074833062	934.0116357849911	0.0	0.0	0.0
23696.29052734375	0.696218885135407	0.5721450484615613	934.0116411186755	0.0	0.0	0.0
23903.352783203125	0.696218822712659	0.572145077908582	934.0116363093257	0.0	0.0	0.0
24109.06103515625	0.6962189355918555	0.5721450511488755	934.0116423740983	0.0	0.0	0.0
24314.9365234375	0.6962188019798763	0.5721450188928354	934.0116378618404	0.0	0.0	0.0
24520.107421875	0.6962188483372739	0.5721449441347853	934.0116390800104	0.0	0.0	0.0
24724.4384765625	0.6962188991690037	0.572145032268574	934.0116422483698	0.0	0.0	0.0
24930.268310546875	0.696218878606106	0.5721449555214086	934.0116395736113	0.0	0.0	0.0
25134.897216796875	0.6962189358308059	0.5721450379848372	934.0116383982822	0.0	0.0	0.0
25338.654541015625	0.696218895480298	0.5721449857882547	934.0116402134299	0.0	0.0	0.0
25542.777099609375	0.6962188742177561	0.5721450481247455	934.011641042307	0.0	0.0	0.0
25748.009033203125	0.6962189071420655	0.5721450078530185	934.0116427037865	0.0	0.0	0.0
25950.97021484375	0.6962188746106583	0.5721450794618929	934.0116395894438	0.0	0.0	0.0
26153.4462890625	0.6962189177585709	0.5721449882644073	934.0116412946954	0.0	0.0	0.0
26364.4443359375	0.69621884372425	0.5721450461621509	934.0116387503222	0.0	0.0	0.0
26568.858642578125	0.6962188521855607	0.5721449698315836	934.0116411158815	0.0	0.0	0.0
26772.517822265625	0.6962188999121883	0.5721450366894127	934.0116391591728	0.0	0.0	0.0
26976.933837890625	0.6962189192718635	0.5721450433453379	934.0116412173957	0.0	0.0	0.0
27180.163330078125	0.6962189062269005	0.5721450654110636	934.0116406455636	0.0	0.0	0.0
27384.746826171875	0.6962188693295864	0.5721451446000223	934.0116395018995	0.0	0.0	0.0
27588.41650390625	0.6962188706285368	0.5721450659753258	934.0116414800286	0.0	0.0	0.0
27794.9091796875	0.6962189170011964	0.5721450654679218	934.0116419252008	0.0	0.0	0.0
28000.292236328125	0.6962188938550916	0.5721450274326099	934.0116407442838	0.0	0.0	0.0
28203.151611328125	0.6962188565298066	0.5721450181760209	934.0116394273937	0.0	0.0	0.0
28408.498779296875	0.6962189041374627	0.5721451463554291	934.0116401948035	0.0	0.0	0.0
28612.434814453125	0.6962188893435998	0.57214510478621	934.0116454921663	0.0	0.0	0.0
28818.74658203125	0.6962188403106928	0.5721450337874034	934.011641331017	0.0	0.0	0.0
29024.221923828125	0.6962188882959611	0.5721450468841733	934.0116410693154	0.0	0.0	0.0
29228.1494140625	0.696218886130582	0.5721449598835714	934.0116432504728	0.0	0.0	0.0
29432.087890625	0.6962188955424212	0.572145029456419	934.0116373421624	0.0	0.0	0.0
29636.65625	0.6962188911805357	0.5721450251871948	934.0116387316957	0.0	0.0	0.0
29839.93505859375	0.6962188924235255	0.5721449820003502	934.0116399545223	0.0	0.0	0.0
30043.244873046875	0.6962189019644899	0.5721450639068325	934.0116416895762	0.0	0.0	0.0
30249.4892578125	0.696218867304215	0.5721449984972138	934.0116404155269	0.0	0.0	0.0
30457.538818359375	0.6962188753167414	0.5721450662626935	934.0116375908256	0.0	0.0	0.0
30662.122802734375	0.6962188518161859	0.5721450130305613	934.0116413533688	0.0	0.0	0.0
30865.799072265625	0.696218844335179	0.5721450450725052	934.0116422334686	0.0	0.0	0.0
31069.325439453125	0.6962189239672497	0.5721450454377841	934.011642142199	0.0	0.0	0.0
31275.04052734375	0.6962188505491196	0.5721450751651838	934.0116384560242	0.0	0.0	0.0
31481.308837890625	0.6962188322400049	0.5721450898655868	934.0116377426311	0.0	0.0	0.0
31687.133056640625	0.6962189043024936	0.5721450478879886	934.0116426004097	0.0	0.0	0.0
31890.4541015625	0.6962189337260034	0.5721450027422711	934.0116405822337	0.0	0.0	0.0
32096.856201171875	0.6962188069440407	0.572145077713421	934.0116400746629	0.0	0.0	0.0
32300.88134765625	0.696218823708114	0.5721449748582614	934.0116401361302	0.0	0.0	0.0
32504.903076171875	0.6962189001191663	0.5721449847570805	934.0116407079622	0.0	0.0	0.0
32708.767822265625	0.6962188314341778	0.572145058308335	934.0116396574304	0.0	0.0	0.0
32915.724609375	0.6962188821527232	0.5721450881125688	934.0116406334564	0.0	0.0	0.0
33118.8984375	0.6962189051239794	0.5721450610664154	934.0116395158693	0.0	0.0	0.0
33325.076416015625	0.6962188854115144	0.5721450118109174	934.0116400206462	0.0	0.0	0.0
33529.957275390625	0.6962188447088984	0.5721450207273768	934.0116406232119	0.0	0.0	0.0
33736.0322265625	0.6962189019411302	0.5721450650651689	934.0116422157735	0.0	0.0	0.0
33940.83984375	0.6962189196001547	0.5721450067599338	934.011639281176	0.0	0.0	0.0
34145.0205078125	0.6962188474621	0.5721450293638284	934.0116406809539	0.0	0.0	0.0
34351.33349609375	0.6962188685735158	0.5721450186520225	934.0116411428899	0.0	0.0	0.0
34555.980712890625	0.6962189191886357	0.5721450207871567	934.0116408392787	0.0	0.0	0.0
34761.12646484375	0.6962188434771789	0.5721450545337183	934.0116408709437	0.0	0.0	0.0
34965.724853515625	0.6962188357241325	0.5721450167376742	934.011640548706	0.0	0.0	0.0
35170.366943359375	0.696218900021336	0.5721450490564829	934.0116414502263	0.0	0.0	0.0
35374.160400390625	0.6962189001507684	0.5721450174762728	934.0116402879357	0.0	0.0	0.0
35581.9140625	0.6962188723618742	0.5721450316271025	934.0116421459243	0.0	0.0	0.0
35786.57080078125	0.6962189090819185	0.5721450241136411	934.0116421123967	0.0	0.0	0.0
35993.00732421875	0.6962188703316173	0.5721450969241267	934.0116408923641	0.0	0.0	0.0
36201.591552734375	0.6962188588411167	0.5721450017806946	934.0116382334381	0.0	0.0	0.0
36407.8388671875	0.6962188898278469	0.5721449481137995	934.011640178971	0.0	0.0	0.0
36613.109375	0.6962188595788401	0.5721451046607267	934.0116410786286	0.0	0.0	0.0
36817.230712890625	0.696218838777001	0.572145015103286	934.0116404285654	0.0	0.0	0.0
37021.65185546875	0.696218854885826	0.5721450471673463	934.0116389971226	0.0	0.0	0.0
37226.914794921875	0.6962189709075443	0.5721450219877147	934.0116415629163	0.0	0.0	0.0
37433.0009765625	0.6962188824535774	0.572145066524608	934.0116393519565	0.0	0.0	0.0
37638.410888671875	0.6962188685141104	0.5721450132600985	934.0116393426433	0.0	0.0	0.0
37846.59326171875	0.6962189044402504	0.5721450988350483	934.0116400485858	0.0	0.0	0.0
38052.038330078125	0.6962188615549497	0.5721450352848181	934.0116390064359	0.0	0.0	0.0
38259.831298828125	0.6962187631110732	0.5721451216428204	934.0116410925984	0.0	0.0	0.0
38465.24169921875	0.6962188914573265	0.5721451428298557	934.0116393482313	0.0	0.0	0.0
38672.965576171875	0.6962188767604675	0.5721451224384183	934.0116421282291	0.0	0.0	0.0
38878.443603515625	0.6962188794692383	0.5721449482651908	934.0116397505626	0.0	0.0	0.0
39084.773193359375	0.6962188646434685	0.5721449510630934	934.0116409063339	0.0	0.0	0.0
39289.767333984375	0.6962188998488453	0.5721449864671697	934.0116418125108	0.0	0.0	0.0
39494.21533203125	0.6962188832979501	0.5721450216918073	934.0116417482495	0.0	0.0	0.0
39700.58349609375	0.6962188816605678	0.572145019767085	934.011639829725	0.0	0.0	0.0
39908.10009765625	0.6962188677465265	0.5721449995645556	934.0116401286796	0.0	0.0	0.0
40113.020263671875	0.6962188598588924	0.572145045925483	934.0116411037743	0.0	0.0	0.0
40316.71533203125	0.6962188632402012	0.5721450962457112	934.0116389226168	0.0	0.0	0.0
40520.67822265625	0.6962189508599201	0.572145061792068	934.0116367861629	0.0	0.0	0.0
40724.191162109375	0.6962188803953603	0.572145018480893	934.0116432886571	0.0	0.0	0.0
40928.130615234375	0.69621889284332	0.5721449849907486	934.0116392355412	0.0	0.0	0.0
41132.451171875	0.6962188501110328	0.5721450475292201	934.0116381878033	0.0	0.0	0.0
41338.805419921875	0.6962188780200108	0.5721450774224873	934.0116385426372	0.0	0.0	0.0
41543.42236328125	0.6962189114555738	0.572145084237027	934.0116368671879	0.0	0.0	0.0
41748.60595703125	0.6962189011149532	0.5721451112377719	934.0116361202672	0.0	0.0	0.0
41954.085205078125	0.6962188617032528	0.5721450352927239	934.011637866497	0.0	0.0	0.0
42158.139892578125	0.6962188905006819	0.5721450129109577	934.0116397514939	0.0	0.0	0.0
42359.495849609375	0.6962188791552861	0.5721450961445984	934.011640638113	0.0	0.0	0.0
42564.262939453125	0.6962189277172991	0.5721450264936933	934.0116405989975	0.0	0.0	0.0
42767.921630859375	0.6962188522202492	0.572145082108082	934.0116390772164	0.0	0.0	0.0
42973.17724609375	0.6962188908499622	0.5721450523063408	934.011641328223	0.0	0.0	0.0
43178.962890625	0.6962188582552865	0.5721450244299475	934.0116392988712	0.0	0.0	0.0
43383.88427734375	0.6962189293347923	0.5721450362478657	934.0116397012025	0.0	0.0	0.0
43587.15576171875	0.696218926712856	0.5721451135283415	934.0116407703608	0.0	0.0	0.0
43792.271484375	0.6962188807921265	0.5721449469490272	934.0116384103894	0.0	0.0	0.0
43999.95751953125	0.6962188419024379	0.5721450051187292	934.0116407936439	0.0	0.0	0.0
44204.087646484375	0.6962188930169002	0.572145005552347	934.0116405971348	0.0	0.0	0.0
44407.706298828125	0.6962188785429352	0.5721450193407017	934.0116379549727	0.0	0.0	0.0
44610.29833984375	0.6962188678420207	0.5721450272253066	934.011640554294	0.0	0.0	0.0
44814.40673828125	0.6962189322026447	0.5721450855946975	934.0116397375241	0.0	0.0	0.0
45018.686279296875	0.6962189222098621	0.5721451094161093	934.0116408187896	0.0	0.0	0.0
45225.641357421875	0.6962188255936403	0.572145076079919	934.0116404928267	0.0	0.0	0.0
45430.9794921875	0.6962188465289615	0.5721450267263705	934.011640612036	0.0	0.0	0.0
45637.823486328125	0.6962188737245156	0.5721450733255938	934.0116381766275	0.0	0.0	0.0
45843.383544921875	0.696218873371174	0.5721450292877155	934.011640932411	0.0	0.0	0.0
46047.773681640625	0.6962188688683049	0.5721450426540369	934.0116438250989	0.0	0.0	0.0
46253.928466796875	0.6962188868797899	0.5721451375416926	934.0116398306563	0.0	0.0	0.0
46461.953369140625	0.6962188780327017	0.5721449943506799	934.0116389188915	0.0	0.0	0.0
46668.46728515625	0.6962188992643353	0.572145081683429	934.0116416439414	0.0	0.0	0.0
46874.01904296875	0.6962188618874495	0.5721450342462933	934.0116394180804	0.0	0.0	0.0
47080.336181640625	0.6962188659974607	0.572145030576916	934.0116440355778	0.0	0.0	0.0
47283.188720703125	0.696218852318278	0.5721450354684003	934.0116409659386	0.0	0.0	0.0
47489.43212890625	0.6962188381548878	0.5721450256796461	934.0116400979459	0.0	0.0	0.0
47693.56787109375	0.696218870561562	0.5721450472966733	934.0116390073672	0.0	0.0	0.0
47898.17626953125	0.6962189061018591	0.5721449976368291	934.0116414269432	0.0	0.0	0.0
48101.7705078125	0.6962188600739958	0.5721450601136063	934.0116390623152	0.0	0.0	0.0
48308.429931640625	0.6962188670646429	0.5721451005970192	934.0116402069107	0.0	0.0	0.0
48516.066162109375	0.6962188627550568	0.5721449862396427	934.0116403773427	0.0	0.0	0.0
48720.44482421875	0.6962188461903719	0.5721450005359353	934.0116405626759	0.0	0.0	0.0
48926.364990234375	0.6962188986175163	0.5721450609365238	934.0116406856105	0.0	0.0	0.0
49131.022705078125	0.6962188728048522	0.5721450535164981	934.0116415163502	0.0	0.0	0.0
49335.06396484375	0.6962189002073654	0.5721450675846844	934.0116390520707	0.0	0.0	0.0
49540.64453125	0.6962188614592371	0.572145012735287	934.0116410432383	0.0	0.0	0.0
49746.201171875	0.6962189248508921	0.5721451162421848	934.0116399228573	0.0	0.0	0.0
49952.378173828125	0.6962188823142148	0.572145073118804	934.0116392681375	0.0	0.0	0.0
50156.81591796875	0.6962188387257151	0.5721450797834888	934.0116382958367	0.0	0.0	0.0
50363.650634765625	0.6962188695038564	0.5721450354868669	934.0116397254169	0.0	0.0	0.0
50569.588134765625	0.6962188538050779	0.5721450198561755	934.0116406232119	0.0	0.0	0.0
50776.0615234375	0.696218846622879	0.5721450730161677	934.0116373570636	0.0	0.0	0.0
50981.13525390625	0.6962188960064185	0.5721450865867544	934.0116429282352	0.0	0.0	0.0
51187.30029296875	0.6962188610600549	0.572145048380085	934.0116426404566	0.0	0.0	0.0
51391.76953125	0.6962188642284636	0.5721450467097633	934.0116403410211	0.0	0.0	0.0
51593.66162109375	0.6962188481223588	0.5721450849306045	934.0116395419464	0.0	0.0	0.0
51798.088623046875	0.6962189003242433	0.5721450516937187	934.0116417501122	0.0	0.0	0.0
52002.503662109375	0.6962189250463836	0.5721449947047685	934.011641013436	0.0	0.0	0.0
52208.3857421875	0.6962188944804228	0.5721450113580544	934.0116408877075	0.0	0.0	0.0
52412.519775390625	0.6962188912154702	0.5721450041176938	934.0116414455697	0.0	0.0	0.0
52617.8212890625	0.6962188861733175	0.5721450574688913	934.0116368774325	0.0	0.0	0.0
52825.901611328125	0.6962187886456873	0.5721450358758059	934.0116390176117	0.0	0.0	0.0
53032.196044921875	0.6962188855581172	0.5721450164686654	934.0116403680295	0.0	0.0	0.0
53236.498046875	0.6962189304587757	0.5721450229848328	934.0116414511576	0.0	0.0	0.0
53441.880859375	0.6962189061464222	0.5721451792779205	934.011638850905	0.0	0.0	0.0
53648.61572265625	0.6962188711753026	0.5721449895143266	934.0116411708295	0.0	0.0	0.0
53856.94140625	0.6962189150657966	0.5721450028145999	934.011642049998	0.0	0.0	0.0
54063.813232421875	0.6962187861047512	0.5721450393987839	934.0116397840902	0.0	0.0	0.0
54268.209716796875	0.69621890030692	0.5721450908910397	934.011642341502	0.0	0.0	0.0
54472.4287109375	0.6962188854540036	0.5721450482884383	934.0116418460384	0.0	0.0	0.0
54677.067138671875	0.696218912471356	0.572145068489212	934.0116397310048	0.0	0.0	0.0
54880.38720703125	0.6962189328041737	0.572145077709415	934.0116423042491	0.0	0.0	0.0
55083.091064453125	0.6962189174601471	0.5721451730735612	934.011639743112	0.0	0.0	0.0
55287.39501953125	0.6962188831893904	0.5721450013885434	934.0116393212229	0.0	0.0	0.0
55491.594970703125	0.6962188982271794	0.5721449996684884	934.0116395866498	0.0	0.0	0.0
55696.567138671875	0.6962188888413706	0.5721450842369138	934.0116380862892	0.0	0.0	0.0
55900.73876953125	0.6962188188837746	0.5721450257166178	934.0116415536031	0.0	0.0	0.0
56103.979736328125	0.6962188847899261	0.5721450792873891	934.0116420639679	0.0	0.0	0.0
56311.47705078125	0.6962188825962089	0.5721451383122128	934.0116400932893	0.0	0.0	0.0
56517.074951171875	0.6962187950000912	0.572145068402507	934.0116408849135	0.0	0.0	0.0
56720.39404296875	0.6962188741280119	0.5721450747407284	934.0116379093379	0.0	0.0	0.0
56924.720458984375	0.6962188180214036	0.572145039023702	934.011641472578	0.0	0.0	0.0
57129.65966796875	0.6962189190539058	0.5721450599856088	934.0116403410211	0.0	0.0	0.0
57334.3466796875	0.6962189287126227	0.5721449385396341	934.0116412509233	0.0	0.0	0.0
57538.58740234375	0.6962188943992773	0.5721450801586602	934.0116416625679	0.0	0.0	0.0
57742.906982421875	0.6962188919938094	0.5721450260701507	934.0116393808275	0.0	0.0	0.0
57949.596923828125	0.6962188722552064	0.5721450988058818	934.0116378301755	0.0	0.0	0.0
58152.92333984375	0.6962188759069899	0.5721449881982115	934.0116416858509	0.0	0.0	0.0
58357.851318359375	0.696218824463772	0.5721450605743563	934.0116409938782	0.0	0.0	0.0
58563.17822265625	0.6962189097923608	0.5721450326069561	934.0116392271593	0.0	0.0	0.0
58769.091796875	0.6962188383300545	0.5721449921760074	934.0116408038884	0.0	0.0	0.0
58975.28076171875	0.6962188524556344	0.5721450261232993	934.0116415061057	0.0	0.0	0.0
59177.498779296875	0.6962188443683894	0.5721450514117711	934.0116386404261	0.0	0.0	0.0
59380.6904296875	0.6962188532547123	0.5721449735785966	934.0116432989016	0.0	0.0	0.0
59585.299560546875	0.6962188985710941	0.5721450200745917	934.0116374157369	0.0	0.0	0.0
59788.823486328125	0.6962188785660252	0.5721450508794285	934.011640958488	0.0	0.0	0.0
59993.53564453125	0.6962188655148338	0.5721450474553454	934.0116412062198	0.0	0.0	0.0
60195.97802734375	0.6962189326605676	0.5721450890969487	934.0116414614022	0.0	0.0	0.0
60399.644775390625	0.6962189064202206	0.5721450533977506	934.0116402246058	0.0	0.0	0.0
60604.04296875	0.6962188555518191	0.5721450604323979	934.011640669778	0.0	0.0	0.0
60807.52685546875	0.6962188335676519	0.5721450114200098	934.0116420229897	0.0	0.0	0.0
61013.35009765625	0.6962188950832533	0.5721450110404119	934.0116407740861	0.0	0.0	0.0
61217.995849609375	0.6962188900506067	0.5721450714060097	934.0116405934095	0.0	0.0	0.0
61423.11669921875	0.6962188815940845	0.5721450333019481	934.0116417435929	0.0	0.0	0.0
61628.171630859375	0.6962188382243002	0.5721450973233771	934.0116422157735	0.0	0.0	0.0
61831.2958984375	0.6962188887111402	0.5721450481544891	934.0116405999288	0.0	0.0	0.0
62036.89453125	0.696218867202375	0.5721450171926172	934.0116427028552	0.0	0.0	0.0
62243.79248046875	0.6962188337382628	0.5721450402527513	934.0116416448727	0.0	0.0	0.0
62449.268798828125	0.6962188963743725	0.5721450712454765	934.0116398269311	0.0	0.0	0.0
62659.6474609375	0.6962188286993568	0.5721450304030556	934.0116399750113	0.0	0.0	0.0
62864.947509765625	0.6962188651331092	0.5721450394273577	934.0116383461282	0.0	0.0	0.0
63071.673095703125	0.696218854075314	0.5721451134276637	934.0116369957104	0.0	0.0	0.0
63275.0947265625	0.6962188907493109	0.5721450157357667	934.011638709344	0.0	0.0	0.0
63480.436279296875	0.696218818973632	0.5721450589448178	934.0116393407807	0.0	0.0	0.0
63685.397216796875	0.6962188320406926	0.5721450689381486	934.0116376737133	0.0	0.0	0.0
63890.115234375	0.696218884382097	0.5721449576623545	934.0116414530203	0.0	0.0	0.0
64094.43212890625	0.6962188935725062	0.5721450375719994	934.0116446651518	0.0	0.0	0.0
64299.231201171875	0.696218805825077	0.572145055402387	934.0116372518241	0.0	0.0	0.0
64502.018310546875	0.6962189308405334	0.5721450227675162	934.0116421040148	0.0	0.0	0.0
64707.690673828125	0.6962189035079273	0.5721450316565356	934.011641764082	0.0	0.0	0.0
64913.768310546875	0.6962188489453024	0.572145012412591	934.0116429496557	0.0	0.0	0.0
65118.054931640625	0.6962188572955439	0.5721449945482936	934.011638045311	0.0	0.0	0.0
65323.13427734375	0.6962188388538895	0.5721450389647942	934.0116398707032	0.0	0.0	0.0
65527.4375	0.6962188428634936	0.57214505266323	934.0116417473182	0.0	0.0	0.0
65732.72729492188	0.6962188736942838	0.5721449975842631	934.011642402038	0.0	0.0	0.0
65937.45190429688	0.6962188924068748	0.5721450462543182	934.0116428183392	0.0	0.0	0.0
66142.59155273438	0.6962188528649051	0.5721450264230246	934.0116404807195	0.0	0.0	0.0
66345.25048828125	0.6962188746908973	0.5721449725420666	934.0116434581578	0.0	0.0	0.0
66547.75561523438	0.6962189296615184	0.5721450666417978	934.0116417026147	0.0	0.0	0.0
66753.50805664062	0.6962188456131904	0.5721450245024977	934.0116428425536	0.0	0.0	0.0
66959.57006835938	0.6962188888613537	0.572145036325452	934.0116393249482	0.0	0.0	0.0
67164.38696289062	0.6962188882614408	0.5721449710195101	934.0116426190361	0.0	0.0	0.0
67370.12133789062	0.6962188723641335	0.5721451021613984	934.0116392914206	0.0	0.0	0.0
67573.00073242188	0.6962189496844663	0.5721451338873876	934.0116417808458	0.0	0.0	0.0
67780.80688476562	0.6962188823943494	0.5721450496256838	934.0116434628144	0.0	0.0	0.0
67984.72924804688	0.6962188825759185	0.572145022125594	934.0116394041106	0.0	0.0	0.0
68189.3466796875	0.6962188966145748	0.5721450211870689	934.0116401314735	0.0	0.0	0.0
68395.18505859375	0.6962189010693915	0.5721451093651931	934.0116401407868	0.0	0.0	0.0
68601.11254882812	0.6962188706702139	0.5721450922613965	934.0116407759488	0.0	0.0	0.0
68806.34912109375	0.6962188390381777	0.5721450606008154	934.0116403419524	0.0	0.0	0.0
69011.2880859375	0.6962188850658785	0.572144985219108	934.0116408495232	0.0	0.0	0.0
69217.4970703125	0.6962189150701851	0.572145040144634	934.0116394460201	0.0	0.0	0.0
69425.32421875	0.6962188505168703	0.5721449838145645	934.0116418991238	0.0	0.0	0.0
69630.89501953125	0.696218915961802	0.5721450648375748	934.011642309837	0.0	0.0	0.0
69836.9130859375	0.6962188577590328	0.5721450464249412	934.0116395838559	0.0	0.0	0.0
70043.10424804688	0.6962189162859471	0.5721450613121992	934.011640808545	0.0	0.0	0.0
70251.458984375	0.6962188819976742	0.5721450281480673	934.0116423191503	0.0	0.0	0.0
70455.80053710938	0.6962189039780707	0.5721451258440523	934.0116426469758	0.0	0.0	0.0
70661.82299804688	0.6962188300108949	0.5721450307670218	934.0116421934217	0.0	0.0	0.0
70865.80834960938	0.6962189947276813	0.5721450415774576	934.0116406492889	0.0	0.0	0.0
71070.24291992188	0.6962188595441039	0.5721450713385793	934.0116397058591	0.0	0.0	0.0
71274.373046875	0.6962188823954023	0.5721449913052814	934.0116401044652	0.0	0.0	0.0
71479.65087890625	0.6962188843823779	0.5721450323008562	934.0116413319483	0.0	0.0	0.0
71685.33642578125	0.6962188733612072	0.5721450203163205	934.0116399498656	0.0	0.0	0.0
71890.16137695312	0.6962188303502742	0.5721450924433972	934.0116402162239	0.0	0.0	0.0
72094.4091796875	0.6962188645916632	0.5721450397409866	934.0116409575567	0.0	0.0	0.0
72300.33715820312	0.6962188500419497	0.5721450991455372	934.011640874669	0.0	0.0	0.0
72504.52294921875	0.6962189372748633	0.5721450692751907	934.0116432085633	0.0	0.0	0.0
72708.9443359375	0.6962188970895488	0.5721450754774113	934.0116425557062	0.0	0.0	0.0
72915.98217773438	0.6962188697358955	0.572145128750331	934.0116386348382	0.0	0.0	0.0
73119.39599609375	0.6962188350779402	0.5721450069814251	934.0116396984085	0.0	0.0	0.0
73326.673828125	0.6962188344078255	0.5721450553034678	934.0116401249543	0.0	0.0	0.0
73530.17041015625	0.6962189023477066	0.5721449964473088	934.0116384960711	0.0	0.0	0.0
73735.25024414062	0.6962189023910131	0.5721450320401669	934.0116415889934	0.0	0.0	0.0
73942.11401367188	0.6962188693899009	0.5721450766418451	934.011642344296	0.0	0.0	0.0
74146.3408203125	0.6962188773544724	0.572145024814223	934.0116401659325	0.0	0.0	0.0
74350.46459960938	0.6962188618134175	0.5721450343571874	934.0116459261626	0.0	0.0	0.0
74558.474609375	0.6962189025075187	0.5721450347930626	934.0116407740861	0.0	0.0	0.0
74764.1162109375	0.6962188825360723	0.5721450682097988	934.011639543809	0.0	0.0	0.0
74969.8037109375	0.6962188846855876	0.5721450611282999	934.0116398921236	0.0	0.0	0.0
75174.23974609375	0.6962188820650749	0.5721450363621406	934.011642165482	0.0	0.0	0.0
75379.255859375	0.6962188585089076	0.5721450109422899	934.0116376858205	0.0	0.0	0.0
75582.84228515625	0.6962188730492967	0.5721450843036352	934.0116405868903	0.0	0.0	0.0
75786.8271484375	0.6962189281723458	0.5721450157139644	934.0116409715265	0.0	0.0	0.0
75992.52856445312	0.6962188967030464	0.5721450566637863	934.0116413226351	0.0	0.0	0.0
76197.89697265625	0.6962188895300624	0.5721450298145281	934.0116414306685	0.0	0.0	0.0
76402.29638671875	0.6962189138881131	0.5721450118325578	934.011638793163	0.0	0.0	0.0
76607.99047851562	0.6962189169216626	0.5721450324401471	934.0116440830752	0.0	0.0	0.0
76812.93017578125	0.6962188707002167	0.5721450924226191	934.011638501659	0.0	0.0	0.0
77020.89282226562	0.6962188700603279	0.5721450634519016	934.0116422567517	0.0	0.0	0.0
77226.81323242188	0.696218854208142	0.5721451070570869	934.0116406520829	0.0	0.0	0.0
77432.19409179688	0.6962188645133454	0.572145073068528	934.0116435009986	0.0	0.0	0.0
77637.69970703125	0.6962189010910982	0.5721450316741895	934.0116382781416	0.0	0.0	0.0
77841.65380859375	0.6962188673075916	0.5721450443099275	934.0116424420848	0.0	0.0	0.0
78047.69458007812	0.6962188999669721	0.5721450108278032	934.0116396648809	0.0	0.0	0.0
78255.10009765625	0.6962188669691272	0.572145030472548	934.0116400364786	0.0	0.0	0.0
78461.26391601562	0.696218818249902	0.5721450566175568	934.0116403801367	0.0	0.0	0.0
78666.8017578125	0.6962188596391593	0.5721450214884387	934.0116410497576	0.0	0.0	0.0
78871.96728515625	0.6962188701778537	0.5721450232834511	934.0116414865479	0.0	0.0	0.0
79076.80810546875	0.6962188966043574	0.572144996128232	934.0116394339129	0.0	0.0	0.0
79283.42578125	0.6962188650089083	0.5721450187895345	934.0116391349584	0.0	0.0	0.0
79485.65869140625	0.6962188925813221	0.572145005092867	934.0116380192339	0.0	0.0	0.0
79690.4736328125	0.6962188735942904	0.5721450318921776	934.0116452248767	0.0	0.0	0.0
79895.19091796875	0.6962188568827611	0.5721450633706519	934.011642312631	0.0	0.0	0.0
80100.04711914062	0.6962189181202113	0.5721449973669909	934.011639257893	0.0	0.0	0.0
80305.2685546875	0.6962188936742142	0.5721450597893247	934.0116440234706	0.0	0.0	0.0
80508.134765625	0.6962188901986418	0.5721451653659525	934.011640323326	0.0	0.0	0.0
80711.91723632812	0.696218878741771	0.5721450254929968	934.0116404434666	0.0	0.0	0.0
80914.65893554688	0.6962189387146773	0.5721450403101304	934.0116403540596	0.0	0.0	0.0
81118.51440429688	0.6962188366209712	0.5721450335378006	934.0116427280009	0.0	0.0	0.0
81321.22436523438	0.6962188558538106	0.5721450607978892	934.0116412937641	0.0	0.0	0.0
81525.62109375	0.6962188799312042	0.5721450231785039	934.0116407331079	0.0	0.0	0.0
81732.4296875	0.696218843141128	0.5721451072072373	934.0116430148482	0.0	0.0	0.0
81936.00854492188	0.6962189087752666	0.5721450864369955	934.0116407396272	0.0	0.0	0.0
82140.0419921875	0.6962188767440813	0.5721450551494313	934.011642341502	0.0	0.0	0.0
82344.4443359375	0.6962188932947289	0.5721451015296043	934.0116403875872	0.0	0.0	0.0
82549.50756835938	0.6962188214648916	0.5721450188059318	934.0116417631507	0.0	0.0	0.0
82754.11547851562	0.6962188871254118	0.5721450591826558	934.011641039513	0.0	0.0	0.0
82958.33251953125	0.696218882956642	0.5721450550695384	934.0116424327716	0.0	0.0	0.0
83162.13012695312	0.6962189151530556	0.5721450529680717	934.0116387074813	0.0	0.0	0.0
83364.99462890625	0.6962188581906606	0.5721451086053106	934.0116390036419	0.0	0.0	0.0
83574.56323242188	0.6962189032445074	0.5721450769795741	934.0116396807134	0.0	0.0	0.0
83783.31713867188	0.696218868217701	0.5721450228917616	934.0116380229592	0.0	0.0	0.0
83988.59887695312	0.6962188539575809	0.5721450367046894	934.0116445552558	0.0	0.0	0.0
84194.30981445312	0.6962188351802193	0.5721450996326993	934.0116424728185	0.0	0.0	0.0
84399.70190429688	0.6962189143014017	0.5721450308890671	934.0116401677951	0.0	0.0	0.0
84607.38720703125	0.69621884629826	0.5721450399649326	934.0116443326697	0.0	0.0	0.0
84812.4658203125	0.6962188836841975	0.572145029993312	934.0116414343938	0.0	0.0	0.0
85017.01489257812	0.6962188679832806	0.5721450320732399	934.0116397254169	0.0	0.0	0.0
85222.65991210938	0.6962189111295259	0.5721450341765566	934.0116415238008	0.0	0.0	0.0
85428.166015625	0.696218889666626	0.5721450541459144	934.0116415023804	0.0	0.0	0.0
85635.25439453125	0.6962188629499049	0.572145122401519	934.011637759395	0.0	0.0	0.0
85841.50244140625	0.6962187918039606	0.5721450265825453	934.0116390148178	0.0	0.0	0.0
86047.2431640625	0.6962188548355187	0.5721450437126132	934.0116388080642	0.0	0.0	0.0
86252.47998046875	0.6962188646231994	0.5721450537562691	934.0116409594193	0.0	0.0	0.0
86458.14526367188	0.6962188370144611	0.5721450385348809	934.0116397095844	0.0	0.0	0.0
86665.38208007812	0.6962189119639209	0.5721450885939258	934.0116407154128	0.0	0.0	0.0
86872.21752929688	0.6962188933619733	0.5721450645896423	934.0116412136704	0.0	0.0	0.0
87075.68530273438	0.6962188816451511	0.5721450231593758	934.0116412295029	0.0	0.0	0.0
87279.77294921875	0.6962188777051144	0.5721450935930755	934.011636893265	0.0	0.0	0.0
87484.2685546875	0.6962189313899932	0.5721451144088858	934.0116396611556	0.0	0.0	0.0
87692.404296875	0.6962188990866205	0.572145079870961	934.0116420118138	0.0	0.0	0.0
87897.55834960938	0.6962188114513693	0.5721450035654487	934.0116421021521	0.0	0.0	0.0
88104.5498046875	0.6962188556588685	0.5721450354788451	934.0116394199431	0.0	0.0	0.0
88306.1767578125	0.6962188422192879	0.5721450770366596	934.0116375107318	0.0	0.0	0.0
88510.16650390625	0.696218884811829	0.5721451063970073	934.011638334021	0.0	0.0	0.0
88714.013671875	0.6962188730328972	0.5721450302652124	934.0116390194744	0.0	0.0	0.0
88920.26123046875	0.696218918840246	0.572145056332029	934.011640643701	0.0	0.0	0.0
89126.01440429688	0.6962188754474006	0.5721450421819786	934.0116394143552	0.0	0.0	0.0
89331.06958007812	0.6962188943615307	0.5721450994960551	934.0116402134299	0.0	0.0	0.0
89535.22290039062	0.696218848599154	0.5721450718165276	934.0116374278441	0.0	0.0	0.0
89739.23950195312	0.6962188773352924	0.5721451097069544	934.0116383181885	0.0	0.0	0.0
89942.81469726562	0.6962188514991248	0.5721450837290188	934.0116413142532	0.0	0.0	0.0
90148.8837890625	0.6962189071333378	0.5721449801860944	934.0116429850459	0.0	0.0	0.0
90353.41284179688	0.6962188707734682	0.5721449919448883	934.0116403419524	0.0	0.0	0.0
90560.33984375	0.6962188688545896	0.5721450668991799	934.0116428211331	0.0	0.0	0.0
90765.06494140625	0.6962188982344862	0.5721450713028731	934.0116408988833	0.0	0.0	0.0
90970.5546875	0.696218842483849	0.5721450587777122	934.0116399945691	0.0	0.0	0.0
91174.47045898438	0.6962188362167008	0.5721450397871221	934.0116403400898	0.0	0.0	0.0
91379.12719726562	0.6962188487621641	0.5721450450331177	934.0116397337988	0.0	0.0	0.0
91582.97509765625	0.6962188770501869	0.5721449863618709	934.0116436909884	0.0	0.0	0.0
91789.30444335938	0.696218888581013	0.572145081770311	934.0116410041228	0.0	0.0	0.0
91994.07836914062	0.696218889255663	0.5721450719975185	934.0116414306685	0.0	0.0	0.0
92200.53564453125	0.6962188732304554	0.5721451043488357	934.011639803648	0.0	0.0	0.0
92404.95239257812	0.6962188581979184	0.5721449909171298	934.0116387279704	0.0	0.0	0.0
92610.63012695312	0.6962189183794616	0.5721450818537875	934.0116406530142	0.0	0.0	0.0
92818.3896484375	0.6962188534637158	0.5721450722148247	934.0116406716406	0.0	0.0	0.0
93024.08935546875	0.6962188984934449	0.5721449620808948	934.011638415046	0.0	0.0	0.0
93230.55249023438	0.6962188743879287	0.5721450638078482	934.0116413962096	0.0	0.0	0.0
93439.8310546875	0.6962189159764038	0.572145066626981	934.0116394776851	0.0	0.0	0.0
93645.71606445312	0.69621892562365	0.5721450378506074	934.0116458553821	0.0	0.0	0.0
93853.02197265625	0.6962189369296166	0.5721450276824536	934.0116416970268	0.0	0.0	0.0
94056.845703125	0.6962188832898931	0.5721450531769268	934.0116423545405	0.0	0.0	0.0
94263.89721679688	0.6962188732636213	0.572145007848936	934.0116420574486	0.0	0.0	0.0
94471.896484375	0.6962188200501311	0.5721450230752494	934.0116392765194	0.0	0.0	0.0
94677.33471679688	0.6962188721515186	0.5721450424589682	934.0116391293705	0.0	0.0	0.0
94883.22241210938	0.6962188196764252	0.5721450730460346	934.0116367852315	0.0	0.0	0.0
95088.62548828125	0.6962188480615737	0.5721450499462906	934.0116411987692	0.0	0.0	0.0
95296.13061523438	0.6962188458378299	0.57214507061569	934.0116405375302	0.0	0.0	0.0
95500.61791992188	0.6962188676285791	0.5721451416817026	934.0116418944672	0.0	0.0	0.0
95705.14331054688	0.6962188550162756	0.5721450390162618	934.0116422278807	0.0	0.0	0.0
95909.17651367188	0.6962188976969538	0.5721450526162293	934.0116423070431	0.0	0.0	0.0
96114.09838867188	0.6962188961543678	0.572145054847736	934.0116399470717	0.0	0.0	0.0
96318.20703125	0.6962188778573205	0.5721449850834862	934.0116430325434	0.0	0.0	0.0
96524.55883789062	0.6962188807093954	0.5721450071637996	934.0116377025843	0.0	0.0	0.0
96727.39379882812	0.6962188865771207	0.5721450393254457	934.0116422856227	0.0	0.0	0.0
96931.93823242188	0.6962188523767417	0.572145043431745	934.011641561985	0.0	0.0	0.0
97136.9736328125	0.6962188776965293	0.5721449919521334	934.0116425212473	0.0	0.0	0.0
97344.20190429688	0.6962188627762504	0.5721449698522275	934.0116433994845	0.0	0.0	0.0
97548.09887695312	0.6962188574492943	0.5721449758388912	934.0116404378787	0.0	0.0	0.0
97752.88330078125	0.6962188888012993	0.5721450173445513	934.0116405077279	0.0	0.0	0.0
97956.00366210938	0.6962189048951049	0.5721450656581583	934.0116435745731	0.0	0.0	0.0
98160.70458984375	0.6962188775426376	0.572145017203958	934.0116426991299	0.0	0.0	0.0
98365.28784179688	0.6962189092851193	0.5721449643020338	934.0116385268047	0.0	0.0	0.0
98571.61157226562	0.6962188821923593	0.5721450660177494	934.0116432700306	0.0	0.0	0.0
98774.93725585938	0.6962188898036745	0.5721450297489629	934.0116382781416	0.0	0.0	0.0
98980.62426757812	0.6962188797161184	0.5721450647506701	934.0116398548707	0.0	0.0	0.0
99185.04467773438	0.6962188754441682	0.5721449882282603	934.0116419550031	0.0	0.0	0.0
99389.7392578125	0.6962189191332055	0.5721450849804722	934.0116423247382	0.0	0.0	0.0
99596.01342773438	0.6962188895520437	0.5721450645788541	934.0116386571899	0.0	0.0	0.0
99801.48803710938	0.6962188457855596	0.5721450567871312	934.0116418078542	0.0	0.0	0.0
100007.42993164062	0.6962188859396661	0.5721449754445553	934.0116419773549	0.0	0.0	0.0
100214.31787109375	0.6962189437272565	0.5721450037030383	934.0116406967863	0.0	0.0	0.0
100418.85229492188	0.6962189593355077	0.5721450915272236	934.011640433222	0.0	0.0	0.0
100623.56127929688	0.6962187868100469	0.5721449817540611	934.0116419615224	0.0	0.0	0.0
100827.5029296875	0.6962189510072683	0.5721450652314899	934.0116387121379	0.0	0.0	0.0
101032.83813476562	0.6962189098629081	0.572144998697001	934.0116425286978	0.0	0.0	0.0
101240.537109375	0.6962189403000898	0.5721449764135085	934.0116410506889	0.0	0.0	0.0
101446.37377929688	0.6962188964129501	0.5721450899537047	934.0116403065622	0.0	0.0	0.0
101652.29077148438	0.6962188426108225	0.5721450663999793	934.0116411130875	0.0	0.0	0.0
101856.04052734375	0.6962188134591331	0.5721450756530592	934.0116422474384	0.0	0.0	0.0
102059.16625976562	0.6962188902536748	0.5721450805483022	934.0116411466151	0.0	0.0	0.0
102262.62255859375	0.6962188937148072	0.5721450695067877	934.0116373319179	0.0	0.0	0.0
102467.94799804688	0.6962189022595044	0.572144963458441	934.011640092358	0.0	0.0	0.0
102675.22265625	0.6962188841334108	0.5721451196726554	934.0116407554597	0.0	0.0	0.0
102879.45703125	0.6962189040340365	0.5721450651880694	934.0116373440251	0.0	0.0	0.0
103084.65942382812	0.6962188684273198	0.5721450314978649	934.0116418544203	0.0	0.0	0.0
103289.81811523438	0.6962188588561015	0.57214503457481	934.0116380546242	0.0	0.0	0.0
103493.23315429688	0.6962188299738193	0.5721450257523593	934.011642370373	0.0	0.0	0.0
103695.65454101562	0.696218905917136	0.5721451013147443	934.0116413189098	0.0	0.0	0.0
103901.19921875	0.6962188729166092	0.5721449997340826	934.0116429124027	0.0	0.0	0.0
104103.72412109375	0.6962189104872161	0.5721449704808641	934.0116389393806	0.0	0.0	0.0
104309.18920898438	0.6962188533994995	0.5721450260224489	934.0116406977177	0.0	0.0	0.0
104515.03784179688	0.6962188766782315	0.572145040570735	934.0116389589384	0.0	0.0	0.0
104721.74072265625	0.6962188650304658	0.5721450234972697	934.0116415321827	0.0	0.0	0.0
104926.33959960938	0.6962189202174877	0.5721449929905421	934.0116409938782	0.0	0.0	0.0
105129.54833984375	0.6962189450603798	0.5721450258511527	934.0116410180926	0.0	0.0	0.0
105332.13159179688	0.6962188960903065	0.5721449947896284	934.0116401799023	0.0	0.0	0.0
105535.46435546875	0.6962189251743734	0.572144981191051	934.0116379624233	0.0	0.0	0.0
105739.162109375	0.6962189380771694	0.5721450418647779	934.0116417454556	0.0	0.0	0.0
105940.45458984375	0.6962188946328653	0.5721450224254733	934.0116411931813	0.0	0.0	0.0
106144.1455078125	0.6962188776502111	0.5721450341310106	934.0116404630244	0.0	0.0	0.0
106348.48071289062	0.6962189002674288	0.572145051595196	934.0116414409131	0.0	0.0	0.0
106555.08056640625	0.6962188886081685	0.5721450940567947	934.0116362143308	0.0	0.0	0.0
106760.90698242188	0.6962188701092104	0.5721450544834135	934.0116408970207	0.0	0.0	0.0
106966.65673828125	0.6962188854454788	0.5721450760999289	934.0116418432444	0.0	0.0	0.0
107171.861328125	0.6962188616305697	0.5721450091639184	934.0116417724639	0.0	0.0	0.0
107380.16455078125	0.6962188570333538	0.5721450406255303	934.0116432327777	0.0	0.0	0.0
107584.36987304688	0.6962188389990441	0.5721449770810259	934.0116403680295	0.0	0.0	0.0
107789.65649414062	0.6962189359637999	0.5721450410381029	934.0116433594376	0.0	0.0	0.0
107993.08422851562	0.6962188794249823	0.5721449856271366	934.0116395810619	0.0	0.0	0.0
108198.05126953125	0.6962188473170181	0.5721450107554933	934.011639575474	0.0	0.0	0.0
108401.755859375	0.6962188336516959	0.572145086602171	934.0116436248645	0.0	0.0	0.0
108606.45825195312	0.6962188829889047	0.5721449899710798	934.0116415191442	0.0	0.0	0.0
108810.0166015625	0.6962188893569894	0.5721450367357014	934.0116365207359	0.0	0.0	0.0
109015.380859375	0.6962188141129682	0.5721449737632275	934.0116437915713	0.0	0.0	0.0
109220.24072265625	0.6962188851314134	0.5721450560040419	934.0116393491626	0.0	0.0	0.0
109424.41870117188	0.6962188311257433	0.5721450108697007	934.0116408355534	0.0	0.0	0.0
109629.3017578125	0.6962188965608426	0.5721450428090264	934.0116429133341	0.0	0.0	0.0
109833.09741210938	0.6962188971323309	0.5721450718758115	934.0116392066702	0.0	0.0	0.0
110036.787109375	0.696218857647477	0.5721450727959094	934.0116403941065	0.0	0.0	0.0
110241.08984375	0.6962189178794415	0.5721450616042328	934.011639864184	0.0	0.0	0.0
110447.04638671875	0.6962189100587295	0.5721450344463346	934.0116403568536	0.0	0.0	0.0
110652.9130859375	0.6962188675672066	0.5721450598479907	934.0116379223764	0.0	0.0	0.0
110856.11962890625	0.6962188850022846	0.5721449654051683	934.0116441641003	0.0	0.0	0.0
111060.84033203125	0.6962188536707251	0.572145075073566	934.0116429496557	0.0	0.0	0.0
111267.90551757812	0.6962189170536759	0.5721450322235481	934.0116394907236	0.0	0.0	0.0
111474.34130859375	0.69621887728826	0.5721449873879136	934.011640782468	0.0	0.0	0.0
111677.53662109375	0.6962188711320785	0.5721450452066594	934.0116420285776	0.0	0.0	0.0
111880.80224609375	0.6962189036052144	0.572145042204839	934.0116416430101	0.0	0.0	0.0
112088.54565429688	0.696218844706554	0.5721449517800136	934.0116386283189	0.0	0.0	0.0
112291.89477539062	0.6962189232770033	0.5721450027952576	934.0116431675851	0.0	0.0	0.0
112496.99609375	0.696218850974977	0.5721450658994924	934.0116391591728	0.0	0.0	0.0
112701.88500976562	0.696218829934713	0.5721450619468769	934.0116393184289	0.0	0.0	0.0
112905.96435546875	0.6962188909559879	0.5721450029621102	934.0116392774507	0.0	0.0	0.0
113112.861328125	0.6962188235623009	0.5721450552360562	934.0116388592869	0.0	0.0	0.0
113317.4423828125	0.6962188598104643	0.5721450983448364	934.0116429096088	0.0	0.0	0.0
113521.52319335938	0.6962188672971419	0.5721450103159901	934.0116380183026	0.0	0.0	0.0
113726.7626953125	0.6962187863967226	0.5721450118949094	934.0116425426677	0.0	0.0	0.0
113932.64868164062	0.6962188777747311	0.5721450642188053	934.0116411875933	0.0	0.0	0.0
114136.98876953125	0.6962188332106652	0.5721449483988389	934.0116416839883	0.0	0.0	0.0
114340.54956054688	0.6962188509280721	0.5721450323003743	934.0116393472999	0.0	0.0	0.0
114544.00708007812	0.696218857720049	0.5721450729907578	934.0116375647485	0.0	0.0	0.0
114749.00170898438	0.6962188977946397	0.572145097641084	934.0116387512535	0.0	0.0	0.0
114951.61596679688	0.6962189005113829	0.5721450506282627	934.0116444211453	0.0	0.0	0.0
115157.21752929688	0.6962188655260632	0.572144977022053	934.0116398492828	0.0	0.0	0.0
115366.35205078125	0.6962189153948025	0.5721450264995268	934.0116383936256	0.0	0.0	0.0
115572.02124023438	0.6962188793370717	0.5721450478150915	934.0116403037682	0.0	0.0	0.0
115777.4150390625	0.6962188879388211	0.5721449481975038	934.0116421245039	0.0	0.0	0.0
115984.87890625	0.6962188499619741	0.5721451498616145	934.011638276279	0.0	0.0	0.0
116187.85327148438	0.6962189104743461	0.5721450954673134	934.0116392560303	0.0	0.0	0.0
116392.54296875	0.6962188904618294	0.5721450097503549	934.0116424774751	0.0	0.0	0.0
116595.73461914062	0.6962188548077299	0.5721450466203412	934.0116417976096	0.0	0.0	0.0
116799.87158203125	0.6962188773890322	0.5721450105098762	934.0116389309987	0.0	0.0	0.0
117004.02319335938	0.6962188592387889	0.5721450915076696	934.0116384848952	0.0	0.0	0.0
117205.66137695312	0.6962188869071426	0.572145043408337	934.0116376653314	0.0	0.0	0.0
117409.99267578125	0.6962188931092201	0.57214505640696	934.0116411671042	0.0	0.0	0.0
117614.53271484375	0.6962189074237853	0.5721450072008658	934.0116395102814	0.0	0.0	0.0
117817.86743164062	0.6962188706205651	0.5721449778183947	934.0116433976218	0.0	0.0	0.0
118022.73071289062	0.6962189196043735	0.5721450980422372	934.0116386450827	0.0	0.0	0.0
118228.61328125	0.6962188868245945	0.5721449906594008	934.0116379056126	0.0	0.0	0.0
118434.29614257812	0.6962189217049324	0.5721450501892241	934.0116403009742	0.0	0.0	0.0
118640.51782226562	0.6962188273308962	0.572145026681216	934.0116408579051	0.0	0.0	0.0
118844.8759765625	0.6962188556834285	0.5721450229469156	934.0116444146261	0.0	0.0	0.0
119051.208984375	0.6962188623755251	0.5721450783365034	934.0116446567699	0.0	0.0	0.0
119257.51684570312	0.6962188496333598	0.5721450500631056	934.0116414818913	0.0	0.0	0.0
119462.0791015625	0.6962188846039631	0.5721449519038746	934.0116413263604	0.0	0.0	0.0
119670.806640625	0.6962188734485557	0.5721450586401007	934.0116424066946	0.0	0.0	0.0
119875.8173828125	0.6962188718215412	0.5721450379822445	934.0116407237947	0.0	0.0	0.0
120079.95654296875	0.6962188714190575	0.5721450372137764	934.0116405421868	0.0	0.0	0.0
120286.09521484375	0.696218894824038	0.5721450519350091	934.0116423461586	0.0	0.0	0.0
120489.62939453125	0.6962188380962805	0.5721449887886847	934.0116440681741	0.0	0.0	0.0
120695.86157226562	0.6962188353562222	0.572145064009755	934.0116395624354	0.0	0.0	0.0
120902.2900390625	0.6962188540173082	0.57214503424007	934.0116387829185	0.0	0.0	0.0
121108.59619140625	0.6962188822072037	0.5721450041747562	934.0116427000612	0.0	0.0	0.0
121313.67993164062	0.6962188439671078	0.5721450808401627	934.0116456672549	0.0	0.0	0.0
121520.28662109375	0.6962189204584975	0.5721450084119121	934.0116409929469	0.0	0.0	0.0
121727.03515625	0.6962188980063534	0.5721449911596164	934.0116454642266	0.0	0.0	0.0
121931.68212890625	0.6962188525323695	0.5721450082580223	934.0116387680173	0.0	0.0	0.0
122135.37109375	0.6962189394545114	0.5721450375537596	934.0116394814104	0.0	0.0	0.0
122337.91479492188	0.6962188784063937	0.5721449968541592	934.0116422111169	0.0	0.0	0.0
122543.02124023438	0.6962188640609274	0.5721450694487229	934.0116383749992	0.0	0.0	0.0
122750.67553710938	0.6962188710094753	0.5721450934189031	934.0116396946833	0.0	0.0	0.0
122956.46069335938	0.696218920522954	0.5721450847435328	934.0116406492889	0.0	0.0	0.0
123163.7314453125	0.6962188346578427	0.5721449807915688	934.0116418339312	0.0	0.0	0.0
123369.509765625	0.6962189142466784	0.5721450865019968	934.0116422390565	0.0	0.0	0.0
123573.58447265625	0.6962189024453471	0.5721450164965077	934.0116388779134	0.0	0.0	0.0
123779.91333007812	0.6962189002728447	0.5721450405448472	934.0116416933015	0.0	0.0	0.0
123985.3427734375	0.6962189117390312	0.5721450658135796	934.0116381384432	0.0	0.0	0.0
124191.31469726562	0.6962189222031495	0.5721450598707055	934.0116385808215	0.0	0.0	0.0
124399.33715820312	0.6962188602382922	0.5721451237191467	934.0116411643103	0.0	0.0	0.0
124605.84033203125	0.6962188232120977	0.5721450424098974	934.0116402693093	0.0	0.0	0.0
124812.77734375	0.6962189014689927	0.572145070135227	934.011642231606	0.0	0.0	0.0
125015.68481445312	0.6962188584671043	0.5721449976179932	934.0116416709498	0.0	0.0	0.0
125218.6826171875	0.6962188860966533	0.5721450649090674	934.011643121019	0.0	0.0	0.0
125423.80859375	0.6962189098710538	0.5721449257785721	934.0116411531344	0.0	0.0	0.0
125628.75708007812	0.6962188389460473	0.5721451340060116	934.0116373533383	0.0	0.0	0.0
125833.84643554688	0.6962188301355473	0.5721450338278196	934.0116420648992	0.0	0.0	0.0
126036.96264648438	0.6962188849014702	0.5721450811654061	934.0116368811578	0.0	0.0	0.0
126243.08374023438	0.6962188671444808	0.5721450259921838	934.0116376625374	0.0	0.0	0.0
126448.96606445312	0.6962188682830561	0.5721450827089495	934.0116376047954	0.0	0.0	0.0
126656.74877929688	0.6962188332062682	0.5721449792249178	934.0116436714306	0.0	0.0	0.0
126861.75390625	0.6962188796415283	0.5721449695925467	934.0116414017975	0.0	0.0	0.0
127067.248046875	0.6962189392780749	0.5721451464138925	934.0116394245997	0.0	0.0	0.0
127271.5859375	0.6962189008440776	0.5721450122059933	934.0116409594193	0.0	0.0	0.0
127476.92553710938	0.6962188727541089	0.5721450987517396	934.011641131714	0.0	0.0	0.0
127684.78637695312	0.6962188682533563	0.5721450784519826	934.0116419596598	0.0	0.0	0.0
127890.42602539062	0.6962188529140918	0.5721450811051948	934.0116430725902	0.0	0.0	0.0
128095.57543945312	0.6962189023247971	0.5721450478550117	934.0116386851296	0.0	0.0	0.0
128299.17700195312	0.6962188841727466	0.5721450555701465	934.0116373598576	0.0	0.0	0.0
128505.97192382812	0.6962188929399137	0.5721451042607404	934.011639226228	0.0	0.0	0.0
128716.20971679688	0.6962188677601586	0.5721450428097051	934.0116426544264	0.0	0.0	0.0
128922.53735351562	0.6962188614431881	0.5721450118339434	934.011641443707	0.0	0.0	0.0
129127.54711914062	0.6962188253035889	0.5721450655130271	934.0116389440373	0.0	0.0	0.0
129330.25219726562	0.6962188891517872	0.572145073581081	934.0116420909762	0.0	0.0	0.0
129535.60595703125	0.6962189189131422	0.5721450114189989	934.0116387112066	0.0	0.0	0.0
129742.48461914062	0.696218830565019	0.5721449843620853	934.0116443634033	0.0	0.0	0.0
129947.71899414062	0.6962188012263337	0.5721450291210589	934.011642543599	0.0	0.0	0.0
130154.71997070312	0.6962188359138224	0.5721451019146162	934.0116372127086	0.0	0.0	0.0
130361.6904296875	0.6962188668768795	0.5721450500997011	934.0116424262524	0.0	0.0	0.0
130568.52978515625	0.6962188505741312	0.5721450183194348	934.0116422139108	0.0	0.0	0.0
130775.6728515625	0.6962188393475709	0.5721450327503562	934.0116414241493	0.0	0.0	0.0
130980.52905273438	0.6962189090829101	0.5721449576140745	934.0116387279704	0.0	0.0	0.0
131184.55249023438	0.6962188778964253	0.572145051680708	934.011639081873	0.0	0.0	0.0
131391.35717773438	0.6962188823049014	0.5721449637604188	934.0116418162361	0.0	0.0	0.0
131599.67211914062	0.6962188506049833	0.5721450759583481	934.0116395009682	0.0	0.0	0.0
131807.13427734375	0.6962188482062074	0.5721450748940992	934.0116432895884	0.0	0.0	0.0
132009.95825195312	0.6962189455306634	0.5721450095286336	934.0116400299594	0.0	0.0	0.0
132214.43896484375	0.6962188447284718	0.5721450505855074	934.0116387484595	0.0	0.0	0.0
132417.38647460938	0.6962188752304913	0.5721450996411478	934.0116394842044	0.0	0.0	0.0
132620.892578125	0.6962188881998562	0.5721450701351211	934.0116401175037	0.0	0.0	0.0
132825.47094726562	0.6962188693780395	0.5721450169108174	934.0116407386959	0.0	0.0	0.0
133032.77661132812	0.6962188782576573	0.5721449681726344	934.011641013436	0.0	0.0	0.0
133238.59057617188	0.6962188518068004	0.5721450707194771	934.011636451818	0.0	0.0	0.0
133442.77587890625	0.6962188663122003	0.5721449496377333	934.0116389393806	0.0	0.0	0.0
133646.67041015625	0.6962188765670443	0.5721450767357976	934.0116418879479	0.0	0.0	0.0
133850.12744140625	0.6962188945862242	0.5721450698653032	934.0116408122703	0.0	0.0	0.0
134053.44165039062	0.6962188971506683	0.5721449834828645	934.0116377845407	0.0	0.0	0.0
134259.13671875	0.696218932579182	0.5721450065438619	934.0116369687021	0.0	0.0	0.0
134462.80517578125	0.6962188752185832	0.5721450290937274	934.0116405142471	0.0	0.0	0.0
134666.8349609375	0.6962189193422845	0.5721449838194231	934.0116392374039	0.0	0.0	0.0
134872.18725585938	0.6962188799388304	0.5721451398715072	934.0116408076137	0.0	0.0	0.0
135076.0048828125	0.6962188454885678	0.5721451371519969	934.0116401026025	0.0	0.0	0.0
135281.521484375	0.6962189307751385	0.5721450805754702	934.0116404471919	0.0	0.0	0.0
135486.47241210938	0.6962188689486677	0.5721449963785719	934.0116398455575	0.0	0.0	0.0
135690.38354492188	0.6962188857862882	0.5721451051169353	934.0116396024823	0.0	0.0	0.0
135895.2470703125	0.6962189046469917	0.5721450701085192	934.0116396397352	0.0	0.0	0.0
136100.81005859375	0.6962189057819624	0.5721450577092418	934.0116367554292	0.0	0.0	0.0
136306.72827148438	0.6962188534092696	0.5721450703829721	934.0116419224069	0.0	0.0	0.0
136510.78149414062	0.6962188961184738	0.5721450172680539	934.0116400560364	0.0	0.0	0.0
136714.05346679688	0.696218902710355	0.5721450461801197	934.0116357272491	0.0	0.0	0.0
136920.10034179688	0.6962189048847248	0.5721449960040207	934.0116398259997	0.0	0.0	0.0
137122.09912109375	0.6962188869556852	0.5721450369630354	934.011639338918	0.0	0.0	0.0
137329.3203125	0.6962188951242057	0.5721450202487912	934.0116440467536	0.0	0.0	0.0
137534.32958984375	0.6962188513281189	0.5721449921503603	934.0116387754679	0.0	0.0	0.0
137739.01586914062	0.6962189158476911	0.5721450717903823	934.0116399955004	0.0	0.0	0.0
137942.96337890625	0.6962188392025522	0.5721450844322448	934.0116395810619	0.0	0.0	0.0
138148.86083984375	0.6962188859070209	0.5721450640404283	934.0116421086714	0.0	0.0	0.0
138357.56909179688	0.6962189319854862	0.5721450453808081	934.011640955694	0.0	0.0	0.0
138561.04541015625	0.6962188449640414	0.572145114428261	934.0116390101612	0.0	0.0	0.0
138763.29125976562	0.6962189579970715	0.5721450834783821	934.0116413990036	0.0	0.0	0.0
138969.25439453125	0.6962188919675174	0.5721450678805565	934.0116388630122	0.0	0.0	0.0
139174.10034179688	0.696218881771157	0.5721450479225113	934.0116382353008	0.0	0.0	0.0
139377.41552734375	0.6962188374324317	0.572145049754998	934.0116416495293	0.0	0.0	0.0
139583.1767578125	0.6962189301445079	0.572145006723463	934.0116376336664	0.0	0.0	0.0
139785.58642578125	0.6962188469219698	0.5721450317842707	934.0116425007582	0.0	0.0	0.0
139989.61987304688	0.696218830374667	0.5721450666824045	934.0116402478889	0.0	0.0	0.0
140193.6025390625	0.6962189028232617	0.5721449561494396	934.011638362892	0.0	0.0	0.0
140398.77978515625	0.6962188099542009	0.5721450878671752	934.0116440011188	0.0	0.0	0.0
140602.26928710938	0.6962188722809335	0.5721450823235055	934.0116408644244	0.0	0.0	0.0
140805.3125	0.6962189075877687	0.5721450495272304	934.0116403531283	0.0	0.0	0.0
141009.66137695312	0.6962187948698739	0.5721450356833494	934.0116408895701	0.0	0.0	0.0
141212.72802734375	0.6962188260796429	0.5721450168811201	934.0116396835074	0.0	0.0	0.0
141417.00854492188	0.6962188462066274	0.5721450130769223	934.0116400271654	0.0	0.0	0.0
141621.587890625	0.6962188489414174	0.5721449977045056	934.0116400411353	0.0	0.0	0.0
141825.6611328125	0.696218853846895	0.5721450501910551	934.0116432020441	0.0	0.0	0.0
142029.09326171875	0.6962188932531809	0.5721450299087024	934.0116414483637	0.0	0.0	0.0
142233.97436523438	0.696218874199	0.5721450378793564	934.0116419149563	0.0	0.0	0.0
142444.37133789062	0.69621888095816	0.5721449782500653	934.0116381356493	0.0	0.0	0.0
142648.88134765625	0.6962188949556328	0.572145115721306	934.0116419941187	0.0	0.0	0.0
142854.85986328125	0.6962188448035456	0.5721450462102702	934.0116388015449	0.0	0.0	0.0
143059.57983398438	0.6962188505169886	0.5721450414380618	934.0116401361302	0.0	0.0	0.0
143263.47973632812	0.6962188735865457	0.572145036870183	934.0116412518546	0.0	0.0	0.0
143469.39428710938	0.6962188720909392	0.5721450272936673	934.0116418935359	0.0	0.0	0.0
143674.00561523438	0.696218860660569	0.5721451109774326	934.0116393119097	0.0	0.0	0.0
143876.77587890625	0.6962189062970304	0.5721450322965895	934.0116402516142	0.0	0.0	0.0
144080.57006835938	0.6962188431353655	0.572144974794437	934.0116435559466	0.0	0.0	0.0
144287.63232421875	0.6962188353115689	0.5721450187148563	934.0116422623396	0.0	0.0	0.0
144491.80908203125	0.6962189084135741	0.5721450969860244	934.0116405701265	0.0	0.0	0.0
144694.87573242188	0.696218844157508	0.5721450177767787	934.0116397030652	0.0	0.0	0.0
144898.99926757812	0.6962188828591638	0.5721449404882335	934.0116406716406	0.0	0.0	0.0
145108.81787109375	0.6962189318845746	0.5721450967292199	934.0116391479969	0.0	0.0	0.0
145313.91381835938	0.6962188333795195	0.5721450724123872	934.0116402506828	0.0	0.0	0.0
145519.794921875	0.6962188896851239	0.5721450548299317	934.0116364639252	0.0	0.0	0.0
145724.50708007812	0.6962189044828229	0.5721449631861911	934.0116405896842	0.0	0.0	0.0
145928.04223632812	0.696218909301882	0.5721451383093703	934.011640404351	0.0	0.0	0.0
146131.69653320312	0.6962189131299369	0.572145083793185	934.011640233919	0.0	0.0	0.0
146335.1064453125	0.6962188796876916	0.5721450434333064	934.0116408318281	0.0	0.0	0.0
146539.79516601562	0.69621882489399	0.572145045354336	934.0116404592991	0.0	0.0	0.0
146742.3232421875	0.6962188666355336	0.5721450654554814	934.0116429906338	0.0	0.0	0.0
146946.61889648438	0.6962188774072978	0.5721450349897591	934.0116416998208	0.0	0.0	0.0
147149.75024414062	0.6962188696357186	0.5721450704494749	934.0116406921297	0.0	0.0	0.0
147351.79516601562	0.6962188571657241	0.572145104305489	934.0116402320564	0.0	0.0	0.0
147555.29150390625	0.6962189366103732	0.5721450786626889	934.011639569886	0.0	0.0	0.0
147759.80029296875	0.6962188432575842	0.5721450027125041	934.0116393696517	0.0	0.0	0.0
147965.693359375	0.6962188847172073	0.5721450564073023	934.0116464542225	0.0	0.0	0.0
148169.4560546875	0.69621891208072	0.5721450783631955	934.0116418078542	0.0	0.0	0.0
148376.54443359375	0.6962188850394143	0.5721451030572265	934.0116421915591	0.0	0.0	0.0
148583.64770507812	0.6962188554781811	0.5721449974727432	934.0116408271715	0.0	0.0	0.0
148788.42944335938	0.696218858936706	0.5721450475345101	934.0116410870105	0.0	0.0	0.0
148991.8662109375	0.6962188832462308	0.5721450500444318	934.0116428183392	0.0	0.0	0.0
149197.66137695312	0.6962189145646194	0.5721449876879358	934.0116413189098	0.0	0.0	0.0
149400.16088867188	0.6962189033740623	0.5721450827333997	934.0116395931691	0.0	0.0	0.0
149603.77758789062	0.6962188784489605	0.5721450616355755	934.0116394190118	0.0	0.0	0.0
149807.04370117188	0.6962188406690892	0.5721450272863747	934.011643609032	0.0	0.0	0.0
150013.29174804688	0.6962188950877789	0.5721450817596384	934.0116378907114	0.0	0.0	0.0
150218.26000976562	0.696218858761346	0.5721450026840738	934.0116381933913	0.0	0.0	0.0
150421.93994140625	0.6962188611869293	0.5721450413236118	934.0116433631629	0.0	0.0	0.0
150626.6259765625	0.6962188798453555	0.5721451078950923	934.0116422772408	0.0	0.0	0.0
150830.34716796875	0.6962188609136986	0.57214497416901	934.0116409538314	0.0	0.0	0.0
151032.48510742188	0.6962188959398103	0.5721449814119964	934.0116430260241	0.0	0.0	0.0
151236.2578125	0.6962188427345973	0.5721449945210686	934.0116397477686	0.0	0.0	0.0
151440.78100585938	0.6962189365121538	0.5721449629413979	934.0116413645446	0.0	0.0	0.0
151644.34448242188	0.6962188747324023	0.5721450035185764	934.0116388937458	0.0	0.0	0.0
151851.77905273438	0.6962189044820047	0.5721450590798092	934.011639717035	0.0	0.0	0.0
152059.3798828125	0.6962188804854743	0.5721450551312824	934.0116397691891	0.0	0.0	0.0
152264.80908203125	0.6962188572189545	0.5721451064570624	934.0116406446323	0.0	0.0	0.0
152469.07055664062	0.6962188689107676	0.572145053920454	934.011640352197	0.0	0.0	0.0
152674.04418945312	0.6962188674826896	0.5721451176599768	934.0116407694295	0.0	0.0	0.0
152877.5244140625	0.6962188740841575	0.5721449911198221	934.011640785262	0.0	0.0	0.0
153081.66625976562	0.6962188844980631	0.5721450087426847	934.0116419754922	0.0	0.0	0.0
153285.197265625	0.6962188724267757	0.5721450331386925	934.011640666984	0.0	0.0	0.0
153488.57299804688	0.6962189210946668	0.572145042353567	934.0116419335827	0.0	0.0	0.0
153691.71899414062	0.696218827562986	0.5721450650527173	934.011640381068	0.0	0.0	0.0
153895.04565429688	0.6962188573814918	0.5721451069844805	934.0116400690749	0.0	0.0	0.0
154099.55786132812	0.6962189191246744	0.5721450959066833	934.0116374921054	0.0	0.0	0.0
154303.0146484375	0.6962188921768088	0.5721451510043398	934.0116387587041	0.0	0.0	0.0
154505.77587890625	0.6962188030768931	0.5721450349407032	934.0116400327533	0.0	0.0	0.0
154709.04565429688	0.6962188662194236	0.5721450757530463	934.0116415712982	0.0	0.0	0.0
154912.59985351562	0.6962188889546065	0.572145027473153	934.0116383293644	0.0	0.0	0.0
155116.09106445312	0.696218874199461	0.5721450537427069	934.0116430036724	0.0	0.0	0.0
155320.80859375	0.6962189077792073	0.5721450794427768	934.0116383675486	0.0	0.0	0.0
155526.9443359375	0.6962188955747848	0.5721450241322097	934.0116396294907	0.0	0.0	0.0
155730.84423828125	0.6962189541996394	0.5721450598720863	934.0116419466212	0.0	0.0	0.0
155937.63354492188	0.6962188687729685	0.5721450774549511	934.01163945999	0.0	0.0	0.0
156140.4775390625	0.6962188465890573	0.5721450548378508	934.0116401975974	0.0	0.0	0.0
156345.23291015625	0.6962188651802386	0.5721450082446184	934.011640730314	0.0	0.0	0.0
156549.33349609375	0.6962188713849042	0.5721450474848309	934.0116396797821	0.0	0.0	0.0
156754.94165039062	0.6962188191322429	0.5721450558802496	934.0116409892216	0.0	0.0	0.0
156959.75634765625	0.6962188456792363	0.5721451005261229	934.0116408178583	0.0	0.0	0.0
157165.2822265625	0.6962188498604934	0.5721451033632189	934.0116403438151	0.0	0.0	0.0
157368.63427734375	0.6962188520381047	0.5721450004420249	934.0116416132078	0.0	0.0	0.0
157571.41577148438	0.6962189222206865	0.5721450966356484	934.0116381403059	0.0	0.0	0.0
157776.16625976562	0.6962188867488006	0.5721450007789539	934.011639948003	0.0	0.0	0.0
157980.86572265625	0.6962189242425163	0.5721450478714012	934.011638969183	0.0	0.0	0.0
158184.5048828125	0.696218869993864	0.5721450064328021	934.0116409882903	0.0	0.0	0.0
158390.119140625	0.6962188565630845	0.5721450685319953	934.01164043881	0.0	0.0	0.0
158594.38623046875	0.6962188762333565	0.5721450585291636	934.0116451727226	0.0	0.0	0.0
158798.34326171875	0.6962189016018805	0.5721450514837444	934.011641507037	0.0	0.0	0.0
159003.37939453125	0.6962188862528758	0.5721451220674485	934.0116386637092	0.0	0.0	0.0
159207.443359375	0.6962189281595437	0.572145080159225	934.011640095152	0.0	0.0	0.0
159412.73681640625	0.6962188945282382	0.5721450486553137	934.0116403736174	0.0	0.0	0.0
159617.00146484375	0.6962188637344496	0.5721450701035883	934.0116410776973	0.0	0.0	0.0
159824.6904296875	0.6962188457414339	0.5721449682166362	934.0116373505443	0.0	0.0	0.0
160027.18627929688	0.6962188391504643	0.5721450400673299	934.0116421328858	0.0	0.0	0.0
160229.81860351562	0.6962188567927216	0.5721449748596789	934.0116405105218	0.0	0.0	0.0
160432.60107421875	0.6962188647813927	0.57214511013337	934.0116392532364	0.0	0.0	0.0
160637.59252929688	0.6962189446643345	0.5721450523568711	934.0116422586143	0.0	0.0	0.0
160846.908203125	0.6962188939034498	0.5721450390228595	934.0116404760629	0.0	0.0	0.0
161051.38305664062	0.6962188678706206	0.572145075012676	934.0116414055228	0.0	0.0	0.0
161255.11254882812	0.6962188471461561	0.5721450988233868	934.0116370832548	0.0	0.0	0.0
161461.15673828125	0.6962188713744205	0.5721450607723996	934.0116401854903	0.0	0.0	0.0
161665.43334960938	0.6962188247145612	0.5721450688338964	934.0116410870105	0.0	0.0	0.0
161869.0419921875	0.696218860241546	0.572145010887473	934.0116414641961	0.0	0.0	0.0
162072.8408203125	0.6962188993468486	0.5721450241025401	934.0116429105401	0.0	0.0	0.0
162275.97900390625	0.696218810975733	0.5721450448693223	934.0116395037621	0.0	0.0	0.0
162480.17895507812	0.696218876955644	0.572145014664295	934.0116411875933	0.0	0.0	0.0
162687.27270507812	0.6962188642423007	0.5721450369839196	934.0116417268291	0.0	0.0	0.0
162891.89697265625	0.6962189214672666	0.5721449807540536	934.0116406632587	0.0	0.0	0.0
163095.34790039062	0.6962188905157103	0.5721450793719699	934.0116425901651	0.0	0.0	0.0
163301.2744140625	0.696218862439515	0.5721450636436681	934.0116381859407	0.0	0.0	0.0
163507.17456054688	0.6962188865190756	0.5721450791316799	934.0116428704932	0.0	0.0	0.0
163710.01489257812	0.6962189218672333	0.5721449933535679	934.0116431824863	0.0	0.0	0.0
163913.740234375	0.6962188806268167	0.5721449386392283	934.0116415955126	0.0	0.0	0.0
164118.3359375	0.6962188824796708	0.5721450269679138	934.0116411559284	0.0	0.0	0.0
164323.30615234375	0.6962189765163064	0.5721450260210481	934.0116397785023	0.0	0.0	0.0
164527.11401367188	0.696218883443887	0.5721450168157296	934.011640207842	0.0	0.0	0.0
164731.62670898438	0.6962188787547084	0.5721450094697481	934.011638449505	0.0	0.0	0.0
164936.96044921875	0.6962188764294223	0.5721450252169004	934.0116403540596	0.0	0.0	0.0
165143.22119140625	0.6962188752958302	0.5721449886931244	934.0116408057511	0.0	0.0	0.0
165345.958984375	0.6962188562075506	0.5721450858910931	934.0116388583556	0.0	0.0	0.0
165551.72778320312	0.6962188412353119	0.5721450016543913	934.0116420714185	0.0	0.0	0.0
165757.55639648438	0.6962189108848101	0.5721450745682553	934.011642113328	0.0	0.0	0.0
165961.1513671875	0.6962188791730176	0.5721449653921393	934.0116396248341	0.0	0.0	0.0
166164.90283203125	0.6962188692284547	0.5721449316180489	934.0116414008662	0.0	0.0	0.0
166368.2783203125	0.696218862240126	0.572145053120419	934.0116384625435	0.0	0.0	0.0
166572.97021484375	0.6962189050760995	0.5721450901141987	934.0116396900266	0.0	0.0	0.0
166777.822265625	0.6962188015554716	0.5721450162589666	934.0116390930489	0.0	0.0	0.0
166984.61840820312	0.6962189250700569	0.5721451143824662	934.0116437505931	0.0	0.0	0.0
167188.09106445312	0.6962188910976821	0.5721449777570805	934.0116400849074	0.0	0.0	0.0
167391.82446289062	0.6962188778989796	0.572145054507648	934.0116390148178	0.0	0.0	0.0
167596.07666015625	0.6962188656169109	0.5721450754615509	934.011642488651	0.0	0.0	0.0
167802.79125976562	0.6962189045846361	0.5721449818366193	934.0116377044469	0.0	0.0	0.0
168008.45727539062	0.6962189049731269	0.5721449762638964	934.011637895368	0.0	0.0	0.0
168212.33154296875	0.696218877329217	0.5721450146080853	934.0116393398494	0.0	0.0	0.0
168415.51611328125	0.6962188570706399	0.5721451009359055	934.0116380844265	0.0	0.0	0.0
168622.46020507812	0.6962188981108048	0.5721449910831503	934.0116406772286	0.0	0.0	0.0
168826.56909179688	0.696218905118516	0.5721450246216391	934.0116397989914	0.0	0.0	0.0
169031.22143554688	0.6962189304505294	0.5721450591237296	934.0116393761709	0.0	0.0	0.0
169236.78393554688	0.6962188762259871	0.5721450495400977	934.0116395913064	0.0	0.0	0.0
169441.51733398438	0.6962188289632653	0.5721450314469615	934.0116401752457	0.0	0.0	0.0
169648.07543945312	0.696218839971308	0.5721451243237713	934.0116424094886	0.0	0.0	0.0
169853.11181640625	0.6962188791266993	0.5721450272932238	934.0116391498595	0.0	0.0	0.0
170058.27172851562	0.6962188885633724	0.5721450562507453	934.0116424066946	0.0	0.0	0.0
170263.48217773438	0.6962189154479876	0.5721451342268788	934.0116397188976	0.0	0.0	0.0
170466.98364257812	0.6962188874079145	0.5721450353940828	934.011642168276	0.0	0.0	0.0
170670.28662109375	0.6962188738013884	0.5721449812376268	934.0116395493969	0.0	0.0	0.0
170876.7548828125	0.6962188389221248	0.5721450271746117	934.0116425082088	0.0	0.0	0.0
171082.18920898438	0.696218896968424	0.5721449511302025	934.0116406977177	0.0	0.0	0.0
171290.56494140625	0.6962190019352567	0.5721450225295984	934.0116381859407	0.0	0.0	0.0
171494.76318359375	0.6962189144046628	0.5721451055151068	934.0116409221664	0.0	0.0	0.0
171700.64672851562	0.6962188645529768	0.5721450155890694	934.0116376606748	0.0	0.0	0.0
171904.02587890625	0.6962189415828287	0.5721451061350379	934.0116414548829	0.0	0.0	0.0
172105.7734375	0.6962188804969052	0.5721450913889403	934.0116387894377	0.0	0.0	0.0
172313.05883789062	0.6962188904485745	0.5721450097435543	934.011642664671	0.0	0.0	0.0
172516.9658203125	0.6962188651652563	0.5721450354208909	934.0116406036541	0.0	0.0	0.0
172723.75659179688	0.6962188609815783	0.572144975819793	934.0116396732628	0.0	0.0	0.0
172929.69506835938	0.6962188828174918	0.5721450863368708	934.0116399582475	0.0	0.0	0.0
173135.19653320312	0.6962188773219801	0.5721450678034236	934.0116394646466	0.0	0.0	0.0
173340.27612304688	0.6962188841908252	0.5721450666013234	934.0116425715387	0.0	0.0	0.0
173545.59228515625	0.6962188702769173	0.5721450612983072	934.0116411997005	0.0	0.0	0.0
173750.97998046875	0.6962189487274584	0.57214505064331	934.0116414967924	0.0	0.0	0.0
173955.57397460938	0.696218917480423	0.5721451080832775	934.011640346609	0.0	0.0	0.0
174159.31713867188	0.6962189259565313	0.5721450162048562	934.0116427950561	0.0	0.0	0.0
174363.37841796875	0.6962188533597552	0.5721449991472838	934.0116415787488	0.0	0.0	0.0
174570.02221679688	0.6962188718228117	0.572145006877376	934.0116421822459	0.0	0.0	0.0
174774.10864257812	0.6962188356833702	0.5721450005293824	934.0116422707215	0.0	0.0	0.0
174975.96704101562	0.696218884400147	0.5721450514704975	934.0116394050419	0.0	0.0	0.0
175180.62158203125	0.6962188916873576	0.5721450778418894	934.0116410180926	0.0	0.0	0.0
175384.02075195312	0.6962188156365997	0.5721450427725508	934.0116433650255	0.0	0.0	0.0
175588.4169921875	0.6962188961876418	0.572145054972083	934.0116372378543	0.0	0.0	0.0
175794.76635742188	0.6962188859670998	0.5721450406244634	934.0116397347301	0.0	0.0	0.0
175997.57153320312	0.6962188655997404	0.5721450214489786	934.0116387046874	0.0	0.0	0.0
176201.09106445312	0.6962187986948242	0.5721450943200729	934.0116431871429	0.0	0.0	0.0
176404.44995117188	0.6962188985331278	0.5721450495609808	934.0116433482617	0.0	0.0	0.0
176607.8427734375	0.6962188694849244	0.5721451125982042	934.0116397161037	0.0	0.0	0.0
176813.17211914062	0.6962189071750834	0.5721450968033861	934.0116380359977	0.0	0.0	0.0
177017.07055664062	0.6962188769334704	0.572145087909933	934.0116413412616	0.0	0.0	0.0
177225.62475585938	0.6962188855357769	0.5721450258838335	934.0116375293583	0.0	0.0	0.0
177432.23461914062	0.6962188842662209	0.5721450674674139	934.011640990153	0.0	0.0	0.0
177637.07470703125	0.6962188277995551	0.5721450010268442	934.0116430306807	0.0	0.0	0.0
177843.8994140625	0.6962188640211834	0.572145077913773	934.0116403847933	0.0	0.0	0.0
178049.3408203125	0.6962189043302407	0.5721449867159701	934.0116391181946	0.0	0.0	0.0
178253.13208007812	0.6962189561961311	0.5721450847763244	934.0116435913369	0.0	0.0	0.0
178459.1533203125	0.696218823563458	0.5721450297953727	934.0116402171552	0.0	0.0	0.0
178661.44555664062	0.6962189208836197	0.5721449562431151	934.011638068594	0.0	0.0	0.0
178866.39282226562	0.6962189202843753	0.5721450987285378	934.0116403074935	0.0	0.0	0.0
179070.57250976562	0.6962188723938245	0.5721450940486889	934.0116421543062	0.0	0.0	0.0
179272.93627929688	0.6962188798272	0.5721450410087116	934.0116394786164	0.0	0.0	0.0
179479.29077148438	0.6962188126832597	0.5721450812458494	934.0116387605667	0.0	0.0	0.0
179682.267578125	0.6962188659984462	0.5721451085619136	934.0116403270513	0.0	0.0	0.0
179886.98022460938	0.6962189364777335	0.5721450914882477	934.0116420611739	0.0	0.0	0.0
180091.27758789062	0.6962188799075752	0.5721450141865099	934.0116392364725	0.0	0.0	0.0
180293.96411132812	0.6962188770042025	0.5721451433199296	934.0116408057511	0.0	0.0	0.0
180500.74584960938	0.6962188100575231	0.572145123451169	934.0116407861933	0.0	0.0	0.0
180705.86108398438	0.6962188535765115	0.5721450519397885	934.0116422465071	0.0	0.0	0.0
180912.96264648438	0.6962188728894926	0.572145098305106	934.0116418329999	0.0	0.0	0.0
181118.48120117188	0.6962188689990809	0.5721450687847072	934.0116399172693	0.0	0.0	0.0
181320.92749023438	0.6962188370730308	0.5721450288176649	934.0116392010823	0.0	0.0	0.0
181526.66821289062	0.6962188973795105	0.5721450767152633	934.0116402087733	0.0	0.0	0.0
181734.26708984375	0.6962188715952691	0.5721450137101171	934.0116385398433	0.0	0.0	0.0
181939.73852539062	0.6962188858241181	0.5721450045964209	934.011639543809	0.0	0.0	0.0
182144.62573242188	0.6962188844740337	0.5721450385292526	934.0116406772286	0.0	0.0	0.0
182348.689453125	0.6962188893278666	0.5721449862973711	934.0116402376443	0.0	0.0	0.0
182554.82202148438	0.6962189388023	0.5721451072261611	934.0116420285776	0.0	0.0	0.0
182760.0947265625	0.6962188635152685	0.5721451423459969	934.0116416374221	0.0	0.0	0.0
182966.88916015625	0.69621888193894	0.5721449839249083	934.011640638113	0.0	0.0	0.0
183172.14526367188	0.696218906303784	0.5721450356525207	934.0116410339251	0.0	0.0	0.0
183377.24267578125	0.6962188381861927	0.5721450394356502	934.0116385482252	0.0	0.0	0.0
183582.13647460938	0.6962188956033656	0.5721449992284434	934.0116436751559	0.0	0.0	0.0
183791.67700195312	0.6962189017215834	0.5721450466974163	934.01163853053	0.0	0.0	0.0
183995.29248046875	0.6962189518630044	0.572145098021253	934.0116394907236	0.0	0.0	0.0
184200.0458984375	0.6962188758772642	0.5721450617115432	934.0116380658001	0.0	0.0	0.0
184405.82104492188	0.6962189040595406	0.5721450017547817	934.011641100049	0.0	0.0	0.0
184609.046875	0.6962188396434542	0.5721450969679127	934.0116391256452	0.0	0.0	0.0
184812.28979492188	0.6962188907609399	0.5721450340688897	934.0116358399391	0.0	0.0	0.0
185017.16748046875	0.6962188920499122	0.5721449898738283	934.0116384429857	0.0	0.0	0.0
185222.51049804688	0.6962188690493832	0.5721450402277647	934.0116390110925	0.0	0.0	0.0
185427.025390625	0.6962188446170037	0.5721450519283108	934.0116407768801	0.0	0.0	0.0
185631.48486328125	0.6962188208604788	0.5721450399583077	934.0116400364786	0.0	0.0	0.0
185836.57495117188	0.6962188746292557	0.5721450839958709	934.011640640907	0.0	0.0	0.0
186042.58374023438	0.6962188949284351	0.5721450809059617	934.0116397179663	0.0	0.0	0.0
186245.01733398438	0.6962188935833498	0.5721450336179937	934.0116410022601	0.0	0.0	0.0
186447.84204101562	0.6962188722363057	0.5721450921519907	934.0116400280967	0.0	0.0	0.0
186651.41137695312	0.6962189066416958	0.5721449805704272	934.0116396769881	0.0	0.0	0.0
186857.74243164062	0.696218866828263	0.5721450212713347	934.0116438576952	0.0	0.0	0.0
187064.66040039062	0.6962188859377437	0.5721450657744775	934.0116402674466	0.0	0.0	0.0
187271.21508789062	0.6962188689950372	0.5721450733783321	934.0116392597556	0.0	0.0	0.0
187477.10278320312	0.6962188736726076	0.5721450330342053	934.0116420034319	0.0	0.0	0.0
187681.64208984375	0.696218869483925	0.57214504423955	934.0116425920278	0.0	0.0	0.0
187888.30297851562	0.6962188484677563	0.5721450820572025	934.011639601551	0.0	0.0	0.0
188093.7119140625	0.6962188601837437	0.5721450496710865	934.0116410087794	0.0	0.0	0.0
188301.20166015625	0.6962189049303181	0.5721450008483565	934.0116397766396	0.0	0.0	0.0
188507.84350585938	0.6962189098474144	0.5721449750716067	934.011639598757	0.0	0.0	0.0
188711.95458984375	0.6962188800070449	0.5721450257361992	934.0116407703608	0.0	0.0	0.0
188915.39697265625	0.6962188636898362	0.5721450387600445	934.0116402190179	0.0	0.0	0.0
189119.37963867188	0.6962188362670093	0.5721450906374256	934.0116396816447	0.0	0.0	0.0
189322.10864257812	0.6962189000207147	0.572144996158867	934.0116418628022	0.0	0.0	0.0
189527.21020507812	0.6962188444699023	0.5721451183028934	934.011641968973	0.0	0.0	0.0
189732.16137695312	0.6962188864677814	0.5721450965973985	934.0116404453292	0.0	0.0	0.0
189936.1279296875	0.6962188908537772	0.5721450338538938	934.0116388639435	0.0	0.0	0.0
190141.67724609375	0.6962188504484484	0.5721451138422583	934.0116407107562	0.0	0.0	0.0
190348.75439453125	0.696218851089481	0.5721450211131553	934.0116394776851	0.0	0.0	0.0
190554.5791015625	0.6962189076875788	0.5721450304361527	934.0116406045854	0.0	0.0	0.0
190759.30249023438	0.6962188402724876	0.5721450283498973	934.0116384411231	0.0	0.0	0.0
190963.396484375	0.6962188876389293	0.5721450450123311	934.0116414073855	0.0	0.0	0.0
191167.62963867188	0.6962188594973646	0.572145006267164	934.0116378739476	0.0	0.0	0.0
191372.47924804688	0.6962188643544189	0.5721450720609166	934.0116398027167	0.0	0.0	0.0
191577.8896484375	0.6962188663142922	0.5721450243718066	934.0116396266967	0.0	0.0	0.0
191783.48828125	0.69621883848704	0.5721450056227854	934.0116421524435	0.0	0.0	0.0
191987.33276367188	0.696218836290892	0.5721451221893877	934.0116384578869	0.0	0.0	0.0
192194.39208984375	0.696218852036167	0.5721450167820753	934.0116371354088	0.0	0.0	0.0
192398.63330078125	0.696218886782672	0.5721450823293786	934.01163535472	0.0	0.0	0.0
192604.55859375	0.6962189215657016	0.5721449337681647	934.0116406977177	0.0	0.0	0.0
192809.85668945312	0.6962188614411057	0.5721450346213062	934.0116391517222	0.0	0.0	0.0
193015.00073242188	0.6962189338205055	0.5721450411941925	934.0116391796619	0.0	0.0	0.0
193219.826171875	0.6962188658892852	0.5721450538132902	934.0116390837356	0.0	0.0	0.0
193423.53393554688	0.6962188885258191	0.5721449943813628	934.0116395791993	0.0	0.0	0.0
193630.28930664062	0.6962188929996486	0.5721450506367786	934.0116421338171	0.0	0.0	0.0
193835.48486328125	0.696218841340762	0.5721449805485643	934.0116415293887	0.0	0.0	0.0
194041.42504882812	0.6962188344428725	0.5721449815401959	934.0116408206522	0.0	0.0	0.0
194246.71215820312	0.6962188985341421	0.5721450122496504	934.0116415740922	0.0	0.0	0.0
194452.7861328125	0.6962189081822895	0.5721449765002256	934.0116389961913	0.0	0.0	0.0
194659.03955078125	0.6962188759831546	0.5721451584359191	934.011641097255	0.0	0.0	0.0
194864.6640625	0.6962188942737086	0.5721450545428017	934.0116398856044	0.0	0.0	0.0
195066.73754882812	0.696218898083836	0.5721449966055956	934.0116401705891	0.0	0.0	0.0
195268.7744140625	0.6962188449320246	0.5721451260089414	934.0116377808154	0.0	0.0	0.0
195472.63671875	0.6962188403887677	0.5721450321134062	934.011642425321	0.0	0.0	0.0
195676.39721679688	0.6962188755753969	0.5721450318289508	934.0116364117712	0.0	0.0	0.0
195880.00024414062	0.6962189054356414	0.5721449931038938	934.0116433994845	0.0	0.0	0.0
196085.58471679688	0.6962188924418736	0.5721450621565516	934.0116406474262	0.0	0.0	0.0
196292.5859375	0.6962188892471787	0.5721450158262643	934.0116421291605	0.0	0.0	0.0
196496.09619140625	0.6962188519832414	0.5721450215011677	934.0116417026147	0.0	0.0	0.0
196699.55224609375	0.6962188737286259	0.5721450324717353	934.0116407731548	0.0	0.0	0.0
196905.54663085938	0.6962188981393463	0.5721450567051491	934.0116395512596	0.0	0.0	0.0
197112.82055664062	0.6962188234344646	0.5721450205791793	934.0116434609517	0.0	0.0	0.0
197319.39575195312	0.6962188369844459	0.5721450205480626	934.0116385659203	0.0	0.0	0.0
197522.84326171875	0.6962188379759756	0.5721450186397711	934.0116354832426	0.0	0.0	0.0
197728.96044921875	0.696218861765757	0.5721450937928962	934.0116408905014	0.0	0.0	0.0
197935.38403320312	0.6962188540841574	0.5721450612806513	934.0116420993581	0.0	0.0	0.0
198140.6162109375	0.6962188372650139	0.5721451172689916	934.0116406278685	0.0	0.0	0.0
198349.77319335938	0.6962188848476127	0.5721450323221838	934.011639743112	0.0	0.0	0.0
198556.64770507812	0.6962188982286931	0.5721450340114028	934.0116427009925	0.0	0.0	0.0
198759.90698242188	0.6962188911426025	0.572145025309274	934.0116448905319	0.0	0.0	0.0
198961.705078125	0.6962188721270041	0.5721450112894263	934.0116449221969	0.0	0.0	0.0
199167.99682617188	0.6962189320933763	0.5721450671076743	934.0116387410089	0.0	0.0	0.0
199374.53369140625	0.6962188860969523	0.5721449639348632	934.0116381617263	0.0	0.0	0.0
199578.330078125	0.6962188770571122	0.5721450505295023	934.0116440951824	0.0	0.0	0.0
199784.45825195312	0.696218859856039	0.572145040067461	934.0116388900205	0.0	0.0	0.0
199988.99462890625	0.6962188522024267	0.5721450720961233	934.0116377472878	0.0	0.0	0.0
200193.52856445312	0.6962189056775783	0.5721450492714166	934.0116399284452	0.0	0.0	0.0
200398.52783203125	0.6962188770659341	0.5721450331716553	934.0116402544081	0.0	0.0	0.0
200604.49365234375	0.6962189005011994	0.5721450324956114	934.0116424476728	0.0	0.0	0.0
200809.20288085938	0.6962189329026944	0.5721450352903927	934.0116405729204	0.0	0.0	0.0
201014.87573242188	0.6962188683669528	0.5721451127852336	934.0116420444101	0.0	0.0	0.0
201218.80126953125	0.696218891806177	0.5721450543118868	934.0116401351988	0.0	0.0	0.0
201425.39697265625	0.6962188584977458	0.5721450878632576	934.0116402469575	0.0	0.0	0.0
201631.30297851562	0.6962188780694554	0.572144938825366	934.0116390595213	0.0	0.0	0.0
201836.44384765625	0.6962188765792223	0.5721450390910615	934.0116384672001	0.0	0.0	0.0
202041.0087890625	0.6962188259508212	0.5721450125955605	934.0116393184289	0.0	0.0	0.0
202244.5283203125	0.6962188482833149	0.5721450732674108	934.0116398250684	0.0	0.0	0.0
202449.18310546875	0.696218852596341	0.572145137982933	934.0116429207847	0.0	0.0	0.0
202653.28369140625	0.696218855766958	0.5721449717997099	934.0116381915286	0.0	0.0	0.0
202861.62670898438	0.696218894697527	0.5721450647117137	934.0116416662931	0.0	0.0	0.0
203064.41455078125	0.6962188435768016	0.5721450316658049	934.0116400104016	0.0	0.0	0.0
203270.73095703125	0.6962188417501519	0.5721450586162953	934.0116410907358	0.0	0.0	0.0
203477.611328125	0.6962189518093158	0.5721450261579905	934.0116385724396	0.0	0.0	0.0
203682.04223632812	0.6962188912599067	0.5721450999032726	934.0116436798126	0.0	0.0	0.0
203885.97802734375	0.6962188944080266	0.5721449843662594	934.0116431843489	0.0	0.0	0.0
204090.14697265625	0.6962188791266387	0.5721450583446738	934.0116414744407	0.0	0.0	0.0
204295.24926757812	0.6962188609337	0.5721450653818497	934.0116408541799	0.0	0.0	0.0
204501.72094726562	0.6962188767239997	0.5721450654882428	934.0116414567456	0.0	0.0	0.0
204705.67749023438	0.6962188982149642	0.5721450413855718	934.0116395922378	0.0	0.0	0.0
204911.98950195312	0.6962188587509008	0.5721450214673209	934.0116398809478	0.0	0.0	0.0
205118.82861328125	0.6962189243264016	0.5721450136556039	934.0116412481293	0.0	0.0	0.0
205321.78002929688	0.6962188798875915	0.5721450933790707	934.0116388350725	0.0	0.0	0.0
205527.86889648438	0.6962188858528873	0.5721449823749866	934.0116386711597	0.0	0.0	0.0
205733.078125	0.6962188744996693	0.5721450097744888	934.0116415480152	0.0	0.0	0.0
205937.0517578125	0.6962188861959183	0.5721450029846447	934.0116420732811	0.0	0.0	0.0
206140.54418945312	0.6962188712038561	0.572145026640323	934.011640808545	0.0	0.0	0.0
206346.48901367188	0.6962188747787912	0.5721450428676215	934.0116396415979	0.0	0.0	0.0
206552.15771484375	0.6962188812470543	0.5721450582115954	934.0116413375363	0.0	0.0	0.0
206759.12817382812	0.6962188738982188	0.5721451146713478	934.0116389701143	0.0	0.0	0.0
206962.40600585938	0.6962188808572404	0.5721449923706227	934.0116401920095	0.0	0.0	0.0
207164.45678710938	0.6962188637365777	0.5721450873801213	934.0116416076198	0.0	0.0	0.0
207367.548828125	0.6962188714191421	0.5721450536228906	934.0116417752579	0.0	0.0	0.0
207570.89038085938	0.6962188947757485	0.5721449987822379	934.0116439443082	0.0	0.0	0.0
207775.37451171875	0.6962189250529506	0.572145085290114	934.0116398762912	0.0	0.0	0.0
207979.95678710938	0.69621883808179	0.5721450644513643	934.0116405589506	0.0	0.0	0.0
208184.33227539062	0.6962188543409691	0.5721450418338677	934.0116422455758	0.0	0.0	0.0
208389.5986328125	0.6962189482691339	0.5721449898939832	934.0116375498474	0.0	0.0	0.0
208594.4345703125	0.6962188909583342	0.5721450647618745	934.011641105637	0.0	0.0	0.0
208797.91455078125	0.6962188887984431	0.5721450729181531	934.0116394227371	0.0	0.0	0.0
209002.76147460938	0.6962188837976294	0.5721450481799323	934.0116418739781	0.0	0.0	0.0
209210.44165039062	0.6962188703745824	0.5721451278990178	934.0116417687386	0.0	0.0	0.0
209416.07495117188	0.6962188224733934	0.5721450041253469	934.0116394758224	0.0	0.0	0.0
209620.982421875	0.6962188581749971	0.5721450784068655	934.01164026279	0.0	0.0	0.0
209828.0	0.6962188856587519	0.5721450444192153	934.0116403149441	0.0	0.0	0.0
210034.64013671875	0.6962188415682173	0.5721450800547329	934.0116373701021	0.0	0.0	0.0
210241.06884765625	0.696218797590842	0.5721450847492834	934.0116402134299	0.0	0.0	0.0
210443.3291015625	0.6962188752607653	0.5721449864105416	934.0116386683658	0.0	0.0	0.0
210649.46850585938	0.6962189033713778	0.5721450981864209	934.0116437571123	0.0	0.0	0.0
210851.89501953125	0.6962188657594485	0.5721450604484007	934.0116412779316	0.0	0.0	0.0
211058.42822265625	0.6962188730795085	0.5721451119394895	934.0116392876953	0.0	0.0	0.0
211264.466796875	0.6962188775148815	0.5721449909932078	934.0116401799023	0.0	0.0	0.0
211474.39575195312	0.69621889829075	0.5721451509969155	934.0116401109844	0.0	0.0	0.0
211679.02075195312	0.6962189110109817	0.5721450800410237	934.0116411624476	0.0	0.0	0.0
211884.69702148438	0.6962188316234091	0.5721449822424441	934.0116386925802	0.0	0.0	0.0
212089.81396484375	0.696218932027501	0.5721450368912848	934.0116408159956	0.0	0.0	0.0
212297.17993164062	0.6962188811350946	0.5721450236947121	934.0116408178583	0.0	0.0	0.0
212520.021484375	0.6962188756104429	0.5721450849796018	934.0116376429796	0.0	0.0	0.0
212730.58666992188	0.6962188946618241	0.5721450704121797	934.01164003741	0.0	0.0	0.0
212937.92993164062	0.6962188993186286	0.5721449733521686	934.011642659083	0.0	0.0	0.0
213146.19189453125	0.6962188835833732	0.5721451008092104	934.0116401547566	0.0	0.0	0.0
213353.60400390625	0.6962188475284786	0.5721449741405785	934.0116411671042	0.0	0.0	0.0
213564.73217773438	0.6962188550458308	0.5721450698085092	934.0116423461586	0.0	0.0	0.0
213771.15258789062	0.6962188736777677	0.572145113360342	934.0116407768801	0.0	0.0	0.0
213976.005859375	0.6962188629926588	0.5721450173826643	934.0116420220584	0.0	0.0	0.0
214180.3525390625	0.69621888718752	0.572145041014458	934.0116387186572	0.0	0.0	0.0
214386.60522460938	0.6962188921812267	0.5721450002266149	934.0116389682516	0.0	0.0	0.0
214591.76245117188	0.6962188766686969	0.572145092514253	934.0116406735033	0.0	0.0	0.0
214797.2314453125	0.6962188902425192	0.5721450537925626	934.0116437319666	0.0	0.0	0.0
215001.61254882812	0.6962188214103977	0.5721450989584972	934.0116415126249	0.0	0.0	0.0
215208.6513671875	0.6962188607911073	0.5721450733742232	934.0116418004036	0.0	0.0	0.0
215419.09375	0.6962188850213263	0.5721450055868216	934.011641850695	0.0	0.0	0.0
215626.93432617188	0.6962188714580593	0.5721450681917546	934.0116416811943	0.0	0.0	0.0
215833.00073242188	0.6962188400731365	0.5721450659388657	934.0116419028491	0.0	0.0	0.0
216037.40844726562	0.6962188733264977	0.5721450754933142	934.0116392560303	0.0	0.0	0.0
216247.25805664062	0.6962188913466212	0.5721450623102663	934.0116423778236	0.0	0.0	0.0
216455.951171875	0.6962188887213261	0.5721449995824689	934.0116422204301	0.0	0.0	0.0
216660.8984375	0.6962188707355381	0.5721450304593402	934.0116419130936	0.0	0.0	0.0
216870.68969726562	0.6962189136876323	0.5721450707645946	934.0116415889934	0.0	0.0	0.0
217076.04174804688	0.6962188365014353	0.572145094454384	934.0116422278807	0.0	0.0	0.0
217283.19506835938	0.6962188505094367	0.5721449560127297	934.011644622311	0.0	0.0	0.0
217502.93286132812	0.6962189121093286	0.5721450430530898	934.0116374585778	0.0	0.0	0.0
217706.64990234375	0.6962188005751273	0.5721450201115844	934.0116408597678	0.0	0.0	0.0
217915.26440429688	0.6962188575223759	0.5721450434674745	934.0116405980662	0.0	0.0	0.0
218122.29052734375	0.6962188925472775	0.5721450824389168	934.0116383824497	0.0	0.0	0.0
218339.5546875	0.6962188564246904	0.5721449673323812	934.0116392606869	0.0	0.0	0.0
218545.91259765625	0.6962189232971997	0.5721450518241339	934.0116437943652	0.0	0.0	0.0
218759.34497070312	0.6962188428111715	0.5721450894869838	934.0116429859772	0.0	0.0	0.0
218973.4931640625	0.696218840856861	0.5721449940497796	934.0116374893114	0.0	0.0	0.0
219196.13916015625	0.6962188248571535	0.5721450609827624	934.0116379000247	0.0	0.0	0.0
219409.57055664062	0.6962188771565146	0.5721450530017425	934.0116423917934	0.0	0.0	0.0
219620.80419921875	0.6962188917207376	0.5721450762419225	934.0116395968944	0.0	0.0	0.0
219829.47143554688	0.696218861492356	0.572145040558517	934.0116427093744	0.0	0.0	0.0
220041.998046875	0.6962188193042131	0.5721450084054325	934.0116406399757	0.0	0.0	0.0
220248.89599609375	0.6962188525348877	0.5721450530006207	934.0116395493969	0.0	0.0	0.0
220455.20776367188	0.6962188837852927	0.5721450847247651	934.0116367964074	0.0	0.0	0.0
220659.966796875	0.6962188594362408	0.5721450099576688	934.0116392849013	0.0	0.0	0.0
220868.39379882812	0.6962188893309758	0.5721450833613247	934.0116379996762	0.0	0.0	0.0
221074.28491210938	0.6962188872958338	0.5721450202689706	934.0116412295029	0.0	0.0	0.0
221280.16943359375	0.696218888982958	0.5721450302204839	934.011640176177	0.0	0.0	0.0
221490.3564453125	0.6962188531119109	0.5721450479659911	934.0116409305483	0.0	0.0	0.0
221701.91381835938	0.6962188813749575	0.5721450198694255	934.0116443252191	0.0	0.0	0.0
221910.16748046875	0.696218860634856	0.5721450279739811	934.0116375088692	0.0	0.0	0.0
222118.60034179688	0.6962188676748506	0.5721450184897946	934.0116420798004	0.0	0.0	0.0
222326.81396484375	0.696218863745242	0.5721450360169488	934.0116403102875	0.0	0.0	0.0
222541.37084960938	0.696218845044371	0.5721450883921022	934.0116446968168	0.0	0.0	0.0
222750.30834960938	0.6962189006430899	0.5721450687022014	934.0116393622011	0.0	0.0	0.0
222966.3193359375	0.6962189266137705	0.5721450917495408	934.0116429235786	0.0	0.0	0.0
223178.01196289062	0.6962188880890674	0.5721450183184957	934.0116395642981	0.0	0.0	0.0
223386.03735351562	0.6962189223804293	0.5721450496570613	934.0116412723437	0.0	0.0	0.0
223589.2939453125	0.696218857422925	0.5721450417905678	934.0116408616304	0.0	0.0	0.0
