2692.468017578125	0.6962207470019192	0.5721445397119841	934.0000044265762	0.0	0.0	0.0
2890.033203125	0.6962207470425354	0.5721445398918802	934.0156201738864	0.0	0.0	0.0
2996.388427734375	0.6962207470694385	0.5721445397159755	934.0125267934054	0.0	0.0	0.0
3109.453369140625	0.6962207470648629	0.5721445397213206	934.0125048356131	0.0	0.0	0.0
3225.435791015625	0.6962207470648751	0.5721445397211461	934.0124932657927	0.0	0.0	0.0
3341.2041015625	0.6962207470648302	0.5721445397211274	934.0124816941097	0.0	0.0	0.0
3444.024169921875	0.6962207470647543	0.5721445397210884	934.0124701252207	0.0	0.0	0.0
3552.133544921875	0.6962207470646702	0.5721445397210357	934.0124585563317	0.0	0.0	0.0
3666.927490234375	0.6962207470645931	0.5721445397209857	934.0124469902366	0.0	0.0	0.0
3775.109619140625	0.6962207470645325	0.5721445397209456	934.0124354222789	0.0	0.0	0.0
3883.9033203125	0.6962207470643552	0.5721445397209224	934.0124239176512	0.0	0.0	0.0
3992.558349609375	0.6962207470588078	0.5721445397206435	934.0124135138467	0.0	0.0	0.0
4103.41552734375	0.6962207470579668	0.5721445397200866	934.0124025167897	0.0	0.0	0.0
4220.529541015625	0.69622074705769	0.5721445397197027	934.0123915225267	0.0	0.0	0.0
4329.932861328125	0.6962207470576679	0.572144539719592	934.0123805273324	0.0	0.0	0.0
4442.363525390625	0.6962207470576681	0.5721445397195807	934.0123695340008	0.0	0.0	0.0
4557.6904296875	0.6962207470576717	0.5721445397195845	934.0123585397378	0.0	0.0	0.0
4667.94873046875	0.6962207470576756	0.5721445397195908	934.0123475445434	0.0	0.0	0.0
4779.0908203125	0.6962207470576797	0.5721445397195974	934.0123365502805	0.0	0.0	0.0
4894.807861328125	0.6962207470576838	0.572144539719604	934.0123255569488	0.0	0.0	0.0
5006.33935546875	0.6962207470576879	0.5721445397196108	934.0123145626858	0.0	0.0	0.0
5121.843994140625	0.696220747057692	0.5721445397196174	934.0123035684228	0.0	0.0	0.0
5238.49462890625	0.6962207470576963	0.5721445397196241	934.0122925750911	0.0	0.0	0.0
5366.88330078125	0.6962207470577003	0.572144539719631	934.0122815808281	0.0	0.0	0.0
5490.28369140625	0.6962207470577043	0.5721445397196375	934.0122705865651	0.0	0.0	0.0
5618.93701171875	0.6962207470577084	0.5721445397196443	934.0122595932335	0.0	0.0	0.0
5730.741455078125	0.6962207470577125	0.572144539719651	934.0122485999018	0.0	0.0	0.0
5843.690673828125	0.6962207470577167	0.5721445397196577	934.0122376065701	0.0	0.0	0.0
5955.1923828125	0.6962207470577206	0.5721445397196644	934.0122266132385	0.0	0.0	0.0
6068.47998046875	0.696220747057725	0.5721445397196712	934.0122156208381	0.0	0.0	0.0
6172.86376953125	0.6962207470577291	0.5721445397196778	934.0122046275064	0.0	0.0	0.0
6260.28271484375	0.6962207470577332	0.5721445397196845	934.0121936341748	0.0	0.0	0.0
6346.276123046875	0.6962207470577371	0.5721445397196914	934.0121826417744	0.0	0.0	0.0
6426.322509765625	0.6962207470577411	0.572144539719698	934.0121716475114	0.0	0.0	0.0
6502.47021484375	0.6962207470577452	0.5721445397197047	934.0121606551111	0.0	0.0	0.0
6587.975341796875	0.6962207470577493	0.5721445397197116	934.0121496617794	0.0	0.0	0.0
6666.03857421875	0.6962207470577534	0.5721445397197182	934.0121386684477	0.0	0.0	0.0
6751.083251953125	0.6962207470577575	0.5721445397197249	934.0121276769787	0.0	0.0	0.0
6830.7041015625	0.6962207470577615	0.5721445397197318	934.0121166845784	0.0	0.0	0.0
6916.72998046875	0.6962207470577656	0.5721445397197384	934.012105692178	0.0	0.0	0.0
7001.197509765625	0.6962207470577696	0.5721445397197451	934.0120946997777	0.0	0.0	0.0
7077.687744140625	0.6962207470577737	0.572144539719752	934.0120837073773	0.0	0.0	0.0
7158.536865234375	0.6962207470577777	0.5721445397197586	934.0120727159083	0.0	0.0	0.0
7244.78369140625	0.6962207470577818	0.5721445397197654	934.0120617225766	0.0	0.0	0.0
7324.8349609375	0.6962207470577857	0.5721445397197722	934.0120507320389	0.0	0.0	0.0
7412.5	0.6962207470577898	0.572144539719779	934.0120397387072	0.0	0.0	0.0
7491.267822265625	0.6962207470577938	0.5721445397197858	934.0120287472382	0.0	0.0	0.0
7579.588134765625	0.6962207470577979	0.5721445397197925	934.0120177557692	0.0	0.0	0.0
7666.909912109375	0.696220747057802	0.5721445397197993	934.0120067633688	0.0	0.0	0.0
7747.394287109375	0.6962207470578058	0.572144539719806	934.0119957718998	0.0	0.0	0.0
7806.138427734375	0.69622074705781	0.5721445397198127	934.0119847804308	0.0	0.0	0.0
7849.067138671875	0.696220747057814	0.5721445397198195	934.0119737889618	0.0	0.0	0.0
7890.826904296875	0.6962207470578181	0.5721445397198264	934.0119627974927	0.0	0.0	0.0
7934.064697265625	0.6962207470578221	0.572144539719833	934.0119518050924	0.0	0.0	0.0
7975.488525390625	0.696220747057826	0.5721445397198398	934.0119408136234	0.0	0.0	0.0
8016.5947265625	0.69622074705783	0.5721445397198467	934.0119298230857	0.0	0.0	0.0
8057.092041015625	0.6962207470578341	0.5721445397198535	934.011918832548	0.0	0.0	0.0
8098.313720703125	0.6962207470578381	0.5721445397198602	934.0119078420103	0.0	0.0	0.0
8138.987548828125	0.6962207470578421	0.5721445397198671	934.0118968496099	0.0	0.0	0.0
8179.3564453125	0.6962207470578461	0.5721445397198739	934.0118858590722	0.0	0.0	0.0
8220.0869140625	0.6962207470578501	0.5721445397198807	934.0118748676032	0.0	0.0	0.0
8260.77783203125	0.6962207470578542	0.5721445397198875	934.0118638779968	0.0	0.0	0.0
8301.6669921875	0.6962207470578582	0.5721445397198942	934.0118528874591	0.0	0.0	0.0
8343.368408203125	0.6962207470578621	0.5721445397199009	934.0118418969214	0.0	0.0	0.0
8383.593017578125	0.6962207470578669	0.5721445397199098	934.0118309063837	0.0	0.0	0.0
8424.142333984375	0.6962207470578704	0.5721445397199152	934.0118199167773	0.0	0.0	0.0
8467.28125	0.6962207470578762	0.5721445397199219	934.0118089262396	0.0	0.0	0.0
8507.673095703125	0.6962207470578781	0.5721445397199283	934.0117979347706	0.0	0.0	0.0
8547.85107421875	0.6962207470578822	0.5721445397199352	934.0117869451642	0.0	0.0	0.0
8588.346435546875	0.6962207470578862	0.5721445397199422	934.0117759536952	0.0	0.0	0.0
8629.655517578125	0.696220747057892	0.572144539719949	934.0117649640888	0.0	0.0	0.0
8670.381103515625	0.6962207470578944	0.5721445397199559	934.0117539744824	0.0	0.0	0.0
8711.328857421875	0.6962207470578983	0.5721445397199629	934.0117429858074	0.0	0.0	0.0
8752.128662109375	0.6962207470579023	0.57214453971997	934.0117319952697	0.0	0.0	0.0
8793.501220703125	0.6962207470579062	0.5721445397199767	934.011721004732	0.0	0.0	0.0
8834.60498046875	0.6962207470579101	0.5721445397199835	934.0117100160569	0.0	0.0	0.0
8877.023193359375	0.6962207470579138	0.5721445397199897	934.0116990264505	0.0	0.0	0.0
8918.313232421875	0.6962207470578269	0.5721445397199841	934.011688882485	0.0	0.0	0.0
8958.94482421875	0.6962207470577833	0.5721445397200607	934.011682709679	0.0	0.0	0.0
8999.500732421875	0.6962207470577949	0.5721445397201022	934.0116777075455	0.0	0.0	0.0
9040.45556640625	0.6962207470578023	0.5721445397201218	934.0116727035493	0.0	0.0	0.0
9081.423583984375	0.6962207470578092	0.5721445397201385	934.0116677004844	0.0	0.0	0.0
9122.48876953125	0.696220747057816	0.5721445397201543	934.0116626983508	0.0	0.0	0.0
9163.73291015625	0.6962207470578226	0.5721445397201704	934.0116576943547	0.0	0.0	0.0
9204.939453125	0.6962207470579195	0.5721445397201727	934.0116540333256	0.0	0.0	0.0
9246.155029296875	0.6962207470580977	0.5721445397200972	934.0116514479741	0.0	0.0	0.0
9287.274169921875	0.6962207470582737	0.5721445397200148	934.0116488626227	0.0	0.0	0.0
9328.019287109375	0.6962207470584496	0.5721445397199308	934.0116462754086	0.0	0.0	0.0
9368.60498046875	0.6962207470586249	0.5721445397198485	934.0116437161341	0.0	0.0	0.0
9409.7392578125	0.6962207470586156	0.5721445397198133	934.0116437254474	0.0	0.0	0.0
9450.76904296875	0.696220747058608	0.5721445397198177	934.0116437254474	0.0	0.0	0.0
9491.28466796875	0.6962207470586025	0.5721445397198303	934.0116437254474	0.0	0.0	0.0
9532.534912109375	0.6962207470585998	0.5721445397198434	934.0116437263787	0.0	0.0	0.0
9573.0791015625	0.6962207470585929	0.5721445397198561	934.0116437254474	0.0	0.0	0.0
9614.089599609375	0.6962207470585875	0.5721445397198698	934.0116437263787	0.0	0.0	0.0
9654.455078125	0.6962207470585842	0.5721445397198835	934.0116437263787	0.0	0.0	0.0
9695.4482421875	0.696220747058578	0.5721445397198973	934.0116437263787	0.0	0.0	0.0
9736.1357421875	0.696220747058575	0.5721445397199109	934.01164372731	0.0	0.0	0.0
9778.51318359375	0.6962207470585688	0.5721445397199244	934.01164372731	0.0	0.0	0.0
9820.870849609375	0.6962207470585641	0.5721445397199384	934.01164372731	0.0	0.0	0.0
9860.069580078125	0.6962207470585589	0.5721445397199499	934.0116437263787	0.0	0.0	0.0
9901.728759765625	0.6962207470585559	0.5721445397199645	934.0116437254474	0.0	0.0	0.0
9941.2080078125	0.6962207470585506	0.572144539719979	934.01164372731	0.0	0.0	0.0
9982.099365234375	0.6962207470585448	0.5721445397199926	934.0116437282413	0.0	0.0	0.0
10022.496826171875	0.6962207470585402	0.5721445397200061	934.01164372731	0.0	0.0	0.0
10064.219970703125	0.6962207470585317	0.5721445397200202	934.0116437263787	0.0	0.0	0.0
10105.510986328125	0.6962207470585263	0.5721445397200338	934.01164372731	0.0	0.0	0.0
10145.3173828125	0.6962207470585221	0.5721445397200482	934.0116437282413	0.0	0.0	0.0
10186.48486328125	0.6962207470585161	0.5721445397200614	934.01164372731	0.0	0.0	0.0
10226.696533203125	0.6962207470585129	0.5721445397200754	934.0116437291726	0.0	0.0	0.0
10267.1796875	0.6962207470585055	0.5721445397200902	934.0116437282413	0.0	0.0	0.0
10307.73095703125	0.6962207470585001	0.5721445397201032	934.0116437282413	0.0	0.0	0.0
10348.786376953125	0.6962207470584965	0.5721445397201174	934.0116437282413	0.0	0.0	0.0
10389.372802734375	0.6962207470584901	0.5721445397201294	934.01164372731	0.0	0.0	0.0
10431.060546875	0.696220747058484	0.5721445397201446	934.01164372731	0.0	0.0	0.0
10471.955810546875	0.69622074705848	0.5721445397201581	934.0116437282413	0.0	0.0	0.0
10512.46240234375	0.6962207470584757	0.5721445397201718	934.0116437263787	0.0	0.0	0.0
10552.998046875	0.6962207470584708	0.5721445397201854	934.0116437282413	0.0	0.0	0.0
10593.77685546875	0.6962207470584647	0.5721445397201992	934.0116437282413	0.0	0.0	0.0
10634.213623046875	0.6962207470584628	0.5721445397202134	934.0116437291726	0.0	0.0	0.0
10674.677734375	0.6962207470584556	0.5721445397202267	934.01164372731	0.0	0.0	0.0
10715.622314453125	0.6962207470584519	0.5721445397202407	934.01164372731	0.0	0.0	0.0
10756.627685546875	0.6962207470584458	0.5721445397202548	934.0116437291726	0.0	0.0	0.0
10798.266357421875	0.6962207470584406	0.572144539720269	934.0116437291726	0.0	0.0	0.0
10839.673583984375	0.6962207470584355	0.5721445397202828	934.0116437291726	0.0	0.0	0.0
10880.6865234375	0.6962207470584298	0.5721445397202967	934.0116437291726	0.0	0.0	0.0
10922.352783203125	0.6962207470584239	0.5721445397203093	934.0116437291726	0.0	0.0	0.0
10963.180419921875	0.6962207470584181	0.572144539720324	934.0116437282413	0.0	0.0	0.0
11003.919921875	0.6962207470584159	0.5721445397203375	934.0116437291726	0.0	0.0	0.0
11044.699462890625	0.6962207470584101	0.5721445397203513	934.011643730104	0.0	0.0	0.0
11085.435302734375	0.6962207470584065	0.5721445397203649	934.011643730104	0.0	0.0	0.0
11126.029296875	0.6962207470583984	0.5721445397203784	934.0116437291726	0.0	0.0	0.0
11166.507568359375	0.6962207470583955	0.5721445397203926	934.011643730104	0.0	0.0	0.0
11208.104248046875	0.6962207470583908	0.5721445397204059	934.011643730104	0.0	0.0	0.0
11248.484375	0.6962207470583834	0.5721445397204205	934.0116437291726	0.0	0.0	0.0
11289.488525390625	0.6962207470583761	0.5721445397204338	934.0116437310353	0.0	0.0	0.0
11329.385986328125	0.6962207470583749	0.5721445397204473	934.0116437319666	0.0	0.0	0.0
11370.1435546875	0.6962207470583675	0.5721445397204614	934.0116437310353	0.0	0.0	0.0
11411.53564453125	0.6962207470583635	0.5721445397204756	934.0116437310353	0.0	0.0	0.0
11452.341552734375	0.6962207470583566	0.5721445397204901	934.011643730104	0.0	0.0	0.0
11493.417236328125	0.6962207470583532	0.5721445397205028	934.0116437319666	0.0	0.0	0.0
11534.486572265625	0.696220747058347	0.5721445397205158	934.011643730104	0.0	0.0	0.0
11575.185791015625	0.6962207470583398	0.5721445397205301	934.011643730104	0.0	0.0	0.0
11616.802978515625	0.6962207470583375	0.5721445397205439	934.011643730104	0.0	0.0	0.0
11656.814208984375	0.6962207470583326	0.5721445397205579	934.0116437310353	0.0	0.0	0.0
11697.9638671875	0.6962207470583295	0.5721445397205716	934.0116437310353	0.0	0.0	0.0
11738.360107421875	0.696220747058324	0.5721445397205851	934.0116437291726	0.0	0.0	0.0
11779.461181640625	0.6962207470583158	0.5721445397205991	934.011643730104	0.0	0.0	0.0
11820.993408203125	0.6962207470583089	0.5721445397206126	934.0116437310353	0.0	0.0	0.0
11861.359375	0.6962207470583059	0.5721445397206272	934.0116437319666	0.0	0.0	0.0
11901.9130859375	0.6962207470583014	0.5721445397206403	934.0116437310353	0.0	0.0	0.0
11943.7265625	0.6962207470582948	0.5721445397206544	934.0116437328979	0.0	0.0	0.0
11985.907470703125	0.6962207470582895	0.5721445397206671	934.0116437310353	0.0	0.0	0.0
12025.596435546875	0.6962207470582851	0.5721445397206818	934.0116437310353	0.0	0.0	0.0
12066.4189453125	0.6962207470582797	0.5721445397206959	934.011643730104	0.0	0.0	0.0
12106.826904296875	0.6962207470582781	0.5721445397207096	934.0116437319666	0.0	0.0	0.0
12147.599609375	0.696220747058271	0.5721445397207238	934.0116437338293	0.0	0.0	0.0
12188.651611328125	0.6962207470582674	0.5721445397207381	934.0116437328979	0.0	0.0	0.0
12228.359375	0.6962207470582614	0.5721445397207514	934.0116437328979	0.0	0.0	0.0
12268.971435546875	0.6962207470582545	0.5721445397207652	934.0116437310353	0.0	0.0	0.0
12309.158935546875	0.6962207470582503	0.5721445397207793	934.0116437319666	0.0	0.0	0.0
12349.7724609375	0.6962207470582483	0.5721445397207927	934.0116437319666	0.0	0.0	0.0
12391.263916015625	0.6962207470582384	0.5721445397208064	934.0116437328979	0.0	0.0	0.0
12433.078125	0.6962207470582349	0.5721445397208208	934.0116437328979	0.0	0.0	0.0
12473.4404296875	0.696220747058233	0.5721445397208343	934.0116437328979	0.0	0.0	0.0
12514.021484375	0.6962207470582231	0.5721445397208479	934.0116437319666	0.0	0.0	0.0
12554.089111328125	0.6962207470582196	0.5721445397208624	934.0116437319666	0.0	0.0	0.0
12594.686279296875	0.6962207470582178	0.5721445397208758	934.0116437328979	0.0	0.0	0.0
12634.82568359375	0.696220747058208	0.5721445397208895	934.0116437328979	0.0	0.0	0.0
12675.194091796875	0.6962207470582034	0.5721445397209037	934.0116437338293	0.0	0.0	0.0
12716.579833984375	0.6962207470581991	0.5721445397209176	934.0116437347606	0.0	0.0	0.0
12756.204833984375	0.6962207470581969	0.5721445397209309	934.0116437347606	0.0	0.0	0.0
12796.74560546875	0.6962207470581911	0.5721445397209455	934.0116437338293	0.0	0.0	0.0
12837.33544921875	0.6962207470581842	0.5721445397209599	934.0116437328979	0.0	0.0	0.0
12878.36083984375	0.6962207470581817	0.5721445397209726	934.0116437328979	0.0	0.0	0.0
12918.7666015625	0.6962207470581747	0.5721445397209864	934.0116437347606	0.0	0.0	0.0
12959.361083984375	0.6962207470581704	0.5721445397210001	934.0116437338293	0.0	0.0	0.0
12999.21142578125	0.6962207470581653	0.5721445397210146	934.0116437328979	0.0	0.0	0.0
13039.67724609375	0.6962207470581582	0.5721445397210274	934.0116437347606	0.0	0.0	0.0
13080.037353515625	0.6962207470581521	0.5721445397210416	934.0116437328979	0.0	0.0	0.0
13119.6982421875	0.6962207470581521	0.5721445397210548	934.0116437347606	0.0	0.0	0.0
13160.34228515625	0.6962207470581431	0.5721445397210694	934.0116437347606	0.0	0.0	0.0
13201.08837890625	0.6962207470581361	0.5721445397210835	934.0116437338293	0.0	0.0	0.0
13241.731201171875	0.6962207470581323	0.572144539721097	934.0116437338293	0.0	0.0	0.0
13282.194091796875	0.6962207470581268	0.5721445397211106	934.0116437347606	0.0	0.0	0.0
13323.2578125	0.696220747058125	0.5721445397211242	934.0116437347606	0.0	0.0	0.0
13362.7705078125	0.6962207470581154	0.5721445397211387	934.0116437338293	0.0	0.0	0.0
13402.784423828125	0.6962207470581127	0.5721445397211522	934.0116437356919	0.0	0.0	0.0
13443.77001953125	0.6962207470581057	0.5721445397211659	934.0116437347606	0.0	0.0	0.0
13484.42919921875	0.6962207470580999	0.5721445397211797	934.0116437347606	0.0	0.0	0.0
13524.847900390625	0.6962207470580956	0.5721445397211937	934.0116437347606	0.0	0.0	0.0
13565.77001953125	0.6962207470580926	0.5721445397212074	934.0116437347606	0.0	0.0	0.0
13606.447265625	0.6962207470580847	0.5721445397212209	934.0116437347606	0.0	0.0	0.0
13646.745361328125	0.6962207470580835	0.5721445397212349	934.0116437366232	0.0	0.0	0.0
13686.81640625	0.6962207470580787	0.5721445397212488	934.0116437347606	0.0	0.0	0.0
13727.605712890625	0.6962207470580704	0.572144539721263	934.0116437356919	0.0	0.0	0.0
13767.4931640625	0.6962207470580677	0.5721445397212763	934.0116437347606	0.0	0.0	0.0
13808.2783203125	0.6962207470580613	0.5721445397212903	934.0116437356919	0.0	0.0	0.0
13849.40234375	0.6962207470580591	0.572144539721304	934.0116437356919	0.0	0.0	0.0
13889.861328125	0.6962207470580508	0.5721445397213182	934.0116437366232	0.0	0.0	0.0
13931.67138671875	0.6962207470580462	0.5721445397213318	934.0116437356919	0.0	0.0	0.0
13972.931884765625	0.6962207470580422	0.5721445397213456	934.0116437366232	0.0	0.0	0.0
14013.3662109375	0.6962207470580387	0.5721445397213587	934.0116437347606	0.0	0.0	0.0
14054.071533203125	0.6962207470580298	0.5721445397213732	934.0116437356919	0.0	0.0	0.0
14094.84716796875	0.6962207470580254	0.5721445397213863	934.0116437356919	0.0	0.0	0.0
14135.207763671875	0.6962207470580168	0.5721445397214259	934.0116437347606	0.0	0.0	0.0
14175.68896484375	0.6962207470579949	0.5721445397214111	934.0116437356919	0.0	0.0	0.0
14215.9072265625	0.6962207470579879	0.5721445397214177	934.0116437356919	0.0	0.0	0.0
14256.394775390625	0.6962207470579824	0.5721445397214302	934.0116437356919	0.0	0.0	0.0
14296.8779296875	0.6962207470579783	0.5721445397214442	934.0116437347606	0.0	0.0	0.0
14337.433837890625	0.6962207470579723	0.5721445397214563	934.0116437375546	0.0	0.0	0.0
14377.9326171875	0.6962207470579718	0.5721445397214707	934.0116437366232	0.0	0.0	0.0
14418.558349609375	0.6962207470579631	0.5721445397214838	934.0116437366232	0.0	0.0	0.0
14459.42626953125	0.6962207470579602	0.5721445397214978	934.0116437356919	0.0	0.0	0.0
14500.46435546875	0.6962207470579559	0.5721445397215122	934.0116437366232	0.0	0.0	0.0
14541.657470703125	0.6962207470579489	0.5721445397215259	934.0116437366232	0.0	0.0	0.0
14580.90576171875	0.6962207470579413	0.5721445397215402	934.0116437375546	0.0	0.0	0.0
14622.36181640625	0.696220747057939	0.5721445397215539	934.0116437394172	0.0	0.0	0.0
14662.447021484375	0.6962207470579366	0.5721445397215676	934.0116437375546	0.0	0.0	0.0
14703.085693359375	0.6962207470579299	0.5721445397215811	934.0116437384859	0.0	0.0	0.0
14743.41357421875	0.696220747057926	0.5721445397215958	934.0116437375546	0.0	0.0	0.0
14783.901123046875	0.6962207470579211	0.5721445397216101	934.0116437366232	0.0	0.0	0.0
14824.13427734375	0.6962207470579141	0.5721445397216233	934.0116437366232	0.0	0.0	0.0
14864.724609375	0.6962207470579107	0.5721445397216376	934.0116437375546	0.0	0.0	0.0
14904.730712890625	0.6962207470579029	0.572144539721651	934.0116437366232	0.0	0.0	0.0
14945.25439453125	0.6962207470578969	0.5721445397216645	934.0116437366232	0.0	0.0	0.0
14985.693603515625	0.6962207470578945	0.5721445397216784	934.0116437356919	0.0	0.0	0.0
15025.82177734375	0.6962207470578912	0.5721445397216932	934.0116437375546	0.0	0.0	0.0
15066.329345703125	0.6962207470578827	0.5721445397217063	934.0116437366232	0.0	0.0	0.0
15107.434326171875	0.6962207470578797	0.5721445397217209	934.0116437366232	0.0	0.0	0.0
15148.006103515625	0.6962207470578764	0.5721445397217338	934.0116437375546	0.0	0.0	0.0
15189.0478515625	0.6962207470578691	0.5721445397217481	934.0116437375546	0.0	0.0	0.0
15229.7373046875	0.6962207470578637	0.5721445397217627	934.0116437375546	0.0	0.0	0.0
15270.356689453125	0.6962207470578605	0.5721445397217767	934.0116437394172	0.0	0.0	0.0
15311.03857421875	0.6962207470578572	0.5721445397217901	934.0116437375546	0.0	0.0	0.0
15351.822021484375	0.6962207470578516	0.5721445397218042	934.0116437384859	0.0	0.0	0.0
15391.8173828125	0.6962207470578428	0.572144539721818	934.0116437375546	0.0	0.0	0.0
15431.96435546875	0.6962207470578414	0.5721445397218317	934.0116437384859	0.0	0.0	0.0
15472.60693359375	0.6962207470578329	0.572144539721846	934.0116437384859	0.0	0.0	0.0
15512.968017578125	0.6962207470578299	0.5721445397218591	934.0116437384859	0.0	0.0	0.0
15553.505126953125	0.6962207470578264	0.5721445397218741	934.0116437384859	0.0	0.0	0.0
15594.145263671875	0.6962207470578182	0.5721445397218875	934.0116437366232	0.0	0.0	0.0
15634.578369140625	0.6962207470578176	0.5721445397219016	934.0116437394172	0.0	0.0	0.0
15675.498779296875	0.6962207470578121	0.5721445397219151	934.0116437394172	0.0	0.0	0.0
15715.9892578125	0.6962207470578067	0.572144539721929	934.0116437394172	0.0	0.0	0.0
15756.74609375	0.696220747057799	0.5721445397219435	934.0116437384859	0.0	0.0	0.0
15796.554931640625	0.6962207470577949	0.5721445397219572	934.0116437403485	0.0	0.0	0.0
15837.224609375	0.6962207470577917	0.5721445397219714	934.0116437394172	0.0	0.0	0.0
15878.3916015625	0.6962207470577862	0.572144539721985	934.0116437412798	0.0	0.0	0.0
15918.766357421875	0.6962207470577763	0.5721445397219992	934.0116437384859	0.0	0.0	0.0
15959.55859375	0.6962207470577751	0.5721445397220134	934.0116437403485	0.0	0.0	0.0
16000.154052734375	0.696220747057771	0.5721445397220268	934.0116437403485	0.0	0.0	0.0
16041.407470703125	0.696220747057763	0.5721445397220405	934.0116437394172	0.0	0.0	0.0
16081.823974609375	0.6962207470577583	0.5721445397220548	934.0116437384859	0.0	0.0	0.0
16122.36083984375	0.6962207470577567	0.5721445397220682	934.0116437384859	0.0	0.0	0.0
16162.642578125	0.6962207470577483	0.5721445397220823	934.0116437403485	0.0	0.0	0.0
16203.63623046875	0.6962207470577438	0.572144539722096	934.0116437384859	0.0	0.0	0.0
16243.525390625	0.6962207470577401	0.57214453972211	934.0116437384859	0.0	0.0	0.0
16284.10205078125	0.6962207470577313	0.5721445397221243	934.0116437394172	0.0	0.0	0.0
16324.55322265625	0.6962207470577307	0.5721445397221384	934.0116437403485	0.0	0.0	0.0
16365.557861328125	0.6962207470577253	0.572144539722152	934.0116437394172	0.0	0.0	0.0
16406.006103515625	0.6962207470577186	0.5721445397221655	934.0116437384859	0.0	0.0	0.0
16446.503662109375	0.6962207470577146	0.5721445397221798	934.0116437394172	0.0	0.0	0.0
16486.91455078125	0.6962207470577113	0.572144539722194	934.0116437403485	0.0	0.0	0.0
16526.902099609375	0.6962207470577011	0.5721445397222086	934.0116437403485	0.0	0.0	0.0
