2810.210693359375	4.882439443381628e-06	-0.0005823098723378187	-2.995571327830708e-05	-0.0002620202538664902	2.089731918114986e-05	-0.09800553700484718
2917.387451171875	9.820776210791628e-06	0.001109610609048258	5.141736509003466e-06	0.019147373719109833	-0.001253454184016875	-0.066146082916352
3030.325927734375	3.294118866278627e-08	-1.0701859082143207e-07	6.689283170495268e-07	-0.012476187998754842	0.00020282562762174042	-0.13714864462188445
3146.1640625	7.872275462455469e-08	-9.421261984628538e-08	2.992359394093186e-08	-0.00010003168340465205	1.9711041491966877e-05	-0.09800603035601559
3260.38671875	7.949174935582218e-08	-9.4830242991557e-08	-4.889879307052814e-08	-7.492639353188143e-05	1.885153569117785e-05	-0.09800596161345027
3364.68017578125	7.989066654575183e-08	-9.501075532899245e-08	-7.170458349370794e-08	-7.465925206725069e-05	1.9888183647326272e-05	-0.09800597581887248
3472.6953125	8.040394357760124e-08	-9.515914823377063e-08	-7.308638319041421e-08	-7.50423496338587e-05	2.0546764303176747e-05	-0.09800598505963193
3587.610107421875	8.090301649789766e-08	-9.5305448180625e-08	-6.052139309730795e-08	-7.553740772345719e-05	2.105319065413417e-05	-0.09800603917471609
3695.80029296875	8.131908109953139e-08	-9.547121871972123e-08	-4.080532773258503e-08	-7.569716929577864e-05	2.1247861851443695e-05	-0.09800587118353271
3804.56982421875	8.767637494921599e-07	-3.823898049031688e-07	2.9907004571124164e-06	-7.839535946093562e-05	-8.947565945689929e-05	-0.0980150422710655
3913.318359375	1.4905506584906117e-07	-1.8640459850315438e-07	-1.956544062625619e-06	-6.830013169084499e-05	9.346528056503275e-05	-0.09800039013695283
4023.931884765625	8.575710690580644e-08	-1.9459618853311245e-07	-6.373665704525163e-07	-6.389907954481762e-05	3.78546105867483e-05	-0.09800610782009084
4141.523193359375	8.893523628839987e-08	-1.9436176699530003e-07	-1.1278129969593819e-07	-8.523896354084989e-05	3.852854054249596e-05	-0.0980060896466748
4250.59033203125	7.77646923190097e-08	-1.9498826909136796e-07	-1.4784840809051726e-09	-8.156880568051264e-05	2.4238051261253266e-05	-0.09800588296963941
4362.744140625	7.615206253681951e-08	-1.9545923218141256e-07	5.089703171230947e-09	-7.65309166205259e-05	2.0805012021366844e-05	-0.09800606238778992
4478.313232421875	7.588745967037191e-08	-1.9554998877658687e-07	6.174219423452733e-09	-7.588633977787378e-05	2.0450916797851624e-05	-0.09800610872314042
4588.301513671875	7.584619448715748e-08	-1.9555715470055857e-07	6.366425498153509e-09	-7.583912802944039e-05	2.0523969955182287e-05	-0.09800598391594745
4699.91064453125	7.58329301463577e-08	-1.9558528725695366e-07	6.390798536109772e-09	-7.572170350341899e-05	2.0555744178361602e-05	-0.09800601922996093
4815.38232421875	7.58561507650913e-08	-1.9560188768850342e-07	6.39258095931807e-09	-7.588910340678184e-05	2.051333448704941e-05	-0.09800597020871234
4926.92041015625	7.585852060278675e-08	-1.956040041503886e-07	6.41764905609466e-09	-7.591497319805196e-05	2.0401733895279973e-05	-0.0980060421750822
5042.482177734375	7.585404331471906e-08	-1.956190145517354e-07	6.397678274849458e-09	-7.588783654222952e-05	2.0458349332617933e-05	-0.09800603324876506
5159.025146484375	7.584983515613986e-08	-1.956298966153661e-07	6.374652919695652e-09	-7.61110372253773e-05	2.0365158698390044e-05	-0.09800605517421879
5287.623046875	7.585436808981867e-08	-1.9564873041579593e-07	6.370721454189295e-09	-7.611473988710594e-05	2.042269023035183e-05	-0.09800600093911271
5410.9892578125	7.584206899755052e-08	-1.9565881566588784e-07	6.394958992321668e-09	-7.615854969480732e-05	2.031214303719259e-05	-0.09800590768704474
5539.5263671875	7.584668299581729e-08	-1.956858608788914e-07	6.388229482290968e-09	-7.628040093954057e-05	2.043482621576857e-05	-0.09800604962471071
5651.94970703125	7.58731929117593e-08	-1.9571559204520607e-07	6.389855369441841e-09	-7.62572802981364e-05	2.0430734103209935e-05	-0.09800610935712822
5764.50732421875	7.586396664406608e-08	-1.956910148868436e-07	6.372132944456403e-09	-7.627034797999057e-05	2.0320971629648787e-05	-0.09800591724580014
5875.745849609375	7.585493594790965e-08	-1.9572647702679713e-07	6.411133566274196e-09	-7.629125882416085e-05	2.036222723815016e-05	-0.0980059008367099
5989.273681640625	7.587522240656807e-08	-1.957421390914142e-07	6.378187374874359e-09	-7.639455579259984e-05	2.043926218848684e-05	-0.09800607746058687
6093.660400390625	7.586604738916423e-08	-1.9577762879284922e-07	6.378098647173439e-09	-7.645729650255458e-05	2.029013774938712e-05	-0.09800593239950212
6180.657958984375	7.587031832334856e-08	-1.9576526191737557e-07	6.4011932340087766e-09	-7.6541022422964e-05	2.0285856551592783e-05	-0.09800607626586097
6266.89990234375	7.586618885724147e-08	-1.9578298792584683e-07	6.382633385456819e-09	-7.664234931129399e-05	2.0362293262304563e-05	-0.09800593513949568
6346.888671875	7.58327799936328e-08	-1.958480480677294e-07	6.777984376136212e-09	-7.678615644151899e-05	2.0363450977717987e-05	-0.09800599843417156
6423.025146484375	7.590315755552619e-08	-1.958193027418689e-07	6.390932398791655e-09	-7.669909193666086e-05	2.0298551378081e-05	-0.09800607810379287
6508.49609375	7.588982826032312e-08	-1.9583112190315266e-07	6.381604131128525e-09	-7.670391501030694e-05	2.0307504900620208e-05	-0.09800597228869334
6586.87109375	7.58814346402377e-08	-1.958360382210081e-07	6.39398511317841e-09	-7.69388956253755e-05	2.02936151461101e-05	-0.0980059725711463
6671.721923828125	7.588139406048129e-08	-1.9585110505743787e-07	6.373104562491835e-09	-7.692207436318594e-05	2.0340242747353223e-05	-0.0980059080343145
6751.361328125	7.588762424926706e-08	-1.9586197309233823e-07	6.3871201043769036e-09	-7.696522673272853e-05	2.0286132435299325e-05	-0.09800603638955706
6837.49755859375	7.588939833949107e-08	-1.958972812975393e-07	6.40664305814777e-09	-7.707328488866084e-05	2.032050329831456e-05	-0.0980060148990011
6921.646728515625	7.590684540303404e-08	-1.9589291903684934e-07	6.373744703755967e-09	-7.69276457439478e-05	2.0273187626415192e-05	-0.09800597633682417
6998.467529296875	7.586769266955708e-08	-1.9590312493503165e-07	6.363524785541669e-09	-7.706085891701962e-05	2.0071749852974636e-05	-0.09800609711811602
7079.213134765625	7.591797019092926e-08	-1.9590351492549024e-07	6.380766476011977e-09	-7.720965632232446e-05	2.015951264809713e-05	-0.09800614648082931
7165.794921875	7.58755057670009e-08	-1.9593834460041316e-07	6.394107264396857e-09	-7.73617874988275e-05	2.027761982404294e-05	-0.09800594887424252
7245.498291015625	7.591609088084651e-08	-1.959729397351842e-07	6.3906757690347676e-09	-7.728643769733765e-05	2.0201490961304623e-05	-0.09800603343136655
7333.18408203125	7.589065320493873e-08	-1.959702461393061e-07	6.379171385297647e-09	-7.737121240422973e-05	2.0334302657598018e-05	-0.09800603603351993
7412.16748046875	7.589111371345879e-08	-1.959695825330369e-07	6.362874608313376e-09	-7.738963979189374e-05	2.0200296671275467e-05	-0.09800605414861478
7500.283935546875	7.590488679747061e-08	-1.9597816293237076e-07	6.3648155354336854e-09	-7.739679721686402e-05	2.012794985343554e-05	-0.0980061279114129
7587.64208984375	7.590676103802854e-08	-1.9601739830732776e-07	6.364846914193433e-09	-7.75561568202682e-05	2.0101456697594438e-05	-0.09800602222706363
7668.040283203125	7.591667935649501e-08	-1.9600508223475917e-07	6.39563715669555e-09	-7.753529464054727e-05	2.0353602288696716e-05	-0.09800593557237003
7726.802978515625	7.592662255284843e-08	-1.9601322635382202e-07	6.382094067962279e-09	-7.75595045581711e-05	2.0178157232255514e-05	-0.09800610046800456
7769.639404296875	7.593138696392952e-08	-1.9602365938837873e-07	6.401943401265698e-09	-7.753943202412487e-05	2.017573182521841e-05	-0.09800608706593743
7811.43505859375	7.592351688623922e-08	-1.9607790641080872e-07	6.379894559092829e-09	-7.772021838420434e-05	2.0223194755531956e-05	-0.09800600033923726
7854.81396484375	7.589904974990127e-08	-1.9605577420905696e-07	6.385175154256515e-09	-7.780675322020846e-05	2.0140782624377302e-05	-0.09800603379482435
7895.969482421875	7.591941633682845e-08	-1.960553050679685e-07	6.38382012046577e-09	-7.779094212460581e-05	2.0091232547811405e-05	-0.09800601373915595
7937.36328125	7.595314182809226e-08	-1.961043934271985e-07	6.382575200735245e-09	-7.790158176314627e-05	2.009721751273933e-05	-0.09800590986444706
7977.749267578125	7.594337322364142e-08	-1.9610781777173362e-07	6.402907689414302e-09	-7.793619985329703e-05	2.036609893517454e-05	-0.0980059125894922
8019.052490234375	7.592350719164922e-08	-1.9611494389514499e-07	6.3788063060604445e-09	-7.82073133242249e-05	2.0138849484400987e-05	-0.09800606632082272
8059.74560546875	7.592834507317928e-08	-1.9613580218937716e-07	6.365357488563522e-09	-7.808106214189139e-05	2.005773352865206e-05	-0.09800585209291166
8100.080078125	7.591678020408191e-08	-1.9612913571248611e-07	6.380131010514481e-09	-7.801534623164157e-05	2.00631394304224e-05	-0.09800613527946585
8140.668701171875	7.592956360266104e-08	-1.961368511094114e-07	6.3774537164077425e-09	-7.82082990053807e-05	2.0188284575124333e-05	-0.0980060961982544
8181.41455078125	7.591625815858167e-08	-1.9616927400127783e-07	6.369320358548545e-09	-7.81557123777313e-05	2.005902477946475e-05	-0.09800594947638885
8222.412109375	7.592678270893867e-08	-1.9618622017389167e-07	6.3830472609444384e-09	-7.848400131861432e-05	2.0169496402294923e-05	-0.09800595586778224
8263.923095703125	7.595042334183054e-08	-1.962103959246251e-07	6.3847426934952374e-09	-7.836218712578383e-05	2.010631965907477e-05	-0.0980060386313057
8304.378662109375	7.583220291526819e-08	-1.962538686055388e-07	6.077338286429887e-09	-7.833235879909277e-05	2.009510812752085e-05	-0.09800596793412301
8344.46337890625	7.59624554623567e-08	-1.9623053664444997e-07	6.302679468006592e-09	-7.862626338546569e-05	1.998577926286254e-05	-0.09800600337939938
8387.8203125	6.831881718244224e-08	-2.0467852947480417e-07	-6.590910213734043e-08	-7.849295009979758e-05	2.284470347773739e-05	-0.09800630458003927
8428.055419921875	7.600621549954835e-08	-1.9625741499215333e-07	6.407434668638835e-09	-7.84694591965631e-05	1.7064627275917747e-05	-0.09800582195525427
8468.349365234375	7.593516511512644e-08	-1.9625948981343225e-07	6.406172310615993e-09	-7.855898193105829e-05	2.0057915124623376e-05	-0.09800604800112168
8508.945556640625	7.594671900048205e-08	-1.9628975044459395e-07	6.410164288300582e-09	-7.872578219031212e-05	1.9954645376758456e-05	-0.09800599549512731
8549.859619140625	7.91801389681636e-08	-1.9511537693095038e-07	-7.1260574262368436e-09	-7.85781135271453e-05	2.0627508343876573e-05	-0.09800600744091698
8591.038818359375	7.599202910894379e-08	-1.9632925921200803e-07	6.467175724368093e-09	-7.89506221731278e-05	1.9579041183158002e-05	-0.09800609859652636
8631.9423828125	7.596486020382736e-08	-1.963362202888107e-07	6.404286966302615e-09	-7.896654601008456e-05	2.0047265897920943e-05	-0.09800604390614376
8672.87451171875	7.594584420258613e-08	-1.963410136631239e-07	6.39719090076868e-09	-7.882748592319678e-05	2.0063133275309016e-05	-0.09800597674333544
8714.128662109375	7.595668372239181e-08	-1.9634299079693512e-07	6.404252625050339e-09	-7.899968929037419e-05	1.9930297687863774e-05	-0.09800598772072845
8755.275146484375	7.596678257032279e-08	-1.9638060606806457e-07	6.421033362562278e-09	-7.903565165175214e-05	1.9957370199484354e-05	-0.0980060826344518
8797.60107421875	7.62347407634067e-08	-1.9631474888170765e-07	5.0017172383134e-09	-7.916642279295556e-05	1.9727323044275506e-05	-0.09800601190352
8839.146728515625	2.049710891716208e-06	3.2127579178330257e-07	8.580503549868612e-08	-8.049506251200548e-05	1.0413534674165048e-05	-0.09802461955537187
8879.40283203125	4.70029290109111e-08	8.360966787249041e-07	1.1326696581691911e-08	-7.975315934635174e-05	2.8993289981950072e-05	-0.09802486796454417
8920.285888671875	5.1782027022581156e-08	8.359283254210397e-07	6.366854536763998e-09	-7.679263125366e-05	1.928179036402246e-05	-0.09800604927742257
8960.6513671875	5.212665845917416e-08	8.359985137916443e-07	4.9031763222758904e-09	-7.802590826283724e-05	1.952473189193089e-05	-0.09800596058693498
9002.164794921875	5.217231191375212e-08	8.360013224839422e-07	4.714332899702411e-09	-7.769068463158052e-05	1.9493027479720476e-05	-0.09800603969352083
9043.6875	5.219484656274841e-08	8.359849970284595e-07	4.675807292034639e-09	-7.735552819672106e-05	1.928910377951611e-05	-0.0980059299221625
9084.503173828125	5.2170784272401423e-08	8.359603953133941e-07	4.690001120999676e-09	-7.711151462640799e-05	1.9343378231226515e-05	-0.09800611949680231
9125.54345703125	5.1036926398617674e-08	4.065300147227442e-07	-1.3877940822697494e-07	-7.423450083003746e-05	2.6649091045499355e-05	-0.09802113362130509
9166.767578125	4.98623289216615e-08	4.0752732446106304e-07	-1.3954485378057847e-07	-7.648815625885834e-05	1.9005123749423684e-05	-0.09800607263397929
9208.000732421875	5.0028008698938745e-08	4.074682832200285e-07	-1.4007854783934908e-07	-7.643654112089887e-05	1.9517453424415574e-05	-0.09800608724944056
9248.665771484375	5.005872448847207e-08	4.0738685816378577e-07	-1.4014503451603196e-07	-7.641032406687999e-05	1.940651812681806e-05	-0.09800595032044361
9289.30859375	5.5750405093003966e-08	2.3211036142682307e-07	-1.2002944112256917e-07	-7.788395768687819e-05	1.8741367435654737e-05	-0.0980120374811134
9330.456298828125	5.3557503422194645e-08	-5.0832588883872035e-08	1.0011821731256326e-08	-7.645532434767136e-05	1.2716782771616273e-05	-0.09801600093721663
9371.2294921875	5.248699696367087e-08	-5.107769570245572e-08	1.389484326936132e-08	-7.65641229293066e-05	1.9506678591546313e-05	-0.09800596069752197
9412.038818359375	5.2308337969024074e-08	-5.1140303959648314e-08	1.4435731956702367e-08	-7.62248290316013e-05	1.950988718144614e-05	-0.09800596819628404
9453.63037109375	5.5257095495784296e-08	-4.934738127601892e-08	3.3085618256770967e-09	-7.622466772876217e-05	1.975170850571906e-05	-0.09800607853644484
9493.8525390625	5.113645816550462e-08	-5.1082831254479194e-08	2.4243490695614477e-08	-7.627741432576208e-05	1.8548291350120075e-05	-0.09800617161605725
9534.86767578125	5.124717263367944e-08	-5.099091876891464e-08	2.281357626563428e-08	-7.60349945415921e-05	1.943804481729015e-05	-0.09800597612308465
9574.963134765625	5.59740183688397e-08	-4.966324541309802e-08	-2.6132915770086227e-08	-7.622592477759108e-05	2.1337336702186053e-05	-0.09800592545824363
9616.211669921875	5.192868121931069e-08	-5.111441002929536e-08	2.3938934804440675e-08	-7.611544257546736e-05	1.7647310972107852e-05	-0.09800598161789091
9656.725341796875	4.4762327857707656e-08	-5.763386049581663e-08	-2.043120540467738e-08	-7.61232357677996e-05	2.1143255211011338e-05	-0.09800632192983924
9698.876708984375	5.885769841733589e-08	-4.841285529889163e-08	-1.3851140130351973e-08	-7.624441643032135e-05	1.9031045154616087e-05	-0.09800568034622983
9740.3623046875	4.606634380464773e-08	-5.6545262447467255e-08	-1.4224243113917918e-08	-7.631578385064794e-05	1.9429989920312622e-05	-0.09800646070233787
9781.031494140625	4.979086143585968e-08	-5.104209525825534e-08	4.037166006506213e-08	-7.606623497842903e-05	1.722316564055819e-05	-0.09800584302043917
9821.918701171875	5.081023137720453e-08	-5.0916449849225126e-08	4.296127476200228e-08	-7.598385973733632e-05	1.962729324761543e-05	-0.09800598217140544
9862.484130859375	5.6675415517495685e-08	-4.928094538116946e-08	9.674082691700211e-09	-7.60105070742126e-05	2.0617566288627616e-05	-0.09800583316155383
9902.235107421875	5.534234767156864e-08	-4.9632260821837986e-08	-1.9566451639686504e-08	-7.622213025777014e-05	2.0450225187375876e-05	-0.09800598372695551
9943.217041015625	5.2556663806413615e-08	-5.062965934946974e-08	3.295817822899998e-08	-7.606146966195568e-05	1.7597619650473847e-05	-0.09800599022574584
9984.85009765625	5.080729343862815e-08	-5.103567860508321e-08	3.105735421708463e-08	-7.616824942702543e-05	1.9206719144544186e-05	-0.09800604523613653
10026.380126953125	5.051323204154251e-08	-5.112601197037866e-08	3.3690803613227337e-08	-7.619437370009944e-05	1.9232169485145853e-05	-0.09800617683589496
10066.29296875	5.744321510909671e-08	-4.87008800998042e-08	-7.367897255771705e-09	-7.596175877674375e-05	2.0993783806765783e-05	-0.09800593573550655
10107.7451171875	5.1514372015871194e-08	-5.111082683085896e-08	2.9298032190319905e-08	-7.607834045264646e-05	1.813711325923071e-05	-0.09800606945649666
10147.486572265625	5.360647261440946e-08	-4.992782580829689e-08	-3.7790755495889305e-09	-7.607331516778209e-05	2.0605309488038377e-05	-0.09800586119788043
10187.843017578125	5.37870057373379e-08	-5.07126925979656e-08	1.3290906278953408e-08	-7.624866525590739e-05	1.8889468239481962e-05	-0.09800596781110893
10228.50830078125	4.514277307137309e-08	-5.7924994552067636e-08	-3.611529796365832e-08	-7.631369898583353e-05	2.1183354802919714e-05	-0.09800623755399553
10269.3486328125	5.8483048851122684e-08	-4.837946642618501e-08	-1.3503754452910132e-08	-7.599803054200153e-05	1.863584493013036e-05	-0.09800553762843031
10309.932861328125	5.029035772535871e-08	-5.108922030806106e-08	3.150172173340362e-08	-7.628269002546451e-05	1.74713709052366e-05	-0.09800608707919085
10351.806396484375	5.160878842110056e-08	-5.1094772908059066e-08	2.4429351790044606e-08	-7.616519043031014e-05	1.969296598535412e-05	-0.09800613852275734
10392.1748046875	5.145910201306617e-08	-5.109922917254324e-08	2.8982271943648488e-08	-7.605976967400048e-05	1.9214959885304125e-05	-0.09800616710785208
10433.001220703125	5.129974869773174e-08	-5.106263060767362e-08	3.346468462769268e-08	-7.612910486013669e-05	1.920413571674242e-05	-0.09800601004741434
10473.808837890625	5.1614066790580666e-08	-5.1025005547202475e-08	3.126364591193408e-08	-7.625366191910582e-05	1.949331752793792e-05	-0.09800601014229464
10514.131591796875	5.024113692248017e-08	-5.109662975901561e-08	3.257765539030497e-08	-7.629359116322927e-05	1.910161495402674e-05	-0.09800604218613679
10554.891845703125	5.749128003174027e-08	-4.8270706817286435e-08	-2.4610319087343712e-09	-7.593415144805045e-05	2.0901058894121942e-05	-0.09800583700055239
10595.191162109375	5.15366058834821e-08	-5.1034337285012045e-08	3.202929209715706e-08	-7.631015485196574e-05	1.8106068827414782e-05	-0.09800617342150406
10637.093505859375	5.106663394020194e-08	-5.0932392183539594e-08	3.682159184781787e-08	-7.611849768722037e-05	1.922554139819382e-05	-0.09800592684826287
10677.281005859375	5.393898055658713e-08	-5.0176610711495627e-08	1.8014878580108864e-08	-7.617011222473066e-05	2.0214121027287144e-05	-0.09800603799373012
10718.86767578125	5.496158313018473e-08	-4.9330184077174957e-08	8.563753546293258e-09	-7.607341164243179e-05	1.9727501007969574e-05	-0.0980060381754568
10760.103515625	5.8585681066468244e-08	-4.828485732975848e-08	-1.2911882124761048e-08	-7.601389595910402e-05	2.0163670633449913e-05	-0.09800604661780449
10801.14208984375	5.6393064629215296e-08	-4.9677317841553915e-08	4.308531985621657e-09	-7.609549718105914e-05	1.8786293474832085e-05	-0.09800607256385707
10842.663818359375	4.999626259999223e-08	-5.112361570335216e-08	3.4428331089329754e-08	-7.615506661629471e-05	1.7942901322038186e-05	-0.09800618141498539
10883.817138671875	5.143345773039134e-08	-5.110993599992169e-08	2.5839501477699545e-08	-7.596007239108672e-05	1.981216039626087e-05	-0.09800592576308068
10924.644287109375	5.457473308811345e-08	-4.9730629663920565e-08	-1.3158358626299445e-08	-7.599722851938542e-05	2.090333053132334e-05	-0.09800600658293794
10965.33251953125	5.9184398824727364e-08	-4.8046207899736054e-08	-1.5938818015804827e-08	-7.610379576590053e-05	1.9552164568610538e-05	-0.09800585259520637
11006.036865234375	5.5100698855636586e-08	-5.0153931665944246e-08	1.889339146211595e-08	-7.607206950862538e-05	1.817231416314748e-05	-0.09800620476994416
11046.540771484375	5.1984683633081583e-08	-5.1045314492659e-08	2.7588493615338295e-08	-7.631612857036027e-05	1.885573599082474e-05	-0.09800615824235032
11087.3818359375	5.729486771419898e-08	-4.846628154751013e-08	-2.4400900742481177e-09	-7.610962102964229e-05	2.0609449098125728e-05	-0.09800588915099102
11129.199462890625	5.206100185158033e-08	-5.070706117023655e-08	3.3301077497149123e-08	-7.627124064647553e-05	1.805194207586593e-05	-0.09800614374240206
11169.13818359375	5.354445568173225e-08	-5.0323374573469615e-08	1.8467048509598726e-08	-7.624854258679302e-05	1.984396566347172e-05	-0.09800600438946766
11210.0361328125	5.068625998815386e-08	-5.111423715675058e-08	2.562064569337434e-08	-7.616859623173347e-05	1.8906526399156416e-05	-0.09800602151623972
11250.224853515625	5.275670568063062e-08	-4.99458303707584e-08	8.637060953309034e-09	-7.599979062388483e-05	2.0401549705725322e-05	-0.09800595586707549
11290.595947265625	5.037395883901761e-08	-5.1151522367825844e-08	3.3948399828044466e-08	-7.60801592627685e-05	1.845013998849208e-05	-0.09800613006270555
11331.91650390625	5.905089418690109e-08	-4.821483946154378e-08	-1.5847752775457857e-08	-7.59972670636135e-05	2.130857106057853e-05	-0.09800599265869264
11372.879150390625	5.36050266740359e-08	-5.073720844601197e-08	1.3780364707312176e-08	-7.622653454348138e-05	1.830905548621792e-05	-0.09800627390515584
11414.08740234375	5.0453922141211534e-08	-5.1101172463032226e-08	3.643089662968201e-08	-7.60927670567598e-05	1.8537365262172988e-05	-0.09800601802674569
11455.518798828125	4.9851052107800385e-08	-5.112153959352549e-08	3.58033549752108e-08	-7.615541934247694e-05	1.9358613713756538e-05	-0.09800611027212972
11495.90478515625	5.148452549278773e-08	-5.095191063043808e-08	2.1108921556299448e-08	-7.618014288114483e-05	1.99529435696945e-05	-0.0980061092645662
11537.836181640625	5.935903298599957e-08	-4.8173511089294595e-08	-1.685894323709627e-08	-7.602194447821396e-05	2.1046936919177124e-05	-0.0980059640842109
11577.452392578125	5.883648679034311e-08	-4.8184183627165474e-08	-1.4367725128450942e-08	-7.595127593719627e-05	1.94832451547207e-05	-0.0980059484217826
11618.747314453125	5.476054261377162e-08	-5.01536199717635e-08	2.1050611899907288e-08	-7.60940072092435e-05	1.810027465469925e-05	-0.09800617833167413
11658.98974609375	5.252641177097042e-08	-5.066570705788101e-08	3.1669142406809704e-08	-7.607218856001997e-05	1.903847129401484e-05	-0.09800599558094243
11700.115478515625	5.031629008751769e-08	-5.11239800771837e-08	3.4246404917929444e-08	-7.627840996278365e-05	1.917973890811741e-05	-0.09800605535673285
11741.705322265625	5.105777848525205e-08	-5.106701192281899e-08	2.3706745571152705e-08	-7.615334982452616e-05	1.967330891015976e-05	-0.09800598319568109
11782.046875	5.6766992169486785e-08	-4.899436447172549e-08	-5.31699379191662e-09	-7.614098368822162e-05	2.070673637645658e-05	-0.09800585947320756
11822.64794921875	5.176927458011075e-08	-5.101513468659234e-08	3.026953561109721e-08	-7.614587222258292e-05	1.8122291187562235e-05	-0.09800602489621085
11864.6103515625	4.540561951257043e-08	-5.779653733651903e-08	-3.5292470199886124e-08	-7.632920061188594e-05	2.1671876763195072e-05	-0.09800626789491242
11906.159912109375	5.000005325451132e-08	-5.115253802033057e-08	3.239818618889687e-08	-7.618111113208069e-05	1.684696009887796e-05	-0.09800561901011742
11946.392578125	5.133978816124947e-08	-5.1077767284162055e-08	2.9611936902217773e-08	-7.6165457878362e-05	1.9645972533318172e-05	-0.09800597714362809
11987.16845703125	5.041812760508175e-08	-5.114744305855781e-08	3.300024225409236e-08	-7.612665726465497e-05	1.925373475321594e-05	-0.09800607248575133
12027.51220703125	5.7069119612707147e-08	-4.835679472616925e-08	-2.945946945567223e-10	-7.606108479038065e-05	2.0858449957753815e-05	-0.09800598146660837
12068.1953125	5.6763593556106006e-08	-4.939761626199533e-08	-3.624066117251904e-08	-7.618117769905764e-05	2.0722086801669245e-05	-0.09800595445372119
12109.19873046875	5.59566611265189e-08	-5.008582499788805e-08	1.1280241694032818e-08	-7.601859733879127e-05	1.778563682340627e-05	-0.09800591220387395
12149.017333984375	5.2769135957523685e-08	-5.0016874460312574e-08	5.8034739025650875e-09	-7.614425403365623e-05	1.9537343256779875e-05	-0.09800598437410628
12189.758544921875	5.123724704985238e-08	-5.114796986021363e-08	2.9163762354966596e-08	-7.631901612724377e-05	1.8504033006540695e-05	-0.09800601375339431
12230.14990234375	5.684081375629359e-08	-4.96539643818755e-08	1.6127232118506247e-09	-7.608171178021663e-05	2.0511169464174875e-05	-0.0980057677583986
12270.646728515625	5.4821014381407094e-08	-5.0116204763667034e-08	2.142570159287153e-08	-7.59517772195117e-05	1.875300634503683e-05	-0.09800605472644475
12311.971435546875	5.0323830375559255e-08	-5.112314203651809e-08	2.8084656174875212e-08	-7.629200164936102e-05	1.883809536132585e-05	-0.09800601236254793
12353.66162109375	5.6458058539835426e-08	-4.9780222235153496e-08	2.6279703314036833e-09	-7.606278196711032e-05	2.054986021415769e-05	-0.09800604872870539
12393.85546875	5.4924124518746207e-08	-5.0127724728619146e-08	2.0493633982846776e-08	-7.600090171683513e-05	1.8849189073278144e-05	-0.09800614051694209
12434.5546875	5.03575901473632e-08	-5.1136272724913987e-08	2.7865368328951168e-08	-7.637265272202893e-05	1.8614082532403673e-05	-0.09800594696783771
12474.858642578125	5.630116657843449e-08	-4.980254837440806e-08	3.0901474131123762e-09	-7.609416331662656e-05	2.065620521398575e-05	-0.09800589223515922
12516.31494140625	5.4930903654666097e-08	-5.0144365111169616e-08	2.089318227890453e-08	-7.61640300688138e-05	1.894451064522575e-05	-0.09800601266507303
12555.650146484375	5.031975963258244e-08	-5.11283910000036e-08	2.7983739819204964e-08	-7.643174414710205e-05	1.8856162182776222e-05	-0.0980061258961395
12595.822998046875	5.209938725182742e-08	-5.101963175129932e-08	2.2438887856855102e-08	-7.60587749923185e-05	1.9755823742497993e-05	-0.0980060763956936
12637.514892578125	5.597099623077751e-08	-4.967404891655103e-08	-2.5764470389837867e-08	-7.599295657732141e-05	2.1038250332631002e-05	-0.0980059541610864
12677.18212890625	5.5541881074881055e-08	-4.948464821795863e-08	-2.283150987310609e-08	-7.588485973232072e-05	1.9619972012492068e-05	-0.09800610732285626
12717.408447265625	5.802848325103267e-08	-4.91482542171342e-08	-1.4360355447324067e-09	-7.625115227511947e-05	1.8752746436014204e-05	-0.09800601117882826
12757.998046875	5.585707115420819e-08	-4.983682511397917e-08	4.799350629260829e-09	-7.611461702382241e-05	1.9157521331975243e-05	-0.0980060783179749
12799.10986328125	5.574599814333114e-08	-4.948547891879501e-08	1.3985576882099535e-08	-7.603667587420198e-05	1.9092128396836003e-05	-0.09800604098277989
12839.437744140625	4.28869010449478e-08	-6.018053062236254e-08	-5.225452056129504e-08	-7.630304241529066e-05	2.2019542412210976e-05	-0.09800637668723056
12880.175537109375	4.4455047742053095e-08	-5.821794148917523e-08	-2.886564591554328e-08	-7.613115022281351e-05	1.843967494247811e-05	-0.0980060702890766
12919.982421875	5.574859397232246e-08	-5.0093516903582974e-08	1.2167950621978926e-08	-7.604707888833265e-05	1.7989701155223088e-05	-0.09800572030200316
12960.261962890625	5.723548411943088e-08	-4.945556124156421e-08	-3.530804580601014e-08	-7.629845739688258e-05	2.1036251238863288e-05	-0.0980059870859376
13000.7841796875	5.564871975833513e-08	-5.009085499913099e-08	4.962137044819338e-09	-7.602180323506557e-05	1.797457540221025e-05	-0.09800601688680408
13041.256103515625	5.805500599000853e-08	-4.7906680552875826e-08	-2.741927180688209e-09	-7.59127615454789e-05	1.972484664447155e-05	-0.09800599634118302
13081.168701171875	5.696862361613787e-08	-4.8829062815585095e-08	-4.9485537835779885e-09	-7.629383639891979e-05	1.9502509346758334e-05	-0.09800609343822038
13121.89111328125	5.133802500048206e-08	-5.113785912446709e-08	2.5033620784541837e-08	-7.619092094264745e-05	1.8309132543641993e-05	-0.09800605579639254
13162.645263671875	5.1937643087743e-08	-5.1000500822725544e-08	2.5553631372114987e-08	-7.602225161644816e-05	1.934652686601281e-05	-0.09800596897998948
13202.6201171875	4.389185572695681e-08	-5.997907424736372e-08	-6.2936117345327e-08	-7.635026528515715e-05	2.259274211405079e-05	-0.09800632966056602
13243.3505859375	5.4929966534372346e-08	-4.963263597255062e-08	-1.6065089638497417e-08	-7.59511326167261e-05	1.7825543543478635e-05	-0.0980055968143149
13283.78173828125	5.16447524026258e-08	-5.111775521354443e-08	2.22640656390829e-08	-7.63521788393643e-05	1.785257417236874e-05	-0.09800603793533422
13323.579833984375	5.67889812761764e-08	-4.9486413545266885e-08	-3.3794373373103244e-08	-7.616474476452861e-05	2.129070628956937e-05	-0.09800605428449373
13364.343017578125	5.589356486270215e-08	-4.9634188730032736e-08	-3.3472091355249504e-10	-7.613175475537221e-05	1.8152449698875965e-05	-0.09800597325386218
13405.126953125	5.1479664792455366e-08	-5.103839911804759e-08	1.981135105904404e-08	-7.61864324971174e-05	1.841822039810823e-05	-0.09800599699560383
13445.552734375	5.0949737826055834e-08	-5.112000614507191e-08	2.607376704199865e-08	-7.617968970511613e-05	1.9412268830243998e-05	-0.09800608772441592
13486.554443359375	5.03812769632962e-08	-5.109320442424719e-08	3.6275140308582756e-08	-7.617543037953569e-05	1.901706368208055e-05	-0.09800607031194228
13527.365966796875	5.132268476037913e-08	-5.097031801071419e-08	2.1016152720170904e-08	-7.628685247046012e-05	1.9815336289808716e-05	-0.09800596901237085
13567.561279296875	4.4236295914239014e-08	-5.8204029497630376e-08	-2.6416847382109882e-08	-7.610612112068494e-05	2.144762029910128e-05	-0.09800632395584803
13607.540771484375	5.5938016310089524e-08	-4.883418845890669e-08	4.991636968302895e-09	-7.589551810380882e-05	1.8160953670485202e-05	-0.09800557255365096
13648.219482421875	5.1378341321440564e-08	-5.109547755717815e-08	2.6784051615775062e-08	-7.626639416870412e-05	1.8398979368562965e-05	-0.09800619109454713
13688.644775390625	5.131293396610241e-08	-5.101840934541766e-08	3.373319113450765e-08	-7.610746101947715e-05	1.9253316050488542e-05	-0.09800596814129653
13729.064453125	5.6029475282526166e-08	-4.9672766606244406e-08	-2.5758671001183398e-08	-7.615670634984157e-05	2.1588792082361117e-05	-0.09800596153538921
13770.208984375	5.517471418636705e-08	-4.95677326986813e-08	-1.8909101738249902e-08	-7.587709392978106e-05	1.9209799924130104e-05	-0.09800598739255709
13810.75439453125	4.322580577582634e-08	-6.026574026611347e-08	-6.264041338056805e-08	-7.62839246746213e-05	2.1089454507424604e-05	-0.09800645281139954
13852.591064453125	5.838191614448244e-08	-4.859417171033376e-08	-1.1906605272236686e-08	-7.591805620586584e-05	1.7416923156288294e-05	-0.09800545373450321
13893.560302734375	5.826704392829055e-08	-4.927295471573742e-08	-2.8001264076996763e-09	-7.609605655468782e-05	1.9116269175387733e-05	-0.09800612360936387
13934.267822265625	5.535075868090462e-08	-4.887635912971439e-08	1.1535077049443439e-08	-7.601212879200827e-05	1.880726756670378e-05	-0.09800600898856673
13975.4873046875	5.448598668104189e-08	-5.0633508480266666e-08	1.1644641118090494e-08	-7.636340475110197e-05	1.9481409057725123e-05	-0.09800618015857221
14015.5615234375	4.985599896785803e-08	-5.110853762095128e-08	3.493916366338627e-08	-7.618147510905433e-05	1.8241983625598768e-05	-0.09800598775801513
14055.836181640625	3.8380552555148796e-08	-4.6866938239501695e-08	2.8931726403838604e-08	-7.886477256379708e-05	1.785111159080524e-05	-0.09800601101951154
14096.344970703125	5.3138194382549545e-08	-5.083865423056065e-08	1.1308203581342893e-08	-7.29806753674716e-05	2.173744786874403e-05	-0.09800615893822279
14136.5146484375	5.242360659717691e-08	-5.1046502603159834e-08	1.3841459029333337e-08	-7.664335487784193e-05	1.9600556761204782e-05	-0.0980059281992729
14177.1669921875	5.2239641324614774e-08	-5.108069555340352e-08	1.4285274032615075e-08	-7.624739915820497e-05	1.9312761914932754e-05	-0.09800605161495593
14217.58642578125	5.211972525266375e-08	-5.1058881373434366e-08	1.900859223924178e-08	-7.60891983874577e-05	1.9327435408008435e-05	-0.09800595300481345
14258.12060546875	5.118426544689893e-08	-5.1050680566873394e-08	2.1863742712958475e-08	-7.625057809083572e-05	1.9122630685500574e-05	-0.09800600733561175
14298.578125	5.4909988846968774e-08	-4.963685260817944e-08	-1.673794037586771e-08	-7.59157451413218e-05	2.0927990419002645e-05	-0.0980060758434177
14339.129150390625	5.0627371843335764e-08	-5.105229067386783e-08	2.6601924686869163e-08	-7.623514189892806e-05	1.7594115324938924e-05	-0.09800611525304274
14379.78515625	5.1558783005487317e-08	-5.100959035324141e-08	3.078411982160284e-08	-7.600193940077324e-05	1.9547157949864452e-05	-0.09800599476967216
14421.087890625	5.960593535835782e-08	-4.7948398604280837e-08	-1.8757731040791934e-08	-7.61072896274403e-05	2.109487752562251e-05	-0.09800587449355963
14461.794921875	5.1754805624575893e-08	-5.108194812411276e-08	2.5314485108874654e-08	-7.611942551492327e-05	1.764793074255087e-05	-0.09800616991988764
14501.611328125	5.276580214500252e-08	-5.095705232698393e-08	1.3070049350953523e-08	-7.628790221160982e-05	1.9814123813136457e-05	-0.09800599620686556
14543.12744140625	4.47853247475053e-08	-5.8387466209345075e-08	-4.131890137687715e-08	-7.617983715179998e-05	2.1550785141715117e-05	-0.0980062801854907
14582.992431640625	5.667418317270526e-08	-4.8577927361906096e-08	8.96336052969885e-10	-7.58820621027649e-05	1.7963559478381183e-05	-0.09800568827052292
14623.678466796875	5.7626920096582056e-08	-4.9253558134904466e-08	-4.1853854484652564e-08	-7.59489792707033e-05	2.0803133679983835e-05	-0.09800619312357242
14663.792724609375	5.754777654849887e-08	-4.928937348633769e-08	-5.167551607414732e-13	-7.595461401359675e-05	1.789136935996971e-05	-0.0980061653351995
14704.607666015625	5.5284570428257175e-08	-5.015387369277512e-08	1.3771866500885434e-08	-7.604488804579038e-05	1.8952863411994218e-05	-0.09800606393314026
14744.579833984375	5.082800623617365e-08	-5.1024061748669404e-08	3.0550130414094067e-08	-7.6241936727305e-05	1.8439756901325122e-05	-0.09800606811930164
14785.467041015625	5.7421356705296115e-08	-4.9342793992997904e-08	2.97074891124813e-10	-7.613111350638884e-05	2.077114614274004e-05	-0.0980059164525764
14825.456298828125	5.040683338206474e-08	-5.108978719418907e-08	2.7209052404020183e-08	-7.645649173378789e-05	1.8060274825295062e-05	-0.09800600672857082
14866.13818359375	5.125437237445154e-08	-5.100609966287108e-08	2.054193457816971e-08	-7.613865664607005e-05	1.9669885654012928e-05	-0.09800604167583508
14906.495849609375	4.988444410780112e-08	-5.1119898283775987e-08	3.7062212042276115e-08	-7.610764538547147e-05	1.8957573947051772e-05	-0.09800604477728221
14946.44140625	5.4489661362316154e-08	-5.054444929679595e-08	1.9510915802156488e-08	-7.59647188251996e-05	2.033331431477854e-05	-0.09800608199158183
14987.109130859375	5.0593516121019674e-08	-5.1101362801259894e-08	2.6616278523731014e-08	-7.624984588624119e-05	1.8738945025324307e-05	-0.09800611455507843
15028.232177734375	5.716625243855985e-08	-4.9495228590306433e-08	4.90232282196113e-10	-7.597994115579652e-05	2.0672740707860578e-05	-0.09800594296224438
15068.723388671875	5.261272491100498e-08	-4.992311644509795e-08	1.0946978870280359e-08	-7.619851553078827e-05	1.8961154015092658e-05	-0.09800594424149374
15109.640380859375	5.019486865407346e-08	-5.111347189970944e-08	3.439770767488254e-08	-7.616668501466609e-05	1.859428770992704e-05	-0.09800603376919295
15150.44482421875	5.153290100605855e-08	-5.1062110136906954e-08	2.4721460361535368e-08	-7.60850762711497e-05	1.9717257561124102e-05	-0.0980060150845309
15191.121337890625	5.6978927373966446e-08	-4.9301439061648405e-08	-3.8956899120424316e-08	-7.602157259934328e-05	2.1792344080574892e-05	-0.09800590211029891
15231.782470703125	5.321836641356655e-08	-5.031751132863442e-08	2.6297917746644315e-08	-7.603931349232267e-05	1.70487859451804e-05	-0.09800604286243736
15272.423583984375	5.522700704637485e-08	-4.9561510416609264e-08	-1.9539061829145868e-08	-7.612489046457078e-05	2.108700633130763e-05	-0.09800595084254791
15312.61572265625	5.079487667682181e-08	-5.109216262159341e-08	2.5846306533434388e-08	-7.629501150598868e-05	1.759072946437275e-05	-0.09800606601816708
15352.613037109375	4.38574220767467e-08	-5.843641634830262e-08	-2.7115027667682956e-08	-7.622924846484801e-05	2.1604028026974525e-05	-0.09800620526842149
15393.884033203125	5.045634799449028e-08	-5.112874298441519e-08	2.6778239773943457e-08	-7.613918334454191e-05	1.7107676702714762e-05	-0.09800573592525347
15433.54248046875	4.972564548067364e-08	-5.1082686785640146e-08	3.760710082862497e-08	-7.612932348144271e-05	1.9002308942050197e-05	-0.0980060902616761
15474.14208984375	5.4536927359777834e-08	-5.05261558364846e-08	1.984897754569691e-08	-7.610302123847453e-05	2.0441590100573037e-05	-0.0980060513629098
15514.846923828125	5.007639076635833e-08	-5.115732956703074e-08	3.078423947619552e-08	-7.617592243304375e-05	1.8670805984546217e-05	-0.09800609830286755
15555.234130859375	5.378227939848323e-08	-5.0186197805124374e-08	2.535234539419873e-08	-7.59664866125522e-05	1.977682043257498e-05	-0.09800605304866095
15596.13330078125	5.491247169125566e-08	-4.902232121016221e-08	1.3046284085847667e-08	-7.614321233437943e-05	1.9767428955146542e-05	-0.09800593853254365
15636.69921875	5.076865778249622e-08	-5.094314691151908e-08	3.825158478014625e-08	-7.607539254845208e-05	1.848737310183377e-05	-0.09800611502842861
15678.08740234375	5.0397295473195124e-08	-5.111280285429159e-08	3.316866260332239e-08	-7.609476759632004e-05	1.9523255508376575e-05	-0.09800598259765864
15717.215576171875	5.081684929635483e-08	-5.098142303164113e-08	3.295987635674107e-08	-7.589631222699561e-05	1.9293619345737222e-05	-0.0980061018133653
15757.678466796875	5.425976909829957e-08	-5.0538625693671177e-08	2.1865580889965567e-08	-7.604934226831557e-05	2.0216709538315473e-05	-0.09800590540940368
15798.12646484375	4.260110792331042e-08	-5.986246857668583e-08	-4.418518787259563e-08	-7.620266447422204e-05	2.173454280060052e-05	-0.09800638051713424
15839.47998046875	5.215956886193474e-08	-5.1015797045864865e-08	1.58321982034441e-08	-7.607230889821438e-05	1.6932118714347245e-05	-0.09800558320272519
15880.245849609375	5.828120791056027e-08	-4.832892816747558e-08	-1.2003366028178425e-08	-7.59192212954331e-05	2.0611262556870688e-05	-0.09800586139263046
15920.850341796875	5.689056447262257e-08	-4.8594869854760635e-08	-4.6257622722390476e-10	-7.617996862658408e-05	1.8945664063123686e-05	-0.09800600383435867
15962.7626953125	5.034782930274166e-08	-5.115199646342219e-08	2.978613784553801e-08	-7.62975924463055e-05	1.81964184202129e-05	-0.09800607762034953
16002.886962890625	5.027818641991191e-08	-5.112578541170451e-08	3.0688018971180094e-08	-7.618642136649957e-05	1.9373343602842304e-05	-0.09800593618272287
16043.213623046875	5.070947013427264e-08	-5.0908588446413386e-08	3.9151654602121134e-08	-7.602350805446586e-05	1.90898840027345e-05	-0.09800607286043336
16083.35498046875	4.403645676236882e-08	-5.9483368974564844e-08	-5.6462597920974015e-08	-7.651301430265807e-05	2.291745978093968e-05	-0.09800642171788906
16124.673583984375	5.038608813968081e-08	-5.11272223740335e-08	3.404743873337876e-08	-7.602258025537036e-05	1.6168761512853283e-05	-0.0980056145719329
16164.2119140625	5.1228988888688e-08	-5.0984594045703396e-08	3.306173782407739e-08	-7.608642604688624e-05	1.948276665925381e-05	-0.09800611537634503
16204.68017578125	5.201917218275328e-08	-5.100207142414832e-08	1.7296873552263588e-08	-7.627192599635405e-05	1.9821344701120182e-05	-0.09800608210472872
16245.31640625	5.4462075873576236e-08	-4.974530399737688e-08	-1.18773062015561e-08	-7.588439358523048e-05	2.0729399240869444e-05	-0.09800606658466827
16286.167236328125	5.159268074857033e-08	-5.099358671631018e-08	3.2458282345105955e-08	-7.59875934346466e-05	1.780523007278593e-05	-0.0980061600199
16326.6318359375	5.019228040994607e-08	-5.1152251714518287e-08	3.477569635745149e-08	-7.633871062308383e-05	1.9222087535463463e-05	-0.09800599310275837
16367.550048828125	5.130869434740926e-08	-5.100239010662968e-08	3.217651504457544e-08	-7.613737383061401e-05	1.960592233253909e-05	-0.09800607924791804
16407.513916015625	5.764565018515339e-08	-4.825247142816518e-08	-4.7144367956439415e-09	-7.608892117770334e-05	2.095795763838284e-05	-0.0980059705759568
16447.795654296875	5.226561991951343e-08	-5.101028757696452e-08	1.4616011716829873e-08	-7.637143536369364e-05	1.834127627710986e-05	-0.09800616170709457
