10000.0	0.00010378387856913756	0.005145871766864267	0.0014767874051265022	-1.4069673549956039	0.23319231631184556	6.7196897970786695	-4.774617310097653	-0.03862163030443209	0.15686480461228478
20000.0	0.0003231774790604664	0.00039876325728307966	0.0010853478969881359	0.00258144880734302	-0.00021116444130400125	-0.012439233525329045	0.008765094339701195	0.0007052610831961728	9.951365797257385e-07
30000.0	0.0006884122783329677	0.006880938880128579	0.0007921430707352561	0.0026546831694693076	-0.00033789910236633265	-0.012424358812839596	0.00876528752122877	0.0011009053242772735	1.4313021015564202e-06
40000.0	0.0014096699985379478	0.008179726646792961	0.0005127161524932282	-2.461288148104732	0.14403785744034303	11.588017978461014	-8.352319426201504	-0.20553763181898238	0.05937956797149735
50000.0	0.0021171498793493334	-0.000763533618177965	0.0003644940181614608	-0.0025887283215910765	-0.0007903659688548029	0.0124363256337057	-0.008764982594456992	0.002632820357060295	-1.782285723590988e-06
60000.0	3.13413147789847e-08	-4.303245968487964e-08	0.0004033104918358166	1.3869266909726636	-0.13460982539778119	-9.799806931660513	-0.0001477254762057519	-2.530620954921558e-05	-0.09695328403527931
70000.0	1.092592540900378e-08	3.689663691325232e-07	4.184377295630616e-05	5.396619757157554	0.1138186202862439	-9.799492433298953	-0.00042265443707942204	1.0917954447327019e-05	0.12092055478317454
80000.0	-2.9054732203100986e-09	-2.2623251718787813e-07	-0.00046478083287915375	4.301723399825275	0.029618821947884552	-9.80089798145824	0.000575724289635792	6.528080127713694e-06	0.09249391857287516
90000.0	1.9892941506818044e-09	-8.821703174905311e-08	-0.000983667467445822	1.1550731468821893	-0.1639602134999752	-9.799785610418764	-0.0001591957258563221	-1.2387088187738121e-05	-0.052664967836145264
100000.0	-1.7259987958939813e-08	2.9861084777979097e-07	-0.0018571087453896752	5.321651787422893	0.11377804025001628	-9.799496898362856	-0.00041862965176914463	4.0809186862041455e-06	0.16865610856733557
110000.0	-3.966007492611019e-08	-3.2229205643925557e-07	-0.002824070551529251	4.290661826335361	0.044956927433268845	-9.800908816022686	0.0005829992338030062	7.005290688461875e-06	0.14188085644673115
120000.0	-4.7799888118113545e-08	-1.9187456696538548e-07	-0.003718805313464161	0.9861768734543271	-0.20189369273840313	-9.799770286594077	-0.00016668979559410628	-6.069205184846574e-06	-0.03253189101638746
130000.0	-6.534406215988466e-08	1.7475328609985336e-07	-0.004917863941958498	5.240097730549767	0.11577527380619129	-9.799503022862588	-0.0004134286886844085	-1.2196437674894023e-06	0.20390833832659003
140000.0	-9.410399355832514e-08	-4.5858860894856945e-07	-0.0061797408933573755	4.28455371064605	0.05831776133979549	-9.800910383499692	0.0005837908792658395	6.623151632653417e-06	0.1748802505507689
150000.0	-1.1009628142324449e-07	-3.298515879529312e-07	-0.007324391088940753	0.8117546037063844	-0.20000993996679026	-9.799755123648865	-0.00017526161602499378	-5.199797260516654e-06	-0.0050720871249400855
160000.0	-1.2627480543419633e-07	2.506215949793243e-08	-0.008758201976476341	5.177151301141072	0.11930416590517824	-9.799505290107913	-0.0004111844317449176	-7.750767304512463e-06	0.22706264385688962
170000.0	-1.6202132587223758e-07	-6.178906012558598e-07	-0.010178734309094217	4.217600836701663	0.021861658741119484	-9.800905955605225	0.0005825305011224678	1.3339178508009519e-05	0.1660029515811433
180000.0	-1.804944592613314e-07	-4.941516257495836e-07	-0.011494737952863876	0.7066557610264282	-0.1570208289764028	-9.799754312815304	-0.000175793462453921	-3.6766745530481617e-06	0.03702110345672975
190000.0	-1.9472492885889342e-07	-1.4528801096330435e-07	-0.013048079132413263	5.113257376427858	0.12253166905486008	-9.799503944588537	-0.0004114430941664876	-1.2573260812102905e-05	0.24161292441312948
200000.0	-2.354033667234133e-07	-7.910374675928303e-07	-0.014526923388935693	4.145665215209951	-0.01482105713776373	-9.80090904350811	0.0005865885480930948	1.7187387955851597e-05	0.14824749740983434
210000.0	-2.5625959617524954e-07	-6.736316749885366e-07	-0.01592384812891501	0.6952931178926475	-0.13131820860121476	-9.79975940181261	-0.00017282788205036668	-2.870253571353213e-06	0.0625398152375685
220000.0	-2.66811702450312e-07	-3.2344432282382265e-07	-0.017524563973904367	5.05162364341627	0.12219062097687693	-9.799500956997555	-0.0004127700771574798	-1.7364174293230536e-05	0.24954333338008214
230000.0	-3.107974653998995e-07	-9.679593275045748e-07	-0.01899808842856406	4.050376760065662	-0.06441519091652158	-9.800904606559914	0.0005860252934177856	2.0818163994563958e-05	0.11689351116228833
240000.0	-3.3358584589996613e-07	-8.550498324184179e-07	-0.020438799114144732	0.6539041791231396	-0.09641892454009662	-9.799763870557106	-0.00017019964892931973	-1.8216474497599939e-06	0.09088285692910515
250000.0	-3.397020663020289e-07	-5.063576250329621e-07	-0.022051141643075575	4.986333546662045	0.12173617928745023	-9.799498813644782	-0.00041345228040487426	-2.220923802534989e-05	0.25449026992133245
260000.0	-3.8631047852320273e-07	-1.144954216565856e-06	-0.023486041558636296	3.943300505313336	-0.1197936207015449	-9.800894409941357	0.0005817329600456236	2.444089243471432e-05	0.07892664840906123
270000.0	-4.1098076716210757e-07	-1.0363281627445788e-06	-0.02495288366735899	0.6106211803284254	-0.06343420166231262	-9.799767700547028	-0.00016794218171692287	-8.115804018585353e-07	0.11624916195735571
280000.0	-4.127492815021425e-07	-6.816181274755814e-07	-0.026556381643181425	4.936390320660199	0.11818477283136258	-9.799489395968923	-0.0004193081632763779	-2.670477890121702e-05	0.25689403127894933
290000.0	-4.616904579383864e-07	-1.322016458637047e-06	-0.027947323384824065	3.8590335314099944	-0.16422154039162373	-9.800890522274317	0.0005812606020640711	2.823975437312835e-05	0.048106782799282044
300000.0	-4.877585244661424e-07	-1.214656170743734e-06	-0.029422495128565842	0.5446648845963318	-0.02421427313247668	-9.799770620284843	-0.000166230404628185	5.423643168271574e-07	0.14549970202991405
310000.0	-4.848668456113858e-07	-8.57910980047226e-07	-0.031009727315556887	4.881467042864099	0.11508387796192793	-9.79948628630298	-0.00042069478321020854	-3.1473898793427733e-05	0.25888657044989727
320000.0	-5.368261056400642e-07	-1.4988676952915155e-06	-0.03236093573599302	3.8088237252781316	-0.19276726277198875	-9.80089659449681	0.0005868853696136365	3.2184421354655935e-05	0.029058181713786352
330000.0	-5.633690658805567e-07	-1.3933341017225883e-06	-0.03382623817011571	0.5384172013478982	-0.011286882169624826	-9.799774146961346	-0.0001640591894573181	1.0404829763673774e-06	0.15639649769250183
340000.0	-5.558630777438677e-07	-1.0317970306782365e-06	-0.03539513178139747	4.826986559496248	0.11203543674231739	-9.799482118936947	-0.00042281478491619983	-3.633847391242648e-05	0.2607781755439832
350000.0	-6.103140547499071e-07	-1.6714092756075611e-06	-0.03669813474571523	3.734566794965113	-0.23303459860116837	-9.800895219720674	0.0005879122268614994	3.603052734152465e-05	0.0013185100323757793
360000.0	-6.379544605830152e-07	-1.568110184178706e-06	-0.03816026386478429	0.5108445798543545	0.005056317456267775	-9.79977833903584	-0.00016126805548925078	1.838291203597939e-06	0.1700782678688694
370000.0	-6.252584642527818e-07	-1.2060028603162357e-06	-0.039711770394308135	4.767204814073956	0.11179607060291721	-9.799477576961904	-0.0004251966958269271	-4.161411374255109e-05	0.2637245059866384
380000.0	-6.840053992452412e-07	-1.8377573476931795e-06	-0.040988363544553735	3.575340450487827	-0.24570202709458597	-9.800882485436498	0.0005812039712941022	4.143502516016064e-05	-0.00532193662593038
390000.0	-7.113920785305742e-07	-1.7419257219958255e-06	-0.04242945492085804	0.5162615841897303	-0.002827060701179374	-9.799790226279063	-0.00015279711509419457	1.6700919659351857e-06	0.16705978931306112
400000.0	-6.944958213633537e-07	-1.3706029509442397e-06	-0.04396158081904095	4.7225687912149334	0.10604765814230402	-9.799463992871736	-0.00043391415377927635	-4.610402940832808e-05	0.264788835423386
410000.0	-7.568099771461604e-07	-2.00335396875445e-06	-0.04521406452657486	3.4529756080638436	-0.25751113184066327	-9.800876954054363	0.000579051241558518	4.680328979410551e-05	-0.010767370751018808
420000.0	-7.838257648289491e-07	-1.9133042292984973e-06	-0.04663216782134369	0.526725038756555	-0.011976168680812619	-9.799799389515991	-0.00014625528535436736	1.4915704530777647e-06	0.16361610218721723
430000.0	-7.621389824338954e-07	-1.5361662266516575e-06	-0.048146412858189686	4.671825603637524	0.1034951071651585	-9.799456314439212	-0.0004384978648971069	-5.1249747635260345e-05	0.26707587648186365
440000.0	-8.2855559382825e-07	-2.16951714298281e-06	-0.049371647666355524	3.3964468059000494	-0.27125146940199246	-9.800883306297854	0.0005844637892383136	5.164445316413399e-05	-0.017098462855784854
450000.0	-8.552593988753067e-07	-2.0818824220109757e-06	-0.05076847148115182	0.5350075931231764	-0.02207655780380819	-9.799807904440064	-0.00014011365406522272	1.3092555654114075e-06	0.16000548777235943
460000.0	-8.285756267202413e-07	-1.6992504739497969e-06	-0.05226591249058117	4.62180288285911	0.10180947473461456	-9.79944851183809	-0.0004431788153972824	-5.67098934381717e-05	0.2697840350266461
470000.0	-8.994026647221783e-07	-2.3305266885024525e-06	-0.053466055860551	3.2885620181279895	-0.2847105026822057	-9.80087941271353	0.0005832882313860931	5.7381147353700346e-05	-0.02269815857344928
480000.0	-9.25733512938098e-07	-2.247752186755561e-06	-0.05483961137877056	0.5419395922463904	-0.03326333800534667	-9.799815685364594	-0.0001344381550654684	1.1225810140547831e-06	0.1561490021857268
490000.0	-8.93883749573207e-07	-1.859597594115641e-06	-0.056320378968274146	4.573074104629155	0.10058011510939607	-9.799440714297086	-0.00044785963725432884	-6.240632475617867e-05	0.2727612337100876
500000.0	-9.692557629962971e-07	-2.489334135293413e-06	-0.05749456707982138	3.1899411833954927	-0.29907229068	-9.800876934778753	0.0005829929498773287	6.325304522354886e-05	-0.028438302582212447
510000.0	-9.95121776458453e-07	-2.4114671426466226e-06	-0.05884208337416843	0.5612684094545669	-0.045623653172677636	-9.7998200178321	-0.00013128839925893447	9.113535397492047e-07	0.15192208273397728
520000.0	-9.572054950375569e-07	-2.019810926116555e-06	-0.0603080297324995	4.519981380553496	0.10470648665909318	-9.799435856477514	-0.00045054754622878994	-6.90680068022013e-05	0.2778138438708764
530000.0	-1.0381388637877314e-06	-2.645680587509951e-06	-0.06145846020164332	3.09442991654661	-0.3140893510019358	-9.80087440712579	0.000582614477821743	6.946591103643573e-05	-0.03411920494514587
540000.0	-1.0636088476645497e-06	-2.571953053878737e-06	-0.06278240008367916	0.5665561579537962	-0.05863763402441322	-9.799826541701794	-0.0001264199011058582	7.156140277289938e-07	0.14777660807260287
550000.0	-1.0201595753595818e-06	-2.1747780173154445e-06	-0.06423391576746967	4.47354808804563	0.1051675394008935	-9.799428087062685	-0.00045522311012881643	-7.531390826694707e-05	0.2817067839074911
560000.0	-1.1060832193794922e-06	-2.7980491073486643e-06	-0.06535941034849936	2.9706526531837434	-0.32910594226147116	-9.800865601341938	0.0005781376294393295	7.67452459817389e-05	-0.039270928416008086
570000.0	-1.1311828858765276e-06	-2.7298523697562312e-06	-0.06666091512394716	0.5702153618452299	-0.07262664432424396	-9.799832694606025	-0.00012176339359426048	5.185902268179285e-07	0.14346987540457123
580000.0	-1.0831570632316117e-06	-2.3231054637313484e-06	-0.06809534714792677	4.436221463314342	0.09924326478146812	-9.79941446863661	-0.00046390109158126337	-8.067574426617016e-05	0.28354227759178297
590000.0	-1.1731082542372947e-06	-2.9498297541505527e-06	-0.06919930937399206	2.88421090660129	-0.3456254896128847	-9.800863846018045	0.0005781628837266519	8.355349422282924e-05	-0.04497131186893721
600000.0	-1.197835067587144e-06	-2.884794118428883e-06	-0.07047839067041776	0.5643033110318756	-0.08721336705865193	-9.799840024184991	-0.00011615278631799087	3.416298281491376e-07	0.1392510369507438
610000.0	-1.1441583209126604e-06	-2.4725569614368097e-06	-0.07189903161778424	4.392781967693516	0.09967017177881676	-9.799406696543134	-0.00046854835505173085	-8.718564979743652e-05	0.28777846785509253
620000.0	-1.2390977324789761e-06	-3.102291410399918e-06	-0.07297623320994939	2.861769845530971	-0.36388691165498976	-9.800874427944137	0.0005860931431391409	8.91397550631782e-05	-0.05150141456430068
630000.0	-1.26343476898359e-06	-3.0383283639764594e-06	-0.07423258911081156	0.5812426325146203	-0.10292636555841873	-9.799842561003922	-0.00011413335865717857	1.0904655427247226e-07	0.13463038640358443
640000.0	-1.2028757851088131e-06	-2.6226625767585617e-06	-0.07564391456313725	4.343780057240027	0.1079949085092479	-9.799401893552833	-0.00047121445160431115	-9.504343381600282e-05	0.2950066047353794
650000.0	-1.3043547633424383e-06	-3.248205133556698e-06	-0.07669952197779473	2.752714486243198	-0.3810713615415307	-9.800867141662748	0.0005824413638749611	9.73176557743662e-05	-0.056672155120559675
660000.0	-1.3283461307277825e-06	-3.1885344233178196e-06	-0.07793517874523456	0.5737367625570543	-0.1191521700089294	-9.799849015616068	-0.00010906833350786716	-6.59102764679149e-08	0.13024291268824859
670000.0	-1.2631967816151961e-06	-2.7633046308674146e-06	-0.07933150164064691	4.31030008661817	0.1014441656634732	-9.799388187450978	-0.0004798791579328923	-0.00010069633685944885	0.2971925339640933
680000.0	-1.3686190424356165e-06	-3.3964002840175666e-06	-0.08036426071917209	2.7357994895082594	-0.4004755249430668	-9.800878214236954	0.0005906067358108065	0.0001032165338480211	-0.06306959373377036
690000.0	-1.3922961892391988e-06	-3.337564603875685e-06	-0.08158030276474314	0.589010989936999	-0.13641928539655815	-9.799851101961313	-0.00010729883403544959	-3.0523976245095826e-07	0.12548115746166438
700000.0	-1.319865604126997e-06	-2.908989846083511e-06	-0.08296988619963744	4.2630275984876755	0.11182157275517357	-9.799383399589347	-0.0004825174032480737	-0.00010914085169184303	0.3054943959813006
710000.0	-1.432306000998462e-06	-3.5384696341376956e-06	-0.0839825511652857	2.634866018497561	-0.41909987039484353	-9.800871744123535	0.0005873697202582331	0.00011198297086015992	-0.06828924475886922
720000.0	-1.455636239306435e-06	-3.4840074838067275e-06	-0.08517887455444688	0.59043640772239	-0.15450988062611998	-9.799855102451557	-0.00010400213574731936	-5.107678734141299e-07	0.12070757431614554
730000.0	-1.3767380458910983e-06	-3.0500908517657087e-06	-0.08656031188408875	4.222045681416245	0.11650541451033768	-9.799375723089026	-0.0004870607434521491	-0.00011686620621192194	0.3119242661859696
740000.0	-1.4953133494711724e-06	-3.6804533772214834e-06	-0.08755372430488971	2.570046856665447	-0.43932417825063697	-9.800872454475709	0.0005887433718529435	0.00011993691653985868	-0.07417168521682631
750000.0	-1.518321737588163e-06	-3.6280069774629527e-06	-0.0887305070417683	0.5811750427019065	-0.17330081382597107	-9.79986045064217	-9.961572374919498e-05	-6.810445493359176e-07	0.11593970495307132
760000.0	-1.4346269615545276e-06	-3.1848914333208543e-06	-0.09010082484619049	4.190681944501249	0.11046389695991533	-9.799361746754498	-0.0004958211647684679	-0.0001230685445012888	0.3147130136969726
770000.0	-1.557448750008127e-06	-3.8230418705946045e-06	-0.09107298423413358	2.5588683907634997	-0.4608350803802416	-9.800883548021591	0.0005967768488475004	0.00012643320555327675	-0.08067669728420593
780000.0	-1.5801214439852275e-06	-3.771111571749952e-06	-0.09223016662959653	0.5958731644133979	-0.1930239943029066	-9.799861713544857	-9.834330556187365e-05	-9.344775185297304e-07	0.11078204840554828
790000.0	-1.490173165089981e-06	-3.321302575939198e-06	-0.09359640375657478	4.153001070169882	0.11405476918336803	-9.799353715811069	-0.0005005255214359536	-0.00013090617601371724	0.3210334705348934
800000.0	-1.6190104511326201e-06	-3.961679350362446e-06	-0.0945488718880073	2.50427987586468	-0.4824550825008582	-9.800886022894774	0.0005992025150980026	0.0001345714342356092	-0.0867150706425953
810000.0	-1.6414076923806062e-06	-3.911783732142409e-06	-0.09568885458027698	0.5953267265740463	-0.21352993622585492	-9.79986500701136	-9.544714162592915e-05	-1.138569023564052e-06	0.10563046185492331
820000.0	-1.5432179507994176e-06	-3.45925664275935e-06	-0.09704803944926776	4.108989152308877	0.12826460551132907	-9.799348913142074	-0.0005030819965726873	-0.00014051160346145063	0.3312141412534788
830000.0	-1.679976489228131e-06	-4.098583327387081e-06	-0.09798253673353627	2.4492673354641763	-0.504743319101411	-9.80088784865646	0.0006011299803917315	0.000143118059522588	-0.09277587990082228
840000.0	-1.7020357931461345e-06	-4.050723526695237e-06	-0.09910345400537457	0.5958803692105371	-0.23480905241537092	-9.799867823129576	-9.287514619862397e-05	-1.3483699028941425e-06	0.10034149931660709
850000.0	-1.5968104866316787e-06	-3.5927976304762657e-06	-0.10045707800760163	4.071353096168772	0.13525295149958427	-9.79934114778535	-0.0005075567615187486	-0.00014915720351434038	0.33898027214902493
860000.0	-1.740299256053323e-06	-4.232277761548145e-06	-0.10137262406692357	2.365700100892854	-0.5269309618939826	-9.800883070573033	0.0005986488832463698	0.0001533222771593099	-0.09833460863618192
870000.0	-1.7620527469683538e-06	-4.1879141602263135e-06	-0.10247648334641676	0.5951889202284216	-0.2567908490319484	-9.79987057045018	-9.031587082390638e-05	-1.5535540473431958e-06	0.09496767668683156
880000.0	-1.6521719482342922e-06	-3.719588305524883e-06	-0.10382012220373889	4.044651116201996	0.12743505051232704	-9.799326773802255	-0.0005163989127794501	-0.00015563259931033338	0.34169779214447615
890000.0	-1.799758187486588e-06	-4.368236162009117e-06	-0.10471543098966407	2.364938388998773	-0.5503560445665472	-9.800895322871568	0.0006072046375798302	0.00016036177496961618	-0.1046349992629517
900000.0	-1.8210648434969657e-06	-4.323364425496795e-06	-0.10579615325419642	0.6029000128575464	-0.2769089573243783	-9.799872083205505	-8.877087055201592e-05	-1.8070430001208684e-06	0.09097144582787364
910000.0	-1.7039193387003255e-06	-3.84851755316079e-06	-0.10710991509718401	3.9550517636723574	0.10683110547975504	-9.799315904118318	-0.0005215328477647897	-0.00016420151819842717	0.33100188350753884
920000.0	-1.8579771291136297e-06	-4.500919720023839e-06	-0.10799118806399402	2.353239010080457	-0.5556197226645206	-9.800905585816942	0.0006139195743842966	0.00016766770583542852	-0.09832996394152083
930000.0	-1.878810148708245e-06	-4.456365297226215e-06	-0.10905211997180912	0.6133416494363925	-0.29198617547158184	-9.799873243762404	-8.764517117665325e-05	-2.1083990916932492e-06	0.09030253479140679
940000.0	-1.7559610797045488e-06	-3.972231797788607e-06	-0.11033750664381181	3.875109274536456	0.08012844341990695	-9.799301878810892	-0.0005288194285765123	-0.0001714753079854656	0.31885564895013174
950000.0	-1.9151066980319874e-06	-4.630079856512541e-06	-0.11120857041132078	2.3187214803317198	-0.5535178777174319	-9.800910530280692	0.0006168600598486016	0.00017618170867414782	-0.08691462513946004
960000.0	-1.935576406542634e-06	-4.586808987415659e-06	-0.11225484534472352	0.615987445193256	-0.30447344801894993	-9.799875432652575	-8.578017535687771e-05	-2.3876009041812923e-06	0.09147237293799446
970000.0	-1.8087399994483162e-06	-4.090936405892189e-06	-0.11351854171419558	3.8299052400328812	0.05868464589638511	-9.799284640785453	-0.0005389365280060692	-0.00017739258282064145	0.31348009574166513
980000.0	-1.971143436202972e-06	-4.759945292102277e-06	-0.11437598401641956	2.3383629434965187	-0.566436125290346	-9.800926470380974	0.0006273355529471252	0.00018254443344617064	-0.08613072654460492
990000.0	-1.9913098843520965e-06	-4.71607688648014e-06	-0.11540682967768104	0.6361319340819613	-0.3214694702695018	-9.799875103241611	-8.575496500938947e-05	-2.7117971564583243e-06	0.08944734243483225
1000000.0	-1.8591444400721515e-06	-4.210777346366501e-06	-0.1166498000011453	3.754535795974705	0.03415460901713628	-9.799270911682067	-0.00054602399810637	-0.00018475262158864158	0.30296888195987515
1010000.0	-2.026545379684963e-06	-4.8866118690998115e-06	-0.11750059842271524	2.3290980382216797	-0.5731083087967497	-9.800936713990087	0.0006338759681419304	0.0001900540812117333	-0.08066219808208318
1020000.0	-2.046437447009176e-06	-4.843190182461511e-06	-0.11851853465237405	0.6460421332395697	-0.33651987274438644	-9.799876037755999	-8.47783534912598e-05	-3.0090734112698566e-06	0.08908880764888638
1030000.0	-1.907621969833244e-06	-4.330923148682084e-06	-0.11973526528182163	3.661827218372183	0.009883930475564942	-9.799259129455573	-0.0005514291069840039	-0.00019317989953630563	0.2904104153355338
1040000.0	-2.0813080387103087e-06	-5.010462481167754e-06	-0.1205840953108116	2.2971563714551406	-0.5736991304021951	-9.80094156866498	0.0006366043388214909	0.00019883556921352328	-0.07066558625025682
1050000.0	-2.1009682904304294e-06	-4.968687505668853e-06	-0.12159294846736654	0.6539763922281809	-0.35124610228434056	-9.799877161840294	-8.36534995606576e-05	-3.3028422383044305e-06	0.08918937895935666
1060000.0	-1.956624550335658e-06	-4.447842856590642e-06	-0.12278744088254961	3.5903055619883006	-0.01220732753163088	-9.799245889768676	-0.0005581555396137513	-0.00020079581876858318	0.281539247303426
1070000.0	-2.1354338494665053e-06	-5.1339170883167965e-06	-0.12363127462688288	2.2866213067762136	-0.5811504590222104	-9.800950935320177	0.0006424255793689409	0.0002066930012791467	-0.0653045873974025
1080000.0	-2.154815644273343e-06	-5.092646048730384e-06	-0.12462730014394345	0.6636935756502316	-0.367164929738	-9.799877910516352	-8.277721062480073e-05	-3.601828986817439e-06	0.08865208251258455
1090000.0	-2.0069126509650477e-06	-4.560420441666366e-06	-0.1258082807606859	3.55211021254634	-0.03157577542758423	-9.799229028029346	-0.0005679339560957225	-0.00020692718974249698	0.2782127917075426
1100000.0	-2.188924745348546e-06	-5.255777926125876e-06	-0.12664045909345795	2.275126586149985	-0.5887702491008953	-9.800959912370113	0.0006479179789622566	0.00021470579166118012	-0.05985148362425164
1110000.0	-2.208099504366315e-06	-5.214713611253027e-06	-0.12762556760271415	0.6650470005265794	-0.38112799700577726	-9.79987965035803	-8.11630935232055e-05	-3.868806376797317e-06	0.08974403552446647
1120000.0	-2.0548837205015047e-06	-4.674288950486725e-06	-0.12878744211671883	3.4851063174580266	-0.05295506827222169	-9.799215864856002	-0.0005745630069357106	-0.00021458823713658124	0.2703210120752271
1130000.0	-2.2416757252057934e-06	-5.377963495808618e-06	-0.12961310343026405	2.299506382854952	-0.6061805358311297	-9.800976099507213	0.000658364498240028	0.00022117216610133557	-0.06121863758541599
1140000.0	-2.260761023478491e-06	-5.335645867603173e-06	-0.13058793752938513	0.6728386898609267	-0.397157413130271	-9.799880461408193	-8.021447697337815e-05	-4.1622386902150906e-06	0.08955607819733082
1150000.0	-2.1025694047525883e-06	-4.786266389753034e-06	-0.13173192056937005	3.422000659840198	-0.0748142827659223	-9.799202607263748	-0.0005812399783999924	-0.00022210194323220897	0.26275018489365315
1160000.0	-2.2939813126293425e-06	-5.497087258551776e-06	-0.13255161831492476	2.2907686362232096	-0.6159449662100835	-9.80098536221814	0.0006639608737745971	0.00022923568953828842	-0.05686404332573005
1170000.0	-2.3128599201323186e-06	-5.455220085409245e-06	-0.13351633942004368	0.681126663708985	-0.41383435279053254	-9.79988111803997	-7.935983819965312e-05	-4.458568021748598e-06	0.08911879193765072
1180000.0	-2.1495051623021144e-06	-4.897426630608894e-06	-0.13464366636711064	3.358908541372148	-0.09506754719139095	-9.799189634836823	-0.0005876792499199617	-0.0002298964965845427	0.2559199953363508
1190000.0	-2.3457106861125964e-06	-5.615044290193752e-06	-0.13545620210146708	2.2862958183679476	-0.6280097323619133	-9.800995628314952	0.0006702234552805602	0.00023713474256955224	-0.05392798226106402
1200000.0	-2.3642379148599725e-06	-5.573915052508095e-06	-0.13640803723316539	0.701584757706814	-0.4334689660167282	-9.799880306502477	-7.958933145349762e-05	-4.815821571133187e-06	0.08664633864294584
1210000.0	-2.1944483805742696e-06	-5.009189697162129e-06	-0.1375166863755781	3.278488920695135	-0.11380718567365787	-9.799178708565124	-0.0005923557418504606	-0.00023889099067473106	0.247547060153333
1220000.0	-2.396896187408839e-06	-5.731551884957251e-06	-0.13832821554784247	2.2794010374459943	-0.6395116203574771	-9.801005008864072	0.0006757888354973089	0.0002453192482186698	-0.05040335939937489
1230000.0	-2.415234563291192e-06	-5.690807795597712e-06	-0.1392707319667054	0.7097919914764437	-0.45081251329571886	-9.799880846673556	-7.879286690258998e-05	-5.11830881564962e-06	0.08612559848251095
1240000.0	-2.24033292239686e-06	-5.117825887775105e-06	-0.14036474908841876	3.218875128218208	-0.13260770350889403	-9.799165963287363	-0.0005985667734606498	-0.00024686949475124647	0.2418665839956817
1250000.0	-2.447616630625807e-06	-5.845776946370849e-06	-0.1411690429588714	2.2524831301695434	-0.6463663537262856	-9.801009511665198	0.0006778547337678877	0.00025478524197471993	-0.043362998594016995
1260000.0	-2.4656708797446354e-06	-5.806440014001016e-06	-0.14210087396614693	0.7193200747760168	-0.46902360210992766	-9.79988114360307	-7.815579383532313e-05	-5.4288745045515934e-06	0.08517357249456664
1270000.0	-2.2878867474181243e-06	-5.221964257123938e-06	-0.1431839409256975	3.1917163438270313	-0.1516576499423108	-9.799149479719413	-0.0006078749484846452	-0.00025308437058407053	0.24042591616231937
1280000.0	-2.49757494362064e-06	-5.961269982872772e-06	-0.1439769558937574	2.2772607601203676	-0.6657191615548261	-9.801025198544625	0.0006876782110791637	0.00026160260266491287	-0.045161056329613126
1290000.0	-2.515627859804566e-06	-5.920366289645893e-06	-0.14490130961218317	0.7190834621635491	-0.48474197060196483	-9.799882514022546	-7.672304448718518e-05	-5.685319784294918e-06	0.08619627174678716
1300000.0	-2.332784252953538e-06	-5.328182244381026e-06	-0.14597128232667847	3.134778035424987	-0.16953905779238493	-9.79913690637398	-0.0006138801463240909	-0.00026122362367996064	0.23560821372175386
1310000.0	-2.5472621603418173e-06	-6.074215219913945e-06	-0.14676014861674078	2.271585133478578	-0.6789400020671875	-9.801034419413494	0.0006929323037761208	0.0002700729531147563	-0.04227400102900538
1320000.0	-2.564977299309222e-06	-6.034168198964109e-06	-0.147672874616627	0.7396987358222775	-0.5055876328070149	-9.799881534248167	-7.70296399738447e-05	-6.065328245150227e-06	0.08361356902031607
1330000.0	-2.3773529007438043e-06	-5.433320952730522e-06	-0.14873357276406785	3.0795549922401597	-0.1873420612059677	-9.799124352280533	-0.0006198195657024351	-0.0002694059145364445	0.23106739931431577
1340000.0	-2.596486322941322e-06	-6.186264277392808e-06	-0.14951621841321577	2.2701127410824484	-0.6942389432508691	-9.801044723153632	0.0006989008036484291	0.00027837576521219307	-0.04066191401226745
1350000.0	-2.614061814969059e-06	-6.146393278846848e-06	-0.15042159828714669	0.7476160986283188	-0.5242062804387446	-9.799881857842689	-7.633800236760467e-05	-6.374981090615411e-06	0.08294903985707422
1360000.0	-2.4198552062366333e-06	-5.539592704215147e-06	-0.15146587751602042	3.006745877216412	-0.20212056901584383	-9.7991140246078	-0.0006238547181665914	-0.000278966905568702	0.22555925405958652
1370000.0	-2.6453302038802657e-06	-6.296093504602371e-06	-0.15224619550126037	2.2458060608448895	-0.7039228898922582	-9.801049198691183	0.0007006454704971132	0.00028824213504769066	-0.03487001425481829
1380000.0	-2.6626591813537633e-06	-6.2575591091602585e-06	-0.15314248558512622	0.7570932427909913	-0.5437115239627925	-9.799881937702194	-7.580799400017297e-05	-6.696053826181381e-06	0.08182430482167442
1390000.0	-2.465576968373133e-06	-5.640040599716804e-06	-0.15417904326371523	2.982291147680491	-0.21956757750662867	-9.799098028818225	-0.0006326016449245714	-0.00028567547926976287	0.22536354394735203
1400000.0	-2.6937090832800432e-06	-6.405835455379715e-06	-0.1549515378064302	2.2397440810604925	-0.7182015033375044	-9.801057929453027	0.000705315782263471	0.00029712550299777985	-0.03218185737938986
1410000.0	-2.7109171184318926e-06	-6.367323760012535e-06	-0.1558407418085394	0.757199019823525	-0.5611246666536361	-9.799882974336919	-7.455806771397478e-05	-6.954697321858949e-06	0.08239865406356695
1420000.0	-2.509213932301298e-06	-5.741653535913218e-06	-0.15686626843197168	2.9330777018055256	-0.23732458290817643	-9.799085438521471	-0.0006384192191428489	-0.00029389495440941	0.22170768100897184
1430000.0	-2.7415351770837317e-06	-6.516313382483366e-06	-0.15763251389016714	2.2680279376141415	-0.7405676183549389	-9.801073952019204	0.0007150724747326251	0.0003041788441554021	-0.03519491420190124
1440000.0	-2.7587663996018795e-06	-6.476500480410538e-06	-0.15851610479751982	0.7642372927258146	-0.5804024087156344	-9.79988322079005	-7.388599524532738e-05	-7.262795332470335e-06	0.08180330994906257
1450000.0	-2.552200217402181e-06	-5.843017536167213e-06	-0.15953270290680954	2.882798007024564	-0.25328529246000636	-9.799073215033188	-0.0006438995199293038	-0.0003024846021045102	0.21872778873525206
1460000.0	-2.7891605044251845e-06	-6.624556320135161e-06	-0.1602931942592726	2.268555955648523	-0.7580867086340606	-9.801084293421944	0.0007207693226684192	0.00031284579608082286	-0.03442475010536733
1470000.0	-2.8060837245380526e-06	-6.585349680731337e-06	-0.1611666199972026	0.7849425163268359	-0.6026741301765941	-9.799882091825912	-7.424580742978273e-05	-7.672354489836855e-06	0.07909274628175288
1480000.0	-2.5948842863433443e-06	-5.943447792773346e-06	-0.16217767792891932	2.8338902157901833	-0.26914221735483695	-9.799061006780649	-0.0006493027441586304	-0.0003111347387384797	0.21599191946522164
1490000.0	-2.83647649781223e-06	-6.731813829847113e-06	-0.1629341223485287	2.265647560870865	-0.7747025098082836	-9.801093444149132	0.0007255175625247159	0.0003218919712741745	-0.03283389838848278
1500000.0	-2.8532653738493618e-06	-6.692878561506436e-06	-0.16380087417676353	0.7927967114726868	-0.6229914433804716	-9.799882166962286	-7.366892558253892e-05	-7.993804221238798e-06	0.0781293045261526
1510000.0	-2.6354377259478664e-06	-6.045336557545748e-06	-0.16479877363976478	2.7673506554849268	-0.2807491689600347	-9.799051157043149	-0.0006526830832445326	-0.0003212795141424076	0.21278501117277906
1520000.0	-2.883451273748411e-06	-6.838273801458425e-06	-0.16555450068940408	2.26368174146642	-0.7920884800436274	-9.801102728869429	0.0007302808620974187	0.0003309974740117278	-0.03161219163956843
1530000.0	-2.900055874479287e-06	-6.799556801428471e-06	-0.16641254307211095	0.8021814456746905	-0.644147093794595	-9.799882028414896	-7.323308848529839e-05	-8.329521163846065e-06	0.07673472361580576
1540000.0	-2.6771909502009246e-06	-6.1444156267094804e-06	-0.16740205599577077	2.7195077705933377	-0.29455259553948626	-9.799039403908534	-0.0006576151398382952	-0.00033033125993396347	0.2111131690550019
1550000.0	-2.9300895407022126e-06	-6.942826222634661e-06	-0.1681528113326171	2.241903353260672	-0.8051122774455921	-9.801106922176107	0.0007312799443408481	0.0003415764658013787	-0.02712004046338532
1560000.0	-2.946544307933881e-06	-6.904951369110779e-06	-0.16900461296319175	0.8021466402253573	-0.6632972508237953	-9.799882780408957	-7.212220212799641e-05	-8.589101259587617e-06	0.07695004430693218
1570000.0	-2.721640404415435e-06	-6.238871213975876e-06	-0.16998807921585676	2.704911379886784	-0.3145288177618159	-9.799023046836343	-0.0006662578487212363	-0.0003370345209848221	0.21124212812170437
1580000.0	-2.976148097540599e-06	-7.0489459139027825e-06	-0.17072890961502127	2.2692704097515493	-0.8284890093905447	-9.801122345635239	0.0007402333372326055	0.00034917354708708374	-0.030020640836183877
1590000.0	-2.9926610452168245e-06	-7.009879787536679e-06	-0.17157687611566502	0.8090365227811459	-0.6840674483199762	-9.799882821029096	-7.153941381413229e-05	-8.907589783658297e-06	0.07614146125712057
1600000.0	-2.762979469517608e-06	-6.336220646720813e-06	-0.1725545981615175	2.660052677410149	-0.3287273301977139	-9.799011133820814	-0.0006711628134955761	-0.0003461413473437045	0.20983079033994217
1610000.0	-3.022156233950202e-06	-7.153073482149247e-06	-0.17329216140641726	2.2677571151610456	-0.8469383652735739	-9.801131425039953	0.0007445706067614106	0.00035864933838389935	-0.029052093295265903
1620000.0	-3.0385602871687286e-06	-7.114247950042096e-06	-0.1741345771641652	0.8167911977770484	-0.7056138676783408	-9.79988272634063	-7.103674581735337e-05	-9.235551213191155e-06	0.07498449839426612
1630000.0	-2.8041096846517444e-06	-6.4329773812676074e-06	-0.17510646731907278	2.6163169394383896	-0.3427757072055164	-9.798999268077218	-0.0006759506942291063	-0.00035534754936158167	0.20862878036878177
1640000.0	-3.0678762305457995e-06	-7.256718954241995e-06	-0.1758382037387313	2.2708003044306007	-0.8673888386365296	-9.801141810503312	0.0007497746286938774	0.000367928884058237	-0.02931447849587408
1650000.0	-3.0839718757679973e-06	-7.218404358921247e-06	-0.17667097022519485	0.8377385143368398	-0.7296034855088991	-9.799881449812759	-7.143713855621827e-05	-9.682750562587415e-06	0.07205879230359177
1660000.0	-2.8449912124058463e-06	-6.5289335881084615e-06	-0.1776406351268366	2.573762615855784	-0.3567975629025571	-9.798987394510219	-0.0006806607114589602	-0.0003646184444141605	0.2076057391573167
1670000.0	-3.113350211717971e-06	-7.359525898159241e-06	-0.1783687025944695	2.270007663350977	-0.8867938708827432	-9.801150874427298	0.0007539071044495797	0.00037762644502499433	-0.02867414386248296
1680000.0	-3.1292765463587723e-06	-7.321405088184566e-06	-0.17919349440437096	0.8472451375507833	-0.7523278028127683	-9.799881119781118	-7.107993708612505e-05	-1.0035292656639026e-05	0.0703969332598992
1690000.0	-2.8833263248761524e-06	-6.626765547208353e-06	-0.1801524784608136	2.512062893541649	-0.36393067895610254	-9.798978330005184	-0.0006829745418318539	-0.0003756785568735519	0.20707884481004976
1700000.0	-3.1585092801055857e-06	-7.460581654343943e-06	-0.18087949616498641	2.250665389410165	-0.9024805810339664	-9.801155083526636	0.0007543885211838055	0.00038876658833361617	-0.02523815858194347
1710000.0	-3.1742977262113994e-06	-7.423653564166316e-06	-0.18169974780782996	0.8552324990396638	-0.7747420523841316	-9.799880916204694	-7.062354858730395e-05	-1.0376141890987705e-05	0.06909643077411298
1720000.0	-2.9262453104503774e-06	-6.718537276041492e-06	-0.18265648131273085	2.4992301473713394	-0.3825232444057142	-9.79896251538746	-0.0006908125318278164	-0.0003831290322739958	0.20813436100296784
1730000.0	-3.2034303677997417e-06	-7.561955749873128e-06	-0.1833775027801966	2.248213023090024	-0.9219047663099411	-9.801163534834417	0.0007578416320465802	0.00039886484984968793	-0.024294377520882423
1740000.0	-3.2191350913318516e-06	-7.524914333178191e-06	-0.18419256808428972	0.8547785799812795	-0.7957312610961176	-9.799881422413042	-6.961528980068248e-05	-1.0635268625579128e-05	0.06901700891846049
1750000.0	-2.966679947530648e-06	-6.81197455158099e-06	-0.18514362144311478	2.461882418497595	-0.39729946409465117	-9.798950407625906	-0.0006954508646593441	-0.00039245385576365657	0.20747529814211832
1760000.0	-3.247900596274799e-06	-7.664284862513172e-06	-0.1858584769710872	2.278693294780166	-0.9480308050541849	-9.801179360624024	0.0007665809082441615	0.0004069207037672629	-0.02814797962714322
1770000.0	-3.2637004771903733e-06	-7.625934387813816e-06	-0.18667089839150955	0.8615174320936059	-0.818360549860582	-9.799881258282728	-6.910658722354996e-05	-1.0967075220733056e-05	0.06790578299991054
1780000.0	-3.006479726357845e-06	-6.905633128340936e-06	-0.18761884296676906	2.422493327514989	-0.40976181024210384	-9.798938809690565	-0.0006995949606482915	-0.00040224796243909717	0.2075903852749868
1790000.0	-3.2923464501150126e-06	-7.764852778080511e-06	-0.18832871844625967	2.2832480295896076	-0.9704486109990987	-9.801189763321126	0.0007712797398745512	0.0004167891060186127	-0.028979438808998084
1800000.0	-3.30785103426807e-06	-7.726982940146218e-06	-0.18913248976907085	0.8825975624359275	-0.843627005918314	-9.799879899003036	-6.9514015629833e-05	-1.1445328584685781e-05	0.0648767809584724
1810000.0	-3.0440358155683252e-06	-7.000950726149755e-06	-0.19007648555756784	2.365638072396818	-0.4161943173579798	-9.798929680158068	-0.0007015630057023366	-0.0004136160795038652	0.20804927886133334
1820000.0	-3.336592581747074e-06	-7.864723846066868e-06	-0.19078664663876746	2.2842423314544917	-0.9919902106905435	-9.801198923305337	0.0007749432984553515	0.00042705397186783067	-0.029035112991142236
1830000.0	-3.351961435770601e-06	-7.827018086427626e-06	-0.1915838873130159	0.892164461128274	-0.8677764717899346	-9.799879420489981	-6.920716100403117e-05	-1.1814330447961563e-05	0.06302550536269313
1840000.0	-3.0830886878693814e-06	-7.0938093166691985e-06	-0.19252480954993237	2.326414343191432	-0.42666412811256726	-9.798918512814785	-0.0007051685692607273	-0.0004238550018588744	0.20908679748643796
1850000.0	-3.3806599042186593e-06	-7.963068774054915e-06	-0.1932314773604792	2.2658940784994774	-1.009722591206339	-9.801202817268386	0.0007745791394036897	0.0004388807813610365	-0.02620164118901633
1860000.0	-3.395906163748301e-06	-7.926533230032622e-06	-0.19402489140249554	0.9001520988679992	-0.8917328176887871	-9.799879063479649	-6.880066803975927e-05	-1.2169115491874944e-05	0.06147619460748315
1870000.0	-3.125079939978398e-06	-7.182973502396634e-06	-0.19496511307084416	2.317253500147034	-0.44556996329071835	-9.798902843703395	-0.0007124339467201978	-0.0004318316700741947	0.2105201966502282
1880000.0	-3.4245192789953394e-06	-8.061967161974356e-06	-0.1956664571750779	2.266804713584606	-1.0323078895852398	-9.801211597280101	0.0007778096820363593	0.00044901210015767224	-0.02667612590572365
1890000.0	-3.4396569276159276e-06	-8.025177653320018e-06	-0.19645383682835565	0.9009847824508423	-0.9149490784809448	-9.799879254662077	-6.79523444260516e-05	-1.244292259784404e-05	0.06060254036754254
1900000.0	-3.164311525781258e-06	-7.273892242947706e-06	-0.19738878107896324	2.2838287166102553	-0.4584327489488618	-9.798890938114123	-0.000716423645014124	-0.00044181694252362256	0.2112158551236307
1910000.0	-3.467822097765749e-06	-8.16159084214746e-06	-0.19808034499461616	2.299451876527155	-1.05953914155216	-9.801228085274275	0.0007864169534430674	0.00045802693218721245	-0.030593762960104486
1920000.0	-3.4827532842510757e-06	-8.123811789862359e-06	-0.1988577036663572	0.9221669314518508	-0.9405519240496472	-9.799877869424979	-6.835488148176203e-05	-1.2946965699673273e-05	0.057812140488552995
1930000.0	-3.2044262011138415e-06	-7.36341987736981e-06	-0.1997871714319911	2.2520199317714136	-0.47273394743988867	-9.79887716437288	-0.0007218632355442496	-0.00045064452905279587	0.21366782829940822
1940000.0	-3.5106040468130893e-06	-8.258342394316583e-06	-0.2004679808496993	2.29678051796492	-1.085537451800654	-9.801234897617883	0.0007886158695029853	0.000466124829279956	-0.03367475198302677
1950000.0	-3.5252704960280813e-06	-8.22054776421385e-06	-0.20123345814582802	0.9288586812990438	-0.9657114195892404	-9.79987753606506	-6.787812898739995e-05	-1.3277766542464006e-05	0.055230666722118876
1960000.0	-3.244617049231011e-06	-7.45223382091242e-06	-0.2021573406162216	2.198524904552834	-0.4879579036103269	-9.7988641900176	-0.000726505057886822	-0.0004587878496769995	0.21664360321626522
1970000.0	-3.5526440467182712e-06	-8.355569024763224e-06	-0.20282655507313235	2.3273622048726175	-1.1111224229723775	-9.801250370057668	0.0007962832583283433	0.0004753027245486144	-0.036842296527902725
1980000.0	-3.567202286499501e-06	-8.31646222564157e-06	-0.20358357655445602	0.9403681728512524	-0.9902777980159155	-9.799876869690488	-6.769893943210608e-05	-1.367051593394557e-05	0.05286016711911304
1990000.0	-3.2843316281796608e-06	-7.539508363260469e-06	-0.20450417869669052	2.152476370327177	-0.5027757625753961	-9.798851006549913	-0.0007312904155209607	-0.00046706854653827694	0.21978196076189976
2000000.0	-3.5943000836097464e-06	-8.45092323712082e-06	-0.20516455846003848	2.3378923896904724	-1.1362928131229222	-9.80126091951188	0.0008006895607776516	0.0004839613823340331	-0.039717296713892576
2010000.0	-3.608614557986546e-06	-8.411997098348411e-06	-0.20591284262150633	0.961587841631836	-1.014276201169094	-9.79987557160386	-6.807580318388304e-05	-1.4186851932294075e-05	0.0506763032628331
2020000.0	-3.3236809626324903e-06	-7.626423756024906e-06	-0.20683229739798117	2.1032826143273784	-0.517257560217464	-9.798838035937358	-0.0007358071541259317	-0.00047539072862485616	0.22309077078315084
2030000.0	-3.63559049331608e-06	-8.54564093619768e-06	-0.207484855981683	2.350538541698093	-1.16130294869454	-9.801272305752692	0.0008055365874396084	0.0004928289887876841	-0.04250126059219974
2040000.0	-3.649760327118641e-06	-8.50639335424337e-06	-0.20822625450197127	0.9735147604482502	-1.0383536282972075	-9.799874891285741	-6.791746175639907e-05	-1.4593616277981349e-05	0.04852128610132481
2050000.0	-3.362746550196199e-06	-7.712730823468383e-06	-0.20914451553609203	2.054638156848205	-0.5316663829823632	-9.79882513492975	-0.0007401873097269496	-0.0004837821104577249	0.22645657367571967
2060000.0	-3.6765588066768043e-06	-8.639618875773799e-06	-0.20978991360313118	2.3612841929511577	-1.1861528135107682	-9.801282845833256	0.000809721559121008	0.0005016540385193551	-0.045211618973596934
2070000.0	-3.6906136018811963e-06	-8.600207452766515e-06	-0.21052478140017342	0.9863759735496457	-1.0624277119085723	-9.799874134706647	-6.781835096063643e-05	-1.5018253614425733e-05	0.04639571438214426
2080000.0	-3.401509886378285e-06	-7.800220183289898e-06	-0.21144211948362335	1.9778713541565132	-0.5448484762815808	-9.798813708045188	-0.0007431827729234874	-0.0004919248258504177	0.23062228275514465
2090000.0	-3.717257473428169e-06	-8.732391607245306e-06	-0.212080869521475	2.359995590191811	-1.2108479801194583	-9.801289796604872	0.0008114810503697581	0.0005100683496002804	-0.04774024663733107
2100000.0	-3.7311987858349925e-06	-8.693116830685085e-06	-0.21280975134236568	0.9927323629484046	-1.0864628133771839	-9.799873816658062	-6.734425047349265e-05	-1.5356815793642383e-05	0.04435226125233398
2110000.0	-3.4401095843696362e-06	-7.882823873331716e-06	-0.21372580039008154	1.9777679660130036	-0.560694277273861	-9.798798335853933	-0.0007495551163998273	-0.0005010173152502256	0.23317012899340425
2120000.0	-3.7576000669010807e-06	-8.826147686677485e-06	-0.21435829411455196	2.389560223894277	-1.2356565680902372	-9.801304892361655	0.0008183557844395867	0.0005196821163768928	-0.050429927480773164
2130000.0	-3.7714453824830283e-06	-8.78621193059133e-06	-0.21508182796400474	1.0136125212550473	-1.1102921875586111	-9.799872565492098	-6.767275817310206e-05	-1.5891833831561517e-05	0.04238818198034281
2140000.0	-3.4785493236085213e-06	-7.967485273708045e-06	-0.2159989930630752	1.9314164791822268	-0.5752474934253466	-9.798785533303144	-0.0007535907572314172	-0.000509628830424348	0.23669290328828824
2150000.0	-3.797830915808863e-06	-8.91862499144299e-06	-0.21662568159523848	2.4024025051888813	-1.2606324253210064	-9.80131623835355	0.0008227533960661581	0.0005288824301592101	-0.05301230816573129
2160000.0	-3.81158043405726e-06	-8.878468636454714e-06	-0.21734398166208654	1.0264148011258092	-1.1345209451687952	-9.799871798569766	-6.756435330832568e-05	-1.632854423300558e-05	0.04036388169192636
2170000.0	-3.516780234856524e-06	-8.053739044195794e-06	-0.21826140569334757	1.854497735697541	-0.5887520226646269	-9.798774402503287	-0.000756078467057119	-0.0005179221343784287	0.2409727102513236
2180000.0	-3.837862098735703e-06	-9.009934090565177e-06	-0.21888266611521107	2.4010041205075074	-1.2854911710861523	-9.801323039494532	0.0008241087083387691	0.0005374717175344355	-0.05541414442721968
2190000.0	-3.851509366572265e-06	-8.970242387834571e-06	-0.21959598578313538	1.0383564378888859	-1.1588035270248747	-9.7998710879886	-6.740267615921631e-05	-1.675581862124279e-05	0.03836638212990214
2200000.0	-3.5549214278542683e-06	-8.137611766217402e-06	-0.22051401229902837	1.809135182748064	-0.603584578010847	-9.798761713698433	-0.000759837938884306	-0.0005266543109840744	0.24451541277477976
2210000.0	-3.877689842891736e-06	-9.101423868764101e-06	-0.22112972356191593	2.4117286083286578	-1.3105836258088082	-9.801333409348846	0.0008276602875757554	0.0005466527332592367	-0.057949301805740205
2220000.0	-3.891245259999413e-06	-9.061575443279722e-06	-0.22183794195026016	1.0502154914660369	-1.1832034966918126	-9.799870373209279	-6.72358310503375e-05	-1.718583322723881e-05	0.03634471424008976
2230000.0	-3.5928873472868624e-06	-8.218748940103682e-06	-0.222755528543749	1.8082925051046184	-0.6197564229065112	-9.79874649097907	-0.0007656642769819117	-0.0005360734671764948	0.24720435215400172
2240000.0	-3.917220316082279e-06	-9.193381468162183e-06	-0.22336539621923807	2.441435244283534	-1.3357245961814765	-9.801348445390058	0.0008340547867870176	0.0005566470503661799	-0.06058182297364321
2250000.0	-3.930792519370336e-06	-9.152128752154701e-06	-0.22406946388478535	1.0556024255110552	-1.2077177903102903	-9.79987005419406	-6.672196077813335e-05	-1.7524131635101725e-05	0.034362493654244465
2260000.0	-3.630746889386548e-06	-8.301230789936562e-06	-0.22498753834987711	1.7687732279279271	-0.6350286816978442	-9.798733593118556	-0.0007694032569645222	-0.000545023620431927	0.2506914650356374
2270000.0	-3.956665182696552e-06	-9.284093927595322e-06	-0.22559194997122448	2.454401851078537	-1.3611063516304722	-9.80135971761672	0.0008379711494977661	0.0005661680935048477	-0.06311249374781466
2280000.0	-3.970043649659968e-06	-9.243035548562357e-06	-0.2262902977409438	1.0771385944305667	-1.232074821094133	-9.799868760037166	-6.70485780060836e-05	-1.80976814003148e-05	0.032421595749732884
2290000.0	-3.6683970943920934e-06	-8.385662912937068e-06	-0.2272098359285748	1.6973767728235112	-0.649064988244247	-9.798722522727802	-0.0007714859267521543	-0.0005535840913492401	0.25502407501760427
2300000.0	-3.9959174067096e-06	-9.374293056641998e-06	-0.22780904724009796	2.465403983549185	-1.3865192193218836	-9.801370122209766	0.000841213827465592	0.0005756086100153131	-0.06559940573488626
2310000.0	-4.009219964184184e-06	-9.333128111456446e-06	-0.22850260738987146	1.0900258375985088	-1.2569061088755717	-9.799867948749993	-6.693399774172613e-05	-1.855668498101166e-05	0.030406065053451836
2320000.0	-3.705997365376139e-06	-8.468065463064383e-06	-0.22942294550125245	1.6521188398463622	-0.6646031515368493	-9.798710098321633	-0.0007746219082147791	-0.0005625583199280113	0.25857967171005497
2330000.0	-4.0350037500911346e-06	-9.463455733973461e-06	-0.23001705159852864	2.463800497525114	-1.4119030942391846	-9.801376573257413	0.0008418119441641255	0.0005844510135991886	-0.06794553652271586
2340000.0	-4.048222062386165e-06	-9.42247154878826e-06	-0.23070595378533565	1.0959131581208088	-1.2817912517991035	-9.799867560939061	-6.645125434214681e-05	-1.8910624050768973e-05	0.028448424139707093
2350000.0	-3.743435445370036e-06	-8.54757359462189e-06	-0.23162632467441505	1.652223692076394	-0.681385098951848	-9.798694923646506	-0.0007799584233055536	-0.0005723228928475998	0.26135195718281334
2360000.0	-4.0739066763822475e-06	-9.552783830595527e-06	-0.23221612039320919	2.473291437834491	-1.4375447353411597	-9.801386408348364	0.0008444752251262495	0.000593907508922983	-0.07040322929770114
2370000.0	-4.087040994627958e-06	-9.511718552363138e-06	-0.23290042408664616	1.1076579319197635	-1.3068161764331054	-9.799866806936025	-6.627230936761648e-05	-1.9356953636294744e-05	0.026451049340739094
2380000.0	-3.780790611168864e-06	-8.628450151867124e-06	-0.23382175495978574	1.6152872579481392	-0.6972970898250951	-9.798682075478022	-0.0007832336890131401	-0.0005815721996773309	0.26487598295110903
2390000.0	-4.112547548920943e-06	-9.642889682546917e-06	-0.23440549886203077	2.50661781378123	-1.4633244794923634	-9.801402763350266	0.0008511274108183079	0.0006046657211713954	-0.07299350494422358
2400000.0	-4.125590544058224e-06	-9.601013480691508e-06	-0.2350852764255342	1.12871167390302	-1.3316771957596183	-9.799865539796665	-6.654048238099734e-05	-1.9945640674368646e-05	0.024528221135828213
2410000.0	-3.81802195033935e-06	-8.709473033056633e-06	-0.23600856645442778	1.5741510827308824	-0.7132478702616804	-9.798669525624733	-0.0007861488503099047	-0.0005908166524127041	0.2684914922375872
2420000.0	-4.151113752215509e-06	-9.731521207381434e-06	-0.2365873953140129	2.51743260949824	-1.4892029734170553	-9.801412961671865	0.0008537798738462067	0.0006143800596109066	-0.07543973052125919
2430000.0	-4.1640877676633715e-06	-9.689560911960862e-06	-0.23726265769450466	1.1416583988228068	-1.357039662683939	-9.79986469559159	-6.641611941549469e-05	-2.0421622633446527e-05	0.022513227724490107
2440000.0	-3.855067634321654e-06	-8.792166852244886e-06	-0.2381869785820099	1.505447034332833	-0.7280841140597846	-9.798658714594456	-0.000787521855512597	-0.0005996513654668141	0.27286364803385016
2450000.0	-4.189517473894253e-06	-9.819794596775925e-06	-0.23876093134782064	2.52855757418251	-1.515203756857815	-9.801423257347246	0.0008563766418108452	0.0006241913818670404	-0.07787696719463853
2460000.0	-4.202408586728233e-06	-9.77767428990324e-06	-0.23943170617296713	1.1534002007680635	-1.3824563238400567	-9.799863923136988	-6.622457747285191e-05	-2.0880331605496416e-05	0.020512940039005112
2470000.0	-3.892070677992141e-06	-8.872549891560073e-06	-0.24035708483321133	1.4650971482039234	-0.7443756203904005	-9.798646271801081	-0.0007901380851179904	-0.0006090083996011386	0.27645891340563744
2480000.0	-4.22776539354516e-06	-9.90705024077549e-06	-0.24092609403655402	2.526955417097313	-1.541161638418564	-9.80142944969615	0.0008562464192302323	0.0006332856433524182	-0.08018469750488152
2490000.0	-4.240563166815325e-06	-9.86541253114792e-06	-0.24159221134207506	1.165286245155231	-1.408004135546218	-9.799863132918686	-6.603835119134873e-05	-2.134504802637581e-05	0.018506521053253597
2500000.0	-3.928941931503169e-06	-8.950379280915411e-06	-0.2425178422435647	1.4645797654244228	-0.7620319808853322	-9.798631291412676	-0.0007947144495484924	-0.0006191656454145455	0.27924341989439216
2510000.0	-4.265836263959913e-06	-9.994486808826256e-06	-0.24308275383354164	2.5364887384365313	-1.5673810496648393	-9.801439130227886	0.0008582248115858215	0.0006430844793502931	-0.08260145255826547
2520000.0	-4.278563724653677e-06	-9.952462022214658e-06	-0.2437445873919711	1.170793752413881	-1.4336460090743535	-9.799862694341929	-6.554211058645269e-05	-2.170687509045443e-05	0.016550130917824174
2530000.0	-3.965727615306041e-06	-9.029426042187065e-06	-0.24467139180459072	1.4300023443378158	-0.7787647066157231	-9.798618523953332	-0.0007973545416601964	-0.0006287760497350547	0.2828026761356324
2540000.0	-4.3036399350033164e-06	-1.0082608263775492e-05	-0.24523060600761964	2.56739003625801	-1.593610769466353	-9.801454368320407	0.0008635311789211185	0.0006541041816544814	-0.08510085246890946
2550000.0	-4.316293612559149e-06	-1.0039916338829622e-05	-0.24588820995674085	1.1920590760402232	-1.4591208846297097	-9.79986140999121	-6.577899446745979e-05	-2.2325322366432312e-05	0.014631493568429655
2560000.0	-4.002325876893671e-06	-9.11070793590445e-06	-0.24681718363405045	1.364010287050922	-0.794223996918119	-9.798607850612564	-0.0007981893659510051	-0.0006378379216069718	0.28721842541877846
2570000.0	-4.341417289579654e-06	-1.0169568096018153e-05	-0.24737191160865346	2.5813002460397816	-1.6201852631674376	-9.801465738478129	0.0008663192069252474	0.0006644756093438963	-0.08753228023864393
2580000.0	-4.353978824877216e-06	-1.0126580986312224e-05	-0.24802537493833107	1.203650306223832	-1.4850433507482146	-9.799860616041506	-6.5567570014567e-05	-2.2794854897535788e-05	0.012652152355415626
2590000.0	-4.038903682119127e-06	-9.189720080781096e-06	-0.24895585157250522	1.3252909570708598	-0.811145834323962	-9.798595491154655	-0.0008002712289397549	-0.0006474677208643908	0.29086887078275186
2600000.0	-4.379043944947675e-06	-1.0255415290832384e-05	-0.24950609570857007	2.5796641460541916	-1.6465948244813082	-9.801471744897551	0.0008655966364698667	0.0006737628466398777	-0.08978375460525775
2610000.0	-4.391534865225297e-06	-1.0212995041818449e-05	-0.2501553150409687	1.2168548632918355	-1.5111950404347327	-9.799859715078256	-6.543296695012763e-05	-2.3297355340609832e-05	0.01063999183243546
2620000.0	-4.075374058933428e-06	-9.266200925143172e-06	-0.2510865633600506	1.325458625924205	-0.8294123728839915	-9.798580533525486	-0.0008043139893479644	-0.000657968120106461	0.29373346738690403
2630000.0	-4.416518363800402e-06	-1.0341495770891457e-05	-0.25163320086970414	2.5891217662661297	-1.6732820924615763	-9.801481300933645	0.0008670002640311851	0.0006838279776864453	-0.09214515791424661
2640000.0	-4.428946049965991e-06	-1.0298700358971633e-05	-0.25227859801397323	1.2221737786466418	-1.5373458848943478	-9.799859243224779	-6.492659265480889e-05	-2.3663914870408984e-05	0.0087077772596136
2650000.0	-4.11177951609248e-06	-9.343940973470384e-06	-0.2532114869248356	1.292483232550643	-0.8467790523052856	-9.798567796573298	-0.0008064376997347758	-0.0006678706654949083	0.29734945215006636
2660000.0	-4.453744462381023e-06	-1.042831519720316e-05	-0.25375285197510583	2.6199999617252	-1.6999650510522717	-9.801496497753355	0.0008717445797426556	0.0006952325178296898	-0.09458982111293823
2670000.0	-4.466212601971989e-06	-1.0384374038350156e-05	-0.2543951911023075	1.233041732783552	-1.5636667994729254	-9.799858461041884	-6.467518533512995e-05	-2.4128528390020188e-05	0.006733433381673385
2680000.0	-4.148091552080453e-06	-9.422032858050789e-06	-0.2553298056005798	1.2546840128794763	-0.8641864896820972	-9.798555474212554	-0.0008081104495157713	-0.0006777187006736056	0.3010324679201981
2690000.0	-4.490974329841796e-06	-1.0513371853612808e-05	-0.2558670274036305	2.621190296232616	-1.7268532087967727	-9.801503597944372	0.0008713359337265106	0.0007049681398248852	-0.09685465731950779
2700000.0	-4.503254725738187e-06	-1.0470361378293951e-05	-0.25650459582602136	1.2566926789579818	-1.5898819793927335	-9.799857035213629	-6.497914099066978e-05	-2.481553232899202e-05	0.004803508039369308
2710000.0	-4.1842612854193524e-06	-9.502115673226978e-06	-0.2574419577793393	1.1883148594623836	-0.880513982410879	-9.798545186007944	-0.0008080613785148564	-0.0006869763626892679	0.30550459515388007
2720000.0	-4.528056983684771e-06	-1.0598651733705321e-05	-0.25797523664839306	2.632430666367978	-1.7539216977280687	-9.80151371631195	0.0008726910072417097	0.0007154081765212837	-0.09918235403378349
2730000.0	-4.5402786907832335e-06	-1.0555181557460523e-05	-0.2586093584045757	1.2618349827871034	-1.6164285558358074	-9.799856542228442	-6.4461191725429e-05	-2.5184136053695363e-05	0.00289001255533919
2740000.0	-4.220401055900775e-06	-9.577235548851095e-06	-0.2595478248210631	1.1911136109145457	-0.8993269731048364	-9.798530066275697	-0.0008116850696371098	-0.0006978737960522179	0.30846530760748714
2750000.0	-4.565020386368614e-06	-1.0683564909098818e-05	-0.26007786163446434	2.641753110993462	-1.7811047557996105	-9.801523136464377	0.0008734886568446499	0.000725727334733966	-0.10150388244605166
2760000.0	-4.577173266983849e-06	-1.064004963166217e-05	-0.2607082944960653	1.2734642937636214	-1.643156000369605	-9.7998557000867	-6.42305147430407e-05	-2.5670962813824954e-05	0.000916929423803156
2770000.0	-4.256501044510391e-06	-9.653810265033263e-06	-0.2616488562381796	1.159905128539256	-0.917331546012232	-9.798517322533492	-0.000813292054721289	-0.000708073744105218	0.3121241089115985
2780000.0	-4.601744860156951e-06	-1.0769250766563545e-05	-0.2621738398946296	2.6725917647267927	-1.8082643800107983	-9.801538290468464	0.0008776397967066474	0.000737511884694642	-0.1039146345183079
2790000.0	-4.613945171049022e-06	-1.072459353286914e-05	-0.26280139864326435	1.284242306226263	-1.6700184671707916	-9.799854893663442	-6.395894539223914e-05	-2.614469775331245e-05	-0.0010597277189500248
2800000.0	-4.292519936486992e-06	-9.73082964647443e-06	-0.2637439027167315	1.1233539964454373	-0.9353937783858625	-9.798505064159198	-0.0008143941388180821	-0.0007181856368629533	0.3158443605583652
2810000.0	-4.638458496051375e-06	-1.0853679033514177e-05	-0.264264711859842	2.6835317859796457	-1.8356966457611672	-9.801548187066217	0.0008784432389561557	0.0007481295440677303	-0.10625455137658271
2820000.0	-4.6504755010435e-06	-1.080939563243536e-05	-0.2648876469340022	1.3065232834784746	-1.6966433815989377	-9.799853549129699	-6.415723448170238e-05	-2.6823777963760504e-05	-0.0029777215216625344
2830000.0	-4.328458636457867e-06	-9.807465355838219e-06	-0.26583278735017324	1.0880343085672595	-0.9536188202923325	-9.798492757258032	-0.0008154015386603557	-0.0007283824600922971	0.3195614095353921
2840000.0	-4.675060707590894e-06	-1.0937970955820029e-05	-0.26634949692926735	2.6975760850540347	-1.8633936320369244	-9.801559398625622	0.0008799149925833276	0.0007591883779044184	-0.10865120789405505
2850000.0	-4.6869879799238325e-06	-1.0893389822073668e-05	-0.26696854268178105	1.3180465002799895	-1.7237575185138054	-9.799852695565855	-6.390536076450684e-05	-2.7317951543567444e-05	-0.004972195870509358
2860000.0	-4.3642301858389025e-06	-9.886106678418691e-06	-0.2679155717136312	1.0259747103943027	-0.9706652397861437	-9.798482506548723	-0.0008147141100137698	-0.0007379296601377715	0.3240481110041629
2870000.0	-4.7115177046759395e-06	-1.102183491057895e-05	-0.2684281298754388	2.7090196877016157	-1.8910741130916415	-9.801569453799603	0.0008805330987300208	0.0007699963871536252	-0.11098692463354876
2880000.0	-4.723389973290236e-06	-1.097717839896994e-05	-0.26904342586957897	1.3312612295885085	-1.7511129911811136	-9.799851740615008	-6.3724191005001e-05	-2.7848651963386854e-05	-0.0070061417615350135
2890000.0	-4.400008974678652e-06	-9.9622752903175e-06	-0.2699923557800909	0.9908324734311553	-0.9892047103955494	-9.79847030666002	-0.000815379040671183	-0.0007482131496606959	0.32777352235259094
2900000.0	-4.747853770973567e-06	-1.1104754182642426e-05	-0.2705009550443145	2.707364427689037	-1.918667626134701	-9.801575028773229	0.0008782594039545418	0.0007797046839982917	-0.113163154233607
2910000.0	-4.7596487877798795e-06	-1.1060607676609023e-05	-0.2711123218108432	1.3431310358417738	-1.7784899983918194	-9.799850855486124	-6.34779889674807e-05	-2.835469207773814e-05	-0.009006733348842636
2920000.0	-4.435703304254116e-06	-1.0035941423114476e-05	-0.27206250974855234	0.9923203989768198	-1.0090557722640245	-9.798455413140296	-0.0008179562993494645	-0.0007595379113440589	0.3307315843326056
2930000.0	-4.784057424392422e-06	-1.1187944068167792e-05	-0.2725678910635814	2.7167715126721714	-1.9465573354813344	-9.801584299394206	0.0008781340539309579	0.000790386973573442	-0.11546702654988178
2940000.0	-4.795792557618627e-06	-1.1143420121863415e-05	-0.2731758309723426	1.3480936155429677	-1.805920571045365	-9.79985029942341	-6.294420442129101e-05	-2.8729264208346067e-05	-0.010940804243668372
2950000.0	-4.471343993732356e-06	-1.0110837775245749e-05	-0.27412811586921537	0.9630355782073531	-1.028030722306749	-9.798442724558086	-0.0008186912041927433	-0.0007701397709057031	0.3344126715541842
2960000.0	-4.820042202489395e-06	-1.1272088204085071e-05	-0.2746288022159908	2.750896894580197	-1.9745434544752525	-9.801600820180225	0.0008822021774172836	0.0008031513102346604	-0.1178981883439916
2970000.0	-4.831718331499354e-06	-1.1226861151178223e-05	-0.2752334588373653	1.3711799948059478	-1.8332774491487147	-9.799848903544573	-6.312778160725163e-05	-2.9447262935742506e-05	-0.01287069167946135
2980000.0	-4.506832418670942e-06	-1.0188373481700581e-05	-0.27618897683424776	0.903098146503572	-1.0456671939435347	-9.79843252497574	-0.0008174398601851499	-0.0007798900735700615	0.33898652394380613
2990000.0	-4.85602954228554e-06	-1.1354885575052526e-05	-0.2766860480005342	2.7623008961724898	-2.0027039301188223	-9.801610807110002	0.0008821971672174003	0.0008142176548713103	-0.12018130091203967
3000000.0	-4.867639774895762e-06	-1.1309517495766004e-05	-0.27728734425271195	1.3827723090393427	-1.8610369571547851	-9.799848016008394	-6.285258907301819e-05	-2.9954344768270012e-05	-0.014847834197835167
3010000.0	-4.54235402197498e-06	-1.0263558529190598e-05	-0.2782452037556386	0.8688117741848704	-1.0648322271291257	-9.79842038341742	-0.0008174924471668887	-0.000790412767050175	0.342769559187952
3020000.0	-4.891915452138056e-06	-1.1436783474155683e-05	-0.27873871376359344	2.7605958258544985	-2.0307707387921456	-9.801616222398437	0.0008792741692776869	0.0008240656379045416	-0.12231519545837534
3030000.0	-4.90346470466953e-06	-1.1391607429088599e-05	-0.27933669780285086	1.3878309507172302	-1.888867510426928	-9.79984742725089	-6.231551459792181e-05	-3.0333933980903663e-05	-0.016773666394902614
3040000.0	-4.577816971532832e-06	-1.0336307003928953e-05	-0.2802960624872274	0.8699680675583321	-1.0853157946447365	-9.798405537194718	-0.000819411521805182	-0.0008020369575273702	0.34579733289360975
3050000.0	-4.927691819820762e-06	-1.1518996902908465e-05	-0.2807867623378384	2.769896078958674	-2.059153088270269	-9.801625387454985	0.0008784994496507224	0.0008349710396637684	-0.12457920859548618
3060000.0	-4.9391772095672155e-06	-1.1473786466428677e-05	-0.28138139278095675	1.3994387362888696	-1.916892756325583	-9.79984652224567	-6.203411304748718e-05	-3.084383590374992e-05	-0.018757631209554808
3070000.0	-4.613234486390169e-06	-1.0410207611231882e-05	-0.2823433856689192	0.8421372035643835	-1.1049070561866905	-9.798392811296791	-0.0008195798950144369	-0.0008129177050691784	0.34953141396180876
3080000.0	-4.963261243976955e-06	-1.160220432806036e-05	-0.2828296653975291	2.8040782435550313	-2.0876274412589217	-9.801641940883522	0.0008819262723165832	0.000848142043328059	-0.12698467543146374
3090000.0	-4.974669013928442e-06	-1.1556207493640265e-05	-0.28342111019372196	1.4208841132674994	-1.9446387162575771	-9.799845211783088	-6.210652165898321e-05	-3.154185855022544e-05	-0.02064568397587558
3100000.0	-4.648601419382939e-06	-1.048459868049286e-05	-0.284386434666472	0.8091855673853257	-1.124553198600984	-9.798380603093024	-0.000819223713160254	-0.0008236637865484716	0.35335500062051184
3110000.0	-4.998836560852454e-06	-1.1684046122486525e-05	-0.28486912804332903	2.8150696811676874	-2.116273711864155	-9.801651658041077	0.0008811508070359272	0.0008593857556050727	-0.1292584174443825
3120000.0	-5.01018043369183e-06	-1.1637927658862018e-05	-0.28545722113969313	1.432465295976256	-1.9729261461626275	-9.799844299568205	-6.180911489161463e-05	-3.205605797413895e-05	-0.022637688115920877
3130000.0	-4.6838167390705254e-06	-1.0561201774451203e-05	-0.28642503605819664	0.7502045017283353	-1.1429897399713072	-9.798370648802404	-0.0008171031812645773	-0.0008335781781559077	0.35793745979446345
3140000.0	-5.03431864901709e-06	-1.1765043290981214e-05	-0.2869043373499271	2.813851745324321	-2.1448410286595028	-9.801657136842511	0.0008776886922129229	0.000869424946797026	-0.1313742804597124
3150000.0	-5.04562421248424e-06	-1.1719188618330548e-05	-0.2874894232251351	1.4392046245249832	-2.00141719869479	-9.799843587346725	-6.132859971808217e-05	-3.2474832651448246e-05	-0.02460967527979827
3160000.0	-4.719088693066432e-06	-1.0632201043284059e-05	-0.28845927762836293	0.7577610848446037	-1.1641977851879588	-9.798355161770706	-0.0008188215024769258	-0.0008457571340530471	0.3609625789737408
3170000.0	-5.069602678267465e-06	-1.184751181187602e-05	-0.2889353787176324	2.8462355474454903	-2.1736723793957484	-9.801673104802939	0.0008802645670511267	0.0008826815316262828	-0.13372902011639992
3180000.0	-5.080835621826951e-06	-1.1800976903051417e-05	-0.2895176500560158	1.4606754574944785	-2.0295588486021696	-9.799842273245467	-6.13695622314114e-05	-3.318279284727963e-05	-0.026477637214931595
3190000.0	-4.754237392265401e-06	-1.0708345166280757e-05	-0.29049133045763303	0.6997651620437018	-1.1829315919420702	-9.798345169582367	-0.0008164331832325574	-0.0008557786287414988	0.3656263266728654
3200000.0	-5.104927007878652e-06	-1.1928140645884397e-05	-0.29096453611744627	2.844842658522834	-2.2025082927267725	-9.801678500035896	0.0008764564903558438	0.0008927755090416132	-0.13580204475858917
3210000.0	-5.116130783720741e-06	-1.1881893791698334e-05	-0.2915442694312164	1.4673572277271585	-2.0583460913684513	-9.799841549016184	-6.087705518892818e-05	-3.360156990686911e-05	-0.028425482518616693
3220000.0	-4.789465036566768e-06	-1.0779884909227063e-05	-0.29252015358981576	0.7007297373586839	-1.2043567776830832	-9.798330318571498	-0.0008173594465829064	-0.0008678517408573877	0.3687837510972497
3230000.0	-5.1401767796629296e-06	-1.2009134316383177e-05	-0.2929911622410411	2.8538787579523857	-2.231677363496372	-9.801687500438877	0.000874656158090053	0.0009039812044947208	-0.1380125699412607
3240000.0	-5.151560679847757e-06	-1.1962483274509127e-05	-0.2935686032648193	1.470597441280217	-2.0882764768036113	-9.799840864052257	-6.029229170011019e-05	-3.397110232378979e-05	-0.03073839840218293
3250000.0	-4.825070909021097e-06	-1.0858740696555727e-05	-0.2945475870492683	0.5715351508936872	-1.2247731866909481	-9.798326142549048	-0.0008104153619552194	-0.0008754598379058337	0.3733027588480325
3260000.0	-5.175862854154126e-06	-1.2087280141928668e-05	-0.29501170604751353	2.8127559649108225	-2.2629045336081326	-9.801686098614823	0.0008669677332014501	0.0009118810198225499	-0.14083809112062382
3270000.0	-5.187017254630279e-06	-1.2041235157588193e-05	-0.29557976057678376	1.4494495783185872	-2.1192525078352764	-9.799841087496194	-5.888728612206615e-05	-3.385860668692486e-05	-0.033667271562794795
3280000.0	-4.860453695165976e-06	-1.0936661092352627e-05	-0.29655446414179526	0.4486108991105431	-1.2466142903398645	-9.798322150253039	-0.0008032732240838052	-0.0008830009844113368	0.3766406612006239
3290000.0	-5.211039705433638e-06	-1.2164294824365151e-05	-0.2970063621014943	2.771399754496609	-2.293826302224551	-9.801683591614031	0.0008584967771892237	0.0009193448757627568	-0.14397880054679058
3300000.0	-5.221936712688814e-06	-1.2118835584471801e-05	-0.29756082226913355	1.4310301524127353	-2.150205016813485	-9.799841150702678	-5.761059730050388e-05	-3.3803112661641004e-05	-0.03698457606897069
3310000.0	-4.8952277656431606e-06	-1.1013180357832543e-05	-0.29852695425922243	0.3313009814847466	-1.268657691715178	-9.7983182978743	-0.0007959913546281541	-0.0008904878939413902	0.37940908974783355
3320000.0	-5.245510799331271e-06	-1.2239787501340145e-05	-0.2989630873153298	2.731708363735282	-2.324486378989664	-9.801681125696701	0.0008499250652844326	0.0009267531042699904	-0.14737785197890402
3330000.0	-5.256091300953463e-06	-1.2194734985889894e-05	-0.2995008119499236	1.4132429623113658	-2.1808374297650808	-9.799841164929463	-5.63810612149285e-05	-3.375816644648174e-05	-0.04051632777654944
3340000.0	-4.929214051937373e-06	-1.1087921265408321e-05	-0.30045532684752874	0.2191583995073894	-1.2907415195624388	-9.798314597667602	-0.0007885660879208372	-0.0008979079429257513	0.38173336051072904
3350000.0	-5.279111754141088e-06	-1.2313405417987e-05	-0.300873237213935	2.6936076877850614	-2.3547511323692993	-9.801678709529154	0.0008412585251295207	0.0009341016668499774	-0.150935861882482
3360000.0	-5.289334681360745e-06	-1.226862305297329e-05	-0.301392072848406	1.396060821867484	-2.211028126617251	-9.79984113841272	-5.519610606155386e-05	-3.3723261145167674e-05	-0.044173769843366656
3370000.0	-4.9622849530980905e-06	-1.116060698928541e-05	-0.30233284320944664	0.11191775402236755	-1.3127303475111858	-9.798311045087015	-0.0007810036848588245	-0.0009052578147010373	0.3837113791317908
3380000.0	-5.311728234213674e-06	-1.2384906506152819e-05	-0.302730894644497	2.6570246068118424	-2.3845144344441143	-9.801676347921449	0.0008325004114485879	0.0009413876763115072	-0.15457814371423542
3390000.0	-5.3215662176151795e-06	-1.2340290514365327e-05	-0.303229434804843	1.3794607636155578	-2.2406809092629447	-9.799841078093804	-5.405332295808736e-05	-3.3697925066226324e-05	-0.04789031656646687
3400000.0	-4.994352594248924e-06	-1.1231053108950871e-05	-0.3041550278557641	0.00933354285530057	-1.3345147639486317	-9.798307635632142	-0.0007733091255987987	-0.0009125357308951056	0.3854181447239905
3410000.0	-5.343284001567744e-06	-1.245413255103191e-05	-0.3045322033407178	2.6218921822700167	-2.4136934584881433	-9.801674044438581	0.0008236529551146587	0.0009486095701434905	-0.1582489360824013
3420000.0	-5.352720155009586e-06	-1.2409604346744216e-05	-0.30500960377418823	1.3634227079792847	-2.269721168056015	-9.799840989918142	-5.295046766426542e-05	-3.368170081186614e-05	-0.05161638151962992
3430000.0	-5.025359539977414e-06	-1.1299144838500105e-05	-0.30591911051080667	-0.08882250136468293	-1.3560073898716882	-9.798304364546302	-0.0007654865187799497	-0.0009197408933117512	0.38691115206640575
3440000.0	-5.373731890905775e-06	-1.252098851418215e-05	-0.30627485778530916	2.5881484715041663	-2.4422249568283623	-9.801671801703236	0.0008147177429910201	0.0009557666535142118	-0.16190691108428323
3450000.0	-5.382757226024291e-06	-1.2476488831344386e-05	-0.30673069561171723	1.3479286193792284	-2.2980924027572955	-9.79984087893334	-5.1885414656786076e-05	-3.3674129528457773e-05	-0.05531532602147328
3460000.0	-5.0552716617884785e-06	-1.1364819706729919e-05	-0.3076236006486631	-0.18276353960953834	-1.3771393363204896	-9.798301227124133	-0.0007575392627249318	-0.0009268731545143023	0.38823455736744394
3470000.0	-5.403046673866208e-06	-1.2585426723519303e-05	-0.30795771468137384	2.5557356377435427	-2.4700619718499244	-9.801669621439451	0.0008056958775439931	0.0009628586539172911	-0.16552171126128087
3480000.0	-5.411658196207861e-06	-1.2540911111622856e-05	-0.30839188127154293	1.3329618970861645	-2.3257531666503124	-9.799840749405055	-5.085616745252285e-05	-3.36748328305018e-05	-0.05896034898776636
3490000.0	-5.084072623356904e-06	-1.1428054372928946e-05	-0.30926796384781374	-0.27268934083928204	-1.3978571166317255	-9.798298218599466	-0.0007494702680507094	-0.0009339326076763839	0.38942235160982175
3500000.0	-5.431219711285371e-06	-1.2647434835731464e-05	-0.3095804974773166	2.5245992875393655	-2.4971709919232232	-9.80166750472844	0.0007965881257354415	0.0009698855648676321	-0.16907130874510987
3510000.0	-5.439418885939665e-06	-1.260287027451256e-05	-0.3099931170008261	1.3185069550181592	-2.3526744206784835	-9.799840605001494	-4.9860830021162845e-05	-3.3683400039367676e-05	-0.06253211933511195
3520000.0	-5.1117595024676865e-06	-1.1488854566457536e-05	-0.31085237565757157	-0.358787673481017	-1.418119996342587	-9.798295334217148	-0.0007412820970319488	-0.0009409195264955156	0.3905007672852977
3530000.0	-5.458254825431481e-06	-1.2707026702348183e-05	-0.311143571621165	2.494687975845975	-2.523529524211036	-9.801665452080922	0.0007873950246371932	0.000976847466701016	-0.17253999974166478
3540000.0	-5.466046466550646e-06	-1.2662388929842805e-05	-0.3115349390729454	1.3045489309682454	-2.3788372876565402	-9.79984044878042	-4.889763563726658e-05	-3.369946296042116e-05	-0.0660169785395774
3550000.0	-5.138339541286836e-06	-1.1547247499040928e-05	-0.3123775342875504	-0.4412354587887389	-1.4378977499026862	-9.798292569287339	-0.0007329769849091882	-0.000947834231917776	0.3914901022449076
3560000.0	-5.484165055090454e-06	-1.2764235436988204e-05	-0.3126477734779176	2.465952837823413	-2.5491240501535595	-9.801663463541706	0.0007781170117947052	0.0009837443931664113	-0.1759168821107926
3570000.0	-5.491556376802862e-06	-1.2719506959738525e-05	-0.31301830748828835	1.2910734928802772	-2.4042311572648907	-9.799840283358467	-4.7964876867700815e-05	-3.3722688074439284e-05	-0.06940557557633012
3580000.0	-5.163827610304182e-06	-1.1603275963438615e-05	-0.31384451794098744	-0.5201997277111478	-1.457168769669185	-9.798289919168006	-0.0007245570257066912	-0.0009546768921586145	0.3924061041060251
3590000.0	-5.508970233314236e-06	-1.2819108055872434e-05	-0.31409427999148276	2.4383473045755286	-2.573948318312079	-9.801661538765945	0.000768754397566143	0.0009905762990004955	-0.17919469820248884
3600000.0	-5.515970250059562e-06	-1.27742765908523e-05	-0.31444448687472837	1.278066708789538	-2.4288521061227724	-9.799840110961028	-4.7060936673629725e-05	-3.3752753773599885e-05	-0.07269182865140007
3610000.0	-5.188244099540027e-06	-1.1656993958259828e-05	-0.31525467608624536	-0.5958384383458892	-1.4759184946499038	-9.798287379427283	-0.0007160241219398679	-0.0009614476467137692	0.39326102360863724
3620000.0	-5.532695091906689e-06	-1.2871701480419813e-05	-0.3154845093430112	2.411826886911764	-2.598001925031885	-9.801659677139824	0.000759307491912626	0.0009973430265757307	-0.18236895352487356
3630000.0	-5.539314047325155e-06	-1.2826758738871274e-05	-0.31581495571053103	1.2655149651386202	-2.452701585353586	-9.799839933453368	-4.6184327321090795e-05	-3.378933911182526e-05	-0.07587213353451155
3640000.0	-5.211613481689933e-06	-1.170846328034704e-05	-0.3166095465898645	-0.6683011791007639	-1.4941381001193708	-9.798284945577604	-0.0007073800665392386	-0.000968146479569024	0.39406441826227273
3650000.0	-5.555367874249944e-06	-1.2922079417121831e-05	-0.31682004524988955	2.386349004781749	-2.6212891432639838	-9.801657877773449	0.0007497765453706182	0.0010040442745336763	-0.18543724373661089
3660000.0	-5.561616851348829e-06	-1.2877020187524704e-05	-0.3171313371669195	1.2534049172475172	-2.4757853361032893	-9.799839752445441	-4.533361123635382e-05	-3.383213796611433e-05	-0.07894475861324807
3670000.0	-5.233963146907412e-06	-1.1757750902188156e-05	-0.3179107926084581	-0.7377297765674512	-1.511823415995141	-9.798282613391816	-0.0006986266065102573	-0.0009747732148326926	0.3948237676621661
3680000.0	-5.577019088426042e-06	-1.2970310052047687e-05	-0.3181025793417201	2.361872849553298	-2.643817955772998	-9.801656139645562	0.0007401618688276812	0.001010679601755455	-0.18839873959489373
3690000.0	-5.58290973379459e-06	-1.2925131470325514e-05	-0.31839534649639156	1.2417234584984824	-2.498112496292955	-9.799839569271589	-4.450741821127773e-05	-3.388087756538835e-05	-0.08190938125878182
3700000.0	-5.255322304859885e-06	-1.1804927091161978e-05	-0.3191601546145083	-0.8042588378418819	-1.5289740340719251	-9.798280378713212	-0.0006897653839057017	-0.0009813275572343842	0.39554494538805657
3710000.0	-5.597680782878069e-06	-1.3016464211966585e-05	-0.31933386739349295	2.338359271429422	-2.665599266154859	-9.801654461501215	0.00073046372340819	0.001017248439140805	-0.19125379191588748
3720000.0	-5.603225003585183e-06	-1.2971165213874802e-05	-0.3196087511137558	1.2304577059261264	-2.5196948708715197	-9.799839385077656	-4.3704470284903367e-05	-3.393526687442053e-05	-0.0847667321075057
3730000.0	-5.275721513237958e-06	-1.1850063845637688e-05	-0.3203594140408871	-0.8680162293537752	-1.5455925713379821	-9.798278237563073	-0.0006807980176172923	-0.0009878090618171038	0.39623258244352544
3740000.0	-5.617385825995558e-06	-1.3060614063135515e-05	-0.3205156962038617	2.3157706848548454	-2.686646248691477	-9.80165284206422	0.0007206824823360379	0.001023750036006778	-0.1940036281492634
3750000.0	-5.622595669904978e-06	-1.3015194934118511e-05	-0.3207733404338088	1.2195949954284317	-2.540546328854377	-9.799839200884877	-4.292351106914191e-05	-3.39950594595628e-05	-0.08751832155998371
3760000.0	-5.29519189843375e-06	-1.1893233787839432e-05	-0.32151036586138426	-0.9291235050558951	-1.5616840662777156	-9.798276186081468	-0.000671726090537849	-0.0009942171564365646	0.3968903474140952
3770000.0	-5.636167400490886e-06	-1.3102832041588557e-05	-0.32164985866513157	2.2940709868908713	-2.7069738189612162	-9.801651279912617	0.0007108184969975483	0.0010301835567024307	-0.1966501190138724
3780000.0	-5.641054875929206e-06	-1.3057294094478368e-05	-0.3218909032206161	1.2091228837919716	-2.560682314046561	-9.799839017475122	-4.216339204025649e-05	-3.406000438730453e-05	-0.09016622931841048
3790000.0	-5.3137649056961695e-06	-1.1934509351157966e-05	-0.3226147980537531	-0.987696299574606	-1.577255482264475	-9.798274220557955	-0.0006625512091182966	-0.0010005511062916857	0.39752116293440837
3800000.0	-5.654058669127001e-06	-1.3143190154439162e-05	-0.32273813514494026	2.273225486287611	-2.7265982026190794	-9.80164977359874	0.000700872195541407	0.0010365480518891184	-0.1991955989734128
3810000.0	-5.658635679244827e-06	-1.3097535447690821e-05	-0.3229632107260367	1.1990291490618443	-2.580119446808603	-9.799838835555288	-4.142301165836894e-05	-3.4129852974066384e-05	-0.0927129423693249
3820000.0	-5.331471893154966e-06	-1.1973962106993253e-05	-0.32367447636892455	-1.0438446793962382	-1.5923152973373593	-9.798272337432202	-0.0006532748682394365	-0.0010068101491851626	0.3981273733296776
3830000.0	-5.6710924438542814e-06	-1.3181759356974788e-05	-0.3237822797341951	2.2532008396516137	-2.74553658273306	-9.801648321623	0.0006908440479385503	0.0010428424278355478	-0.20164272814279638
3840000.0	-5.6753706829159705e-06	-1.313599049743216e-05	-0.32399200429197295	1.1893018002506544	-2.5988751967190495	-9.799838655709014	-4.070131801443789e-05	-3.420436725652974e-05	-0.09516123045540738
3850000.0	-5.348343870785445e-06	-1.2011662317508333e-05	-0.32469113319098336	-1.09767346892821	-1.6068731711137496	-9.798270533267292	-0.0006438986552939531	-0.0010129933414693532	0.3987108744057526
3860000.0	-5.6873010124043875e-06	-1.3218609165412315e-05	-0.32478401024710934	2.23396499373072	-2.7638068152925555	-9.801646922416584	0.0006807345548648597	0.0010490655399884496	-0.20399438623227803
3870000.0	-5.691291936972248e-06	-1.3172729171511962e-05	-0.3249789863939995	1.1799290822379116	-2.6169676174120586	-9.799838478419469	-3.99973125360279e-05	-3.428331072721383e-05	-0.09751405029888358
3880000.0	-5.364411398197146e-06	-1.204767862454986e-05	-0.32566645955082685	-1.1492825479781357	-1.6209396702866279	-9.798268804751082	-0.000634424093485313	-0.0010190997066740878	0.3992732142465682
3890000.0	-5.702715915661684e-06	-1.3253807380302732e-05	-0.32574500111207827	2.215487132350291	-2.78142719553207	-9.801645574491708	0.0006705443024936039	0.0010552161277245689	-0.20625359119457315
3900000.0	-5.706430721400681e-06	-1.3207819521939826e-05	-0.32592581433538975	1.1708994830784434	-2.6344151337884347	-9.799838304106242	-3.9310043766911144e-05	-3.4366487509749654e-05	-0.09977447226117661
3910000.0	-5.379704402673655e-06	-1.2082077823456301e-05	-0.32660209956695885	-1.1987671281618804	-1.6345260425048163	-9.798267148778516	-0.0006248527331485068	-0.0010251281482887467	0.3998156712559231
3920000.0	-5.717367993142039e-06	-1.3287419873605556e-05	-0.32666687848700376	2.1977376260131423	-2.798416270701104	-9.801644276280046	0.0006602738894388492	0.0010612929009068488	-0.2084234370979026
3930000.0	-5.720817516185258e-06	-1.3241327577116109e-05	-0.32683409597894614	1.1622017395442514	-2.65123636614478	-9.799838133113425	-3.863862020491066e-05	-3.44536604349119e-05	-0.10194562431399379
3940000.0	-5.394252041833982e-06	-1.2114924631412097e-05	-0.32749964675117044	-1.2462180060440444	-1.647644031983768	-9.798265562325655	-0.0006151861082072633	-0.0010310775265246195	0.40033931486158436
3950000.0	-5.731287110854731e-06	-1.331951042079046e-05	-0.3275512170814006	2.1806879878100345	-2.814792689369314	-9.801643026253728	0.0006499239765186432	0.0010672944784745385	-0.21050704688253177
3960000.0	-5.734481844460413e-06	-1.3273317252322647e-05	-0.3277053870409501	1.1538248449553177	-2.6674499903107924	-9.79983796567193	-3.7982173376557736e-05	-3.454464196431217e-05	-0.10403064953521332
3970000.0	-5.408082737870277e-06	-1.214628170257292e-05	-0.32836064174212365	-1.2917218009454885	-1.6603057277384652	-9.798264042469443	-0.0006054257617173844	-0.00103694665077102	0.4008450525294547
3980000.0	-5.744502272361658e-06	-1.3350140703924561e-05	-0.32839953828416185	2.164310825608376	-2.8305750779865715	-9.801641822905916	0.0006394952974752767	0.0010732194495883852	-0.21250753668950023
3990000.0	-5.747452393134558e-06	-1.330385024483971e-05	-0.3285411895783501	1.14575805080987	-2.6830746265094145	-9.799837802098674	-3.7339888409687284e-05	-3.463919598751635e-05	-0.1060326739884023
4000000.0	-5.421224030923655e-06	-1.217620948423257e-05	-0.32918657112756133	-1.3353611749631191	-1.6725234400451583	-9.798262586434603	-0.0005955732715424312	-0.0010427342806540762	0.40133366615402605
4010000.0	-5.757041451046854e-06	-1.3379370155367038e-05	-0.3292133092846233	2.1485798042828694	-2.8457819442271246	-9.801640664685982	0.0006289885767866172	0.0010790663345877092	-0.2144279891183351
4020000.0	-5.759756792419622e-06	-1.3332986014262845e-05	-0.32934295138157205	1.137990872747673	-2.698128745213467	-9.799837642526247	-3.6711003636391306e-05	-3.4737147406932434e-05	-0.1079547828870448
4030000.0	-5.433702599564705e-06	-1.22047662692516e-05	-0.3299788670911849	-1.377215040194446	-1.684309599802054	-9.798261191617952	-0.0005856301454010509	-0.0010484391159782144	0.4018058403834606
4040000.0	-5.768931746261554e-06	-1.3407256094062247e-05	-0.3299939429441559	2.13346960401968	-2.8604315967467513	-9.80163955013041	0.0006184046518241418	0.0010848336495766656	-0.21627143350580819
4050000.0	-5.771421746530725e-06	-1.3360781811758096e-05	-0.33011206605010196	1.1305130906137704	-2.7126305994628663	-9.799837487053132	-3.6094779358678834e-05	-3.4838309345916424e-05	-0.10980000286501755
4060000.0	-5.445544260224776e-06	-1.223200811578338e-05	-0.33073890767905445	-1.4173587489368944	-1.695676673891468	-9.798259855423398	-0.0005755979949057742	-0.0010540598568125577	0.4022621843290766
4070000.0	-5.780199181863695e-06	-1.3433853605893206e-05	-0.33074279822999214	2.1189558808269484	-2.874542087540376	-9.80163847780768	0.0006077443600916781	0.0010905198737340678	-0.21804083170087848
4080000.0	-5.782472984899383e-06	-1.3387292706699e-05	-0.3308498735774409	1.123314754942318	-2.726598163330748	-9.79983733586992	-3.5490509892225644e-05	-3.49424668698579e-05	-0.11157128940119444
4090000.0	-5.456773943404455e-06	-1.2257988983383978e-05	-0.3314680175263166	-1.4558642767323855	-1.7066370993787328	-9.798258575452035	-0.0005654783756855478	-0.0010595951526689515	0.4027032484265661
4100000.0	-5.790868909181462e-06	-1.345921567619695e-05	-0.33146118106463834	2.1050152318270294	-2.8881311584213534	-9.801637446288451	0.0005970085877974461	0.0010961234912679873	-0.21973906781122515
4110000.0	-5.792935285796701e-06	-1.3412571581988093e-05	-0.33155766131053344	1.116386180995437	-2.7400490918083813	-9.799837189027263	-3.489752541925895e-05	-3.504944964572519e-05	-0.11327151785413232
4120000.0	-5.467415672163769e-06	-1.2282760670275793e-05	-0.3321674689205051	-1.4928003896164654	-1.7172032278834213	-9.798257349325057	-0.0005552728517073	-0.0010650436780731815	0.4031295373894442
4130000.0	-5.800965078753503e-06	-1.3483393172326356e-05	-0.33215034547718125	2.0916251604360547	-2.9012162059255324	-9.801636454165143	0.0005861982721039936	0.0011016429282853274	-0.22136894145266012
4140000.0	-5.802832463801664e-06	-1.343666922063211e-05	-0.33223666517967776	1.1097179549758287	-2.75300068202558	-9.799837046531797	-3.431520853216956e-05	-3.515909422262922e-05	-0.11490347749591488
4150000.0	-5.477492649132579e-06	-1.230637295338791e-05	-0.3328384831055762	-1.5282328041581874	-1.7273872809064295	-9.798256174887435	-0.000544983016054716	-0.0010704040307886733	0.4035415200726485
4160000.0	-5.810510940989101e-06	-1.3506434921074626e-05	-0.3328114949686586	2.078764039130851	-2.9138142532494022	-9.801635500061499	0.000575314370555597	0.001107076659862087	-0.2229331633019402
4170000.0	-5.812187441306226e-06	-1.3459634378150541e-05	-0.3328880711174189	1.1033009281783066	-2.7654698501450263	-9.799836908454784	-3.374294830844423e-05	-3.5271184342470625e-05	-0.11646986789598394
4180000.0	-5.4870271920701814e-06	-1.2328873560958282e-05	-0.3334822317525863	-1.5622243363680206	-1.7372013142703708	-9.79825504992204	-0.0005346104735905327	-0.0010756748641653907	0.4039396371160528
4190000.0	-5.819528798187738e-06	-1.3528387772139302e-05	-0.33344578402334846	2.0664110813566623	-2.9259419263990676	-9.801634582673415	0.0005643579152089638	0.0011124231057524233	-0.22443435264440828
4200000.0	-5.821022216900896e-06	-1.3481513783112458e-05	-0.33351301660509314	1.0971262182333597	-2.7774731113808215	-9.799836774813109	-3.318017260379688e-05	-3.5385576803741835e-05	-0.1179732968910396
4210000.0	-5.49604079344474e-06	-1.2350308305530542e-05	-0.3340998385400429	-1.594835044056089	-1.7466571901549233	-9.798253972473548	-0.0005241568115750846	-0.0010808547848341345	0.404324306667629
4220000.0	-5.828040099385544e-06	-1.3549296650055388e-05	-0.33405431971402505	2.054546304592094	-2.937615441307476	-9.801633700704162	0.0005533299426206623	0.001117680726341606	-0.22587503645231571
4230000.0	-5.829357947156628e-06	-1.3502352261756767e-05	-0.33411259229837753	1.0911852054953328	-2.7890265652362776	-9.799836645572038	-3.2626341831770323e-05	-3.550209769999077e-05	-0.1194162800434683
4240000.0	-5.504554136487154e-06	-1.2370721113954697e-05	-0.33469238080001573	-1.6261223574756374	-1.7557665520451793	-9.798252940488554	-0.0005136236368563421	-0.0010859424547475464	0.4046959286396894
4250000.0	-5.83606549238417e-06	-1.3569204651937807e-05	-0.33463816336078445	2.0431505053973305	-2.948850590027031	-9.801632852911858	0.0005422315277284425	0.001122847985455975	-0.22725764939355703
4260000.0	-5.837214914739625e-06	-1.3522192803878223e-05	-0.3346878436956649	1.085469530720932	-2.8001458848034915	-9.79983652071698	-3.208091905288536e-05	-3.562058146274612e-05	-0.1208012408713657
4270000.0	-5.51258710436809e-06	-1.2390154096761064e-05	-0.33526089119713964	-1.6561412077527973	-1.7645408089685006	-9.798251952149906	-0.0005030125666054897	-0.0010909364965506446	0.4050548881834092
4280000.0	-5.843624699746348e-06	-1.3588153052718319e-05	-0.33519833221352596	2.0322052271863855	-2.959662737477927	-9.801632038046783	0.0005310637804101631	0.001127923355921597	-0.228584534887616
4290000.0	-5.844612610779684e-06	-1.354107658920478e-05	-0.335239772821475	1.0799710904962936	-2.810846317028919	-9.7998364002338	-3.154343561969413e-05	-3.574084677401752e-05	-0.12213051217903971
4300000.0	-5.520158832149134e-06	-1.240864763012916e-05	-0.33580635941413073	-1.6849441417511877	-1.7729911218617345	-9.798251005671979	-0.000492325226331693	-0.001095835543608708	0.4054015579341253
4310000.0	-5.850736717139238e-06	-1.3606181448787895e-05	-0.3357358011341531	2.021692730477892	-2.9700668167559177	-9.801631254974868	0.0005198278568657972	0.0011329053207554032	-0.22985794653327898
4320000.0	-5.8515697334289275e-06	-1.3559043087913808e-05	-0.3357693399038914	1.0746820348537656	-2.82114267317981	-9.799836284073058	-3.101341189979021e-05	-3.586275321162423e-05	-0.12340633761383078
4330000.0	-5.527287681793707e-06	-1.2426240396321984e-05	-0.3363297338262828	-1.712581438890209	-1.7811283926263979	-9.798250099307023	-0.00048156321057447546	-0.0011006383027406543	0.40573629981578097
4340000.0	-5.857419723688709e-06	-1.362332774743433e-05	-0.33625150426292416	2.0115959696530545	-2.980077327008773	-9.801630502481936	0.000508524924147927	0.0011377923678712327	-0.23108005028822318
4350000.0	-5.858104228914853e-06	-1.357613012055576e-05	-0.33627746503062494	1.0695947622617341	-2.8310493329723787	-9.799836172160537	-3.0490403862620878e-05	-3.598613639823494e-05	-0.12463087368866779
4360000.0	-5.533991367108997e-06	-1.2442969477110652e-05	-0.3368319231501544	-1.7391012116363187	-1.7889632537743014	-9.798249231404125	-0.0004707282004295391	-0.0011053434106204853	0.40605946640236656
4370000.0	-5.863691231417883e-06	-1.3639628311447934e-05	-0.33674633665446574	2.0018985627182637	-2.989708337730192	-9.801629779511355	0.0004971561793523354	0.0011425830472545603	-0.23225292657190783
4380000.0	-5.864233294285227e-06	-1.3592373944443371e-05	-0.3367650297723769	1.0647019140553209	-2.8405802476286546	-9.799836064467327	-2.9973982565407603e-05	-3.61108437355702e-05	-0.1258061922984175
4390000.0	-5.540286844615571e-06	-1.2458870416620068e-05	-0.33731379805603795	-1.7645495102265425	-1.796506069355455	-9.798248400425827	-0.000459821792156943	-0.00110994957274363	0.4063714019193699
4400000.0	-5.8695679474449544e-06	-1.36551179487906e-05	-0.3372211558758381	1.992584768959569	-2.9989734898812173	-9.801629084923915	0.000485722850941494	0.0011472758617746509	-0.2333785730138656
4410000.0	-5.869973446768605e-06	-1.360780926417316e-05	-0.3372328787652099	1.0599963716456478	-2.84974893940763	-9.799835960873754	-2.9463772666675686e-05	-3.623672328709513e-05	-0.1269342830990546
4420000.0	-5.546190409051101e-06	-1.247397724686131e-05	-0.3377761927377918	-1.7889704161118776	-1.8037669276981163	-9.798247604827207	-0.00044884564501482163	-0.0011144555223987847	0.40667244272109243
4430000.0	-5.875065995870142e-06	-1.3669830038208236e-05	-0.3376767835595311	1.9836394617367024	-3.007886001165545	-9.801628417746109	0.0004742261861714169	0.0011518694323559878	-0.2344589070496597
4440000.0	-5.875340506925486e-06	-1.3622469354080105e-05	-0.3376818212466063	1.0554712500755496	-2.8585685114614523	-9.799835861363363	-2.895935528216287e-05	-3.6363638998142564e-05	-0.12801705636289082
4450000.0	-5.551717744159559e-06	-1.2488322600195616e-05	-0.3382199064343451	-1.8124061312555901	-1.8107556397231037	-9.798246843176397	-0.00043780140251179	-0.0011188599826837812	0.4069629178063479
4460000.0	-5.880200764714078e-06	-1.3683796542382469e-05	-0.3381140069072334	1.9750481071200907	-3.016458673567231	-9.801627776926475	0.00046266748179660743	0.001156362305542972	-0.23549576858414129
4470000.0	-5.880349677813656e-06	-1.3636386087578145e-05	-0.33811263254107216	1.051119893182643	-2.867051649987361	-9.799835765829847	-2.8460401789555452e-05	-3.649143006480144e-05	-0.12905634548850525
4480000.0	-5.556883897577445e-06	-1.2501937742564988e-05	-0.3386457049003774	-1.8348970652927754	-1.817481739700859	-9.798246114058092	-0.0004266906977009011	-0.0011231617492236483	0.40724314916547943
4490000.0	-5.884987047870319e-06	-1.3697048097461072e-05	-0.3385335801419189	1.966796741129021	-3.0247038977631404	-9.80162716149189	0.000451048004131321	0.0011607531374648948	-0.23649092287903717
4500000.0	-5.885015533825758e-06	-1.3649590024306471e-05	-0.338526055493786	1.0469358668999293	-2.875210634940524	-9.79983567420401	-2.796653962670554e-05	-3.661994322704783e-05	-0.13005390994749289
4510000.0	-5.5617033237354075e-06	-1.2514852632892974e-05	-0.33905432182375894	-1.8564819149917762	-1.8239544878243292	-9.798245416214655	-0.0004155152016193412	-0.0011273595609980862	0.4075134520429746
4520000.0	-5.8894390337698965e-06	-1.3709614043187974e-05	-0.33893622590651334	1.9588719454675074	-3.03263366292792	-9.801626570504743	0.00043936908870828795	0.0011650405612223357	-0.23744606331050547
4530000.0	-5.889352023670462e-06	-1.3662110406029378e-05	-0.3389228018501975	1.0429129574215115	-2.8830573450182935	-9.799835586355682	-2.7477454729678135e-05	-3.674907763502149e-05	-0.1310114379467286
4540000.0	-5.5661898840057695e-06	-1.2527095977020706e-05	-0.3394464601897095	-1.8771977448159956	-1.830182869904188	-9.798244748298204	-0.0004042765547317008	-0.0011314522832476428	0.4077741347938323
4550000.0	-5.893570301115251e-06	-1.3721522508847046e-05	-0.3393226366090816	1.9512608284539024	-3.0402595629488562	-9.801626003030783	0.0004276320791335211	0.0011692232649730188	-0.23836281405423046
4560000.0	-5.893372575110378e-06	-1.3673975276989182e-05	-0.3393035535824742	1.0390451606734814	-2.8906032686704672	-9.799835502241148	-2.6992839387285365e-05	-3.687866441152855e-05	-0.13193054906568394
4570000.0	-5.570356923794442e-06	-1.2538695274176195e-05	-0.33982279359060324	-1.8970800531625622	-1.8361756008427887	-9.798244109112286	-0.00039297642529583947	-0.001135438745213966	0.4080254991752935
4580000.0	-5.897393908154751e-06	-1.3732800439557324e-05	-0.33969347571407377	1.9439510049144129	-3.047592806781712	-9.80162545822523	0.0004158383344978533	0.0011732999495801613	-0.23924273289942408
4590000.0	-5.897090014668294e-06	-1.3685211492533822e-05	-0.3396689641622444	1.0353266818315372	-2.8978595088591246	-9.799835421775366	-2.6512406931814156e-05	-3.700856723720404e-05	-0.13281279702682022
4600000.0	-5.574217246236838e-06	-1.2549676900642522e-05	-0.34018396748349694	-1.9161628508367754	-1.8419411295762151	-9.798243497510002	-0.00038161646767298236	-0.0011393178018143906	0.40826784034872743
4610000.0	-5.900922371633158e-06	-1.3743473653337435e-05	-0.34004937898115584	1.936930575488152	-3.054644226857553	-9.801624935228165	0.00040398921931842393	0.0011772693669936548	-0.24008731365248087
