10000.0	1.0824115746587744e-06	5.148754372668649e-05	1.4761110403515982e-05	-0.013362296947320707	0.0014557893964205013	0.06791791780995081
20000.0	3.276323554504861e-06	4.0164279937889566e-06	1.0846746553559184e-05	0.0007334724959401866	-0.0008788938288963068	0.0005972785346765444
30000.0	6.928688297475539e-06	6.883819244210162e-05	7.91464827147399e-06	0.0007338186357567499	-0.000880013317220697	0.0005974217326138083
40000.0	1.4141275602907821e-05	8.182607783181781e-05	5.12039515541954e-06	-0.0239050635392593	0.0005640846473847762	0.11660157256677701
50000.0	2.121604445145267e-05	-7.606548178797491e-06	3.638191754322759e-06	0.0006812447332851433	-0.0008842645581935471	0.0008457211012647248
60000.0	4.4870048180103795e-08	2.8403693962298295e-08	4.0263632524806414e-06	0.014576501663973115	-0.002222695468114423	-0.09727658835952914
70000.0	4.4671545123192454e-08	3.2496998580546247e-08	4.117374662485644e-07	0.05467336189402341	0.0002614956546571502	-0.09727376675684311
80000.0	4.4544115409419243e-08	2.6527776409717578e-08	-4.654562497615761e-06	0.04372494178765834	-0.000580493788252488	-0.09728756825174123
90000.0	4.458158006207305e-08	2.7914521667665546e-08	-9.843408375707815e-06	0.01225805503308973	-0.0025161257003925614	-0.09727631168651339
100000.0	4.439680400112262e-08	3.177508080735741e-08	-1.8577847073736057e-05	0.0539236658405383	0.0002611763254379626	-0.09727360752537828
110000.0	4.41739698231054e-08	2.5575420558497226e-08	-2.8247443085428925e-05	0.04361371344169656	-0.00042715925926274786	-0.09728749258270172
120000.0	4.409182410414079e-08	2.6922275106839167e-08	-3.719476020322057e-05	0.01056929454230036	-0.0028955540383368158	-0.09727630054643373
130000.0	4.392463072860828e-08	3.056575675696474e-08	-4.918537850039948e-05	0.05310848135902821	0.0002813853566086933	-0.097273742234565
140000.0	4.3611817426868175e-08	2.4237797427346227e-08	-6.180409644719143e-05	0.04355284436572005	-0.00029348792393042017	-0.0972878334073776
150000.0	4.345608283230599e-08	2.5514169673335795e-08	-7.325065288599045e-05	0.008824857880874377	-0.0028763504685305756	-0.09727622218080827
160000.0	4.329207636431139e-08	2.9052181862048078e-08	-8.758877409522251e-05	0.05247894909222912	0.00031630559131113684	-0.09727380904964272
170000.0	4.29503469638366e-08	2.2617799591610307e-08	-0.00010179406692646869	0.04288353252333717	-0.0006581748450093123	-0.09728731990660425
180000.0	4.277118404245541e-08	2.3851461204798373e-08	-0.00011495409042755617	0.007773845591079294	-0.0024469481186178456	-0.09727587802199468
190000.0	4.2616685652259103e-08	2.7368541054768562e-08	-0.00013048755003414034	0.05184003827070306	0.0003490176705433878	-0.09727396152179268
200000.0	4.2247092486271044e-08	2.0899526987095638e-08	-0.0001452759657607311	0.04216413949085669	-0.0010250414330447014	-0.09728774969378494
210000.0	4.201824898580272e-08	2.2061828819989012e-08	-0.00015924520641428293	0.007660279962550753	-0.002190025171023085	-0.09727632076142362
220000.0	4.186066053149674e-08	2.555092149561268e-08	-0.00017525234710268677	0.05122390942661683	0.0003452098362596062	-0.097274206718456
230000.0	4.146508314369225e-08	1.9120200052497427e-08	-0.0001899876010752417	0.04121058202791172	-0.0015209372091156484	-0.09728740606807242
240000.0	4.12336611771037e-08	2.0265969334281226e-08	-0.00020439472315906678	0.007246205071068756	-0.0018407750619023374	-0.09727662018160504
250000.0	4.116515310485948e-08	2.3740365659072985e-08	-0.00022051816073175926	0.050570872386056384	0.0003407909215106324	-0.09727333085577967
260000.0	4.0720563799479956e-08	1.7378351341816153e-08	-0.00023486716221924865	0.0401402692205199	-0.00207410024554885	-0.0972875546827448
270000.0	4.044949073501993e-08	1.842344474733454e-08	-0.00024953559409154034	0.006813516732749072	-0.0015107832952262375	-0.0972764785215258
280000.0	4.044418623279049e-08	2.1971842928363435e-08	-0.00026557055309859245	0.050071218629087165	0.0003053753390714036	-0.09727365945026256
290000.0	3.994933934466687e-08	1.5568121208779665e-08	-0.0002794799700580787	0.03929782658730793	-0.002518918454919989	-0.09728733837643605
300000.0	3.968097894643939e-08	1.6660737574122953e-08	-0.0002942316624718748	0.006154337013076311	-0.001118853826376415	-0.09727639621062928
310000.0	3.972502505943927e-08	2.0238485357594366e-08	-0.0003101040024185472	0.04952210212184754	0.00027432447829147234	-0.09727366619929532
320000.0	3.921610285346386e-08	1.3832711146910969e-08	-0.0003236160477320141	0.03879606869450106	-0.0028040440702262613	-0.09728754871819183
330000.0	3.892360354499647e-08	1.4861301824896292e-08	-0.0003382690998451563	0.0060918149836760825	-0.0009895642217818514	-0.09727662237629416
340000.0	3.8994240948973967e-08	1.8488455740976795e-08	-0.00035395804871786256	0.04897700443979297	0.00024367509934764754	-0.0972737102546708
350000.0	3.8439623570143814e-08	1.2099966073861422e-08	-0.00036698810048701124	0.03805323041559647	-0.003207111288961365	-0.09728760581631793
360000.0	3.8197216206862344e-08	1.3136966774019215e-08	-0.00038160934622797287	0.005815996804014918	-0.0008261095767324421	-0.09727628042031448
370000.0	3.8302300481594556e-08	1.6730247168998277e-08	-0.0003971244444683621	0.048379581745102894	0.00024138796163932237	-0.09727303113206158
380000.0	3.7745350527312265e-08	1.0415427145590723e-08	-0.00040989037012649455	0.036460938686227656	-0.0033332434094929496	-0.09728749114392128
390000.0	3.744046905956578e-08	1.1381672333395249e-08	-0.0004243012955775264	0.005870197266864924	-0.0009048937410671518	-0.09727648707728655
400000.0	3.761862282380737e-08	1.5080822419953963e-08	-0.0004396225224125018	0.047932958335934854	0.0001841011229063837	-0.09727334573527671
410000.0	3.700412414287495e-08	8.771425178737416e-09	-0.0004521473083203219	0.035237161603998875	-0.003451911188375632	-0.09728762828842095
420000.0	3.673481120207413e-08	9.680630295473491e-09	-0.0004663283766784218	0.005974577417046304	-0.000996001145738068	-0.09727677190975158
430000.0	3.6907900777459563e-08	1.3440211429397643e-08	-0.00048147087546514527	0.04742565679110606	0.0001586028452603374	-0.09727305482131245
440000.0	3.627037479250834e-08	7.144485938871112e-09	-0.0004937232310750505	0.03467166403027911	-0.0035887644284533183	-0.09728749418319659
450000.0	3.6034177495768255e-08	7.967978278624687e-09	-0.0005076914351287718	0.0060576224428300265	-0.0010974436595026858	-0.09727639673594737
460000.0	3.6273191693782e-08	1.1816024304183793e-08	-0.0005226658716052119	0.046925320934981966	0.00014165153207669498	-0.09727279145293052
470000.0	3.558871853886867e-08	5.466832448298889e-09	-0.0005346672949228703	0.03359318424525888	-0.0037233117108560073	-0.09728704073674224
480000.0	3.532506164567405e-08	6.309275935083684e-09	-0.0005484028285256391	0.0061266451390236	-0.0012091552345604318	-0.0972765569365859
490000.0	3.5657310927393695e-08	1.021127329573674e-08	-0.0005632105259950805	0.046438360751197554	0.00012944728957413521	-0.09727300444411324
500000.0	3.4898917267562564e-08	3.935079402317787e-09	-0.000574952394406651	0.03260655282421391	-0.0038670107507213737	-0.09728752706659316
510000.0	3.458916300159932e-08	4.71473548517998e-09	-0.0005884275622658405	0.006319962779685085	-0.0013329871928382648	-0.09727682875986894
520000.0	3.494329995829014e-08	8.592227122710697e-09	-0.0006030870456455177	0.04590739427406564	0.0001706795891652834	-0.09727326871234063
530000.0	3.421240993106712e-08	2.3634508777503776e-09	-0.0006145913590699776	0.03165199092553138	-0.004017634462857389	-0.0972875682938606
540000.0	3.3940739412700107e-08	3.0824671527403256e-09	-0.0006278307421677094	0.006372930747678001	-0.0014626347123393938	-0.0972769973843451
550000.0	3.4387212787496686e-08	7.035242702282869e-09	-0.0006423458943939302	0.045442948878993264	0.00017542054016964396	-0.09727296536247054
560000.0	3.348315819482689e-08	8.074333068957707e-10	-0.0006536008565011217	0.03041392191093709	-0.004167722781822881	-0.0972874681804374
570000.0	3.3300724375024254e-08	1.490951216765536e-09	-0.000666615861006917	0.006409334966836107	-0.0016024541139271079	-0.09727713061860563
580000.0	3.371365190536663e-08	5.5730980424669765e-09	-0.0006809601835975356	0.04506953097713168	0.0001157658550282717	-0.09727293979715007
590000.0	3.285023245584807e-08	-6.967661546691912e-10	-0.000691999829426074	0.029549603408134555	-0.004332849027981513	-0.09728732337350486
600000.0	3.259347908298245e-08	-4.5453561698083345e-11	-0.0007047906480733228	0.006350240254941987	-0.0017486035173515952	-0.09727687880501988
610000.0	3.3145353907188096e-08	4.108618666839286e-09	-0.0007189970124826418	0.04463517717998616	0.0001200552221652617	-0.0972730230275112
620000.0	3.216807676424486e-08	-2.206396758927571e-09	-0.0007297690781107308	0.02932518679393054	-0.004515673577103019	-0.09728706571214661
630000.0	3.1923386185070893e-08	-1.6095011689964321e-09	-0.0007423326219927446	0.0065195500138862245	-0.0019055779334012943	-0.09727698572066901
640000.0	3.25257919871614e-08	2.5511635398269023e-09	-0.0007564458916030001	0.044145819839804375	0.00020355935460021607	-0.09727286759540976
650000.0	3.152572095984317e-08	-3.6655378594634e-09	-0.0007670019493453338	0.028234680146038454	-0.004687073307738633	-0.09728756981272202
660000.0	3.130665967685664e-08	-3.059051806718504e-09	-0.0007793585034113142	0.006444672096055335	-0.00206792694655716	-0.09727724256380751
670000.0	3.194779956532036e-08	1.1558213647402064e-09	-0.0007933217664382163	0.043810439193373386	0.0001382951983786804	-0.09727256859854072
680000.0	3.090964966546052e-08	-5.110253535677918e-09	-0.0008036493407884906	0.028065581163335428	-0.004881145726072512	-0.09728715132152958
690000.0	3.0615484837855844e-08	-4.563047816572621e-09	-0.0008158097487103845	0.006597593578742639	-0.002240842303878699	-0.09727713766563625
700000.0	3.1346813572965854e-08	-3.0896125557146966e-10	-0.0008297056088574564	0.04333731780471059	0.00024167051760962493	-0.09727264124041404
710000.0	3.024250483970894e-08	-6.548288204676693e-09	-0.0008398322305696316	0.027055875254223753	-0.0050675655538182296	-0.09728745500717553
720000.0	2.9996001484040144e-08	-6.064465084090016e-09	-0.0008517954721230442	0.006612057642167746	-0.002421886314255602	-0.09727746745766651
730000.0	3.080757397458347e-08	-1.705649801610836e-09	-0.0008656098585639067	0.04292778105717512	0.0002883946324019579	-0.09727245276068955
740000.0	2.9632981910226034e-08	-7.949848741228725e-09	-0.0008755439744403998	0.02640781045422445	-0.005269785068209256	-0.097287332466948
750000.0	2.9357403260152613e-08	-7.5139077575543e-09	-0.0008873117896969247	0.0065193054073019565	-0.002609416568825458	-0.09727730483773014
760000.0	3.0190890635669276e-08	-3.0151327149830886e-09	-0.0009010149754869103	0.0426140776065684	0.00022791119198480026	-0.09727249925589111
770000.0	2.8974832089017888e-08	-9.458689942001508e-09	-0.0009107365912470554	0.026295614879714047	-0.005485136587237806	-0.09728719792215723
780000.0	2.8763650293850357e-08	-8.921225798538842e-09	-0.0009223084066345526	0.00666581111858199	-0.002806904828231567	-0.09727762269983682
790000.0	2.9636887518568502e-08	-4.389169978621794e-09	-0.0009359707884303301	0.04223747974998489	0.0002641472230589201	-0.0972725982283223
800000.0	2.8367283599932862e-08	-1.0858220803004344e-08	-0.0009454954667653591	0.025749984184891925	-0.005701463161162034	-0.09728782038459452
810000.0	2.814848675445225e-08	-1.028402228636428e-08	-0.0009568952763055714	0.0066603439819027865	-0.003011383390614823	-0.0972771916970083
820000.0	2.9134857268030387e-08	-5.792978352118002e-09	-0.0009704871349732846	0.04179765335555619	0.00040630597968590833	-0.09727186132952566
830000.0	2.7728689560877216e-08	-1.2144609881936022e-08	-0.0009798320820145687	0.025200126924082848	-0.005924096061202372	-0.09728711287444132
840000.0	2.7555754634127636e-08	-1.1686652828637856e-08	-0.0009910412661206208	0.006666390476135124	-0.003224403138737744	-0.0972774417468483
850000.0	2.8604045202325086e-08	-7.110403733547898e-09	-0.0010045775255310325	0.04142075614530892	0.00047595323788221283	-0.09727161374803098
860000.0	2.718801477865539e-08	-1.3531403064367354e-08	-0.0010137329725949345	0.02436436224106139	-0.006146016648221449	-0.09728739575963631
870000.0	2.69045124202735e-08	-1.3104619729742136e-08	-0.0010247715592745445	0.006659130742900259	-0.0034444851447086116	-0.09727752017531799
880000.0	2.802866740424171e-08	-8.358628968414262e-09	-0.0010382079613106394	0.041154101947327326	0.0003979728448074433	-0.09727158291607925
890000.0	2.65723028723344e-08	-1.4858108401846457e-08	-0.001047161059075666	0.024356876562238807	-0.00638000404015891	-0.09728698955292174
900000.0	2.6344051767402696e-08	-1.4446438008133933e-08	-0.0010579682947775891	0.006736162973324921	-0.0036460328978366063	-0.09727722798998112
910000.0	2.7563456058276743e-08	-9.689627395150872e-09	-0.0010711058910183844	0.0402580309075252	0.0001915741557674162	-0.09727193994689262
920000.0	2.600953063156643e-08	-1.623229374279959e-08	-0.001079918616259285	0.024239660386728597	-0.006432737916675072	-0.09728808343862179
930000.0	2.578153301478923e-08	-1.5777296104178046e-08	-0.001090527935345353	0.00684067067379627	-0.0037964790931006576	-0.09727744661036639
940000.0	2.7027026933523047e-08	-1.090325941234024e-08	-0.0011033818215764287	0.0394589237835883	-7.524618466858749e-05	-0.09727141026755014
950000.0	2.540056932940385e-08	-1.7519374129099087e-08	-0.00111209243864967	0.02389455168681071	-0.0064117930938611045	-0.09728756825831454
960000.0	2.519821361525366e-08	-1.7090746475165772e-08	-0.0011225551881650332	0.0068674014282548304	-0.003921048362544902	-0.09727722688347372
970000.0	2.6471441308354864e-08	-1.2088271403933877e-08	-0.0011351921568621452	0.03900667943191259	-0.00029009802992785726	-0.09727137554704714
980000.0	2.486357161704558e-08	-1.8794228072619012e-08	-0.0011437665927434644	0.024091070910586126	-0.006540673971856384	-0.09728778309017289
990000.0	2.468997082113717e-08	-1.8344554954273297e-08	-0.0011540750348832064	0.0070685945567139485	-0.0040913459549999235	-0.09727768325016108
1000000.0	2.5986589177063722e-08	-1.3293505294041192e-08	-0.001166504717907055	0.038252624820933424	-0.0005348846858482427	-0.09727135161955218
1010000.0	2.4327924325800003e-08	-2.007057350145e-08	-0.0011750127158563154	0.02399825125040692	-0.00660736687434705	-0.09728801795057472
1020000.0	2.4092909108891545e-08	-1.960279442022911e-08	-0.001185192070597786	0.007168026605784229	-0.004241802180843308	-0.09727762212625232
1030000.0	2.5492977759147364e-08	-1.4520688220568039e-08	-0.00119735939722697	0.03732555880948572	-0.0007776315153739614	-0.09727087142021422
1040000.0	2.3725808310780083e-08	-2.1308949325218743e-08	-0.0012058476952145247	0.023678849086233356	-0.006613905203371483	-0.09728781501019362
1050000.0	2.3543941029885526e-08	-2.0882457775977208e-08	-0.0012159362425994743	0.007247449838019234	-0.004389347992352932	-0.09727718179405342
1060000.0	2.4990262540703493e-08	-1.5638172990132152e-08	-0.0012278811419832098	0.036610350158019604	-0.0009986399076149955	-0.09727079634754525
1070000.0	2.3238970415543896e-08	-2.2531681640240514e-08	-0.001236319503559313	0.02357362575923506	-0.006688095474368719	-0.09728803751989125
1080000.0	2.3035052317059842e-08	-2.2136833902566377e-08	-0.0012462797713961174	0.007343936386379023	-0.004548031322822547	-0.09727760837343656
1090000.0	2.4506131816643437e-08	-1.6812475323423247e-08	-0.0012580895383847751	0.03622823183665844	-0.0011918684564769287	-0.09727072542842939
1100000.0	2.2677790486934236e-08	-2.3764706052031203e-08	-0.0012664113334991953	0.023458536615636162	-0.006764253431915017	-0.09728848029400738
1110000.0	2.24632697082546e-08	-2.3332692939479426e-08	-0.001276262393242448	0.007357716551316428	-0.00468782896308966	-0.09727714025190931
1120000.0	2.4046645013340398e-08	-1.792519406511404e-08	-0.001287881175334107	0.03555876280496531	-0.0014058076366245695	-0.0972711804498999
1130000.0	2.2131575082920766e-08	-2.5013921094938457e-08	-0.0012961377778157408	0.02370252080286467	-0.006938775641052758	-0.09728847958549061
1140000.0	2.1946479518934306e-08	-2.457727546211784e-08	-0.0013058860991637619	0.00743539880412537	-0.004847907813763471	-0.09727733290703991
1150000.0	2.357278202436599e-08	-1.9051357391019248e-08	-0.0013173259630494055	0.03492738411334803	-0.001624924929867037	-0.0972704385320868
1160000.0	2.1651604782709726e-08	-2.614352426700215e-08	-0.0013255229181677387	0.02361506034087283	-0.007035936078547743	-0.09728827469954185
1170000.0	2.143313034972417e-08	-2.5746987958127523e-08	-0.0013351701132078145	0.007518679611787965	-0.005014828487572556	-0.09727734500807557
1180000.0	2.3044534597706178e-08	-2.0184630428280355e-08	-0.0013464433901323842	0.034296541425941726	-0.0018271554556317873	-0.09727062948344824
1190000.0	2.112604836192669e-08	-2.7359144829037047e-08	-0.0013545687806306645	0.023570143777266295	-0.007156745138166386	-0.09728891274109996
1200000.0	2.0920784780844985e-08	-2.6916477799202136e-08	-0.0013640870687444224	0.007723403124636424	-0.0052110876210351865	-0.09727740082487135
1210000.0	2.262655925434609e-08	-2.1284062871024087e-08	-0.0013751736109287563	0.033492422103897614	-0.0020150469036330897	-0.09727035537968327
1220000.0	2.060161014190749e-08	-2.8491841692390586e-08	-0.001383288870041767	0.023501256987344676	-0.007271601781142394	-0.09728856501914254
1230000.0	2.0425098995257804e-08	-2.8124062690914926e-08	-0.001392714070826235	0.007805242025701526	-0.005384752656640263	-0.09727740439351865
1240000.0	2.2175529738689937e-08	-2.2372701146973413e-08	-0.0014036542272347135	0.03289635698247886	-0.002202960266779497	-0.09726999444318497
1250000.0	2.008584105457241e-08	-2.9677832938306103e-08	-0.001411697171808014	0.023232315490156332	-0.007340238218925043	-0.0972887087671083
1260000.0	1.9933341575129985e-08	-2.9296125818594213e-08	-0.0014210154765316044	0.007900621066077636	-0.005566831414877847	-0.09727754296020157
1270000.0	2.168635495347441e-08	-2.3426268754778523e-08	-0.0014318461382255932	0.03262494491366727	-0.002393099754909979	-0.09727039618926363
1280000.0	1.9581963044883446e-08	-3.081325324742599e-08	-0.0014397763288653857	0.023479756062510508	-0.0075333443018350986	-0.09728872262863789
1290000.0	1.9421835747709322e-08	-3.041132975684087e-08	-0.001449019834453405	0.007898451184826832	-0.0057241507659066574	-0.09727713466600524
1300000.0	2.1207946767547256e-08	-2.450486803900655e-08	-0.001459719548269275	0.03205535704649242	-0.002571847718277229	-0.09727000982340282
1310000.0	1.9089805756404735e-08	-3.194676680142503e-08	-0.0014676082052535692	0.023423405775740085	-0.007666112984956353	-0.09728917664330243
1320000.0	1.8898612329609023e-08	-3.153925431550178e-08	-0.0014767354769744535	0.008104468466577365	-0.005932730257769774	-0.09727752639537786
1330000.0	2.0792901582817683e-08	-2.5517740459291804e-08	-0.0014873424251249428	0.03150346958555612	-0.002750095735323665	-0.09727006545528369
1340000.0	1.8627547065935947e-08	-3.3064388451858066e-08	-0.001495168933593527	0.02340853017729472	-0.007818530775305182	-0.09728913322593365
1350000.0	1.8419955112735262e-08	-3.267387728114223e-08	-0.001504222688410709	0.008183665153372781	-0.006118880288009346	-0.0972774540693062
1360000.0	2.036087464417842e-08	-2.6587092478250176e-08	-0.001514665528582388	0.030774638607977862	-0.0028977427108830825	-0.09726969004691492
1370000.0	1.8124908738102273e-08	-3.415927582664963e-08	-0.0015224687026048254	0.02316538392544265	-0.007915753203247508	-0.09728910300093752
1380000.0	1.7933118020862634e-08	-3.37403216148527e-08	-0.0015314315824467451	0.008278186062520773	-0.006313657191423108	-0.09727714590995308
1390000.0	1.9924948151389915e-08	-2.7610859561418843e-08	-0.0015417971853943296	0.03053054767780456	-0.003072098323662517	-0.09726953961363533
1400000.0	1.760921665173736e-08	-3.5255693726715795e-08	-0.0015495221131867727	0.02310465254506507	-0.008058574315593063	-0.0972892887874194
1410000.0	1.7474563394169378e-08	-3.491221690741907e-08	-0.0015584141213478434	0.008279203679384546	-0.006487186149356542	-0.09727793500222448
1420000.0	1.947864869680948e-08	-2.8609889186656604e-08	-0.0015686693994207115	0.030038062878060497	-0.0032494633851054134	-0.09726955081989865
1430000.0	1.7160085970295412e-08	-3.635513839987383e-08	-0.0015763318474999158	0.023387676071294466	-0.008282211905179615	-0.09728956800099849
1440000.0	1.6956086319589062e-08	-3.597960041971966e-08	-0.0015851678194918732	0.008349785216386928	-0.006680645025712373	-0.09727732544810092
1450000.0	1.907693252073594e-08	-2.9635603484732664e-08	-0.0015953337614137465	0.029535145570171405	-0.0034091960031060325	-0.0972691637941661
1460000.0	1.6676971634119194e-08	-3.744123122823214e-08	-0.0016029386836903879	0.023392827051838372	-0.008457597698522999	-0.09728944597322536
1470000.0	1.6494186613128586e-08	-3.70610001499836e-08	-0.001611672945764344	0.00855684597882047	-0.0069032851166718244	-0.09727723678625705
1480000.0	1.8614648265331068e-08	-3.0640214016530626e-08	-0.0016217835006521373	0.029046270830109324	-0.0035676819896635183	-0.09726926215221827
1490000.0	1.617353627910052e-08	-3.850790390824088e-08	-0.00162934791551033	0.02336386805288467	-0.008623659898316751	-0.09728935179081574
1500000.0	1.6024012945018803e-08	-3.814352159682922e-08	-0.0016380155016579349	0.00863515332199531	-0.00710619025721143	-0.09727717687983736
1510000.0	1.8207395796733794e-08	-3.16494504601379e-08	-0.0016479944747441423	0.028381280808885828	-0.0036840329180279456	-0.09726933043518549
1520000.0	1.5759516390355377e-08	-3.9587587364583734e-08	-0.001655551755723102	0.023343902598880167	-0.008797660643255198	-0.0972894284846125
1530000.0	1.556862445617543e-08	-3.9193204069095844e-08	-0.0016641321587455738	0.008728909538884468	-0.00731798069139407	-0.0972776619135732
1540000.0	1.777945371104768e-08	-3.264033821619084e-08	-0.0016740272862687062	0.02790245747193434	-0.003821913181255078	-0.0972685525014022
1550000.0	1.524816463675372e-08	-4.062373401779451e-08	-0.0016815348226041722	0.023126392157065127	-0.008927888258357384	-0.0972899322775339
1560000.0	1.50747970001875e-08	-4.024408787237634e-08	-0.001690052871274458	0.00872897323372265	-0.007509830198110998	-0.09727774663079
1570000.0	1.7333059002473888e-08	-3.3618102787454234e-08	-0.0016998875213554468	0.0277564214418538	-0.004021828783591973	-0.09726872321465377
1580000.0	1.4771758199773753e-08	-4.169459010833009e-08	-0.001707295836470609	0.02339994399830814	-0.009161450615647082	-0.0972898999058739
1590000.0	1.4628632033160026e-08	-4.1310423660560685e-08	-0.0017157755103800155	0.00879741818868545	-0.007717083862080285	-0.0972770831040806
1600000.0	1.6909691859297883e-08	-3.4566149885356196e-08	-0.0017255526965395329	0.027307749072873623	-0.004163760864826991	-0.09726877986295747
1610000.0	1.4368870583091708e-08	-4.2721278960410384e-08	-0.0017329283428883624	0.023385257892967914	-0.009345618316157852	-0.09728980498384598
1620000.0	1.4168201685109538e-08	-4.2352126169688626e-08	-0.0017413525143439362	0.00887497513081464	-0.007932608129957178	-0.09727741043331042
1630000.0	1.655114774400729e-08	-3.552423673357131e-08	-0.0017510714190301228	0.026870656707344613	-0.004304504636896597	-0.09726868127048138
1640000.0	1.3880615666812439e-08	-4.37947827688469e-08	-0.00175838872083377	0.023415467899413	-0.009550291777906242	-0.09729018818818204
1650000.0	1.3743108541800574e-08	-4.3390860132684286e-08	-0.0017667164086288718	0.009084575953551428	-0.008172408604281032	-0.09727780248741599
1660000.0	1.6111997258624644e-08	-3.647762059638413e-08	-0.0017764130735024761	0.026444828822132314	-0.004444368650554706	-0.09726834857319946
1670000.0	1.3452988156510153e-08	-4.4803032162111205e-08	-0.0017836937793324745	0.02340729021583314	-0.009744748830930704	-0.0972903568760094
1680000.0	1.3284516744556913e-08	-4.441794688250736e-08	-0.0017919416898305837	0.009179623907665363	-0.008399487377341579	-0.0972773592580879
1690000.0	1.5745184789119444e-08	-3.746686180358031e-08	-0.001801531529882575	0.02582803245898844	-0.004515754686859504	-0.09726863823365507
1700000.0	1.303030398028714e-08	-4.5826786536235736e-08	-0.0018088016910223666	0.023214279529790407	-0.00990147647195571	-0.09729009987156172
1710000.0	1.2781615036204456e-08	-4.546640664774665e-08	-0.0018170042051902546	0.0092595041320739	-0.008623658265704076	-0.09727767864629865
1720000.0	1.5265062759735192e-08	-3.840858156046615e-08	-0.0018265715821688556	0.025699858769896236	-0.004701911230892364	-0.09726808530724307
1730000.0	1.254065564716978e-08	-4.6815944850795854e-08	-0.0018337817569407844	0.023189536179184306	-0.010095777227102854	-0.09729025845625092
1740000.0	1.2400249406664403e-08	-4.644461112723817e-08	-0.0018419324049481717	0.00925497544680584	-0.008833763219398896	-0.09727768737550842
1750000.0	1.49428848225947e-08	-3.9318825698655304e-08	-0.001851442944896661	0.02532637924324698	-0.004849298611029104	-0.09726817904735585
1760000.0	1.2064652284559442e-08	-4.783427342298006e-08	-0.0018585914774056384	0.023494362428390595	-0.010357006708369584	-0.09729011923757533
1770000.0	1.192299636190971e-08	-4.7429146791740934e-08	-0.00186671573722991	0.009322448137092472	-0.009059839366894147	-0.09727758051528422
1780000.0	1.4508087077781892e-08	-4.0261006168809214e-08	-0.0018761951896117024	0.024931921849351536	-0.004973979820204114	-0.09726828928605052
1790000.0	1.1618019228276673e-08	-4.88828295707042e-08	-0.0018832939045985825	0.023539778633121147	-0.010581152313953164	-0.09729041417873362
1800000.0	1.1487394893090528e-08	-4.848032165899711e-08	-0.0018913316430123337	0.009533851914280429	-0.009312519843718002	-0.09727774647347281
1810000.0	1.4133042633060724e-08	-4.1230088269897686e-08	-0.00190077157250943	0.024363809488984395	-0.005038820966798558	-0.09726806018998069
1820000.0	1.119276046544657e-08	-4.985064408418455e-08	-0.0019078731833359988	0.023549692536193777	-0.010796531391704929	-0.09729055596651089
1830000.0	1.1083284096849868e-08	-4.9491482580299464e-08	-0.001915845608069364	0.00962910280379358	-0.009554270192321811	-0.09727721547259557
1840000.0	1.3700502850863726e-08	-4.2127034491604464e-08	-0.0019252548184924812	0.023971247973474497	-0.005142966506186132	-0.09726755484699486
1850000.0	1.0748042172331043e-08	-5.083923867569457e-08	-0.0019323215237989314	0.023366497524343437	-0.010974117338582069	-0.09729074095549041
1860000.0	1.0591771999727489e-08	-5.048735546544404e-08	-0.001940255637251073	0.009709228150793371	-0.00979378720599262	-0.09727727535420416
1870000.0	1.3324650996913455e-08	-4.305584736772437e-08	-0.0019496578678681845	0.023879669425717478	-0.005332092883368614	-0.09726775491593814
1880000.0	1.031427081663664e-08	-5.183125394451944e-08	-0.00195667127850804	0.023375449313697096	-0.011199730005189422	-0.09729084689787292
1890000.0	1.0147060716899089e-08	-5.1460119800151765e-08	-0.0019645451112530556	0.009717593696316272	-0.01002605735800254	-0.09727736244170741
1900000.0	1.2944055660098253e-08	-4.3959758688166684e-08	-0.0019738945536226997	0.023545447713698993	-0.005461032807198685	-0.09726710226922577
1910000.0	9.902901363681308e-09	-5.2825470996134624e-08	-0.001980810187562573	0.02370191760999432	-0.011472021413669493	-0.09729088252156247
1920000.0	9.729331140543035e-09	-5.2465242041335464e-08	-0.00198858377315101	0.009928622329489864	-0.010282268359402564	-0.09727778980333134
1930000.0	1.2543731058446372e-08	-4.4843050722984015e-08	-0.0019978784449926706	0.023228059475973614	-0.005603565266311842	-0.09726734751754362
1940000.0	9.46742626117043e-09	-5.379782868371341e-08	-0.002004686540241133	0.023675371276506835	-0.011731958067650435	-0.0972912007015654
1950000.0	9.315648242074753e-09	-5.339670958938984e-08	-0.002012341292515203	0.009995677347697456	-0.010533323449084806	-0.09727752817293808
1960000.0	1.2111047194189113e-08	-4.569933884507313e-08	-0.0020215801731844384	0.022692043974268154	-0.0057564202009139556	-0.09726723695453324
1970000.0	9.077571012853608e-09	-5.4724864652182664e-08	-0.002028272305065377	0.023980878489786615	-0.011987703448711345	-0.09729108495714851
1980000.0	8.904918007251639e-09	-5.4364317659251746e-08	-0.0020358424616488038	0.010111183770805674	-0.01077994197874999	-0.09727721251817759
1990000.0	1.1706403599620467e-08	-4.6551251651034495e-08	-0.0020450484968192583	0.022232229680215893	-0.005904701041092884	-0.09726719677599226
2000000.0	8.593445371095916e-09	-5.568172877122287e-08	-0.002051652306249903	0.024086173173836004	-0.012239306533822537	-0.09729130755118982
2010000.0	8.465590700387683e-09	-5.5291265849361186e-08	-0.0020591351934596343	0.010323404538564866	-0.011019175369710057	-0.0972771986951902
2020000.0	1.1286039215925249e-08	-4.747400587450592e-08	-0.002068329699126919	0.021740215313963165	-0.006048771323434882	-0.09726715881237853
2030000.0	8.21726620700912e-09	-5.666897212455858e-08	-0.0020748553018058256	0.024212839691696852	-0.012489845783896461	-0.09729148761624702
2040000.0	8.07688553932467e-09	-5.626547883723564e-08	-0.0020822692945625843	0.010442789665353867	-0.011260125308911451	-0.09727724711171065
2050000.0	1.0929773699259683e-08	-4.8303069126391905e-08	-0.0020914518902641027	0.021253647822470873	-0.0061931178758090856	-0.0972672048118901
2060000.0	7.812532988792034e-09	-5.75989765249409e-08	-0.002097905842241669	0.024320114018565837	-0.012738475034561254	-0.09729105996377939
2070000.0	7.658342972865405e-09	-5.718770318633125e-08	-0.002105254513623446	0.010570830280076006	-0.011500601786014284	-0.09727711129778843
2080000.0	1.0556427212981543e-08	-4.921447756705064e-08	-0.0021144279312336534	0.0204857345816299	-0.00632497595917799	-0.09726734418664869
2090000.0	7.3430493746388004e-09	-5.854625960027139e-08	-0.0021208154003821383	0.02430729229333155	-0.012984880608519546	-0.09729167004426444
2100000.0	7.279082643068525e-09	-5.81526447874511e-08	-0.002128104230880659	0.010634409603316724	-0.0117412481714848	-0.09727749156599033
2110000.0	1.0163549851001099e-08	-5.0030756803154194e-08	-0.0021372647668803572	0.020485064828833797	-0.006483566087905668	-0.09726693259539299
2120000.0	6.963406735751212e-09	-5.945394800543493e-08	-0.002143589674503959	0.024603518748647763	-0.013233222678983601	-0.09729187255655079
2130000.0	6.840405354719022e-09	-5.906172536621809e-08	-0.0021508250676031157	0.010843565656599554	-0.01197905154557112	-0.09727722047214307
2140000.0	9.768098257163681e-09	-5.08362534201217e-08	-0.0021599966367463323	0.020021107814639328	-0.006628922026693212	-0.09726624095145386
2150000.0	6.5709551620934975e-09	-6.040425695453087e-08	-0.0021662635646777784	0.024731169242332363	-0.013482807801451675	-0.09729195133610953
2160000.0	6.457369145545924e-09	-6.001779282207486e-08	-0.0021734465559495493	0.01097112890152984	-0.012221401814593675	-0.09727803197161736
2170000.0	9.371440067585893e-09	-5.1721087526129904e-08	-0.0021826207870724525	0.019252458693396392	-0.006764065428091592	-0.09726646931756813
2180000.0	6.200760660207607e-09	-6.131832015687224e-08	-0.0021888334203352174	0.024717104724190912	-0.013731938352855987	-0.09729206054430722
2190000.0	6.071376730244325e-09	-6.090618741033534e-08	-0.002195966574604077	0.011091092522345431	-0.012464684831151564	-0.09727722191510867
2200000.0	9.028230786932102e-09	-5.2533113898210087e-08	-0.002205146821410919	0.01879898677028263	-0.006912416619165757	-0.09726622274623141
2210000.0	5.781026569896063e-09	-6.220659567017154e-08	-0.0022113039951567755	0.024824613376884474	-0.013982424716493056	-0.09729211357289592
2220000.0	5.656318323894441e-09	-6.184951207102255e-08	-0.0022183861778931196	0.01120929746807117	-0.012708460910540993	-0.09727752235868167
2230000.0	8.623676732628446e-09	-5.337681877000555e-08	-0.00222756202057432	0.018789969372970127	-0.007074323865411267	-0.09726626708609168
2240000.0	5.383065766625178e-09	-6.318473220668427e-08	-0.002233660695423867	0.025121878907520906	-0.014233703893816379	-0.09729244110400126
2250000.0	5.246231602484297e-09	-6.27178375741773e-08	-0.0022407013475803455	0.011263300194286589	-0.012953545958625405	-0.09727778658769543
2260000.0	8.280408529971498e-09	-5.421414658949374e-08	-0.002249882106582918	0.018394513208141373	-0.007227321059528736	-0.09726577682699733
2270000.0	4.992457590418951e-09	-6.404079002959512e-08	-0.00225592628388084	0.025251236223686985	-0.014487362313430199	-0.09729216454820618
2280000.0	4.834139047734847e-09	-6.362714858504408e-08	-0.002262909733901339	0.011478212101801704	-0.013197458703166243	-0.09727702677647215
2290000.0	7.849412304086425e-09	-5.502853780960946e-08	-0.0022721050667030922	0.017680951481304615	-0.00736715493451768	-0.09726588899632059
2300000.0	4.588853297643635e-09	-6.495317250538552e-08	-0.0022780972182449054	0.025361487851555592	-0.014741783723356617	-0.09729245350470611
2310000.0	4.502635101917986e-09	-6.454023879949514e-08	-0.0022850327990011654	0.011607737742930908	-0.013445489660775642	-0.0972772588472399
2320000.0	7.528546267990334e-09	-5.5873664225649604e-08	-0.0022942361989612674	0.017228355441636728	-0.007522773803846813	-0.09726587047427304
2330000.0	4.203485650208094e-09	-6.585034262143813e-08	-0.002300177230719295	0.025345246285703775	-0.014995666674216802	-0.09729241206467773
2340000.0	4.0986215094499935e-09	-6.540805556219019e-08	-0.00230706626076745	0.011666564436003932	-0.013694410076945898	-0.09727721754721173
2350000.0	7.180448442542889e-09	-5.6671124575464025e-08	-0.002316269977374647	0.017229406754135895	-0.007690250441678936	-0.09726514637872781
2360000.0	3.8011113101140535e-09	-6.674813001305499e-08	-0.0023221679475346575	0.025440241127810813	-0.015251726234672714	-0.09729246480069774
2370000.0	3.707798945047045e-09	-6.633132368978041e-08	-0.0023290109626214225	0.011784021651092824	-0.013944655923749253	-0.09727721603597189
2380000.0	6.762641470486023e-09	-5.746915067394789e-08	-0.002338224268919853	0.01686036357630317	-0.007849458171721915	-0.09726583057342886
2390000.0	3.452735434070609e-09	-6.764332041671332e-08	-0.002344061720241902	0.025773559827751074	-0.01550959050657534	-0.0972929012004519
2400000.0	3.3091549178253193e-09	-6.719834797251711e-08	-0.002350859489969002	0.011994561374726938	-0.014193181670464287	-0.09727731018652545
2410000.0	6.376974874865525e-09	-5.8282674292780566e-08	-0.0023600924196323526	0.016449024865788982	-0.00800871868417798	-0.0972653183825305
2420000.0	3.07168713602603e-09	-6.852525175456242e-08	-0.0023658807126568358	0.025881622059271178	-0.015768763554569583	-0.09729285287912162
2430000.0	2.9273227999589804e-09	-6.807253198535982e-08	-0.0023726333184590424	0.012124318234218352	-0.014447011161835785	-0.09727781732262654
2440000.0	6.0269614939228936e-09	-5.9129467004752225e-08	-0.002381876523953014	0.015762132253812726	-0.00815765041561506	-0.09726492905778505
2450000.0	2.7036825233274452e-09	-6.939103215389004e-08	-0.002387616091155792	0.025992760844000186	-0.016028514667091764	-0.09729273508827953
2460000.0	2.535140781236137e-09	-6.896934762708684e-08	-0.002394323786446828	0.012241092399699312	-0.014700922885795798	-0.09727721286759362
2470000.0	5.612763153556877e-09	-5.993807883768395e-08	-0.002403577599794184	0.015358376802984562	-0.00832024967664301	-0.0972648607031601
2480000.0	2.2967634053495963e-09	-7.026498794263406e-08	-0.002409267665879018	0.02597715127488679	-0.016288221306685134	-0.09729318521671151
2490000.0	2.152076390204643e-09	-6.981679414500218e-08	-0.002415928860863638	0.012360079389774221	-0.01495628827494278	-0.09727722458106254
2500000.0	5.248129253935808e-09	-6.073455719873856e-08	-0.0024251851576058497	0.015353435425974395	-0.00849686926867482	-0.09726476597196415
2510000.0	1.9110258773279333e-09	-7.11553816806539e-08	-0.0024308342816129337	0.026072424846963056	-0.016550466553284817	-0.09729311718708898
2520000.0	1.7567380887253768e-09	-7.071881224627403e-08	-0.002437452583556934	0.012414916045145176	-0.015213014611089886	-0.09727721199422504
2530000.0	4.929077321905196e-09	-6.150118368236276e-08	-0.002446720616768099	0.015007219418149174	-0.00866406912882944	-0.09726488156429432
2540000.0	1.5381534683636623e-09	-7.200970221458599e-08	-0.0024523128160614627	0.026381230941616964	-0.016812736599312258	-0.09729284355141772
2550000.0	1.4024128274232235e-09	-7.159795722281237e-08	-0.002458888866707033	0.012627974162548058	-0.015467682866836646	-0.09727753329032862
2560000.0	4.535234191768466e-09	-6.230747615302076e-08	-0.002468178584250927	0.014347386483177347	-0.008818780420256233	-0.09726476422276908
2570000.0	1.1833078858462328e-09	-7.290960125442514e-08	-0.0024737257893744273	0.026520432236996756	-0.01707868536861476	-0.09729302993391112
2580000.0	1.0280607167246985e-09	-7.241981202128257e-08	-0.0024802604812224015	0.012744366794641325	-0.01572694429382846	-0.09727742770739112
2590000.0	4.175899363562109e-09	-6.310196744780122e-08	-0.0024895652510324292	0.013960680361298064	-0.008987916652971965	-0.09726446696120217
2600000.0	7.579356885898852e-10	-7.37158758355415e-08	-0.002495067683647172	0.026504245015081255	-0.017342353822501207	-0.0972937376929506
2610000.0	6.472990419977417e-10	-7.33261359983051e-08	-0.002501559892927908	0.012876143164111873	-0.015988358339701858	-0.09727701614642703
2620000.0	3.817727381624389e-09	-6.386841232351337e-08	-0.0025108724039586408	0.0139616984033397	-0.009170726222371363	-0.09726433892155838
2630000.0	4.1252330996208995e-10	-7.46271819600106e-08	-0.002516338698435472	0.026598657856007974	-0.017609154934722517	-0.09729346324792043
2640000.0	2.9482356800207536e-10	-7.421727854930101e-08	-0.0025227926909338057	0.012929163457981105	-0.0162503312078486	-0.0972773112276488
2650000.0	3.412392427877849e-09	-6.46496418643185e-08	-0.0025321216313517842	0.01363217852277338	-0.009344116010561909	-0.09726418073453534
2660000.0	8.910125598352083e-12	-7.549430415969949e-08	-0.002537535255953101	0.026907917132726725	-0.017876202346057884	-0.09729347157598897
2670000.0	-8.345102825974002e-11	-7.505284067966561e-08	-0.0025439586074115133	0.013037678157158455	-0.016513092061338767	-0.0972772099875201
2680000.0	3.0826199461067287e-09	-6.542426605178304e-08	-0.002553304788316303	0.013254206167576242	-0.0095183142332284	-0.0972641771158739
2690000.0	-3.3913078890656773e-10	-7.633832998002598e-08	-0.0025586769937985614	0.026919288242714848	-0.018145423488737728	-0.09729336586805301
2700000.0	-4.821090838776631e-10	-7.593878737446965e-08	-0.002565052722183071	0.013274208690022968	-0.016775696000591218	-0.09727715949005986
2710000.0	2.73563073806068e-09	-6.623709413252299e-08	-0.0025744262800977973	0.012590572211006387	-0.009681792253017308	-0.09726452902414658
2720000.0	-7.299158495576491e-10	-7.719448251483212e-08	-0.0025797590961432484	0.02703174121894817	-0.01841583052250517	-0.09729375234315446
2730000.0	-8.649864704119127e-10	-7.676877780320592e-08	-0.0025861003074159694	0.013325487721165976	-0.01704051413518584	-0.09727699864810486
2740000.0	2.366197663376187e-09	-6.697382003886526e-08	-0.002595484972092299	0.012618089083401809	-0.009870134066337593	-0.09726356236544305
2750000.0	-1.0922246016713341e-09	-7.804549384517074e-08	-0.0026007853273757988	0.027125247586370894	-0.01868753978232281	-0.0972936447766794
2760000.0	-1.2429357247676224e-09	-7.761435216559602e-08	-0.0026070896792620064	0.013442189088614396	-0.017308359060888748	-0.09727740694511962
2770000.0	1.9970819318434167e-09	-6.774573020901107e-08	-0.002616495287724454	0.012306178343289675	-0.010049741626226768	-0.0972640284659226
2780000.0	-1.4727082123155863e-09	-7.885706611570264e-08	-0.0026217451360676662	0.027433105937643316	-0.018959085710991554	-0.09729402589816735
2790000.0	-1.57402435090759e-09	-7.848915857491427e-08	-0.0026280206636823266	0.013549888001284512	-0.017576834184910274	-0.09727708433179705
2800000.0	1.6261148119238257e-09	-6.848858029527543e-08	-0.002637445775292225	0.011940678020953357	-0.010230444104008278	-0.09726371052150529
2810000.0	-1.8194820391948906e-09	-7.974300459789101e-08	-0.0026426538449807824	0.027542769653883848	-0.019233444223246746	-0.09729440486615117
2820000.0	-1.940678170526018e-09	-7.928309117833317e-08	-0.0026488832263844193	0.013772242303091495	-0.01784299844138875	-0.09727713074547405
2830000.0	1.2512714482976737e-09	-6.927078104675857e-08	-0.0026583346347388574	0.011587477276172094	-0.010412912561748115	-0.09726357077176769
2840000.0	-2.2026789923221585e-09	-8.058104643184778e-08	-0.002663501714662681	0.027683524003488606	-0.01951062218762852	-0.09729394509694622
2850000.0	-2.290792877449355e-09	-8.014642001197311e-08	-0.002669692146711662	0.013887982649398441	-0.018114050493462885	-0.09727718680436277
2860000.0	9.129078399297162e-10	-7.00728647560939e-08	-0.002679162460914646	0.010967732703619355	-0.010582812020131747	-0.0972631794854694
2870000.0	-2.5412334627869084e-09	-8.14462159336639e-08	-0.002684288019504754	0.027797450248164293	-0.019787444501614678	-0.09729414878739884
2880000.0	-2.646311827739396e-09	-8.101604272043254e-08	-0.0026904410158538074	0.01402004499689039	-0.018387731009207636	-0.09727718454719915
2890000.0	5.806356937617405e-10	-7.083077100763502e-08	-0.002699930241882172	0.010615644257932962	-0.01076864954887139	-0.09726330275238373
2900000.0	-2.9468992417264746e-09	-8.226512883391396e-08	-0.0027050162600717447	0.027781379431631944	-0.020062838120620336	-0.09729424636829297
2910000.0	-3.045202749298969e-09	-8.181132887018559e-08	-0.002711129951190014	0.014138641447582017	-0.018661295398413134	-0.0972769150204075
2920000.0	2.3770287639734866e-10	-7.154642685927033e-08	-0.0027206318313057368	0.010630669922024006	-0.010966692912206213	-0.0972630536462066
2930000.0	-3.2581268095846505e-09	-8.307384823935908e-08	-0.0027256856509180823	0.02787504650995265	-0.02034234107139433	-0.09729476020933914
2940000.0	-3.429216999875452e-09	-8.261821057250728e-08	-0.0027317650438402337	0.014188197538401679	-0.01893589311676611	-0.09727712894520864
2950000.0	-1.5078871033303576e-10	-7.229439878466456e-08	-0.0027412878835241677	0.010338001555694316	-0.011156789358018738	-0.09726267528652599
2960000.0	-3.6202380672687983e-09	-8.391455084269933e-08	-0.002746294778858763	0.028216232362194206	-0.020621849292780374	-0.09729430308883291
2970000.0	-3.750069766133544e-09	-8.351776184537278e-08	-0.002752341318290222	0.01441903785512459	-0.01920893932303516	-0.09727717872687343
2980000.0	-4.936530636145155e-10	-7.30790058848661e-08	-0.0027618964579846834	0.009738314203016516	-0.011332731255119475	-0.09726335932605361
2990000.0	-4.017203214067275e-09	-8.474869542956523e-08	-0.002766867197449692	0.028330203354868768	-0.02090364325093827	-0.0972944243941243
3000000.0	-4.0955727961078135e-09	-8.433432960372076e-08	-0.002772880181902896	0.014534975143145768	-0.019487093105395894	-0.09727720167816915
3010000.0	-7.98704949028447e-10	-7.383158391173172e-08	-0.0027824587449418146	0.00939569498281621	-0.011524743906548977	-0.09726290841279953
3020000.0	-4.36674411587692e-09	-8.558308179485365e-08	-0.002787393877836443	0.028313601125353093	-0.02118419679682865	-0.09729536747562179
3030000.0	-4.486045049473379e-09	-8.51096481089453e-08	-0.0027933737397937827	0.014585892841774235	-0.019765356406721894	-0.09727696852890301
3040000.0	-1.2498780868250699e-09	-7.457256022184605e-08	-0.002802967341303974	0.009407178881500665	-0.011729853138912252	-0.09726250391482133
3050000.0	-4.73339869641789e-09	-8.636780192961734e-08	-0.00280787433527561	0.028406611510318164	-0.021468176873500666	-0.09729524012407845
3060000.0	-4.842261017387561e-09	-8.592582980741965e-08	-0.0028138206340481333	0.014701506549411464	-0.02004547225616152	-0.09727704505445044
3070000.0	-1.5593587137727053e-09	-7.529993211962385e-08	-0.0028234405764408165	0.009129396142785896	-0.011925703297363697	-0.09726284863844885
3080000.0	-5.043667611066327e-09	-8.721738227327896e-08	-0.0028283033618341684	0.028748124309624038	-0.021752977390291105	-0.09729501846197838
3090000.0	-5.213621638507821e-09	-8.673821709499656e-08	-0.0028342178485672776	0.014916108583237258	-0.020323020972907863	-0.0972771686536405
3100000.0	-1.953590383450231e-09	-7.603090568416128e-08	-0.002843871058546404	0.008799131574421627	-0.012122304286341168	-0.09726257269192161
3110000.0	-5.43708889851717e-09	-8.803192973584469e-08	-0.002848697980680292	0.028858299453398465	-0.022039162638928512	-0.09729522008943414
3120000.0	-5.517864526767165e-09	-8.756802251630917e-08	-0.0028545789676336516	0.01503215080009	-0.020606054374324962	-0.09727728137163054
3130000.0	-2.2984597820684e-09	-7.679803893850553e-08	-0.0028642570704050935	0.008209532619457624	-0.012306026773575318	-0.09726235466599756
3140000.0	-5.7748235598116595e-09	-8.888641966883219e-08	-0.002869050110804386	0.028845901899688182	-0.022324603870930965	-0.09729541681593569
3150000.0	-5.917703821283979e-09	-8.840946431606609e-08	-0.0028749009552699696	0.015099355054655237	-0.02089047105585582	-0.09727697077766909
3160000.0	-2.613479104115336e-09	-7.75597062297845e-08	-0.0028845995079004785	0.008284940776687842	-0.012518575099931744	-0.09726221527333881
3170000.0	-6.117135945686855e-09	-8.965888167032767e-08	-0.00288936053029321	0.029170099945924535	-0.02261341037338164	-0.09729533379497551
3180000.0	-6.264404059428227e-09	-8.922250693699597e-08	-0.002895183227266971	0.015314217313502923	-0.021172033538248446	-0.09727721295987747
3190000.0	-3.0183493086628006e-09	-7.827345708651402e-08	-0.0029049200328230516	0.00770529444055872	-0.01270568717663188	-0.09726233203115933
3200000.0	-6.4798071342124545e-09	-9.046766155808065e-08	-0.002909652068961577	0.029155750466828625	-0.022901554583600763	-0.097295588099871
3210000.0	-6.599364172193928e-09	-9.002993716375881e-08	-0.0029154493980991236	0.01538093994438829	-0.021460123419113037	-0.09727700120949796
3220000.0	-3.31041952681483e-09	-7.896562745706848e-08	-0.0029252082740455643	0.007714396283475406	-0.012920327254642741	-0.09726197218949924
3230000.0	-6.835821777060172e-09	-9.126557702793846e-08	-0.002929918387190378	0.029246141222367794	-0.023193562641627676	-0.09729524420671533
3240000.0	-6.974475774352135e-09	-9.083681018946901e-08	-0.0029356927779273234	0.015413808365649052	-0.021759742766968754	-0.09727703279895723
3250000.0	-3.6743257968257605e-09	-7.977022091510795e-08	-0.002945482594915566	0.00642259117148463	-0.013124230204903805	-0.09726170529694451
3260000.0	-7.201331035940934e-09	-9.204973592116044e-08	-0.0029501238181234048	0.028834645020227062	-0.02350582458958551	-0.09729541109570213
3270000.0	-7.301098606751004e-09	-9.16160467891717e-08	-0.00295580432590363	0.015202131033327628	-0.02206882399854589	-0.09727683958369193
3280000.0	-4.033884473239743e-09	-8.058666283533725e-08	-0.0029655513781483922	0.005193184318437227	-0.013342775889743553	-0.09726157574666827
3290000.0	-7.567348141175914e-09	-9.290219928733617e-08	-0.0029700703382422493	0.028420967789989475	-0.023815012488341853	-0.09729554369745314
3300000.0	-7.665663052418075e-09	-9.234466102806716e-08	-0.0029756149955373623	0.015017925271101016	-0.02237838401671509	-0.09727690755625125
3310000.0	-4.425607499640475e-09	-8.134455277790584e-08	-0.00298527622933077	0.004020224667064554	-0.013562902000275925	-0.09726194713857689
3320000.0	-7.89404868543285e-09	-9.358662313385975e-08	-0.002989637594418561	0.028024274167449896	-0.024121378837536542	-0.09729566384013895
3330000.0	-8.006421668358132e-09	-9.314164362800557e-08	-0.002995014839843409	0.014839728863439242	-0.02268514431251475	-0.09727676707432792
3340000.0	-4.733426524781422e-09	-8.209841716073815e-08	-0.003004559999931818	0.002899277122524514	-0.013783542328646646	-0.0972614113049727
3350000.0	-8.217745673476313e-09	-9.435023860664567e-08	-0.0030087391152463124	0.02764347462594921	-0.024424201154139968	-0.09729544739979852
3360000.0	-8.329943003493606e-09	-9.389999127215786e-08	-0.0030139274548872143	0.014668126003213305	-0.02298695444529403	-0.09727733994236912
3370000.0	-5.0231386007580896e-09	-8.277945832350562e-08	-0.0030233351389041775	0.0018265048075250799	-0.014003722365794976	-0.09726210145093697
3380000.0	-8.537554770857408e-09	-9.502517472093399e-08	-0.0030273156805137695	0.02727756231316376	-0.024721779374555854	-0.0972954903693538
3390000.0	-8.674685365203057e-09	-9.458801861577193e-08	-0.003032301093435168	0.014502095302551508	-0.023283340226649966	-0.09727707056769931
3400000.0	-5.386787239250069e-09	-8.349495637430506e-08	-0.00304155699644728	0.0008006265996724707	-0.014221348894441486	-0.0972616316295628
3410000.0	-8.891799030632885e-09	-9.573837876488278e-08	-0.003045328769291328	0.026926894025215847	-0.025013342154153947	-0.09729526665548342
3420000.0	-8.961553529252856e-09	-9.53174549844091e-08	-0.003050102776010826	0.014341844568303033	-0.023573648213711024	-0.0972772435332064
3430000.0	-5.695482680147378e-09	-8.423468964562341e-08	-0.003059197809857171	-0.00018108306016163158	-0.01443678571982083	-0.09726153373471824
3440000.0	-9.169078279205585e-09	-9.642181328346296e-08	-0.0030627553150363225	0.026588898846434752	-0.025298455236328486	-0.09729543412005817
3450000.0	-9.232671942097204e-09	-9.595181067013096e-08	-0.0030673137117374016	0.014186324335791256	-0.02385733288019737	-0.09727731693062218
3460000.0	-5.9896070839756966e-09	-8.482118374357054e-08	-0.0030762427200607366	-0.0011202436281028756	-0.014647690956244375	-0.09726151544178142
3470000.0	-9.470327829655138e-09	-9.70506554539603e-08	-0.0030795838741774786	0.026264769711527473	-0.025577083343560823	-0.09729553243301822
3480000.0	-9.526371974869568e-09	-9.662891783591588e-08	-0.00308392552816412	0.014036897506976675	-0.024134513599324125	-0.09727655905423076
3490000.0	-6.3146721355409726e-09	-8.546989599180751e-08	-0.0030926863955333525	-0.002019597373403063	-0.014855200312633701	-0.09726128589430737
3500000.0	-9.71981253650585e-09	-9.768686935734891e-08	-0.0030958117475305773	0.025953208931060644	-0.025847762023164383	-0.09729524101002124
3510000.0	-9.858097924662906e-09	-9.723897015006832e-08	-0.0030999379007118745	0.013891827621112893	-0.024403367817844017	-0.09727706639222607
3520000.0	-6.5568796466377855e-09	-8.605256699902164e-08	-0.0031085305009420005	-0.002880443490173299	-0.015057559068944543	-0.0972616683473108
3530000.0	-1.0073120166294768e-08	-9.825140650741816e-08	-0.003111442435592936	0.025654344405381002	-0.02611162672107482	-0.09729525629369722
3540000.0	-1.0082868277623791e-08	-9.780372471624031e-08	-0.0031153561259583775	0.013752829406136109	-0.02466500347752309	-0.09727708086431705
3550000.0	-6.8130025058609125e-09	-8.667100432028364e-08	-0.0031237820569538018	-0.0037047902956527014	-0.015255931713371059	-0.0972613988549867
3560000.0	-1.0285418758468852e-08	-9.881731621710124e-08	-0.003126484438040658	0.025366714259699035	-0.026367984061073293	-0.09729525001582758
3570000.0	-1.0335914846547265e-08	-9.838081138649281e-08	-0.003130189834843759	0.013618254087761914	-0.024918919677119792	-0.09727682934352162
3580000.0	-7.064863372464785e-09	-8.725903432168705e-08	-0.0031384519069201757	-0.0044945838592088914	-0.01544796032704508	-0.0972612555024576
3590000.0	-1.0525145526451127e-08	-9.938395423318271e-08	-0.0031409495196949053	0.02509048646216727	-0.026616095340128196	-0.09729534000730797
3600000.0	-1.0586216502458655e-08	-9.892476078908712e-08	-0.00314445157304916	0.013487929994611856	-0.025164557132600636	-0.09727718337228342
3610000.0	-7.333548351019469e-09	-8.778358984846527e-08	-0.003152553526679918	-0.00525120033289189	-0.01563575741589314	-0.0972614596053713
3620000.0	-1.075822524226771e-08	-9.993087947066351e-08	-0.0031548518342859495	0.024825779401926176	-0.026857149841550156	-0.09729531511816158
3630000.0	-1.0827895246445287e-08	-9.946836410690688e-08	-0.003158156316890999	0.013362472923269305	-0.025403363610365624	-0.09727682461452071
3640000.0	-7.526054662370258e-09	-8.826419061278281e-08	-0.0031661021757410112	-0.0059757119252853985	-0.01581804719430465	-0.09726118723779294
3650000.0	-1.101446900281601e-08	-1.0041055403916346e-07	-0.0031682071742276906	0.024570871689410183	-0.027089453922360278	-0.0972949198907243
3660000.0	-1.1061047672070425e-08	-9.994056674256705e-08	-0.0031713201077543944	0.013241739436174443	-0.02563414512036451	-0.0972768168670467
3670000.0	-7.789358007972197e-09	-8.880303796014466e-08	-0.0031791146815642467	-0.006670174787919068	-0.01599485507468768	-0.09726158652457029
3680000.0	-1.1162855589237976e-08	-1.008736101220172e-07	-0.003181032524332371	0.02432583365394797	-0.027314756792725957	-0.09729502011908808
3690000.0	-1.1264123990406022e-08	-1.0042276843843597e-07	-0.0031839601875765394	0.01312439953917963	-0.025857738508644083	-0.09727715017326322
3700000.0	-8.022623577879729e-09	-8.924914621363853e-08	-0.0031916082720257113	-0.007335212041566836	-0.016166147656030833	-0.0972614505927043
3710000.0	-1.1426189449133582e-08	-1.0138977431220116e-07	-0.0031933454194765206	0.02409096423506565	-0.02753238641982381	-0.09729522542145601
3720000.0	-1.1463412476835226e-08	-1.0093016809962623e-07	-0.0031960942320610882	0.013012091795047814	-0.02607346111713988	-0.09727716190073661
3730000.0	-8.1641463591163e-09	-8.971416096816605e-08	-0.0032036008885303288	-0.00797315658071243	-0.016332426930059225	-0.097261273515548
3740000.0	-1.1602451170278099e-08	-1.0182572543330934e-07	-0.003205163695739269	0.023865090796867355	-0.027743069424032672	-0.09729504095158198
3750000.0	-1.1711489827612998e-08	-1.0137385723137906e-07	-0.00320774015787439	0.012903425425451436	-0.02628196800478138	-0.09727682521029213
3760000.0	-8.38470889352059e-09	-9.010464493231936e-08	-0.0032151103720649875	-0.00858388164638706	-0.016493336661774757	-0.0972615201761281
3770000.0	-1.178990434914211e-08	-1.022198269122039e-07	-0.0032165053474271887	0.02364803636459588	-0.02794637150224479	-0.09729500817418092
3780000.0	-1.1838864647668098e-08	-1.0178871637195931e-07	-0.003218915772440099	0.01279876037979072	-0.026483254915339743	-0.09727735313598287
3790000.0	-8.57596718393442e-09	-9.056487416403337e-08	-0.00322615470055608	-0.009169398288515198	-0.01664921810419014	-0.09726132442464552
3800000.0	-1.19663795337158e-08	-1.026275787521557e-07	-0.0032273880586684164	0.023439635617237522	-0.028142457298068073	-0.09729497433766987
3810000.0	-1.202758310294779e-08	-1.0218486337937295e-07	-0.0032296388480524234	0.012697715806990903	-0.026677518980132115	-0.09727693782032698
3820000.0	-8.745823780374752e-09	-9.09303148020303e-08	-0.003236751492045577	-0.009730838464500133	-0.016799546494983542	-0.09726138056990977
3830000.0	-1.2152356657615136e-08	-1.0303000213289638e-07	-0.0032378295359246656	0.02323949922111463	-0.028331690864284182	-0.09729527605787695
3840000.0	-1.2188072035054185e-08	-1.0256379793469827e-07	-0.003239926790044554	0.012600303165332375	-0.026865275987742496	-0.09727679164312177
3850000.0	-8.929096560263515e-09	-9.129851179202652e-08	-0.003246918066278193	-0.01026937865278517	-0.016945517790451683	-0.09726173129800683
3860000.0	-1.2294110378164483e-08	-1.0336225281778824e-07	-0.0032478468378640186	0.023047011979067396	-0.02851411304732776	-0.09729510007424162
3870000.0	-1.2352544546648495e-08	-1.02919341529786e-07	-0.003249796606046815	0.012506676627552303	-0.027046124703954316	-0.09727693554882537
3880000.0	-9.047774765148062e-09	-9.167381095013191e-08	-0.0032566713297895737	-0.010785801022672592	-0.01708630147515027	-0.09726134866868677
3890000.0	-1.2436775240678074e-08	-1.037270055058634e-07	-0.0032574567672014622	0.02286227504671003	-0.02869047715676027	-0.09729519518619903
3900000.0	-1.246792597888205e-08	-1.0329809397397465e-07	-0.0032592648747249214	0.012416196718067365	-0.02722110323413759	-0.09727720116980751
3910000.0	-9.246477337617427e-09	-9.202079658876383e-08	-0.0032660277185159775	-0.011280135233665143	-0.017221770897605206	-0.09726179390961483
3920000.0	-1.2616032468776795e-08	-1.0406152406867522e-07	-0.0032666755339589237	0.022684644098945866	-0.02886107131635033	-0.0972947795184784
3930000.0	-1.2661809957966174e-08	-1.036418140872076e-07	-0.0032683476802776567	0.012329270025683193	-0.027389123900566057	-0.0972766525417328
3940000.0	-9.378791411235024e-09	-9.236772484795129e-08	-0.003275003191661556	-0.011754789290945533	-0.017352898509291156	-0.09726138908180529
3950000.0	-1.2728230814723758e-08	-1.0437238359589845e-07	-0.003275518930387464	0.022514418039603003	-0.029024345531927627	-0.09729480411388446
3960000.0	-1.2773716029604557e-08	-1.0394253525291528e-07	-0.0032770606053528655	0.012245781509899894	-0.027551302923989423	-0.0972765491923475
3970000.0	-9.571100583425262e-09	-9.268183377474357e-08	-0.0032836131288258947	-0.012209753049835284	-0.017479852844457064	-0.09726134994794394
3980000.0	-1.286998723989358e-08	-1.0470757833050415e-07	-0.003284002109119765	0.022350545474450777	-0.02918189522813456	-0.09729526521000344
3990000.0	-1.2910570309630158e-08	-1.0422081120146841e-07	-0.003285418620998402	0.012164934342553014	-0.027707190153496847	-0.09727697955527238
4000000.0	-9.649554446238247e-09	-9.302729403572425e-08	-0.0032918724450799733	-0.012646095525431814	-0.01760143408701197	-0.0972612958580405
4010000.0	-1.3012170088796079e-08	-1.0500185491516983e-07	-0.00329213979718546	0.022192937370621165	-0.02933408261324271	-0.09729546761013555
4020000.0	-1.302290045892226e-08	-1.0454799201832934e-07	-0.0032934362585740153	0.012086877226332933	-0.027857727723188945	-0.09727659936204894
4030000.0	-9.743731997970297e-09	-9.322680127819475e-08	-0.0032997954209925025	-0.013064822861236952	-0.017719565624144375	-0.09726109864144464
4040000.0	-1.3120901994653752e-08	-1.0530617073277834e-07	-0.0032999461468320376	0.0220420813816463	-0.029481137297728804	-0.0972948065374895
4050000.0	-1.3150316380307394e-08	-1.0484606043646958e-07	-0.0033011273917543937	0.012012737903742255	-0.028003173025520047	-0.0972771345293684
4060000.0	-9.911134542114743e-09	-9.351254858536533e-08	-0.003307395806183127	-0.013466356737404062	-0.01783317645051267	-0.09726083027938266
4070000.0	-1.3231375856323077e-08	-1.0551787110318307e-07	-0.0033074347277873366	0.021896999007069724	-0.029621771017762574	-0.09729492300442584
4080000.0	-1.3260089414761958e-08	-1.0505637345087565e-07	-0.0033085054696966876	0.01194020090083851	-0.028142635563402223	-0.09727707345194059
4090000.0	-1.0005216651330836e-08	-9.379317784840459e-08	-0.0033146869313435655	-0.01385125456472748	-0.01794280141479807	-0.0972610153326114
4100000.0	-1.3361916147623647e-08	-1.057848087546275e-07	-0.0033146185596855493	0.021757451055170598	-0.02975748040459598	-0.09729514830237275
4110000.0	-1.3360337034002192e-08	-1.0529903135510287e-07	-0.0033155833620633246	0.011871135770484232	-0.028277119232715062	-0.09727687008203756
4120000.0	-1.0073118638428714e-08	-9.40154795542748e-08	-0.003321681423080884	-0.014220708690225556	-0.018048689571662654	-0.09726091102056847
4130000.0	-1.3419663924151977e-08	-1.060464543611969e-07	-0.003321510212960873	0.021624038133979066	-0.029888555428504278	-0.0972949955503346
4140000.0	-1.3454779831893909e-08	-1.0554937502790232e-07	-0.0033223733856124656	0.011804935507939786	-0.028406627311424976	-0.09727674816581378
4150000.0	-1.0180226751106787e-08	-9.424961619901555e-08	-0.0033283915028042635	-0.014575013500771002	-0.018150596970003593	-0.0972614491687782
4160000.0	-1.3507411663617245e-08	-1.0625760705517242e-07	-0.0033281216368371007	0.021495186376782584	-0.030014393490150424	-0.09729527848087789
4170000.0	-1.3570948921088872e-08	-1.0576966416361707e-07	-0.0033288874034424253	0.01174049954521698	-0.02853115862033933	-0.09727726802260668
4180000.0	-1.0297751597253351e-08	-9.446997054048527e-08	-0.003334829059506966	-0.01491453965976749	-0.018248289936196597	-0.09726101373492066
4190000.0	-1.3634907180776415e-08	-1.0648089632452873e-07	-0.0033344645608753432	0.021371544173822588	-0.030135977062880303	-0.09729475671442796
4200000.0	-1.367564211701397e-08	-1.0602699186847939e-07	-0.0033351368771130227	0.01167890314965107	-0.028651004967175348	-0.09727700972668771
4210000.0	-1.0389378059693819e-08	-9.468599837622204e-08	-0.0033410051558960684	-0.015240970164904215	-0.01834262639005612	-0.097261100408986
4220000.0	-1.3708668375309738e-08	-1.0669835160269806e-07	-0.0033405499247180026	0.021252678674800275	-0.03025253751810642	-0.09729469737848562
4230000.0	-1.3766722018989368e-08	-1.0622725202444283e-07	-0.0033411326451689015	0.011619416507934906	-0.028766529927804135	-0.09727693116398235
4240000.0	-1.0453537027112964e-08	-9.489247585096505e-08	-0.0033469305350625634	-0.015553864261196761	-0.01843450550073179	-0.09726132047887141
4250000.0	-1.3776917846416294e-08	-1.0688839154631481e-07	-0.0033463883438560726	0.02113879365713471	-0.030365361077739274	-0.09729505611740376
4260000.0	-1.3795663416033239e-08	-1.0641919837014268e-07	-0.003346885184552165	0.011562015380800183	-0.028878189568768548	-0.09727709403766348
4270000.0	-1.054986000020864e-08	-9.508000760132874e-08	-0.003352615654022552	-0.01585466006841571	-0.018522001210817485	-0.09726143743044519
4280000.0	-1.3861371775412649e-08	-1.0707562337584053e-07	-0.0033519900539065346	0.021029366273838192	-0.030473289924427896	-0.09729482159550912
4290000.0	-1.3898206719511332e-08	-1.0660738490316169e-07	-0.003352404432425765	0.011507063203979925	-0.02898517739391718	-0.09727706514679012
4300000.0	-1.0637097295650149e-08	-9.529962185134649e-08	-0.003358070332267323	-0.016142300884140953	-0.018606305657789556	-0.09726116516707692
4310000.0	-1.3968667379734284e-08	-1.0726982896123342e-07	-0.0033573647060503287	0.020923832052537908	-0.030577341039835785	-0.09729478011533141
4320000.0	-1.396666756436092e-08	-1.0679744965458591e-07	-0.003357700137612912	0.011454181731381878	-0.029087843782262562	-0.09727668920299425
4330000.0	-1.0723234215405678e-08	-9.547988466071488e-08	-0.003363304058630841	-0.016418451840390116	-0.01868775790563739	-0.09726072039011802
4340000.0	-1.4010431798532856e-08	-1.0742503923602915e-07	-0.003362521760031194	0.020823094013790212	-0.030677640959599742	-0.0972947875660579
4350000.0	-1.4009268181775396e-08	-1.0695936590310467e-07	-0.0033627813620914927	0.011403033517025669	-0.029187051811971287	-0.09727690148074071
4360000.0	-1.0770439796395442e-08	-9.562340950074502e-08	-0.0033683259660078247	-0.016683609243669194	-0.01876603827079132	-0.09726125122669796
4370000.0	-1.4046840804344853e-08	-1.0761037931630069e-07	-0.003367470113225952	0.02072662277660231	-0.030773441984491147	-0.09729498866247725
4380000.0	-1.4093851527922172e-08	-1.0713922903422495e-07	-0.0033676570406348054	0.011354240261696218	-0.029282339393296206	-0.09727705563743086
4390000.0	-1.0867221629852115e-08	-9.578574375283659e-08	-0.0033731447102700414	-0.016938042087324003	-0.018841591900029788	-0.09726115593412042
4400000.0	-1.4113837472414208e-08	-1.0773737240264974e-07	-0.0033722182959152296	0.020633455018213384	-0.030866600220289357	-0.09729524461309746
4410000.0	-1.411905503851165e-08	-1.0727662983725483e-07	-0.003372335510813768	0.011307363649213703	-0.029374041350393978	-0.09727671910615683
4420000.0	-1.090853913574047e-08	-9.596523315323284e-08	-0.003377768686102	-0.017182321409811706	-0.018914697354381012	-0.09726118942030271
4430000.0	-1.4209599566792883e-08	-1.0790839711324625e-07	-0.003376774555785433	0.020543466127427457	-0.03095500064803575	-0.09729487071298137
4440000.0	-1.4161134463930902e-08	-1.0744755303885798e-07	-0.0033768249304770522	0.01126175336304605	-0.02946252315241225	-0.0972771020022125
4450000.0	-1.0962130602754749e-08	-9.607831624131916e-08	-0.0033822057986432554	-0.01741653154350344	-0.018984020103613754	-0.09726127555673954
4460000.0	-1.4255203349624419e-08	-1.0804656385247714e-07	-0.0033811468012110188	0.020457770999299654	-0.031041120813209817	-0.09729495577329157
4470000.0	-1.4252691159952229e-08	-1.0754333050413382e-07	-0.0033811330432736812	0.011218877200145314	-0.029546862564256635	-0.09727726580919159
4480000.0	-1.1020203235296034e-08	-9.618731309173401e-08	-0.003386463806920407	-0.017641557960195245	-0.019051371334534592	-0.09726105374960145
4490000.0	-1.4281034404814865e-08	-1.0817854127433995e-07	-0.0033853425310171738	0.02037544823841124	-0.031123789659022818	-0.0972948193815717
4500000.0	-1.4270648939930893e-08	-1.0766242384562465e-07	-0.0033852672499489395	0.011176374741505093	-0.029628621583324237	-0.09727690416310601
4510000.0	-1.1068465323815032e-08	-9.637786291590287e-08	-0.0033905499227623427	-0.0178571320055548	-0.01911650400271153	-0.09726096314000447
4520000.0	-1.4324664639811902e-08	-1.0831322904886444e-07	-0.003389368996475968	0.020296053350380348	-0.03120319366517641	-0.09729462490112041
4530000.0	-1.4307651416449618e-08	-1.0780797906502525e-07	-0.003389234757869643	0.011136363118288379	-0.029706721013506215	-0.0972769741568471
4540000.0	-1.1076581425570075e-08	-9.646808979159962e-08	-0.0033944713211734126	-0.018064997518892928	-0.01917813256768115	-0.09726091614185343
4550000.0	-1.4351609785305403e-08	-1.0839963781944791e-07	-0.003393233098800609	0.02022044707599235	-0.031279424266171224	-0.09729497031748528
4560000.0	-1.4346652812730157e-08	-1.079386774998913e-07	-0.003393042313120703	0.011098028497793018	-0.029782331605306328	-0.09727693603266045
4570000.0	-1.1134392451740053e-08	-9.658585652455211e-08	-0.0033982346940926575	-0.018262988875727925	-0.019238203479679233	-0.09726086188513382
4580000.0	-1.4426548842675132e-08	-1.0853898874936327e-07	-0.0033969415028498834	0.020147347396555472	-0.03135173124485931	-0.09729500247013681
4590000.0	-1.4367827726448015e-08	-1.080401719338951e-07	-0.0033966963779664223	0.011060515764548839	-0.029855107598800088	-0.09727700634075266
4600000.0	-1.121396836404752e-08	-9.669949883655907e-08	-0.0034018464195185146	-0.01845430263690004	-0.01929604006955662	-0.09726133080740355
4610000.0	-1.4440426396123235e-08	-1.0861186712118572e-07	-0.0034005005074125624	0.020076828623161954	-0.031423189021484096	-0.09729503406371023
