10000.0	0.00010375187009394149	0.005145872362507741	0.0014767875787102568	-1.406839514196982	0.2331728582309148	16.519717238310836	0.03862163030443209	4.774617310097653	-0.15686480461228478
20000.0	0.0003232210726252185	0.0003987685170520744	0.0010853329829349848	0.0025808422249088093	-0.00021107051989722767	9.787560639015222	-0.0007052610831961728	-0.008765094339701195	-9.951365797257385e-07
30000.0	0.0006882525030588729	0.006880955816816144	0.0007921347868866034	0.0026535773762791513	-0.0003377132064850664	9.787575399912187	-0.0011009053242772735	-0.00876528752122877	-1.4313021015564202e-06
40000.0	0.0014094056819573247	0.008179773379278409	0.0005126972414349035	-2.4599007821929977	0.14372653745558778	21.38831643275717	0.20553763181898238	8.352319426201504	-0.05937956797149735
50000.0	0.002117242051329351	-0.000763453126740884	0.000364127046983012	-0.0025866989160038146	-0.0007909272216339914	9.812436712218402	-0.002632820357060295	0.008764982594456992	1.782285723590988e-06
60000.0	2.445376752062712e-08	-5.942217684294084e-08	0.0004033104902304638	1.3871006948742068	-0.1341435631539455	0.00021130249272815582	2.530620954921558e-05	0.0001477254762057519	0.09695328403527931
70000.0	1.019232829997512e-08	3.6726631446948146e-07	4.1843788097482225e-05	5.396781337972595	0.11449218428717818	0.0006043981376876519	-1.0917954447327019e-05	0.00042265443707942204	-0.12092055478317454
80000.0	5.044997312798734e-09	-2.0734303840333391e-07	-0.00046478084167147625	4.3018893579631685	0.030228387082463587	-0.0008232777980310381	-6.528080127713694e-06	-0.000575724289635792	-0.09249391857287516
90000.0	1.8795931208100063e-08	-4.823873493059132e-08	-0.0009836674700411804	1.1552473759120758	-0.1635138098196691	0.00022746841150043405	1.2387088187738121e-05	0.0001591957258563221	0.052664967836145264
100000.0	1.4454787024685287e-08	3.7408677649140165e-07	-0.0018571087317438637	5.321816118505506	0.11431940592051526	0.0005986445960592522	-4.0809186862041455e-06	0.00041862965176914463	-0.16865610856733557
110000.0	8.583549402388412e-09	-2.0751740516478434e-07	-0.0028240705625608344	4.290829096890953	0.04536994507793776	-0.0008336830416884281	-7.005290688461875e-06	-0.0005829992338030062	-0.14188085644673115
120000.0	1.5725099795397348e-08	-4.073645903173504e-08	-0.0037188053184649523	0.9863382779880431	-0.20152477815596506	0.00023836391514101213	6.069205184846574e-06	0.00016668979559410628	0.03253189101638746
130000.0	1.868882084298373e-08	3.746230044629465e-07	-0.004917863931193345	5.240273671794568	0.11578721894957958	0.000591201533875281	1.2196437674894023e-06	0.0004134286886844085	-0.20390833832659003
140000.0	1.1428159256249194e-08	-2.0743307721153329e-07	-0.006179740907597454	4.284728688018361	0.05816148575101771	-0.0008348173886865236	-6.623151632653417e-06	-0.0005837908792658395	-0.1748802505507689
150000.0	1.500586968984717e-08	-3.2175614559656915e-08	-0.007324391097109541	0.8118825422706292	-0.19977205914896487	0.00025062268704012183	5.199797260516654e-06	0.00017526161602499378	0.0050720871249400855
160000.0	2.3423955491107573e-08	3.8100919110462215e-07	-0.008758201969103638	5.1773518636295925	0.11825841857177924	0.0005879953759420874	7.750767304512463e-06	0.0004111844317449176	-0.22706264385688962
170000.0	1.1755555421958452e-08	-2.0420605823592456e-07	-0.010178734327082769	4.217776266414887	0.020682512269600613	-0.0008330207508859574	-1.3339178508009519e-05	-0.0005825305011224678	-0.1660029515811433
180000.0	1.5818328680171627e-08	-2.6982641377893498e-08	-0.011494737964860051	0.7067473885468054	-0.15696399688824508	0.00025138438084486953	3.6766745530481617e-06	0.000175793462453921	-0.03702110345672975
190000.0	2.8353985759070404e-08	3.850059229483843e-07	-0.013048079128964208	5.113498386757065	0.11982731031179243	0.0005883731798527902	1.2573260812102905e-05	0.0004114430941664876	-0.24161292441312948
200000.0	1.2545410654045843e-08	-2.006286754636889e-07	-0.014526923410989425	4.14582070267875	-0.01751170286457025	-0.0008388345568942041	-1.7187387955851597e-05	-0.0005865885480930948	-0.14824749740983434
210000.0	1.5665072772212206e-08	-2.644923296727197e-08	-0.015923848145195738	0.6953426127707342	-0.1315444884056504	0.0002471447720178914	2.870253571353213e-06	0.00017282788205036668	-0.0625398152375685
220000.0	3.287297634038269e-08	3.8877938220120595e-07	-0.017524563974576985	5.051918830024692	0.11720232836283105	0.000590286254930248	1.7364174293230536e-05	0.0004127700771574798	-0.24954333338008214
230000.0	1.338582170565103e-08	-1.9582474901446233e-07	-0.018998088454751268	4.050460986671546	-0.06907740242218513	-0.000838047336285165	-2.0818163994563958e-05	-0.0005860252934177856	-0.11689351116228833
240000.0	1.5399670661630455e-08	-2.4360730563704677e-08	-0.020438799134732028	0.6539318531106895	-0.09696726145667794	0.00024338644814004718	1.8216474497599939e-06	0.00017019964892931973	-0.09088285692910515
250000.0	3.7478965540385884e-08	3.8982902754702596e-07	-0.02205114164802825	4.986696829841791	0.11385320123681218	0.0005912877177002184	2.220923802534989e-05	0.00041345228040487426	-0.25449026992133245
260000.0	1.4356960795242148e-08	-1.904080582847634e-07	-0.023486041588945676	3.9432352912917907	-0.12684400584184766	-0.0008319369978923969	-2.444089243471432e-05	-0.0005817329600456236	-0.07892664840906123
270000.0	1.503250197392697e-08	-2.216237725130094e-08	-0.02495288369224918	0.6106527182374721	-0.06433803307554975	0.00024015683546749745	8.115804018585353e-07	0.00016794218171692287	-0.11624916195735571
280000.0	4.161565474565316e-08	3.9766145544820035e-07	-0.026556381652126516	4.936826990489338	0.10678236390953338	0.0005996993245490502	2.670477890121702e-05	0.0004193081632763779	-0.25689403127894933
290000.0	1.4965977883820358e-08	-1.861381252282877e-07	-0.027947323419282005	3.858750834096589	-0.1741015390631849	-0.0008313012181001802	-2.823975437312835e-05	-0.0005812606020640711	-0.048106782799282044
300000.0	1.450772573195729e-08	-1.881501792259576e-08	-0.029422495157671695	0.5447595297736149	-0.0254238736221793	0.00023770394891061566	-5.423643168271574e-07	0.000166230404628185	-0.14549970202991405
310000.0	4.583209074658677e-08	4.0234772293300425e-07	-0.031009727328570914	4.881984290272074	0.09959576311059914	0.0006017358981512129	3.1473898793427733e-05	0.00042069478321020854	-0.25888657044989727
320000.0	1.496170606128279e-08	-1.8358821777326883e-07	-0.0323609357746331	3.808279684447875	-0.20597177660913973	-0.0008393985474227688	-3.2184421354655935e-05	-0.0005868853696136365	-0.029058181713786352
330000.0	1.399694506192985e-08	-1.8488251405088568e-08	-0.03382623820349552	0.538537882582144	-0.012990885645271665	0.0002345949618533303	-1.0404829763673774e-06	0.0001640591894573181	-0.15639649769250183
340000.0	5.004977974714131e-08	4.0667374757003847e-07	-0.03539513179842947	4.827588102597015	0.0919161873412701	0.0006048395741901579	3.633847391242648e-05	0.00042281478491619983	-0.2607781755439832
350000.0	1.5266184297997386e-08	-1.7983026292915124e-07	-0.036698134788408415	3.7336216426558613	-0.2498554671749677	-0.0008409360196893406	-3.603052734152465e-05	-0.0005879122268614994	-0.0013185100323757793
360000.0	1.330349219956377e-08	-1.7085301734826364e-08	-0.03816026390232972	0.5110326952197657	0.002906346199761513	0.00023059542128801977	-1.838291203597939e-06	0.00016126805548925078	-0.1700782678688694
370000.0	5.471836123880727e-08	4.0787569182205486e-07	-0.03971177041541062	4.767906376138183	0.08656090324063374	0.0006083413039195713	4.161411374255109e-05	0.0004251966958269271	-0.2637245059866384
380000.0	1.455330618772196e-08	-1.7177704821403861e-07	-0.040988363591097386	3.574030003732317	-0.2659678280946091	-0.0008314424434720185	-4.143502516016064e-05	-0.0005812039712941022	0.00532193662593038
390000.0	1.261955353551603e-08	-1.7349460606130695e-08	-0.04242945496257345	0.5164038546942471	-0.005629877040602672	0.00021847906809782213	-1.6700919659351857e-06	0.00015279711509419457	-0.16705978931306112
400000.0	5.848248801558543e-08	4.1596380826506114e-07	-0.043961580843885725	4.723338047438736	0.07512633502342925	0.0006209194384159024	4.610402940832808e-05	0.00043391415377927635	-0.264788835423386
410000.0	1.358766151804141e-08	-1.6558596105338447e-07	-0.04521406457698599	3.451236647607538	-0.28154602068320445	-0.0008284875242949769	-4.680328979410551e-05	-0.000579051241558518	0.010767370751018808
420000.0	1.1776974286877994e-08	-1.7869531424206918e-08	-0.04663216786717748	0.5267900223846963	-0.015549141866539476	0.00020912129598074864	-1.4915704530777647e-06	0.00014625528535436736	-0.16361610218721723
430000.0	6.275366872822499e-08	4.2043524966559563e-07	-0.04814641288685183	4.672675266388105	0.06645696324673887	0.0006276173658127886	5.1249747635260345e-05	0.0004384978648971069	-0.26707587648186365
440000.0	1.2462435549516998e-08	-1.6272052561988144e-07	-0.0493716477207053	3.3941889912857395	-0.29971547316632297	-0.0008363712087710337	-5.164445316413399e-05	-0.0005844637892383136	0.017098462855784854
450000.0	1.0774457119086517e-08	-1.8278489519053055e-08	-0.05076847153103764	0.5349579602331617	-0.026495021768227822	0.00020033584183254817	-1.3092555654114075e-06	0.00014011365406522272	-0.16000548777235943
460000.0	6.715591592251232e-08	4.2471804227039753e-07	-0.052265912523002826	4.622733502222203	0.058212533673648904	0.0006344867806864384	5.67098934381717e-05	0.0004431788153972824	-0.2697840350266461
470000.0	1.1147699079162986e-08	-1.572581078165253e-07	-0.05346605591867596	3.285706807864954	-0.31733898032056024	-0.0008348738402110859	-5.7381147353700346e-05	-0.0005832882313860931	0.02269815857344928
480000.0	9.592021969380088e-09	-1.8616405107728323e-08	-0.05483961143264524	0.5417283520167585	-0.038603740619828034	0.0001922170764631984	-1.1225810140547831e-06	0.0001344381550654684	-0.1561490021857268
490000.0	7.16186939647745e-08	4.290812836822496e-07	-0.056320379004387994	4.574082669781799	0.050000322390288315	0.0006413915618339375	6.240632475617867e-05	0.00044785963725432884	-0.2727612337100876
500000.0	9.670261509362866e-09	-1.5226013538350584e-07	-0.057494567141679095	3.186390437980998	-0.3360259151115677	-0.0008346705966882713	-6.325304522354886e-05	-0.0005829929498773287	0.028438302582212447
510000.0	8.287284437591036e-09	-1.9579039523437644e-08	-0.0588420834319926	0.560836927806023	-0.0521263482790844	0.00018771040447952225	-9.113535397492047e-07	0.00013128839925893447	-0.15192208273397728
520000.0	7.693562241953191e-08	4.3083702892779026e-07	-0.06030802977233117	4.52112797444214	0.04681293696646736	0.0006454997400352957	6.90680068022013e-05	0.00045054754622878994	-0.2778138438708764
530000.0	8.031393945816574e-09	-1.4741459261739432e-07	-0.06145846026717997	3.090079074602474	-0.3554494689167546	-0.0008343910524005103	-6.946591103643573e-05	-0.000582614477821743	0.03411920494514587
540000.0	6.801588935552269e-09	-1.9825528228671966e-08	-0.06278240014536657	0.5658440807280634	-0.06623871508298573	0.000180746125393909	-7.156140277289938e-07	0.0001264199011058582	-0.14777660807260287
550000.0	8.163822842749382e-08	4.353189841247816e-07	-0.06423391581085966	4.474786044051312	0.0395178473036582	0.0006524839343795703	7.531390826694707e-05	0.00045522311012881643	-0.2817067839074911
560000.0	6.253550524716416e-09	-1.4113541641250542e-07	-0.06535941041759837	2.9654019109760412	-0.3744466397817596	-0.0008283151477989017	-7.67452459817389e-05	-0.0005781376294393295	0.039270928416008086
570000.0	5.146056286214024e-09	-1.998292230274401e-08	-0.06666091518943713	0.5691480638848503	-0.08138521727874569	0.00017408530111325392	-5.185902268179285e-07	0.00012176339359426048	-0.14346987540457123
580000.0	8.530662658976791e-08	4.4382052173217326e-07	-0.06809534719466855	4.437435015818796	0.025342281426554442	0.0006652126556466083	8.067574426617016e-05	0.00046390109158126337	-0.28354227759178297
590000.0	4.301921916310964e-09	-1.3673439547832066e-07	-0.06919930944667317	2.877922013174247	-0.39545299143597384	-0.0008287138722613784	-8.355349422282924e-05	-0.0005781628837266519	0.04497131186893721
600000.0	3.34980716177047e-09	-1.9648476108080343e-08	-0.07047839073963365	0.5628035820143414	-0.09703493639434085	0.000166060231219807	-3.416298281491376e-07	0.00011615278631799087	-0.1392510369507438
610000.0	8.997951035843525e-08	4.488165631947721e-07	-0.07189903166794558	4.39405466106428	0.01727496399909824	0.000672248858689994	8.718564979743652e-05	0.00046854835505173085	-0.28777846785509253
620000.0	2.2234167390446834e-09	-1.3555870554189964e-07	-0.07297623328628379	2.8542764252806987	-0.41941965797993247	-0.000840429482579731	-8.91397550631782e-05	-0.0005860931431391409	0.05150141456430068
630000.0	1.4746516119266397e-09	-2.0463733143713924e-08	-0.07423258918373966	0.5792080348682939	-0.11431204724769742	0.00016317160119591257	-1.0904655427247226e-07	0.00011413335865717857	-0.13463038640358443
640000.0	9.59138149978109e-08	4.5072068108410067e-07	-0.07564391461676298	4.345266313593949	0.016911208395271958	0.000676542113573122	9.504343381600282e-05	0.00047121445160431115	-0.2950066047353794
650000.0	1.993420787557839e-11	-1.2999702659443336e-07	-0.07669952205755584	2.7439216007161655	-0.4406390808614112	-0.0008357094395582171	-9.73176557743662e-05	-0.0005824413638749611	0.056672155120559675
660000.0	-5.98562256397433e-10	-2.0029517849869882e-08	-0.077935178821778	0.5710746626312965	-0.131687989087054	0.00015592754511082403	6.59102764679149e-08	0.00010906833350786716	-0.13024291268824859
670000.0	9.946529680532864e-08	4.597890015237239e-07	-0.07933150169743532	4.31166988856029	0.0010505464583433664	0.0006893981139614289	0.00010069633685944885	0.0004798791579328923	-0.2971925339640933
680000.0	-2.3193966626500506e-09	-1.290793013361925e-07	-0.08036426080249262	2.725494957592689	-0.4661025287045949	-0.0008478680187993202	-0.0001032165338480211	-0.0005906067358108065	0.06306959373377036
690000.0	-2.7482937765898054e-09	-2.0738417193481927e-08	-0.08158030284489355	0.5855954442715137	-0.1506994766632837	0.00015339754295521204	3.0523976245095826e-07	0.00010729883403544959	-0.12548115746166438
700000.0	1.0571284454354114e-07	4.617251009948612e-07	-0.08296988625977915	4.264670739899967	0.0021551127459665535	0.0006937889726906205	0.00010914085169184303	0.0004825174032480737	-0.3054943959813006
710000.0	-4.799055192034019e-09	-1.2390224602109015e-07	-0.08398255125195188	2.622941932227053	-0.48875900749225965	-0.0008438837845719997	-0.00011198297086015992	-0.0005873697202582331	0.06828924475886922
720000.0	-5.09752841855096e-09	-2.073039764435555e-08	-0.08517887463813387	0.5861436210339371	-0.17028893064206338	0.00014868380938021358	5.107678734141299e-07	0.00010400213574731936	-0.12070757431614554
730000.0	1.110447006015537e-07	4.662902623558447e-07	-0.0865603119474475	4.223829751406953	-0.0028379075495022074	0.0007009440852062564	0.00011686620621192194	0.0004870607434521491	-0.3119242661859696
740000.0	-7.472709007311357e-09	-1.2053211182931727e-07	-0.08755372439493223	2.5562913144009936	-0.5138379791865499	-0.0008465295103858629	-0.00011993691653985868	-0.0005887433718529435	0.07417168521682631
750000.0	-7.60816214872259e-09	-2.016445152185605e-08	-0.088730507128927	0.5758739152519587	-0.19032324831682462	0.00014241178600857523	6.810445493359176e-07	9.961572374919498e-05	-0.11593970495307132
760000.0	1.1468637716149642e-07	4.751519213147176e-07	-0.09010082491257593	4.192271468984932	-0.019088720761081302	0.0007141266656417377	0.0001230685445012888	0.0004958211647684679	-0.3147130136969726
770000.0	-1.0271205271605127e-08	-1.1985562261324525e-07	-0.09107298432761259	2.543044345376796	-0.5418385299425033	-0.0008586970405192576	-0.00012643320555327675	-0.0005967768488475004	0.08067669728420593
780000.0	-1.0188220361884216e-08	-2.0796194634302157e-08	-0.09223016672022594	0.5893973129732643	-0.2120828789693191	0.00014059514346958133	9.344775185297304e-07	9.834330556187365e-05	-0.11078204840554828
790000.0	1.1985654294717915e-07	4.805022504540704e-07	-0.09359640382605619	4.1546647600635165	-0.025770804211938177	0.0007216477986261407	0.00013090617601371724	0.0005005255214359536	-0.3210334705348934
800000.0	-1.3198620984446953e-08	-1.1696576933745552e-07	-0.0945488719847945	2.486218098865341	-0.5686401852335734	-0.0008629896391159641	-0.0001345714342356092	-0.0005992025150980026	0.0867150706425953
810000.0	-1.2962023216941959e-08	-2.0634269463357933e-08	-0.09568885467430925	0.5875193466541683	-0.23421922286016553	0.00013645637687429514	1.138569023564052e-06	9.544714162592915e-05	-0.10563046185492331
820000.0	1.267064020333551e-07	4.824287226016684e-07	-0.09704803952190802	4.111111827797904	-0.021830755928477014	0.0007262645768752637	0.00014051160346145063	0.0005030819965726873	-0.3312141412534788
830000.0	-1.6275944364955145e-08	-1.1403200852065797e-07	-0.09798253683359205	2.42875207627181	-0.596032583951887	-0.0008666673699899869	-0.000143118059522588	-0.0006011299803917315	0.09277587990082228
840000.0	-1.5863573058203765e-08	-2.0506599363591924e-08	-0.09910345410277085	0.5865641055077134	-0.25722192629666224	0.0001327821710112622	1.3483699028941425e-06	9.287514619862397e-05	-0.10034149931660709
850000.0	1.324199003538739e-07	4.870407751772164e-07	-0.10045707808327203	4.0736990336574275	-0.025528121366364145	0.0007336589186677564	0.00014915720351434038	0.0005075567615187486	-0.33898027214902493
860000.0	-1.9419925979320532e-08	-1.0963396040742044e-07	-0.10137262417014878	2.3425580302508515	-0.6220808037133992	-0.0008642229943473672	-0.0001533222771593099	-0.0005986488832463698	0.09833460863618192
870000.0	-1.8892657101728692e-08	-2.0292432376834198e-08	-0.1024764834471359	0.5841774939824861	-0.2809308009678242	0.00012912691821981414	1.5535540473431958e-06	9.031587082390638e-05	-0.09496767668683156
880000.0	1.358372834496514e-07	4.965982245860508e-07	-0.10382012228223979	4.046590834463248	-0.04467261008536667	0.0007472458356791211	0.00015563259931033338	0.0005163989127794501	-0.34169779214447615
890000.0	-2.2704763829227472e-08	-1.093965098084325e-07	-0.10471543109618198	2.338837626224851	-0.652697678615047	-0.0008774498981601233	-0.00016036177496961618	-0.0006072046375798302	0.1046349992629517
900000.0	-2.187780021096451e-08	-2.0487101194542053e-08	-0.10579615335820237	0.5900995522035638	-0.30319972620948255	0.0001269249108959499	1.8070430001208684e-06	8.877087055201592e-05	-0.09097144582787364
910000.0	1.414634268404579e-07	5.009090275116268e-07	-0.10710991517861208	3.9559807124234467	-0.07394612818460033	0.0007557383136815123	0.00016420151819842717	0.0005215328477647897	-0.33100188350753884
920000.0	-2.590729761350394e-08	-1.0859059289922984e-07	-0.10799118817371543	2.3248076001260793	-0.6648750258267405	-0.0008881352305965815	-0.00016766770583542852	-0.0006139195743842966	0.09832996394152083
930000.0	-2.4723356624919332e-08	-2.0807190445447027e-08	-0.1090521200790426	0.5988249054936888	-0.32066277263577153	0.00012532640258001697	2.1083990916932492e-06	8.764517117665325e-05	-0.09030253479140679
940000.0	1.4591508220481712e-07	5.079265840418565e-07	-0.11033750672802047	3.874562982592661	-0.10959020511276304	0.0007673029988712592	0.0001714753079854656	0.0005288194285765123	-0.31885564895013174
950000.0	-2.8994572200119778e-08	-1.066159854574262e-07	-0.11120857052414061	2.2882377625810917	-0.6686937500446517	-0.0008935907610294598	-0.00017618170867414782	-0.0006168600598486016	0.08691462513946004
960000.0	-2.7512996646897778e-08	-2.0715461012424334e-08	-0.11225484545511556	0.599758047587935	-0.3352577398657846	0.00012267215015928295	2.3876009041812923e-06	8.578017535687771e-05	-0.09147237293799446
970000.0	1.4906613786778117e-07	5.181009844562017e-07	-0.11351854180103889	3.8279080957230405	-0.14163705482832278	0.0007828852593262514	0.00017739258282064145	0.0005389365280060692	-0.31348009574166513
980000.0	-3.201659078945269e-08	-1.0736272440976893e-07	-0.11437598413239641	2.3048814603010634	-0.6903917028006363	-0.0009097316540227291	-0.00018254443344617064	-0.0006273355529471252	0.08613072654460492
990000.0	-3.021675934843543e-08	-2.1495333246686142e-08	-0.11540682979121558	0.6177934864769433	-0.35537815940562795	0.0001226503137756342	2.7117971564583243e-06	8.575496500938947e-05	-0.08944734243483225
1000000.0	1.5365307672707994e-07	5.250075219662216e-07	-0.11664980009067749	3.7507751850124054	-0.175127207933636	0.0007943202702740751	0.00018475262158864158	0.00054602399810637	-0.30296888195987515
1010000.0	-3.509740693182561e-08	-1.06622682311665e-07	-0.11750059854174977	2.2928336928087982	-0.7045452263473239	-0.0009204138208707467	-0.0001900540812117333	-0.0006338759681419304	0.08066219808208318
1020000.0	-3.30107016112261e-08	-2.173077981866084e-08	-0.11851853476899225	0.6255591146976973	-0.37314752982123905	0.00012126947155809255	3.0090734112698566e-06	8.47783534912598e-05	-0.08908880764888638
1030000.0	1.593231575780166e-07	5.296447623899451e-07	-0.11973526537406683	3.656145041657134	-0.20714155714897248	0.0008035245138988386	0.00019317989953630563	0.0005514291069840039	-0.2904104153355338
1040000.0	-3.8207530000583086e-08	-1.0471116638363497e-07	-0.12058409543281838	2.2583817589945907	-0.7113916823208789	-0.0009258452705116297	-0.00019883556921352328	-0.0006366043388214909	0.07066558625025682
1050000.0	-3.587371628412235e-08	-2.1839628581641037e-08	-0.12159294858702872	0.631219048344601	-0.3905886977876243	0.00011967852218270978	3.3028422383044305e-06	8.36534995606576e-05	-0.08918937895935666
1060000.0	1.6407220664856285e-07	5.361725766461714e-07	-0.12278744097741796	3.582596395886452	-0.23797543666015866	0.000814635329851038	0.00020079581876858318	0.0005581555396137513	-0.281539247303426
1070000.0	-4.139806248604963e-08	-1.0385289516205518e-07	-0.1236312747518702	2.2447663625958247	-0.7264264586345097	-0.0009357038362500959	-0.0002066930012791467	-0.0006424255793689409	0.0653045873974025
1080000.0	-3.8777635567704885e-08	-2.2013169485967992e-08	-0.12462730026661435	0.6384249359421966	-0.4094403636674144	0.00011844465544928565	3.601828986817439e-06	8.277721062480073e-05	-0.08865208251258455
1090000.0	1.6727606185386806e-07	5.458411398370264e-07	-0.12580828085805312	3.5422820700231696	-0.2681034740806432	0.0008300454058323242	0.00020692718974249698	0.0005679339560957225	-0.2782127917075426
1100000.0	-4.463412148696259e-08	-1.029178311393836e-07	-0.12664045922138709	2.2300350422064357	-0.7416761882542262	-0.000945196022003278	-0.00021470579166118012	-0.0006479179789622566	0.05985148362425164
1110000.0	-4.1740154029873004e-08	-2.1734420736844737e-08	-0.1276255677283423	0.6372529739010441	-0.4258785442302883	0.00011615694701132573	3.868806376797317e-06	8.11630935232055e-05	-0.08974403552446647
1120000.0	1.719641457942099e-07	5.523872677396649e-07	-0.1287874422166386	3.4728880191524274	-0.2982233914984573	0.0008411858732581032	0.00021458823713658124	0.0005745630069357106	-0.2703210120752271
1130000.0	-4.791912018213975e-08	-1.0376930624505034e-07	-0.1296131035611711	2.25023191823357	-0.7693654981397721	-0.0009616872201798173	-0.00022117216610133557	-0.000658364498240028	0.06121863758541599
1140000.0	-4.474924871622827e-08	-2.1753202104263113e-08	-0.1305879376579486	0.6421961092634532	-0.44490184478650907	0.00011482327366177814	4.1622386902150906e-06	8.021447697337815e-05	-0.08955607819733082
1150000.0	1.764520500079934e-07	5.593923572684007e-07	-0.13173192067179432	3.4071391732585914	-0.32888862250336687	0.0008524677351777598	0.00022210194323220897	0.0005812399783999924	-0.26275018489365315
1160000.0	-5.126273567484898e-08	-1.0291245724472897e-07	-0.13255161844871075	2.2377344477834837	-0.787289845802353	-0.0009715057445903422	-0.00022923568953828842	-0.0006639608737745971	0.05686404332573005
1170000.0	-4.781233293522524e-08	-2.1766430111921596e-08	-0.13351633955151065	0.6474051877814807	-0.46471056656410437	0.00011362599348815971	4.458568021748598e-06	7.935983819965312e-05	-0.08911879193765072
1180000.0	1.8116490228359164e-07	5.658276154403867e-07	-0.13464366647202525	3.341312563269351	-0.3577383530441768	0.0008635302581473356	0.0002298964965845427	0.0005876792499199617	-0.2559199953363508
1190000.0	-5.4661725747961696e-08	-1.0223843210044024e-07	-0.1354562022381077	2.229128251868466	-0.8079556503179062	-0.000982348883097698	-0.00023713474256955224	-0.0006702234552805602	0.05392798226106402
1200000.0	-5.086616244246228e-08	-2.237076694396342e-08	-0.13640803736752352	0.6643150333549188	-0.4885592387514475	0.0001139830500851787	4.815821571133187e-06	7.958933145349762e-05	-0.08664633864294584
1210000.0	1.8709710297253573e-07	5.699372490997819e-07	-0.13751668648301144	3.2581336677889343	-0.38341445644095823	0.0008723144128755265	0.00023889099067473106	0.0005923557418504606	-0.247547060153333
1220000.0	-5.8099242849982634e-08	-1.0140879429824615e-07	-0.13832821568730114	2.21795409656703	-0.8279930318011308	-0.0009923247940092908	-0.0002453192482186698	-0.0006757888354973089	0.05040335939937489
1230000.0	-5.40209335112247e-08	-2.2316355929711413e-08	-0.13927073210390303	0.668986695798379	-0.5092841152878774	0.00011287345269894073	5.11830881564962e-06	7.879286690258998e-05	-0.08612559848251095
1240000.0	1.919020898673078e-07	5.762129506167033e-07	-0.1403647491982839	3.1954894458982124	-0.41055323105814345	0.0008832685919044942	0.00024686949475124647	0.0005985667734606498	-0.2418665839956817
1250000.0	-6.155015789564669e-08	-9.953206230759049e-08	-0.1411690431010776	2.187044050492869	-0.8417493945103315	-0.0009975737536376183	-0.00025478524197471993	-0.0006778547337678877	0.043362998594016995
1260000.0	-5.721202409545064e-08	-2.2296054667547924e-08	-0.1421008741061549	0.674690818220985	-0.531095386681858	0.0001119941035799527	5.4288745045515934e-06	7.815579383532313e-05	-0.08517357249456664
1270000.0	1.9492693887017362e-07	5.859463435917585e-07	-0.14318394103786794	3.1649376206496953	-0.44063984418054725	0.0008985017379986609	0.00025308437058407053	0.0006078749484846452	-0.24042591616231937
1280000.0	-6.506911632219125e-08	-1.002384594629363e-07	-0.14397695603878177	2.2063071819129925	-0.8726590388140713	-0.001013638148210803	-0.00026160260266491287	-0.0006876782110791637	0.045161056329613126
1290000.0	-6.042019751442562e-08	-2.174757489381694e-08	-0.14490130975495277	0.6706877658486035	-0.5496240062316226	0.0001099769038262264	5.685319784294918e-06	7.672304448718518e-05	-0.08619627174678716
1300000.0	1.9983705223171306e-07	5.920853996360455e-07	-0.14597128244122465	3.104615549743658	-0.4667397478209737	0.0009093672190911131	0.00026122362367996064	0.0006138801463240909	-0.23560821372175386
1310000.0	-6.863871262825357e-08	-9.936249239959949e-08	-0.14676014876449905	2.195551427348731	-0.8948890665226622	-0.001023503903103028	-0.0002700729531147563	-0.0006929323037761208	0.04227400102900538
1320000.0	-6.364910315666268e-08	-2.2224637613995994e-08	-0.1476728747621708	0.6867384833276287	-0.5753314858215018	0.00011045488460835926	6.065328245150227e-06	7.70296399738447e-05	-0.08361356902031607
1330000.0	2.047273814016904e-07	5.982436542114777e-07	-0.1487335728809647	3.0458012655755216	-0.49267098108614754	0.0009202460333186002	0.0002694059145364445	0.0006198195657024351	-0.23106739931431577
1340000.0	-7.22649834290523e-08	-9.8659469876455e-08	-0.14951621856368993	2.1885393536540376	-0.9197152434749988	-0.0010344658732786872	-0.00027837576521219307	-0.0006989008036484291	0.04066191401226745
1350000.0	-6.697757682701814e-08	-2.201310781138005e-08	-0.15042159843541827	0.6901236327170361	-0.5977308196807839	0.00010950460041874188	6.374981090615411e-06	7.633800236760467e-05	-0.08294903985707422
1360000.0	2.109935245157607e-07	6.01848613200103e-07	-0.15146587763530814	2.9696008516568115	-0.5134998205684997	0.0009287237025526538	0.000278966905568702	0.0006238547181665914	-0.22555925405958652
1370000.0	-7.587110298516348e-08	-9.676363596934988e-08	-0.15224619565437897	2.1591582720539866	-0.9366818585896424	-0.0010397583632351342	-0.00028824213504769066	-0.0007006454704971132	0.03487001425481829
1380000.0	-7.033736292315338e-08	-2.1843258647214873e-08	-0.15314248573610123	0.6947269888258962	-0.6212769451802924	0.00010878831526282054	6.696053826181381e-06	7.580799400017297e-05	-0.08182430482167442
1390000.0	2.1433233473431193e-07	6.10788841082277e-07	-0.1541790433852302	2.94101103268268	-0.5417933063126971	0.000943580737569844	0.00028567547926976287	0.0006326016449245714	-0.22536354394735203
1400000.0	-7.95606502573211e-08	-9.574795346834218e-08	-0.15495153796220568	2.1472188512262615	-0.9601508150312303	-0.0010491837287111005	-0.00029712550299777985	-0.000705315782263471	0.03218185737938986
1410000.0	-7.372667317984562e-08	-2.1157602417071356e-08	-0.155840741962177	0.6899985097378777	-0.6418080831680233	0.00010704146279252325	6.954697321858949e-06	7.455806771397478e-05	-0.08239865406356695
1420000.0	2.1915330874730631e-07	6.17298219931104e-07	-0.1568662685557512	2.8875440775520707	-0.5675752370672252	0.0009546003507635193	0.00029389495440941	0.0006384192191428489	-0.22170768100897184
1430000.0	-8.334767391561246e-08	-9.642877287565834e-08	-0.15763251404864367	2.16821987745478	-0.9956788937276676	-0.0010656481679945174	-0.0003041788441554021	-0.0007150724747326251	0.03519491420190124
1440000.0	-7.717028271523217e-08	-2.0781454408134923e-08	-0.1585161049538114	0.6917096366265675	-0.6650222404496208	0.00010612633670252654	7.262795332470335e-06	7.388599524532738e-05	-0.08180330994906257
1450000.0	2.2427745620076635e-07	6.231266179069585e-07	-0.15953270303285266	2.8330071505875742	-0.59118800815324	0.0009653084603434161	0.0003024846021045102	0.0006438995199293038	-0.21872778873525206
1460000.0	-8.716229116108583e-08	-9.565608877474509e-08	-0.16029319442037557	2.1618742651243084	-1.0234695888885812	-0.0010767046734104252	-0.00031284579608082286	-0.0007207693226684192	0.03442475010536733
1470000.0	-8.062471551188723e-08	-2.1062447529869984e-08	-0.16116662015614988	0.7063655680281424	-0.6929493433017833	0.00010669615562906712	7.672354489836855e-06	7.424580742978273e-05	-0.07909274628175288
1480000.0	2.2941990509145288e-07	6.28965818464566e-07	-0.16217767805720384	2.7796376333603896	-0.6145825802926794	0.0009760291072629528	0.0003111347387384797	0.0006493027441586304	-0.21599191946522164
1490000.0	-9.102001067069719e-08	-9.466225681209973e-08	-0.16293412251223188	2.151931888810023	-1.050069669480448	-0.0010865920512181143	-0.0003218919712741745	-0.0007255175625247159	0.03283389838848278
1500000.0	-8.417954159821417e-08	-2.063674809351932e-08	-0.16380087433832627	0.7082094378049311	-0.7175311384041273	0.00010592362258721538	7.993804221238798e-06	7.366892558253892e-05	-0.0781293045261526
1510000.0	2.3603748995083674e-07	6.321166190333011e-07	-0.16479877377033716	2.7091138032105193	-0.6312260858627249	0.000984266039067399	0.0003212795141424076	0.0006526830832445326	-0.21278501117277906
1520000.0	-9.492820017524934e-08	-9.366743699727942e-08	-0.1655545008556892	2.1425326230945623	-1.0776514831798094	-0.0010966288724012932	-0.0003309974740117278	-0.0007302808620974187	0.03161219163956843
1530000.0	-8.777310852309372e-08	-2.0243348935122e-08	-0.1664125432362698	0.7111794540270316	-0.7432342034224464	0.000105356479039385	8.329521163846065e-06	7.323308848529839e-05	-0.07673472361580576
1540000.0	2.414898973467687e-07	6.374593169351949e-07	-0.16740205612855447	2.656684984362693	-0.6520549927133448	0.0009946338647174422	0.00033033125993396347	0.0006576151398382952	-0.2111131690550019
1550000.0	-9.877650693197232e-08	-9.162799024215412e-08	-0.16815281150142222	2.1137795110103217	-1.0983507365031944	-0.0011017321033515318	-0.0003415764658013787	-0.0007312799443408481	0.02712004046338532
1560000.0	-9.13691588757827e-08	-1.9326938695532064e-08	-0.1690046131299084	0.7047922945571643	-0.7657726071969374	0.00010382092081184067	8.589101259587617e-06	7.212220212799641e-05	-0.07695004430693218
1570000.0	2.44590437097996e-07	6.470334944506434e-07	-0.1699880793507261	2.6361460155551097	-0.6832672715820837	0.0010099171939601658	0.0003370345209848221	0.0006662578487212363	-0.21124212812170437
1580000.0	-1.0279612150315367e-07	-9.202537733754567e-08	-0.17072890978642183	2.132011525762268	-1.136046225306854	-0.0011176553160572845	-0.00034917354708708374	-0.0007402333372326055	0.030020640836183877
1590000.0	-9.501126095397617e-08	-1.8714410525494168e-08	-0.17157687628493334	0.7047625203787236	-0.7908989782136745	0.00010304793586202971	8.907589783658297e-06	7.153941381413229e-05	-0.07614146125712057
1600000.0	2.5003122707309696e-07	6.525218071099894e-07	-0.17255459829855657	2.5861758606030083	-0.7044543178526798	0.0010204798125486832	0.0003461413473437045	0.0006711628134955761	-0.20983079033994217
1610000.0	-1.0682232648697228e-07	-9.090308118174522e-08	-0.1732921615803438	2.1219572008862047	-1.1650755598883034	-0.001127522698581551	-0.00035864933838389935	-0.0007445706067614106	0.029052093295265903
1620000.0	-9.872432301880205e-08	-1.8090865103789488e-08	-0.17413457733597282	0.705173533380744	-0.8169929165938731	0.00010239323337362367	9.235551213191155e-06	7.103674581735337e-05	-0.07498449839426612
1630000.0	2.555058717308726e-07	6.579481296630903e-07	-0.17510646745826824	2.5371359452210296	-0.72535805277549	0.0010310205837725636	0.00035534754936158167	0.0006759506942291063	-0.20862878036878177
1640000.0	-1.1092259159801147e-07	-8.995448395485711e-08	-0.175838203915176	2.1157745585748833	-1.1968527055097726	-0.0011387005893695131	-0.000367928884058237	-0.0007497746286938774	0.02931447849587408
1650000.0	-1.0244883693598812e-07	-1.809491498006876e-08	-0.17667097039954557	0.7179393310342481	-0.8475766991140699	0.00010304386177516673	9.682750562587415e-06	7.143713855621827e-05	-0.07205879230359177
1660000.0	2.610157830355405e-07	6.633956624505844e-07	-0.17764063526816892	2.4890642567133088	-0.7461137161342563	0.001041590557254041	0.0003646184444141605	0.0006806607114589602	-0.2076057391573167
1670000.0	-1.150481711489473e-07	-8.87569305098819e-08	-0.1783687027734091	2.105595912745071	-1.2271303933597082	-0.0011485793410174901	-0.00037762644502499433	-0.0007539071044495797	0.02867414386248296
1680000.0	-1.0625175450579053e-07	-1.7454577924280043e-08	-0.17919349458122935	0.7192339708272633	-0.8753313483630308	0.00010260596510408004	1.0035292656639026e-05	7.107993708612505e-05	-0.0703969332598992
1690000.0	2.683010512439795e-07	6.656836117317747e-07	-0.18015247860433775	2.4229740357473184	-0.7567324504780771	0.0010493085946580022	0.0003756785568735519	0.0006829745418318539	-0.20707884481004976
1700000.0	-1.1907788658802455e-07	-8.657616636602368e-08	-0.18087949634636347	2.077345362999375	-1.2508509005860828	-0.0011537653941637441	-0.00038876658833361617	-0.0007543885211838055	0.02523815858194347
1710000.0	-1.1007047016650147e-07	-1.6685391804740747e-08	-0.18169974798717642	0.7187353677628426	-0.9026256509618011	0.00010202847542202283	1.0376141890987705e-05	7.062354858730395e-05	-0.06909643077411298
1720000.0	2.7191299746032537e-07	6.743198707235202e-07	-0.18265648145828556	2.4031172658429285	-0.786145716121193	0.001064136364557163	0.0003831290322739958	0.0006908125318278164	-0.20813436100296784
1730000.0	-1.2325278125741694e-07	-8.518333291612896e-08	-0.18337750296403238	2.064843497012916	-1.280937480575981	-0.0011630603517441703	-0.00039886484984968793	-0.0007578416320465802	0.024294377520882423
1740000.0	-1.1389567747448522e-07	-1.5432230911475455e-08	-0.1841925682660939	0.7098085437694543	-0.927175950995703	0.00010065658203874751	1.0635268625579128e-05	6.961528980068248e-05	-0.06901700891846049
1750000.0	2.7740635082597437e-07	6.802183593522705e-07	-0.18514362159074213	2.3594354090449112	-0.8076350461416384	0.0010749987267366604	0.00039245385576365657	0.0006954508646593441	-0.20747529814211832
1760000.0	-1.2758577257500637e-07	-8.539781727554467e-08	-0.1858584771574294	2.0832789006964156	-1.3233113301253365	-0.001179446556683622	-0.0004069207037672629	-0.0007665809082441615	0.02814797962714322
1770000.0	-1.177872931912372e-07	-1.4485121286200974e-08	-0.1866708985757711	0.7073641000886578	-0.954565431306516	0.00010000974138987356	1.0967075220733056e-05	6.910658722354996e-05	-0.06790578299991054
1780000.0	2.8328512423348255e-07	6.852763800685039e-07	-0.18761884311647908	2.3139232788997193	-0.82620360714143	0.0010854112325316087	0.00040224796243909717	0.0006995949606482915	-0.2075903852749868
1790000.0	-1.3189419920920632e-07	-8.423363189943135e-08	-0.1883287186350466	2.0763419180247005	-1.3578578772316117	-0.0011906966724886889	-0.0004167891060186127	-0.0007712797398745512	0.028979438808998084
1800000.0	-1.2171224402197758e-07	-1.421660045991559e-08	-0.1891324899558001	0.7182047886467992	-0.9871608103328522	0.0001006926946399441	1.1445328584685781e-05	6.9514015629833e-05	-0.0648767809584724
1810000.0	2.9072457897427644e-07	6.875733881023679e-07	-0.19007648570940724	2.252122679392123	-0.8353772327439811	0.0010933062898424392	0.0004136160795038652	0.0007015630057023366	-0.20804927886133334
1820000.0	-1.362150706433736e-07	-8.282835500614662e-08	-0.19078664682997926	2.065638423233609	-1.3910104684692837	-0.0012007285937172933	-0.00042705397186783067	-0.0007749432984553515	0.029035112991142236
1830000.0	-1.257014780028826e-07	-1.3290967619716736e-08	-0.19158388750218075	0.7175134020621138	-1.0167454819208366	0.00010034593770283639	1.1814330447961563e-05	6.920716100403117e-05	-0.06302550536269313
1840000.0	2.9696738024260015e-07	6.921280428137342e-07	-0.19252480970383548	2.2068059555953417	-0.8512827729312314	0.0011033728246409755	0.0004238550018588744	0.0007051685692607273	-0.20908679748643796
1850000.0	-1.4042854988035774e-07	-8.039204763954668e-08	-0.19323147755406342	2.0362370798647356	-1.4168621681610944	-0.0012056657545421838	-0.0004388807813610365	-0.0007745791394036897	0.02620164118901633
1860000.0	-1.2971975671046195e-07	-1.2222769075978312e-08	-0.19402489159408212	0.7149164884514262	-1.0459170693040032	9.985883809089518e-05	1.2169115491874944e-05	6.880066803975927e-05	-0.06147619460748315
1870000.0	3.009067820179036e-07	7.004960491180621e-07	-0.1949651132267182	2.189208533124103	-0.8808932545966155	0.0011181051626175749	0.0004318316700741947	0.0007124339467201978	-0.2105201966502282
1880000.0	-1.4481198819726714e-07	-7.885330720583369e-08	-0.1956664573710631	2.024457426650818	-1.4510553150728447	-0.0012153615439183562	-0.00044901210015767224	-0.0007778096820363593	0.02667612590572365
1890000.0	-1.3370976880362516e-07	-1.0734092259914785e-08	-0.1964538370223369	0.7050549313276723	-1.0730198048702546	9.873302062458127e-05	1.244292259784404e-05	6.79523444260516e-05	-0.06060254036754254
1900000.0	3.06911741894031e-07	7.059362217186411e-07	-0.1973887812368492	2.1486813853817814	-0.8997730229113302	0.0011289109136465043	0.00044181694252362256	0.000716423645014124	-0.2112158551236307
1910000.0	-1.493514690413023e-07	-7.885801856190563e-08	-0.19808034519304282	2.0424141459626806	-1.4961823479010483	-0.0012324195845608943	-0.00045802693218721245	-0.0007864169534430674	0.030593762960104486
1920000.0	-1.3770882694396767e-07	-1.0236431551343223e-08	-0.1988577038627459	0.7142735377220321	-1.1065252582880394	9.942943180013907e-05	1.2946965699673273e-05	6.835488148176203e-05	-0.057812140488552995
1930000.0	3.11788851923726e-07	7.119161904170551e-07	-0.1997871715918719	2.1092327046038437	-0.9200953163180976	0.0011415538673510352	0.00045064452905279587	0.0007218632355442496	-0.21366782829940822
1940000.0	-1.5349972343262525e-07	-7.706340985655763e-08	-0.20046798105046715	2.025481885420477	-1.533267301019796	-0.001240347053256579	-0.000466124829279956	-0.0007886158695029853	0.03367475198302677
1950000.0	-1.4149312543918773e-07	-8.978002113146115e-09	-0.20123345834456444	0.7089526701724322	-1.1367938406518414	9.884779781880501e-05	1.3277766542464006e-05	6.787812898739995e-05	-0.055230666722118876
1960000.0	3.1612357711114084e-07	7.175175684752712e-07	-0.20215734077809688	2.048152335525897	-0.9364953129488831	0.0011529951045442396	0.0004587878496769995	0.000726505057886822	-0.21664360321626522
1970000.0	-1.5778619586618807e-07	-7.689713861250027e-08	-0.20282655527627638	2.040658802226915	-1.5769597796673842	-0.0012563579503564277	-0.0004753027245486144	-0.0007962832583283433	0.036842296527902725
1980000.0	-1.4521053837477482e-07	-7.926331035092678e-09	-0.20358357675552166	0.708044772419724	-1.1675342716488732	9.870439380808145e-05	1.367051593394557e-05	6.769893943210608e-05	-0.05286016711911304
1990000.0	3.2075064069870043e-07	7.236151273166819e-07	-0.20450417886051242	1.9942452241329292	-0.9535373683949131	0.0011647878989267308	0.00046706854653827694	0.0007312904155209607	-0.21978196076189976
2000000.0	-1.6186581531014394e-07	-7.568075324282574e-08	-0.2051645586654959	2.0357824758248837	-1.6162789578154797	-0.0012677668210588475	-0.0004839613823340331	-0.0008006895607776516	0.039717296713892576
2010000.0	-1.4890518974835847e-07	-7.326585121623899e-09	-0.20591284282489716	0.7163039191156273	-1.199927133164016	9.937913110193793e-05	1.4186851932294075e-05	6.807580318388304e-05	-0.0506763032628331
2020000.0	3.2542870930162176e-07	7.292432197352638e-07	-0.2068322975637471	1.9371471569810765	-0.9690694262198458	0.0011763291080345384	0.00047539072862485616	0.0007358071541259317	-0.22309077078315084
2030000.0	-1.659406035561013e-07	-7.451555698583018e-08	-0.2074848561894389	2.0324837580792794	-1.6560541958150012	-0.0012799704853332218	-0.0004928289887876841	-0.0008055365874396084	0.04250126059219974
2040000.0	-1.5253370637760755e-07	-6.203263791260308e-09	-0.20822625470765183	0.7150331774600454	-1.23050009902908	9.927639661584714e-05	1.4593616277981349e-05	6.791746175639907e-05	-0.04852128610132481
2050000.0	3.3019995205813644e-07	7.347634284790289e-07	-0.209144515703788	1.8804184006621987	-0.9841176226893766	0.0011878134916580314	0.0004837821104577249	0.0007401873097269496	-0.22645657367571967
2060000.0	-1.6996733968913511e-07	-7.320284014725162e-08	-0.20978991381316475	2.026839429759601	-1.6953986815071231	-0.0012913535728265363	-0.0005016540385193551	-0.000809721559121008	0.045211618973596934
2070000.0	-1.5616544365111459e-07	-5.0701907293933515e-09	-0.21052478160812943	0.7142322916697155	-1.2613647735449287	9.926571111654651e-05	1.5018253614425733e-05	6.781835096063643e-05	-0.04639571438214426
2080000.0	3.346974877644488e-07	7.384746001052836e-07	-0.2114421196533065	1.7964500278128848	-0.9908682921534149	0.001197401424518705	0.0004919248258504177	0.0007431827729234874	-0.23062228275514465
2090000.0	-1.738557509743693e-07	-7.123799740714273e-08	-0.21208086973374632	2.009002490829752	-1.731893144882759	-0.0012993434678279343	-0.0005100683496002804	-0.0008114810503697581	0.04774024663733107
2100000.0	-1.5971342544653023e-07	-3.560747577139964e-09	-0.21280975155256893	0.7066729533575782	-1.2907338335728589	9.87086818064978e-05	1.5356815793642383e-05	6.734425047349265e-05	-0.04435226125233398
2110000.0	3.4022369343530586e-07	7.463317348987375e-07	-0.21372580056156415	1.786200740512218	-1.0176619964744318	0.00121211566379806	0.0005010173152502256	0.0007495551163998273	-0.23317012899340425
2120000.0	-1.7802435936889178e-07	-7.074781414661159e-08	-0.21435829432910802	2.0205760447551473	-1.7759279899229874	-0.0013149644771881445	-0.0005196821163768928	-0.0008183557844395867	0.050429927480773164
2130000.0	-1.6335130092957874e-07	-2.727575529974529e-09	-0.21508182817646954	0.7128152019090892	-1.3234435656978136	9.933717572305772e-05	1.5891833831561517e-05	6.767275817310206e-05	-0.04238818198034281
2140000.0	3.452413577961626e-07	7.517060059537395e-07	-0.21599899323644842	1.7310992091472301	-1.0318684784573413	0.0012235358859344365	0.000509628830424348	0.0007535907572314172	-0.23669290328828824
2150000.0	-1.8208575853858217e-07	-6.935158674157677e-08	-0.2166256818120351	2.0153011459872245	-1.8163369228100765	-0.0013271237491566147	-0.0005288824301592101	-0.0008227533960661581	0.05301230816573129
2160000.0	-1.6697792788126163e-07	-1.4160916537304368e-09	-0.21734398187678647	0.710552243886593	-1.354700978719874	9.932936241586653e-05	1.632854423300558e-05	6.756435330832568e-05	-0.04036388169192636
2170000.0	3.498606005564672e-07	7.550357350857421e-07	-0.21826140586868312	1.646503549188355	-1.0368019530624781	0.0012328142929834112	0.0005179221343784287	0.000756078467057119	-0.2409727102513236
2180000.0	-1.859760479208528e-07	-6.719345346518376e-08	-0.2188826663342074	1.995718556334746	-1.8531545699882976	-0.001334972634771635	-0.0005374717175344355	-0.0008241087083387691	0.05541414442721968
2190000.0	-1.7059060459735015e-07	-2.1514662791246467e-12	-0.2195959860000571	0.7069737484769938	-1.385863062385801	9.924852172505298e-05	1.675581862124279e-05	6.740267615921631e-05	-0.03836638212990214
2200000.0	3.5497966759895317e-07	7.602323465387117e-07	-0.2205140124762376	1.591991272391357	-1.0502203159808583	0.0012441274087022563	0.0005266543109840744	0.000759837938884306	-0.24451541277477976
2210000.0	-1.9001617637270207e-07	-6.556354528717208e-08	-0.22112972378312543	1.9872568164806566	-1.893310330962886	-0.0013461961970943632	-0.0005466527332592367	-0.0008276602875757554	0.057949301805740205
2220000.0	-1.7420902386594923e-07	1.4801416330368156e-09	-0.22183794216939218	0.7028107876792921	-1.4171743221007753	9.916569030829001e-05	1.718583322723881e-05	6.72358310503375e-05	-0.03634471424008976
2230000.0	3.6077827231585267e-07	7.675603173507035e-07	-0.22275552872272855	1.5798799964274615	-1.0761505933277553	0.0012586675841509067	0.0005360734671764948	0.0007656642769819117	-0.24720435215400172
2240000.0	-1.942431074193314e-07	-6.481090516216441e-08	-0.22336539644268572	1.9965019049483521	-1.9386813051349292	-0.0013617695441673883	-0.0005566470503661799	-0.0008340547867870176	0.06058182297364321
2250000.0	-1.7775603230139458e-07	3.3454680603590233e-09	-0.22406946410610284	0.6919024111181747	-1.4469052879185895	9.857385553564196e-05	1.7524131635101725e-05	6.672196077813335e-05	-0.034362493654244465
2260000.0	3.6617137542790174e-07	7.731521329363404e-07	-0.22498753853068917	1.5304385047204785	-1.0907125491630414	0.0012702708110801416	0.000545023620431927	0.0007694032569645222	-0.2506914650356374
2270000.0	-1.9834835841114312e-07	-6.314787402544751e-08	-0.225591950196867	1.9889285430418877	-1.980046659506306	-0.0013738699223929632	-0.0005661680935048477	-0.0008379711494977661	0.06311249374781466
2280000.0	-1.8144090474577615e-07	4.464820511969467e-09	-0.22629029796446648	0.6960960215124474	-1.4808980193719348	9.923441093171626e-05	1.80976814003148e-05	6.70485780060836e-05	-0.032421595749732884
2290000.0	3.710505118515751e-07	7.763990648624463e-07	-0.2272098361113046	1.4505217766391816	-1.0947149021905458	0.0012795629370148669	0.0005535840913492401	0.0007714859267521543	-0.25502407501760427
2300000.0	-2.024259965259205e-07	-6.132107833280185e-08	-0.22780904746792033	1.9788588795898565	-2.0210085481880053	-0.001385136959715354	-0.0005756086100153131	-0.000841213827465592	0.06559940573488626
2310000.0	-1.8510247504908129e-07	6.097941062433823e-09	-0.22850260761557312	0.691328997054901	-1.513073220053299	9.924771239963025e-05	1.855668498101166e-05	6.693399774172613e-05	-0.030406065053451836
2320000.0	3.7636195317892375e-07	7.811909364446467e-07	-0.2294229456858256	1.3951837818342077	-1.1066479371545843	0.0012905870693040162	0.0005625583199280113	0.0007746219082147791	-0.25857967171005497
2330000.0	-2.063390595801189e-07	-5.880968652468636e-08	-0.23001705182849466	1.9561183241632676	-2.0584141918930854	-0.0013926605565703699	-0.0005844510135991886	-0.0008418119441641255	0.06794553652271586
2340000.0	-1.886669667739528e-07	8.138442638276031e-09	-0.23070595401319152	0.6793352867096921	-1.543326636719694	9.871805336711483e-05	1.8910624050768973e-05	6.645125434214681e-05	-0.028448424139707093
2350000.0	3.8248234703597456e-07	7.882951089758761e-07	-0.23162632486072074	1.382716383453501	-1.1323533408935298	0.0013050714534201416	0.0005723228928475998	0.0007799584233055536	-0.26135195718281334
2360000.0	-2.104056711126339e-07	-5.676587437350872e-08	-0.2322161206253311	1.9433503452044223	-2.0992288815298505	-0.0014033927327624012	-0.000593907508922983	-0.0008444752251262495	0.07040322929770114
2370000.0	-1.9230871035206897e-07	9.961080722639877e-09	-0.23290042431665778	0.6724083205338828	-1.5753934652840573	9.864708651289763e-05	1.9356953636294744e-05	6.627230936761648e-05	-0.026451049340739094
2380000.0	3.8816785664167613e-07	7.93708569863068e-07	-0.23382175514788603	1.3347808683581786	-1.1461723717422068	0.0013166445086996291	0.0005815721996773309	0.0007832336890131401	-0.26487598295110903
2390000.0	-2.1476644077646696e-07	-5.581927985014517e-08	-0.23440549909634506	1.952666247871023	-2.1473712081815157	-0.0014202514102803457	-0.0006046657211713954	-0.0008511274108183079	0.07299350494422358
2400000.0	-1.9601557230115739e-07	1.1379200488289635e-08	-0.23508527665770826	0.6738855899392878	-1.610137363972986	9.925175690254405e-05	1.9945640674368646e-05	6.654048238099734e-05	-0.024528221135828213
2410000.0	3.937762732789864e-07	7.985703309278401e-07	-0.23600856664433495	1.2826333646212593	-1.1582203316805704	0.0013278479507976045	0.0005908166524127041	0.0007861488503099047	-0.2684914922375872
2420000.0	-2.1886993404256454e-07	-5.3688559471602336e-08	-0.23658739555046562	1.9398006864917154	-2.1890650004890313	-0.0014313345015471623	-0.0006143800596109066	-0.0008537798738462067	0.07543973052125919
2430000.0	-1.996963232685064e-07	1.3289575304120736e-08	-0.23726265792881707	0.6669341748561821	-1.6429952009145563	9.927735065949587e-05	2.0421622633446527e-05	6.641611941549469e-05	-0.022513227724490107
2440000.0	3.9888830213942594e-07	8.014213927416228e-07	-0.23818697877379696	1.20445538426013	-1.1600338281592255	0.0013368972967211514	0.0005996513654668141	0.000787521855512597	-0.27286364803385016
2450000.0	-2.229839023930665e-07	-5.1495883926923876e-08	-0.2387609315864025	1.9265537190768525	-2.2310219850651087	-0.0014425147570287671	-0.0006241913818670404	-0.0008563766418108452	0.07787696719463853
2460000.0	-2.033474630228107e-07	1.532647354886472e-08	-0.23943170640940525	0.6582807972619757	-1.6755480589946603	9.92088483680762e-05	2.0880331605496416e-05	6.622457747285191e-05	-0.020512940039005112
2470000.0	4.045947099669957e-07	8.060965381544331e-07	-0.24035708502679182	1.1526643302392463	-1.171263119136227	0.0013479944773275483	0.0006090083996011386	0.0007901380851179904	-0.27645891340563744
2480000.0	-2.2690320331552552e-07	-4.8614365720033554e-08	-0.24092609427722905	1.9006157657261504	-2.268908021045972	-0.0014498027693777868	-0.0006332856433524182	-0.0008562464192302323	0.08018469750488152
2490000.0	-2.0700188661797216e-07	1.7429966582713987e-08	-0.24159221158062907	0.6491788492064945	-1.7082726237815717	9.91552269566147e-05	2.134504802637581e-05	6.603835119134873e-05	-0.018506521053253597
2500000.0	4.110687552996489e-07	8.12749303005269e-07	-0.24251784243884178	1.1379290014743113	-1.196109299097889	0.0013622402678068102	0.0006191656454145455	0.0007947144495484924	-0.27924341989439216
2510000.0	-2.3098986458112274e-07	-4.6191927988548986e-08	-0.2430827540763224	1.8845205642637783	-2.31054619164945	-0.0014604033147704602	-0.0006430844793502931	-0.0008582248115858215	0.08260145255826547
2520000.0	-2.1055512458369638e-07	1.991413501660304e-08	-0.24374458763261825	0.6334723602297502	-1.7389806821974625	9.863959081262142e-05	2.170687509045443e-05	6.554211058645269e-05	-0.016550130917824174
2530000.0	4.1712419536158263e-07	8.178906987626873e-07	-0.24467139200161947	1.0909905625024403	-1.2087055858738474	0.0013737416793349652	0.0006287760497350547	0.0007973545416601964	-0.2828026761356324
2540000.0	-2.3534723466498659e-07	-4.473957882740663e-08	-0.24523060625253792	1.8879061553824759	-2.359336595553909	-0.0014762048607899583	-0.0006541041816544814	-0.0008635311789211185	0.08510085246890946
2550000.0	-2.1427636160834178e-07	2.168753560513889e-08	-0.2458882101995014	0.6321349545996878	-1.7747317381566028	9.923986369043234e-05	2.2325322366432312e-05	6.577899446745979e-05	-0.014631493568429655
2560000.0	4.2246445347771604e-07	8.205205693043003e-07	-0.24681718383292617	1.014725178169388	-1.2089098370781455	0.0013826766654305087	0.0006378379216069718	0.0007981893659510051	-0.28721842541877846
2570000.0	-2.3952717133108446e-07	-4.235970106045109e-08	-0.24737191185566787	1.874431554349786	-2.4029508207927757	-0.0014884364906419154	-0.0006644756093438963	-0.0008663192069252474	0.08753228023864393
2580000.0	-2.179159823763078e-07	2.4027927607768978e-08	-0.24802537518317844	0.6209495791064567	-1.807695009818888	9.91699507993114e-05	2.2794854897535788e-05	6.5567570014567e-05	-0.012652152355415626
2590000.0	4.284537977720656e-07	8.249609290955333e-07	-0.24895585177314233	0.9635283815335562	-1.2189154262771815	0.001393694699532424	0.0006474677208643908	0.0008002712289397549	-0.29086887078275186
2600000.0	-2.434277638103679e-07	-3.916409827215844e-08	-0.24950609595763973	1.8457409778626723	-2.441047945745107	-0.0014955571934684496	-0.0006737628466398777	-0.0008655966364698667	0.08978375460525775
2610000.0	-2.2159515554626994e-07	2.637444418800405e-08	-0.2501553152878974	0.6106230321710355	-1.8414073289977715	9.922473392175404e-05	2.3297355340609832e-05	6.543296695012763e-05	-0.01063999183243546
2620000.0	4.352823599435894e-07	8.31384672913392e-07	-0.25108656356235226	0.9480768024323507	-1.2432575252001112	0.0014079058245596622	0.000657968120106461	0.0008043139893479644	-0.29373346738690403
2630000.0	-2.475071617022689e-07	-3.641610766256131e-08	-0.25163320112084264	1.8267011642535829	-2.4831637307425365	-0.0015060535050909814	-0.0006838279776864453	-0.0008670002640311851	0.09214515791424661
2640000.0	-2.2511912627373675e-07	2.9168665061769246e-08	-0.25227859826295845	0.5923426350913118	-1.872284002613398	9.871895424885822e-05	2.3663914870408984e-05	6.492659265480889e-05	-0.0087077772596136
2650000.0	4.4165970078196845e-07	8.363201896367452e-07	-0.25321148712885766	0.9016333481744986	-1.2547325118920007	0.0014193801881857298	0.0006678706654949083	0.0008064376997347758	-0.29734945215006636
2660000.0	-2.5188146655555327e-07	-3.462930674810168e-08	-0.2537528522283462	1.8269400251433963	-2.532997131472456	-0.0015218331742664494	-0.0006952325178296898	-0.0008717445797426556	0.09458982111293823
2670000.0	-2.287268780888074e-07	3.177576974004075e-08	-0.25439519135335187	0.5786158105037286	-1.905205528914998	9.860930015209795e-05	2.4128528390020188e-05	6.467518533512995e-05	-0.006733433381673385
2680000.0	4.478879754021599e-07	8.405862260769668e-07	-0.2553298058063414	0.8504897347578437	-1.263898664665542	0.0014303585230670468	0.0006777187006736056	0.0008081104495157713	-0.3010324679201981
2690000.0	-2.558232063072274e-07	-3.131632981021419e-08	-0.2558670276589065	1.7986970477548074	-2.5723202675181347	-0.001530019646205939	-0.0007049681398248852	-0.0008713359337265106	0.09685465731950779
2700000.0	-2.324932501243155e-07	3.3832266738998904e-08	-0.2565045960791408	0.5762065107423952	-1.9427126976803522	9.936072717107715e-05	2.481553232899202e-05	6.497914099066978e-05	-0.004803508039369308
2710000.0	4.533994266855172e-07	8.42662214892227e-07	-0.2574419579869251	0.7730876477676804	-1.2607220689780168	0.0014388712249988167	0.0006869763626892679	0.0008080613785148564	-0.30550459515388007
2720000.0	-2.599217115418829e-07	-2.8399018637950753e-08	-0.2579752369057169	1.7790378517204717	-2.6154198055426434	-0.0015410639841841422	-0.0007154081765212837	-0.0008726910072417097	0.09918235403378349
2730000.0	-2.3598309389433785e-07	3.687014749265027e-08	-0.25860935865972684	0.5558749086893872	-1.9736255294322187	9.885745640315365e-05	2.5184136053695363e-05	6.4461191725429e-05	-0.00289001255533919
2740000.0	4.606864809092478e-07	8.490335263118604e-07	-0.25954782503027723	0.7587081884737881	-1.2851365365512435	0.0014532676762477013	0.0006978737960522179	0.0008116850696371098	-0.30846530760748714
2750000.0	-2.63974702586083e-07	-2.5306063537370267e-08	-0.2600778618938245	1.7568379076506537	-2.6578486131263617	-0.0015514466418032847	-0.000725727334733966	-0.0008734886568446499	0.10150388244605166
2760000.0	-2.3957819282388617e-07	3.9682506518189723e-08	-0.2607082947532535	0.5408881543647525	-2.0070429116102484	9.880422326630121e-05	2.5670962813824954e-05	6.42305147430407e-05	-0.000916929423803156
2770000.0	4.674137309919637e-07	8.537847419007803e-07	-0.2616488564490852	0.7128906448538825	-1.2954971141739882	0.0014647549668723875	0.000708073744105218	0.000813292054721289	-0.3121241089115985
2780000.0	-2.683477578672463e-07	-2.3166441371945583e-08	-0.2621738401560597	1.753730319401284	-2.7085844976885625	-0.0015672039788915705	-0.000737511884694642	-0.0008776397967066474	0.1039146345183079
2790000.0	-2.431447685806806e-07	4.261679620118404e-08	-0.26280139890248	0.5244500214605505	-2.040167277584714	9.869574623167074e-05	2.614469775331245e-05	6.395894539223914e-05	0.0010597277189500248
2800000.0	4.7394620035597905e-07	8.578060038186952e-07	-0.2637439029293512	0.6619480489917295	-1.3032010116997055	0.001475666312440476	0.0007181856368629533	0.0008143941388180821	-0.3158443605583652
2810000.0	-2.7241651729002696e-07	-1.9972030517828925e-08	-0.2642647121232957	1.7313982065633218	-2.7518720788709627	-0.0015780462557480432	-0.0007481295440677303	-0.0008784432389561557	0.10625455137658271
2820000.0	-2.4683771827830785e-07	4.5060169940146365e-08	-0.2648876471952582	0.5180301208019845	-2.0775762375228664	9.932651320084928e-05	2.6823777963760504e-05	6.415723448170238e-05	0.0029777215216625344
2830000.0	4.805955041507835e-07	8.618555801951519e-07	-0.26583278756449624	0.6119101754910065	-1.3108660160594077	0.0014866408141086009	0.0007283824600922971	0.0008154015386603557	-0.3195614095353921
2840000.0	-2.7655111698084356e-07	-1.6825238003121167e-08	-0.26634949719474305	1.7110472154550502	-2.7965812914433346	-0.0015901625292469989	-0.0007591883779044184	-0.0008799149925833276	0.10865120789405505
2850000.0	-2.503912646169652e-07	4.8126076631742306e-08	-0.2669685429450495	0.5008954170186395	-2.111101331040771	9.92675634637821e-05	2.7317951543567444e-05	6.390536076450684e-05	0.004972195870509358
2860000.0	4.864653940355592e-07	8.637181140607265e-07	-0.2679155719297421	0.5378094113167193	-1.3058095365746498	0.0014951632134757385	0.0007379296601377715	0.0008147141100137698	-0.3240481110041629
2870000.0	-2.8060469294099864e-07	-1.3474480484110484e-08	-0.2684281301429225	1.68755442399687	-2.840156227587641	-0.0016011649200175426	-0.0007699963871536252	-0.0008805330987300208	0.11098692463354876
2880000.0	-2.5397866765661797e-07	5.1205333356680814e-08	-0.2690434261348554	0.4845634793923119	-2.145435240210909	9.932847153043542e-05	2.7848651963386854e-05	6.3724191005001e-05	0.0070061417615350135
2890000.0	4.932186451842541e-07	8.675582964810836e-07	-0.2699923559978954	0.48758689825537316	-1.3122766826710175	0.0015060226206100695	0.0007482131496606959	0.000815379040671183	-0.32777352235259094
2900000.0	-2.843672556443499e-07	-9.43191409938503e-09	-0.27050095531377144	1.6514420947623807	-2.878055282587408	-0.0016079010834650204	-0.0007797046839982917	-0.0008782594039545418	0.113163154233607
2910000.0	-2.575052574364265e-07	5.442529151858164e-08	-0.27111232207811625	0.46634781752422877	-2.179121464697097	9.929648366470158e-05	2.835469207773814e-05	6.34779889674807e-05	0.009006733348842636
2920000.0	5.009795580936923e-07	8.733240137541438e-07	-0.27206250996795395	0.46981702329890934	-1.3347981273819303	0.0015201315296134664	0.0007595379113440589	0.0008179562993494645	-0.3307315843326056
2930000.0	-2.883350946648853e-07	-5.8101772409602045e-09	-0.27256789133502596	1.6245215411460305	-2.9206504208335864	-0.0016181609033973582	-0.000790386973573442	-0.0008781340539309579	0.11546702654988178
2940000.0	-2.60863843657452e-07	5.8047312133043475e-08	-0.2731758312415905	0.4412210919405048	-2.2097583990318252	9.881875144968106e-05	2.8729264208346067e-05	6.294420442129101e-05	0.010940804243668372
2950000.0	5.082241825842107e-07	8.776989884252004e-07	-0.27412811609026766	0.4242600781636022	-1.3430503128799671	0.00153156046851164	0.0007701397709057031	0.0008186912041927433	-0.3344126715541842
2960000.0	-2.927436127670946e-07	-3.260587952691628e-09	-0.27462880248946364	1.619050844704438	-2.973929172333409	-0.0016352644130676133	-0.0008031513102346604	-0.0008822021774172836	0.1178981883439916
2970000.0	-2.6451424450785816e-07	6.088846683771863e-08	-0.2752334591086154	0.4318183290533991	-2.2480129314750035	9.948486048609546e-05	2.9447262935742506e-05	6.312778160725163e-05	0.01287069167946135
2980000.0	5.143826887548991e-07	8.793822273857589e-07	-0.27618897705706	0.35157719446491725	-1.3359873175503776	0.0015400468804743447	0.0007798900735700615	0.0008174398601851499	-0.33898652394380613
2990000.0	-2.9672332163089614e-07	4.582273518184362e-10	-0.27668604827598425	1.592170611533952	-3.0175201477774403	-0.0016462182782894029	-0.0008142176548713103	-0.0008821971672174003	0.12018130091203967
3000000.0	-2.6796887870644855e-07	6.437882597434815e-08	-0.27728734452593606	0.4112000297420993	-2.28153510077403	9.943566355785138e-05	2.9954344768270012e-05	6.285258907301819e-05	0.014847834197835167
3010000.0	5.214584892558159e-07	8.829508838657525e-07	-0.27824520398012065	0.30122159790912	-1.3406726616647857	0.0015508398378302885	0.000790412767050175	0.0008174924471668887	-0.342769559187952
3020000.0	-3.003852172477932e-07	4.863121873548782e-09	-0.27873871404098693	1.5528247787521965	-3.054985597471376	-0.001652813897231301	-0.0008240656379045416	-0.0008792741692776869	0.12231519545837534
3030000.0	-2.7125553647777996e-07	6.825494826735462e-08	-0.2793366980780285	0.3840533445211731	-2.3120008173140527	9.897670327244954e-05	3.0333933980903663e-05	6.231551459792181e-05	0.016773666394902614
3040000.0	5.295962289916883e-07	8.883959970506938e-07	-0.28029606271328467	0.28170008548304926	-1.3619177628120873	0.0015648722267705855	0.0008020369575273702	0.000819411521805182	-0.34579733289360975
3050000.0	-3.04263158808752e-07	8.861486108619355e-09	-0.28078676261719054	1.5224195294734346	-3.097408172164204	-0.0016629893326775562	-0.0008349710396637684	-0.0008784994496507224	0.12457920859548618
3060000.0	-2.7465732574662935e-07	7.19200593007287e-08	-0.2813813930580942	0.3620096773014282	-2.345375574172748	9.89349349157971e-05	3.084383590374992e-05	6.203411304748718e-05	0.018757631209554808
3070000.0	5.372369778367623e-07	8.925658150479693e-07	-0.2823433858966013	0.23646641520986775	-1.3687562899884296	0.0015763405532487308	0.0008129177050691784	0.0008195798950144369	-0.34953141396180876
3080000.0	-3.086154959948964e-07	1.1798667615034615e-08	-0.2828296656788817	1.5132087843866004	-3.151268535934026	-0.0016801445492146728	-0.000848142043328059	-0.0008819262723165832	0.12698467543146374
3090000.0	-2.7816717815540004e-07	7.518316320337963e-08	-0.28342111047283003	0.34811429069181093	-2.3829107575305906	9.947309295646777e-05	3.154185855022544e-05	6.210652165898321e-05	0.02064568397587558
3100000.0	5.446405814117554e-07	8.96035049447593e-07	-0.28438643489580223	0.18650900265457424	-1.3725832256199066	0.0015872049247862556	0.0008236637865484716	0.000819223713160254	-0.35335500062051184
3110000.0	-3.1248553142973433e-07	1.5915038098037022e-08	-0.28486912832663003	1.482474894760242	-3.194484549457234	-0.0016908545730427082	-0.0008593857556050727	-0.0008811508070359272	0.1292584174443825
3120000.0	-2.815137425966234e-07	7.902918088665098e-08	-0.2854572214207471	0.32452108621073034	-2.4161907082768037	9.942785084490676e-05	3.205605797413895e-05	6.180911489161463e-05	0.022637688115920877
3130000.0	5.510526630417693e-07	8.972441572160633e-07	-0.2864250362892665	0.1141254274557104	-1.3621831997214797	0.001595434530672886	0.0008335781781559077	0.0008171031812645773	-0.35793745979446345
3140000.0	-3.1603533600034706e-07	2.0671541554826768e-08	-0.28690433763514467	1.4402423238085287	-3.23156540877042	-0.001697524850003267	-0.000869424946797026	-0.0008776886922129229	0.1313742804597124
3150000.0	-2.8473381815199526e-07	8.319262363750846e-08	-0.2874894235081189	0.29589586059492956	-2.447100932382396	9.909451314505643e-05	3.2474832651448246e-05	6.132859971808217e-05	0.02460967527979827
3160000.0	5.60025131777245e-07	9.031599020235316e-07	-0.2884592778609507	0.09870790501006947	-1.3853288526586933	0.001610186340822565	0.0008457571340530471	0.0008188215024769258	-0.3609625789737408
3170000.0	-3.2028456796863835e-07	2.3990096204671823e-08	-0.28893537900482685	1.4264977552463782	-3.284845224914954	-0.0017141388911168917	-0.0008826815316262828	-0.0008802645670511267	0.13372902011639992
3180000.0	-2.881627102252253e-07	8.672852561812999e-08	-0.2895176503409507	0.2796268822899655	-2.4846230828509936	9.96211481945113e-05	3.318279284727963e-05	6.13695622314114e-05	0.026477637214931595
3190000.0	5.666224016763542e-07	9.043288122553027e-07	-0.2904913306919474	0.026976233104057164	-1.3738842664395385	0.0016184601343401759	0.0008557786287414988	0.0008164331832325574	-0.3656263266728654
3200000.0	-3.237605660586945e-07	2.8945822869446223e-08	-0.29096453640654535	1.3823829627090487	-3.3214999401062535	-0.0017207388107759354	-0.0008927755090416132	-0.0008764564903558438	0.13580204475858917
3210000.0	-2.913142261397545e-07	9.107710356617548e-08	-0.29154426971807	0.2494255109586364	-2.515264039808381	9.928744333234811e-05	3.360156990686911e-05	6.087705518892818e-05	0.028425482518616693
3220000.0	5.753838797986238e-07	9.09331990499876e-07	-0.2925201538256746	0.005089756233812959	-1.3931051911787566	0.0016324591644508858	0.0008678517408573877	0.0008173594465829064	-0.3687837510972497
3230000.0	-3.274536919127052e-07	3.3538194634464346e-08	-0.29299116253206076	1.346384609175483	-3.3632436404845194	-0.0017307846629568998	-0.0009039812044947208	-0.000874656158090053	0.1380125699412607
3240000.0	-2.945109707019903e-07	9.576918646155811e-08	-0.29356860355358266	0.21500907119076215	-2.5448269562416757	9.881168635845592e-05	3.397110232378979e-05	6.029229170011019e-05	0.03073839840218293
3250000.0	5.80170931498656e-07	9.080381238501442e-07	-0.29454758728697594	-0.1288514978813256	-1.3451139863514565	0.0016336750191014787	0.0008754598379058337	0.0008104153619552194	-0.3733027588480325
3260000.0	-3.302982270729333e-07	4.0699631622186594e-08	-0.29501170634035134	1.265362088506511	-3.380873401185666	-0.0017313395272375005	-0.0009118810198225499	-0.0008669677332014501	0.14083809112062382
3270000.0	-2.972585823966936e-07	1.0175655637504605e-07	-0.2955797608673953	0.15846160644659155	-2.5623839271033506	9.698304940544197e-05	3.385860668692486e-05	5.888728612206615e-05	0.033667271562794795
3280000.0	5.849113924161222e-07	9.068116230541952e-07	-0.2965544643813299	-0.2573761597388998	-1.2993121014087634	0.0016347555650655116	0.0008830009844113368	0.0008032732240838052	-0.3766406612006239
3290000.0	-3.330027034824474e-07	4.793060101515293e-08	-0.2970063623961206	1.1838910072681808	-3.3970241013060303	-0.0017307794170833342	-0.0009193448757627568	-0.0008584967771892237	0.14397880054679058
3300000.0	-2.999939567152386e-07	1.0770787894857984e-07	-0.2975608225615666	0.10381082460837693	-2.5805441056578635	9.536159160001196e-05	3.3803112661641004e-05	5.761059730050388e-05	0.03698457606897069
3310000.0	5.896927376287199e-07	9.054911892160715e-07	-0.2985269545005503	-0.38048437005291585	-1.2544259502049133	0.0016357831964088443	0.0008904878939413902	0.0007959913546281541	-0.37940908974783355
3320000.0	-3.356173343131523e-07	5.5146959089778605e-08	-0.2989630876117077	1.103588707767568	-3.412711098036758	-0.0017302210310475266	-0.0009267531042699904	-0.0008499250652844326	0.14737785197890402
3330000.0	-3.026223301261166e-07	1.1368808402212603e-07	-0.2995008122441357	0.04940476899484061	-2.5979977534552283	9.3813445194969e-05	3.375816644648174e-05	5.63810612149285e-05	0.04051632777654944
3340000.0	5.945204115730654e-07	9.040522659241912e-07	-0.30045532709060707	-0.49851476995826527	-1.210195674706423	0.0016367447252533275	0.0008979079429257513	0.0007885660879208372	-0.38173336051072904
3350000.0	-3.3812143475577904e-07	6.233788063265007e-08	-0.3008732375120186	1.024462396999995	-3.4278058713137587	-0.0017296688720379583	-0.0009341016668499774	-0.0008412585251295207	0.150935861882482
3360000.0	-3.051248182944677e-07	1.1968459924446697e-07	-0.30139207314434735	-0.004706113793227858	-2.614632888207165	9.233484464711255e-05	3.3723261145167674e-05	5.519610606155386e-05	0.044173769843366656
3370000.0	5.994086162123575e-07	9.024890772079452e-07	-0.30233284345422595	-0.6116562413592317	-1.1664723320150612	0.0016376456947638863	0.0009052578147010373	0.0007810036848588245	-0.3837113791317908
3380000.0	-3.4049868777939055e-07	6.949445366602098e-08	-0.3027308949442345	0.9465110239572169	-3.4422043992849383	-0.0017291246876212423	-0.0009413876763115072	-0.0008325004114485879	0.15457814371423542
3390000.0	-3.074867294338225e-07	1.2568656459442664e-07	-0.30322943510245837	-0.058476853723479716	-2.6303632104441093	9.092235516107913e-05	3.3697925066226324e-05	5.405332295808736e-05	0.04789031656646687
3400000.0	6.043691000259225e-07	9.007962454669088e-07	-0.3041550281021901	-0.7200883908237401	-1.1231356724384856	0.0016384908800556733	0.0009125357308951056	0.0007733091255987987	-0.3854181447239905
3410000.0	-3.427364659756268e-07	7.660919835957083e-08	-0.30453220364205336	0.8697306779848213	-3.4558260951044186	-0.0017285898246260866	-0.0009486095701434905	-0.0008236529551146587	0.1582489360824013
3420000.0	-3.0969693234011207e-07	1.3168463703390113e-07	-0.30500960407341915	-0.11186817840876302	-2.645123856597759	8.957270772967584e-05	3.368170081186614e-05	5.295046766426542e-05	0.05161638151962992
3430000.0	6.094112891669749e-07	8.989689248785336e-07	-0.3059191107588222	-0.823982931122302	-1.0800894965947039	0.0016392847075018485	0.0009197408933117512	0.0007654865187799497	-0.38691115206640575
3440000.0	-3.4482533802966646e-07	8.367588743295224e-08	-0.3062748580881846	0.7941144957738202	-3.4686098740213795	-0.001728065400115572	-0.0009557666535142118	-0.0008147177429910201	0.16190691108428323
3450000.0	-3.1174724705734613e-07	1.376707869552473e-07	-0.30673069591250335	-0.16484628934757234	-2.65886771831552	8.828282859871553e-05	3.3674129528457773e-05	5.1885414656786076e-05	0.05531532602147328
3460000.0	6.145424203409112e-07	8.97002854602396e-07	-0.30762360089820934	-0.923504604137271	-1.0372576177781838	0.0016400310555789272	0.0009268731545143023	0.0007575392627249318	-0.38823455736744394
3470000.0	-3.4675843251907396e-07	9.068932433903432e-08	-0.3079577149857296	0.719652803438323	-3.480510737966046	-0.001727552226032982	-0.0009628586539172911	-0.0008056958775439931	0.16552171126128087
3480000.0	-3.136319046294093e-07	1.4363813168637476e-07	-0.3083918815738231	-0.2173824795421823	-2.671562267998998	8.704983766559512e-05	3.36748328305018e-05	5.085616745252285e-05	0.05896034898776636
3490000.0	6.197677312553665e-07	8.948943717503945e-07	-0.30926796409883117	-1.0188117965777022	-0.9945804053842697	0.0016407334638642186	0.0009339326076763839	0.0007494702680507094	-0.38942235160982175
3500000.0	-3.48531007118137e-07	9.764523076733836e-08	-0.3095804977830928	0.6463333920178023	-3.491496865762862	-0.0017270509603243935	-0.0009698855648676321	-0.0007965881257354415	0.16907130874510987
3510000.0	-3.153471086281629e-07	1.4958071843854618e-07	-0.30999311730453893	-0.26945265629822074	-2.683186861388737	8.587096464288616e-05	3.3683400039367676e-05	4.9860830021162845e-05	0.06253211933511195
3520000.0	6.250907840809332e-07	8.926403554031645e-07	-0.3108523759100006	-1.1100569532745659	-0.9520118625172983	0.00164139514565	0.0009409195264955156	0.0007412820970319488	-0.3905007672852977
3530000.0	-3.501400776239027e-07	1.0454011217756218e-07	-0.3111435719283022	0.5741418575906135	-3.50154716094445	-0.0017265620887512905	-0.000976847466701016	-0.0007873950246371932	0.17253999974166478
3540000.0	-3.16890701369524e-07	1.5549350207177098e-07	-0.31153493937803023	-0.32103684293484586	-2.6937304783141864	8.474364864691014e-05	3.369946296042116e-05	4.889763563726658e-05	0.0660169785395774
3550000.0	6.305136093144031e-07	8.902381793615231e-07	-0.31237753454133205	-1.1973868745572493	-0.9095171749554334	0.001642019005518127	0.000947834231917776	0.0007329769849091882	-0.3914901022449076
3560000.0	-3.5158406034945714e-07	1.1137108098144884e-07	-0.31264777378635694	0.5030619611075697	-3.5106492096498996	-0.0017260859524204579	-0.0009837443931664113	-0.0007781170117947052	0.1759168821107926
3570000.0	-3.182617820868905e-07	1.6137204558924353e-07	-0.3130183077946853	-0.37211868463218056	-2.703189841861413	8.366544277285948e-05	3.3722688074439284e-05	4.7964876867700815e-05	0.06940557557633012
3580000.0	6.360369413598129e-07	8.87685749336509e-07	-0.3138445181960638	-1.2809429297587749	-0.8670706683345146	0.0016426077176455816	0.0009546768921586145	0.0007245570257066912	-0.3924061041060251
3590000.0	-3.528624931324475e-07	1.1813581405879127e-07	-0.31409428030116654	0.43307597258820796	-3.5187975874873025	-0.0017256227593009839	-0.0009905762990004955	-0.000768754397566143	0.17919469820248884
3600000.0	-3.1946054546549087e-07	1.672125864441417e-07	-0.31444448718237894	-0.422684987931901	-2.7115678650918116	8.263402633442368e-05	3.3752753773599885e-05	4.7060936673629725e-05	0.07269182865140007
3610000.0	6.416604733000675e-07	8.849813314252091e-07	-0.3152546763425595	-1.3608612392617672	-0.8246541163537326	0.0016431636136136354	0.0009614476467137692	0.0007160241219398679	-0.39326102360863724
3620000.0	-3.5397583085603777e-07	1.248324202761872e-07	-0.3154845096538831	0.3641649934178893	-3.5259924643653586	-0.0017251726507957546	-0.0009973430265757307	-0.000759307491912626	0.18236895352487356
3630000.0	-3.204879794898514e-07	1.7301183814863102e-07	-0.3158149560193782	-0.47272529798592766	-2.7188723741097665	8.164722583314869e-05	3.378933911182526e-05	4.6184327321090795e-05	0.07587213353451155
3640000.0	6.473829572174062e-07	8.821235838744949e-07	-0.31660954684736115	-1.437272831594556	-0.7822553374654461	0.0016436889896941978	0.000968146479569024	0.0007073800665392386	-0.39406441826227273
3650000.0	-3.549252900712981e-07	1.3145943426663597e-07	-0.31682004556189475	0.2963092434415123	-3.532238459806575	-0.001724735649801129	-0.0010040442745336763	-0.0007497765453706182	0.18543724373661089
3660000.0	-3.213457874902869e-07	1.7876699530311994e-07	-0.3171313374769078	-0.522231519571466	-2.7251150621569864	8.070295344531608e-05	3.383213796611433e-05	4.533361123635382e-05	0.07894475861324807
3670000.0	6.532023590416173e-07	8.791115651543057e-07	-0.31791079286708346	-1.5103037889887871	-0.7398670421507317	0.001644185824488736	0.0009747732148326926	0.0006986266065102573	-0.3948237676621661
3680000.0	-3.557126183130773e-07	1.3801564040550906e-07	-0.31810257965480543	0.22948831328942135	-3.5375437030131747	-0.001724311768397915	-0.001010679601755455	-0.0007401618688276812	0.18839873959489373
3690000.0	-3.220361708260192e-07	1.844755865566342e-07	-0.31839534680746734	-0.5711975841742218	-2.7303106332440183	7.979926317096305e-05	3.388087756538835e-05	4.450741821127773e-05	0.08190938125878182
3700000.0	6.591160777198074e-07	8.759445227288075e-07	-0.3191601548742102	-1.5800753955721285	-0.6974858793737772	0.0016446559960360532	0.0009813275572343842	0.0006897653839057017	-0.39554494538805657
3710000.0	-3.5634004208688755e-07	1.4450014295546687e-07	-0.319333867707607	0.1636813791270888	-3.541919068783032	-0.001723900875299976	-0.001017248439140805	-0.00073046372340819	0.19125379191588748
3720000.0	-3.2256171930028624e-07	1.901354654747484e-07	-0.3196087514258672	-0.6196191594167713	-2.7344761079387743	7.893429319064338e-05	3.393526687442053e-05	4.3704470284903367e-05	0.0847667321075057
3730000.0	6.651209108056905e-07	8.726220648452626e-07	-0.32035941430161513	-1.6467042815550232	-0.655111652998076	0.0016451011961560833	0.0009878090618171038	0.0006807980176172923	-0.39623258244352544
3740000.0	-3.568101441814732e-07	1.5091224284962905e-07	-0.3205156965189549	0.09886738745199511	-3.5453775510525674	-0.0017235028834389422	-0.001023750036006778	-0.0007206824823360379	0.1940036281492634
3750000.0	-3.229253795289501e-07	1.9574478499624057e-07	-0.3207733407469057	-0.6674933929655963	-2.737630254693729	7.810622644266119e-05	3.39950594595628e-05	4.292351106914191e-05	0.08751832155998371
3760000.0	6.712133210102699e-07	8.691439732603377e-07	-0.3215103661230899	-1.7103025691872125	-0.6127466803386871	0.0016455230069502003	0.0009942171564365646	0.000671726090537849	-0.3968903474140952
3770000.0	-3.5712574415775866e-07	1.5725143689748443e-07	-0.3216498589811559	0.03502520870398309	-3.5479337540329903	-0.001723117605249956	-0.0010301835567024307	-0.0007108184969975483	0.1966501190138724
3780000.0	-3.231302787841257e-07	2.0130190611235798e-07	-0.3218909035346503	-0.7148186925061063	-2.739793131608862	7.731342533439673e-05	3.406000438730453e-05	4.216339204025649e-05	0.09016622931841048
3790000.0	6.773893636746408e-07	8.655102588266435e-07	-0.3226147983163893	-1.7709780245704936	-0.570395260957727	0.001645922883647477	0.0010005511062916857	0.0006625512091182966	-0.39752116293440837
3800000.0	-3.5728990430454314e-07	1.6351736616882362e-07	-0.3227381354618496	-0.02786623505690104	-3.549603479295956	-0.0017227448563948246	-0.0010365480518891184	-0.000700872195541407	0.1991955989734128
3810000.0	-3.231797770072818e-07	2.0680542208666433e-07	-0.32296321104096165	-0.7615945404644888	-2.7409857126569603	7.65542835684507e-05	3.4129852974066384e-05	4.142301165836894e-05	0.0927129423693249
3820000.0	6.836448511473229e-07	8.617211205969211e-07	-0.32367447663244614	-1.8288342033912772	-0.5280632423788088	0.001646302164733347	0.0010068101491851626	0.0006532748682394365	-0.3981273733296776
3830000.0	-3.57305800863031e-07	1.6970980699400654e-07	-0.32378228005194504	-0.08982786451290108	-3.5504033890950524	-0.001722384416254553	-0.0010428424278355478	-0.0006908440479385503	0.20164272814279638
3840000.0	-3.230773086523262e-07	2.1225408645723692e-07	-0.3239920046077441	-0.8078213272344918	-2.7412295873363157	7.582728791516887e-05	3.420436725652974e-05	4.070131801443789e-05	0.09516123045540738
3850000.0	6.899754169734702e-07	8.577769028106549e-07	-0.3246911334553469	-1.8839706031837362	-0.4857576635133312	0.0016466621066514862	0.0010129933414693532	0.0006438986552939531	-0.3987108744057526
3860000.0	-3.571767223062927e-07	1.758286557438466e-07	-0.3247840105656572	-0.15088035827794163	-3.5503507353031525	-0.001722036000032841	-0.0010490655399884496	-0.0006807345548648597	0.20399438623227803
3870000.0	-3.2282643602219457e-07	2.1764682031585906e-07	-0.32497898671057385	-0.8535002123300538	-2.740546715974109	7.513100630785873e-05	3.428331072721383e-05	3.99973125360279e-05	0.09751405029888358
3880000.0	6.963764919397302e-07	8.536781136876131e-07	-0.3256664598159904	-1.9364828120078745	-0.4434864624165158	0.0016470038885842535	0.0010190997066740878	0.000634424093485313	-0.3992732142465682
3890000.0	-3.56905992179853e-07	1.818738536554357e-07	-0.32574500143138313	-0.2110440826413759	-3.5494631380384054	-0.0017216994003945525	-0.0010552161277245689	-0.0006705443024936039	0.20625359119457315
3900000.0	-3.224307277725751e-07	2.2298267379449262e-07	-0.325925814652726	-0.8986330050021138	-2.738959235837881	7.446405973717748e-05	3.4366487509749654e-05	3.9310043766911144e-05	0.09977447226117661
3910000.0	7.0284337898371e-07	8.494253756646649e-07	-0.3266020998328823	-1.9864626562424161	-0.40125823475903727	0.001647328534627569	0.0010251281482887467	0.0006248527331485068	-0.3998156712559231
3920000.0	-3.564970489080838e-07	1.8784548371153156e-07	-0.3266668788070262	-0.2703390375773702	-3.547758407872391	-0.0017213743191271797	-0.0010612929009068488	-0.0006602738894388492	0.2084234370979026
3930000.0	-3.218937996753599e-07	2.2826083387385542e-07	-0.3268340962970047	-0.9432220601173702	-2.7364893020843186	7.382514142186992e-05	3.44536604349119e-05	3.863862020491066e-05	0.10194562431399379
3940000.0	7.093713695286687e-07	8.450194407482467e-07	-0.32749964701781514	-2.03399834451431	-0.3590820385717338	0.0016476370429912327	0.0010310775265246195	0.0006151861082072633	-0.40033931486158436
3950000.0	-3.559532509766203e-07	1.9374365390883364e-07	-0.32755121740210275	-0.3287848123983822	-3.5452544052633908	-0.0017210604827409895	-0.0010672944784745385	-0.0006499239765186432	0.21050704688253177
3960000.0	-3.2121923997387307e-07	2.3348053425382727e-07	-0.327705387359693	-0.9872701878890184	-2.733158964238563	7.321306030920422e-05	3.454464196431217e-05	3.7982173376557736e-05	0.10403064953521332
3970000.0	7.159556237077513e-07	8.404611643092859e-07	-0.3283606420094525	-2.0791746101870663	-0.31696723245000946	0.0016479303683382858	0.00103694665077102	0.0006054257617173844	-0.4008450525294547
3980000.0	-3.552780319129242e-07	1.9956853365393173e-07	-0.32839953860550747	-0.38640055432376147	-3.5419689224758377	-0.0017207576188540085	-0.0010732194495883852	-0.0006394952974752767	0.21250753668950023
3990000.0	-3.204106821747603e-07	2.386411850553694e-07	-0.32854118989774084	-1.0307805807931096	-2.728990065784779	7.262654644797655e-05	3.463919598751635e-05	3.7339888409687284e-05	0.1060326739884023
4000000.0	7.225913324914026e-07	8.357514937011967e-07	-0.32918657139553875	-2.122072849690592	-0.2749233449689016	0.0016482093761974344	0.0010427342806540762	0.0005955732715424312	-0.40133366615402605
4010000.0	-3.5447470282172274e-07	2.0532033655794837e-07	-0.3292133096065775	-0.4432049411892065	-3.537919595975218	-0.0017204653880614586	-0.0010790663345877092	-0.0006289885767866172	0.2144279891183351
4020000.0	-3.194716492733343e-07	2.4374222392801655e-07	-0.3293429517015756	-1.0737567433718445	-2.724004164395439	7.206452524983838e-05	3.4737147406932434e-05	3.6711003636391306e-05	0.1079547828870448
4030000.0	7.292736558804224e-07	8.30891440201907e-07	-0.32997886735977666	-2.1627712585070062	-0.23295996749018594	0.0016484748192170087	0.0010484391159782144	0.0005856301454010509	-0.4018058403834606
4040000.0	-3.535466613639285e-07	2.1099932546579597e-07	-0.3299939432666854	-0.4992161629152948	-3.533123831460694	-0.001720183512298305	-0.0010848336495766656	-0.0006184046518241418	0.21627143350580819
4050000.0	-3.184056628090771e-07	2.4878318288606394e-07	-0.3301120663706848	-1.1162024401550454	-2.718222471824474	7.152597002218384e-05	3.4838309345916424e-05	3.6094779358678834e-05	0.10980000286501755
4060000.0	7.359977927861846e-07	8.258821432030809e-07	-0.3307389079482278	-2.2013449584397042	-0.1910866679421889	0.0016487275023575653	0.0010540598568125577	0.0005755979949057742	-0.4022621843290766
4070000.0	-3.52497144528889e-07	2.1660576454587125e-07	-0.3307427985530649	-0.5544519126075771	-3.527598749348953	-0.0017199117180271687	-0.0010905198737340678	-0.0006077443600916781	0.21804083170087848
4080000.0	-3.172161993228405e-07	2.537636442363884e-07	-0.3308498738985708	-1.1581216398146787	-2.7116658065598607	7.100977834633816e-05	3.49424668698579e-05	3.5490509892225644e-05	0.11157128940119444
4090000.0	7.427589349732268e-07	8.207247708160903e-07	-0.33146801779604007	-2.2378661264612365	-0.14931292044866182	0.0016489680923782934	0.0010595951526689515	0.0005654783756855478	-0.4027032484265661
4100000.0	-3.5132942993706106e-07	2.2213997897941967e-07	-0.33146118138822356	-0.6089293735692252	-3.521361138756751	-0.00171964970486105	-0.0010961234912679873	-0.0005970085877974461	0.21973906781122515
4110000.0	-3.1590666203418724e-07	2.5868327393037257e-07	-0.3315576616321796	-1.1995184804442403	-2.7043545563204368	7.05150056865974e-05	3.504944964572519e-05	3.489752541925895e-05	0.11327151785413232
4120000.0	7.495523706884295e-07	8.15420567649974e-07	-0.33216746919074847	-2.272404113942028	-0.107648050382779	0.001649197294325596	0.0010650436780731815	0.0005552728517073	-0.4031295373894442
4130000.0	-3.500466844328788e-07	2.2760229447707755e-07	-0.3321503458012495	-0.662665216510176	-3.514427426337559	-0.0017193971643065787	-0.0011016429282853274	-0.0005861982721039936	0.22136894145266012
4140000.0	-3.1448038110609056e-07	2.635417687566904e-07	-0.33223666550181047	-1.2403972250486253	-2.696308652900443	7.004077110884411e-05	3.515909422262922e-05	3.431520853216956e-05	0.11490347749591488
4150000.0	7.563733786495546e-07	8.099708409147969e-07	-0.3328384833763105	-2.305025563751402	-0.06610118927160234	0.0016494156469561024	0.0010704040307886733	0.000544983016054716	-0.4035415200726485
4160000.0	-3.4865203317086984e-07	2.3299307420422177e-07	-0.3328114952931816	-0.7156756011573294	-3.506813649603648	-0.001719153788811386	-0.001107076659862087	-0.000575314370555597	0.2229331633019402
4170000.0	-3.12940655864228e-07	2.6833887791418057e-07	-0.3328880714400098	-1.2807622350437842	-2.687547551852143	6.958614949825165e-05	3.5271184342470625e-05	3.374294830844423e-05	0.11646986789598394
4180000.0	7.632173540413925e-07	8.043769571129302e-07	-0.33348223202378374	-2.3357945218881633	-0.02468124088497988	0.0016496238075078228	0.0010756748641653907	0.0005346104735905327	-0.4039396371160528
4190000.0	-3.4714850972012605e-07	2.3831266173859143e-07	-0.3334457843482992	-0.7679761726701422	-3.4985354408784617	-0.0017189193121238996	-0.0011124231057524233	-0.0005643579152089638	0.22443435264440828
4200000.0	-3.112906679761067e-07	2.7307440102661174e-07	-0.3335130169281151	-1.320617939868457	-2.678090221404905	6.91502913707712e-05	3.5385576803741835e-05	3.318017260379688e-05	0.1179732968910396
4210000.0	7.700797363856167e-07	7.986403179515542e-07	-0.3340998388116769	-2.3647725463633855	0.016603145944796158	0.0016498222265162582	0.0010808547848341345	0.0005241568115750846	-0.404324306667629
4220000.0	-3.455390927249454e-07	2.435614366568269e-07	-0.3340543200393775	-0.8195820706087948	-3.489608013175083	-0.0017186934446131146	-0.001117680726341606	-0.0005533299426206623	0.22587503645231571
4230000.0	-3.09533559669265e-07	2.7774818443691303e-07	-0.33411259262180437	-1.3599688128249625	-2.667955133252144	6.873242066422857e-05	3.550209769999077e-05	3.2626341831770323e-05	0.1194162800434683
4240000.0	7.769560447455877e-07	7.927623767539166e-07	-0.3346923810720607	-2.3920188068930046	0.05774359717337156	0.0016500115064785913	0.0010859424547475464	0.0005136236368563421	-0.4046959286396894
4250000.0	-3.4382674296252665e-07	2.4873981056399894e-07	-0.3346381636865137	-0.8705079278822351	-3.4800461548059616	-0.0017184759206190588	-0.001122847985455975	-0.0005422315277284425	0.22725764939355703
4260000.0	-3.076723913796216e-07	2.8236007567915414e-07	-0.33468784401947166	-1.3988193483285152	-2.657160258568889	6.833176334668166e-05	3.562058146274612e-05	3.208091905288536e-05	0.1208012408713657
4270000.0	7.838418899024487e-07	7.867446224451211e-07	-0.335260891469571	-2.4175901869828587	0.09873202877086242	0.0016501920659852693	0.0010909364965506446	0.0005030125666054897	-0.4050548881834092
4280000.0	-3.4201425497985005e-07	2.538481527135348e-07	-0.3351983325396082	-0.9207678815452398	-3.4698642261636152	-0.001718266436185282	-0.001127923355921597	-0.0005310637804101631	0.228584534887616
4290000.0	-3.0571014545723987e-07	2.8690998859420153e-07	-0.33523977314563774	-1.4371740484533921	-2.6457230708747845	6.79475670265567e-05	3.574084677401752e-05	3.154343561969413e-05	0.12213051217903971
4300000.0	7.907329489441498e-07	7.805885876254052e-07	-0.335806359686925	-2.441541375958545	0.13956065375763932	0.0016503643430171772	0.001095835543608708	0.000492325226331693	-0.4054015579341253
4310000.0	-3.40104426632618e-07	2.5888686425494354e-07	-0.33573580146056536	-0.9703755801102586	-3.4590761574721953	-0.0017180647728805164	-0.0011329053207554032	-0.0005198278568657972	0.22985794653327898
4320000.0	-3.036497296074121e-07	2.9139785634586317e-07	-0.33576934022838706	-1.4750374004460016	-2.6336605451182966	6.757913703492827e-05	3.586275321162423e-05	3.101341189979021e-05	0.12340633761383078
4330000.0	7.976250204549192e-07	7.742958248796933e-07	-0.3363297340994174	-2.463924961911367	0.18022199219948623	0.0016505287870589658	0.0011006383027406543	0.00048156321057447546	-0.40573629981578097
4340000.0	-3.3809992263354446e-07	2.6385633813210446e-07	-0.33625150458964465	-1.0193441879771348	-3.4476954533154753	-0.0017178706023511163	-0.0011377923678712327	-0.000508524924147927	0.23108005028822318
4350000.0	-3.014939792729284e-07	2.958236431999363e-07	-0.33627746535543157	-1.5124138661366764	-2.620989164713918	6.722582563114325e-05	3.598613639823494e-05	3.0490403862620878e-05	0.12463087368866779
4360000.0	8.045139419295668e-07	7.678679626288265e-07	-0.3368319234236078	-2.4847915122341377	0.22070887160174107	0.0016506857988273641	0.0011053434106204853	0.0004707282004295391	-0.40605946640236656
4370000.0	-3.360034128569507e-07	2.6875699905263097e-07	-0.33674633698147327	-1.0676863989346688	-3.435735195966038	-0.0017176837246655424	-0.0011425830472545603	-0.0004971561793523354	0.23225292657190783
4380000.0	-2.992456576340815e-07	3.0018730958410124e-07	-0.3367650300974733	-1.549307870990724	-2.607724928037392	6.688696172290892e-05	3.61108437355702e-05	2.9973982565407603e-05	0.1258061922984175
4390000.0	8.113956785795906e-07	7.613066013680271e-07	-0.3373137983297894	-2.504189663660457	0.26101442647588	0.0016508357118349775	0.00110994957274363	0.000459821792156943	-0.4063714019193699
4400000.0	-3.338174098143126e-07	2.7358922235799656e-07	-0.33722115620311266	-1.1154144418817733	-3.4232080525301356	-0.001717503828642419	-0.0011472758617746509	-0.000485722850941494	0.2333785730138656
4410000.0	-2.9690744052089165e-07	3.044888761447841e-07	-0.33723287909057587	-1.5857237887641304	-2.5938833554827454	6.656198684552129e-05	3.623672328709513e-05	2.9463772666675686e-05	0.1269342830990546
4420000.0	8.182663078483465e-07	7.546133884440292e-07	-0.33777619301182144	-2.522166197015753	0.3011320976882809	0.0016509789120072223	0.0011144555223987847	0.00044884564501482163	-0.40667244272109243
4430000.0	-3.3154444097253896e-07	2.783534434760769e-07	-0.33767678388705324	-1.162540092655785	-3.410126280793405	-0.0017173307408160155	-0.0011518694323559878	-0.0004742261861714169	0.2344589070496597
4440000.0	-2.944819358683928e-07	3.087283494994307e-07	-0.3376818215722224	-1.6216659366985338	-2.579479500711495	6.62502607082467e-05	3.6363638998142564e-05	2.895935528216287e-05	0.12801705636289082
4450000.0	8.251219642215765e-07	7.477900045554887e-07	-0.33821990670863367	-2.5387661120454625	0.34105562800217243	0.001651115715685758	0.0011188599826837812	0.00043780140251179	-0.4069629178063479
4460000.0	-3.291869002584937e-07	2.8305004635102484e-07	-0.3381140072349847	-1.20907468389599	-3.3965017406630946	-0.001717164182437054	-0.001156362305542972	-0.00046266748179660743	0.23549576858414129
4470000.0	-2.919716931134077e-07	3.1290578139646045e-07	-0.3381126328669197	-1.6571385639659162	-2.5645279586747263	6.59512540584299e-05	3.649143006480144e-05	2.8460401789555452e-05	0.12905634548850525
4480000.0	8.319588903140611e-07	7.408381399301812e-07	-0.3386457051749068	-2.5540327013387087	0.3807790574656701	0.00165124646460338	0.0011231617492236483	0.0004266906977009011	-0.40724314916547943
4490000.0	-3.2674714560014434e-07	2.8767943398523463e-07	-0.33853358046988147	-1.2550291133454938	-3.3823459022622724	-0.0017170039263855604	-0.0011607531374648948	-0.000451048004131321	0.23649092287903717
4500000.0	-2.893792038562913e-07	3.1702122106966216e-07	-0.3385260558198473	-1.6921458482911373	-2.549042877735142	6.566442116597787e-05	3.661994322704783e-05	2.796653962670554e-05	0.13005390994749289
4510000.0	8.387734228406528e-07	7.337595061040562e-07	-0.3390543220985116	-2.56800761963229	0.4202967146121651	0.0016513713833257281	0.0011273595609980862	0.0004155152016193412	-0.4075134520429746
4520000.0	-3.242274564425658e-07	2.922420149397536e-07	-0.3389362262346702	-1.300413857314186	-3.3676698556746265	-0.001716849755123622	-0.0011650405612223357	-0.00043936908870828795	0.23744606331050547
4530000.0	-2.867068423039257e-07	3.2107473178181005e-07	-0.3389228021764554	-1.7266918855063387	-2.533037972378164	6.538929765566519e-05	3.674907763502149e-05	2.7477454729678135e-05	0.1310114379467286
4540000.0	8.455620065129053e-07	7.265558164659477e-07	-0.3394464604646685	-2.580730950176014	0.45960321316666203	0.0016514908257722846	0.0011314522832476428	0.0004042765547317008	-0.4077741347938323
4550000.0	-3.2163004367409545e-07	2.9673816032089186e-07	-0.3393226369374163	-1.3452389782241096	-3.3524843221767795	-0.0017167014291553195	-0.0011692232649730188	-0.0004276320791335211	0.23836281405423046
4560000.0	-2.8395696704602154e-07	3.2506641464746145e-07	-0.3393035539089122	-1.7607806895134868	-2.516526532714599	6.512535245503931e-05	3.687866441152855e-05	2.6992839387285365e-05	0.13193054906568394
4570000.0	8.523211662458027e-07	7.192288325796873e-07	-0.33982279386575254	-2.5922412644285466	0.4986934377135152	0.0016516050322740897	0.001135438745213966	0.00039297642529583947	-0.4080254991752935
4580000.0	-3.1895706934633436e-07	3.011682715428577e-07	-0.33969347604257083	-1.3895141362692416	-3.3367996666491284	-0.0017165587739031926	-0.0011732999495801613	-0.0004158383344978533	0.23924273289942408
4590000.0	-2.8113182669035693e-07	3.289963493406528e-07	-0.3396689644888468	-1.7944161816569526	-2.499521438463913	6.487211534170046e-05	3.700856723720404e-05	2.6512406931814156e-05	0.13281279702682022
4600000.0	8.590475080842046e-07	7.117803054211955e-07	-0.3401839677588211	-2.602575689066004	0.5375625411775486	0.0016517142299021478	0.0011393178018143906	0.00038161646767298236	-0.40826784034872743
4610000.0	-3.1621062735119346e-07	3.0553274049073896e-07	-0.34004937930980017	-1.4332485999951816	-3.3206259077837204	-0.0017164215758130295	-0.0011772693669936548	-0.00040398921931842393	0.24008731365248087
