2841.984619140625	4.8304338952014085e-06	-0.0005822527092873097	-2.9977920566205216e-05	-0.0001858086500767248	1.425115241324618e-06	-0.09799960461756489
2948.2939453125	9.768763678036363e-06	0.0011096677742921204	5.119551213292769e-06	0.019223602543561227	-0.0012728429813836394	-0.06614006734342052
3061.339111328125	-1.9063277621284283e-08	-4.985091604293693e-08	6.467264812817229e-07	-0.012400059624954725	0.00018349975670979007	-0.13714256974543965
3177.088623046875	2.6714826817834165e-08	-3.705544018537735e-08	7.72785870802856e-09	-2.384926043675388e-05	3.770386647768736e-07	-0.09799991656487134
3291.38818359375	2.7479710001521373e-08	-3.7694367934714404e-08	-7.108629070259755e-08	1.3083156487864369e-06	-5.73763310195657e-07	-0.09800000557014524
3395.65283203125	2.7889426573470994e-08	-3.785733937464367e-08	-9.387299639644426e-08	1.7423278826018942e-06	4.02978169999292e-07	-0.09800000618114188
3503.820556640625	2.842724079966314e-08	-3.8003981627855256e-08	-9.529334973504267e-08	1.1519799002135515e-06	1.133807965582413e-06	-0.09800000681424313
3618.812255859375	2.890415778416783e-08	-3.8153513208319864e-08	-8.273453754189721e-08	8.071733772524688e-07	1.6296671734964003e-06	-0.0980000060773516
3726.70556640625	2.931168856832948e-08	-3.8313158904817526e-08	-6.298422814662785e-08	6.306562262314492e-07	1.8730173550295037e-06	-0.09800000595632931
3835.78076171875	8.247683712480187e-07	-3.252215471971264e-07	2.9685074696216594e-06	-2.1629091085828917e-06	-0.00010883365872267013	-0.098008919121801
3944.476806640625	9.703934171796178e-08	-1.2924801520849088e-07	-1.978740970414156e-06	8.069844201899499e-06	7.398764837551254e-05	-0.09799442401652066
4054.931884765625	3.374484261937462e-08	-1.3743318169331924e-07	-6.595556963068652e-07	1.2507353003273489e-05	1.848130338463683e-05	-0.09800018884213005
4172.53271484375	3.691633652368186e-08	-1.3719962710204598e-07	-1.3496804913671177e-07	-9.084623034111828e-06	1.9194645026842556e-05	-0.09799999944868557
4282.447265625	2.5763527372690943e-08	-1.3784021864444383e-07	-2.3678912719304222e-08	-5.238486240470287e-06	4.7727764157341675e-06	-0.09799999777536972
4394.73974609375	2.416628852557844e-08	-1.383047520456035e-07	-1.7098397220063616e-08	-3.037394661551734e-07	1.460345032765544e-06	-0.09800000156888303
4509.429931640625	2.3891413053955213e-08	-1.3838855167996715e-07	-1.600581872382851e-08	4.520484926506554e-07	1.1485707144431242e-06	-0.09800000066240434
4619.467529296875	2.38490035924071e-08	-1.384135729242279e-07	-1.583085029352192e-08	5.227686783021554e-07	1.0891674257217773e-06	-0.09800000052032147
4731.021484375	2.384404783327306e-08	-1.3842935788748713e-07	-1.580460749879513e-08	4.865494101415798e-07	1.071826642841517e-06	-0.09800000049807944
4846.73828125	2.384514197340095e-08	-1.384435827414135e-07	-1.5802141877526944e-08	4.3331322180414777e-07	1.0612876005780286e-06	-0.0980000004932811
4957.99951171875	2.384719574475728e-08	-1.3845753339152135e-07	-1.5803067965574068e-08	3.7732737576212865e-07	1.0518500089218113e-06	-0.09800000049177167
5073.68359375	2.384938758937775e-08	-1.3847146306397778e-07	-1.5804262664262475e-08	3.2088152791448613e-07	1.0425877468075248e-06	-0.09800000049165405
5190.30224609375	2.385158598567791e-08	-1.3848539088838734e-07	-1.580535360239913e-08	2.6435100842724523e-07	1.033351384617748e-06	-0.09800000049153634
5318.737548828125	2.3853768623226903e-08	-1.3849931542418212e-07	-1.580628327704037e-08	2.077994948576956e-07	1.0241192949809927e-06	-0.09800000049132593
5442.103759765625	2.3855941262490064e-08	-1.3851323696016473e-07	-1.5807090482143342e-08	1.512463859095378e-07	1.0148838327335642e-06	-0.09800000049107102
5570.44775390625	2.3858098427444098e-08	-1.3852714255731914e-07	-1.580779974341217e-08	9.468136726519685e-08	1.005648020515058e-06	-0.09800000049062081
5682.99560546875	2.3860250247110136e-08	-1.3854103510936256e-07	-1.5808455362993767e-08	3.8116327681149006e-08	9.964090126259624e-07	-0.09800000049017255
5795.40185546875	2.3862386256423677e-08	-1.385549093782563e-07	-1.5809009926021187e-08	-1.846020025156976e-08	9.871718259825794e-07	-0.09800000048964375
5906.950439453125	2.3864519281410115e-08	-1.3856876544636868e-07	-1.580955338447551e-08	-7.503800969054294e-08	9.779290912974502e-07	-0.09800000048902656
6020.13037109375	2.386664447681276e-08	-1.3858260305729435e-07	-1.5810033126440742e-08	-1.3162166382105265e-07	9.686885166824978e-07	-0.09800000048844798
6124.731201171875	2.3868756953248257e-08	-1.3859642019114116e-07	-1.5810458458443147e-08	-1.8821502270878547e-07	9.594465804950408e-07	-0.09800000048777291
6211.947509765625	2.38708689472585e-08	-1.3861021868111793e-07	-1.5810878288791168e-08	-2.448085587543692e-07	9.502003685011322e-07	-0.09800000048705065
6298.14208984375	2.3872960676792327e-08	-1.3862398509091425e-07	-1.5811169238396466e-08	-3.0141617834799815e-07	9.409628449104509e-07	-0.09800000048629244
6378.2998046875	2.3831172888952378e-08	-1.3867651535135705e-07	-1.5417650838923577e-08	-3.7544220229531833e-07	9.478191361779567e-07	-0.09799999924195672
6454.350341796875	2.387710083521383e-08	-1.3865146076793504e-07	-1.5811616355243384e-08	-3.980816678393811e-07	9.071559551032992e-07	-0.09800000166763662
6539.404296875	2.3879170873801574e-08	-1.3866517036303592e-07	-1.5811835799982897e-08	-4.7125761435837474e-07	9.132198270008534e-07	-0.09800000048386359
6618.054931640625	2.3881241817268376e-08	-1.3867886094287916e-07	-1.5812058957517997e-08	-5.278778551834857e-07	9.039683670533886e-07	-0.09800000048298188
6704.03369140625	2.3883314329150416e-08	-1.3869253233998974e-07	-1.58122830617053e-08	-5.845035605996148e-07	8.947156026025753e-07	-0.09800000048206595
6782.475830078125	2.3885387747159246e-08	-1.3870618467495884e-07	-1.5812511721488318e-08	-6.411347595951677e-07	8.854621155437979e-07	-0.09800000048112338
6868.560791015625	2.3887462423066265e-08	-1.387198179824729e-07	-1.58127416659198e-08	-6.977714756463561e-07	8.762074105966567e-07	-0.09800000048014545
6952.97216796875	2.388953825186914e-08	-1.38733432223077e-07	-1.5812975039071594e-08	-7.544136458542652e-07	8.669517587590538e-07	-0.09800000047913866
7029.5712890625	2.3891615655791148e-08	-1.3874702751117235e-07	-1.581321107156912e-08	-8.110613057528693e-07	8.57695105708093e-07	-0.0980000004780937
7110.734619140625	2.389369375225199e-08	-1.387606037845467e-07	-1.581344979551492e-08	-8.677144563907431e-07	8.484374242449868e-07	-0.09800000047701798
7196.77197265625	2.3895773649567675e-08	-1.3877416122535854e-07	-1.5813691084488204e-08	-9.243730505426671e-07	8.391788493006966e-07	-0.09800000047590927
7276.866455078125	2.3897854042553784e-08	-1.3878769908516395e-07	-1.5813931712518795e-08	-9.81037238088146e-07	8.299194387916615e-07	-0.09800000047477099
7364.32861328125	2.3899925571908356e-08	-1.3880120962154843e-07	-1.5814121635131672e-08	-1.0377120095904523e-06	8.206627159117218e-07	-0.09800000047353953
7443.09423828125	2.3901993392640107e-08	-1.388147016665172e-07	-1.581429841743921e-08	-1.094389293829571e-06	8.114018510970806e-07	-0.09800000047233706
7531.475341796875	2.3904063528696734e-08	-1.3882815941587555e-07	-1.581441352883098e-08	-1.151064150451997e-06	8.021395099453281e-07	-0.09800000047080953
7618.789794921875	2.3906126757867913e-08	-1.3884156782442962e-07	-1.58143883519427e-08	-1.207746299696217e-06	7.928794720300921e-07	-0.09800000046903933
7699.4228515625	2.3908186846711013e-08	-1.3885496864870712e-07	-1.5814157022123103e-08	-1.2644281464486962e-06	7.836178210343451e-07	-0.0980000004677079
7758.064453125	2.3910239650303918e-08	-1.3886835603604598e-07	-1.5813871337091274e-08	-1.3211274682488283e-06	7.74354248171641e-07	-0.09800000046643122
7800.68701171875	2.3912288376464196e-08	-1.388817415145019e-07	-1.5813432057150947e-08	-1.377825010936409e-06	7.650907860148824e-07	-0.09800000046525574
7842.83642578125	2.391433179433864e-08	-1.3889510856339152e-07	-1.5812974650744552e-08	-1.4345354731870247e-06	7.558244316795992e-07	-0.09800000046385701
7885.885009765625	2.391637293132935e-08	-1.389084733906427e-07	-1.5812414984893375e-08	-1.491244603342724e-06	7.465579236773429e-07	-0.09800000046264717
7927.083984375	2.3918405408611224e-08	-1.389218211477135e-07	-1.581181562299743e-08	-1.5479675485176922e-06	7.372910097834863e-07	-0.09800000046121211
7968.490234375	2.3920437246636114e-08	-1.3893515130832318e-07	-1.5811209852836614e-08	-1.6046922255681922e-06	7.280207596986296e-07	-0.09800000045972361
8009.0458984375	2.392246490713458e-08	-1.3894847244535018e-07	-1.5810525656730974e-08	-1.6614195902534928e-06	7.187516369313793e-07	-0.09800000045833519
8050.2724609375	2.3924486076594204e-08	-1.3896177495720663e-07	-1.5809804644084086e-08	-1.7181570030782554e-06	7.094808075200054e-07	-0.09800000045677351
8090.94677734375	2.3926507058742696e-08	-1.3897505930268816e-07	-1.5809079612202736e-08	-1.7748972048143362e-06	7.002073289011417e-07	-0.09800000045517343
8131.194580078125	2.3928528525192575e-08	-1.389883270203022e-07	-1.5808349158615446e-08	-1.8316420563188876e-06	6.909330891555682e-07	-0.09800000045357746
8171.91015625	2.393054209076494e-08	-1.3900157808708792e-07	-1.5807548918449028e-08	-1.8883940715776936e-06	6.816606989424257e-07	-0.09800000045196347
8212.673828125	2.3932552534532515e-08	-1.390148111055818e-07	-1.5806733564101187e-08	-1.9451518909537674e-06	6.723848530580179e-07	-0.0980000004502762
8253.526611328125	2.3934563245109443e-08	-1.3902802576694384e-07	-1.580591721541958e-08	-2.0019131717049024e-06	6.631073355640645e-07	-0.0980000004485367
8295.92333984375	2.393657479029969e-08	-1.3904122219396545e-07	-1.580509842353076e-08	-2.0586794847827165e-06	6.538286842675174e-07	-0.09800000044677361
8336.262451171875	2.3845622106923714e-08	-1.3908981183807138e-07	-1.6119731615971073e-08	-2.0114537374300076e-06	6.300188626877156e-07	-0.09800000078750838
8375.978515625	2.3963686317358504e-08	-1.3906175043812398e-07	-1.5895245072809185e-08	-2.2633405179440567e-06	6.448131139978537e-07	-0.09800000008778392
8419.189208984375	1.6319025031485346e-08	-1.475043522568813e-07	-8.811273867988135e-08	-2.2900114520543043e-06	3.4868590664614656e-06	-0.09800033752372551
8459.522705078125	2.4017033907987235e-08	-1.3910489257922244e-07	-1.5784505713958823e-08	-2.249139270731285e-06	-2.228775435770748e-06	-0.09799966336639097
8499.858642578125	2.39431496769585e-08	-1.3910781187234119e-07	-1.5786834650755304e-08	-2.3331418718282103e-06	5.97853499000232e-07	-0.09800000044261803
8540.634033203125	2.3948019877332232e-08	-1.391201437206831e-07	-1.5797573996606475e-08	-2.397741760683065e-06	5.975058006692577e-07	-0.09800000043380169
8581.337890625	2.72061191317362e-08	-1.3795945117581306e-07	-2.931546995851744e-08	-2.3950045668387335e-06	1.1753755263249453e-06	-0.09799995546872621
8622.17236328125	2.3962479857604696e-08	-1.3915321391535574e-07	-1.5720239172443167e-08	-2.5809452090833257e-06	-3.1543824094018647e-09	-0.09800004541887955
8663.20654296875	2.3952236233759356e-08	-1.391597217094657e-07	-1.5787639174924595e-08	-2.5640188010815937e-06	5.668356552572598e-07	-0.09800000040786033
8703.76904296875	2.395612791877682e-08	-1.3917222888196533e-07	-1.5794284363638616e-08	-2.6255746375103324e-06	5.605853183305475e-07	-0.09800000042617155
8745.114013671875	2.39584092455734e-08	-1.3918514130080532e-07	-1.579444299464658e-08	-2.683291522434793e-06	5.51638690966322e-07	-0.09800000042506661
8786.36669921875	2.3960437672123484e-08	-1.391981005348916e-07	-1.5793609417232713e-08	-2.740260200936614e-06	5.424024307535216e-07	-0.09800000042305954
8828.71923828125	2.4248177738033836e-08	-1.391429100915623e-07	-1.7193692342020902e-08	-2.8529912977015992e-06	4.997179234344227e-07	-0.09799999969453993
8870.322021484375	1.997697775923202e-06	3.784281809737222e-07	6.362600679407815e-08	-4.20609084982823e-06	-8.941184162107982e-06	-0.09801863889818213
8910.926513671875	-5.001669075788007e-09	8.932542871983212e-07	-1.0851401032772157e-08	-3.34187904854788e-06	9.621094474065488e-06	-0.09801878861151084
8951.395751953125	-2.3841010224097806e-10	8.930903595819576e-07	-1.5852245910778702e-08	-4.6815076393558493e-07	-1.148743812270029e-07	-0.09799999723284984
8992.140869140625	1.1727730105211483e-10	8.93164121372826e-07	-1.727579656176782e-08	-1.6307522825801422e-06	-6.775562947856545e-08	-0.09800000015567704
9033.308349609375	1.739725171464034e-10	8.931646806329376e-07	-1.7490310977362998e-08	-1.4535651029367632e-06	-1.0565729224782807e-09	-0.09800000043503629
9074.217041015625	1.825678294036881e-10	8.931533588104426e-07	-1.7519108949825108e-08	-1.1321850047385752e-06	9.24306363281124e-09	-0.09800000048499245
9115.510009765625	1.8388697760758068e-10	8.931402409027175e-07	-1.751910696080664e-08	-7.885403163816002e-07	1.08323345590172e-08	-0.09800000049612852
9156.76806640625	-9.563736915612587e-10	4.6368333424010653e-07	-1.6097193201451927e-07	2.0788053220702495e-06	7.273027518024768e-06	-0.09801511558023766
9197.957275390625	-2.126383041325661e-09	4.646753502225172e-07	-1.617392557091054e-07	-1.464790271624025e-07	-3.5604008014739303e-07	-0.09799999205029801
9238.9296875	-1.9826793356024696e-09	4.646370041758207e-07	-1.622630621190341e-07	-9.428706817749455e-08	-2.2813880582913675e-08	-0.09800000258524674
9279.62353515625	-1.9606913221518697e-09	4.645666453734016e-07	-1.6232593422983942e-07	1.6439284562629532e-08	4.695734291215088e-09	-0.09800000266672243
9320.370849609375	3.735656505559575e-09	2.892782817389688e-07	-1.422309315346477e-07	-1.6160735542584855e-06	-7.679456228608861e-07	-0.09800608853940564
9361.49462890625	1.5858814273661488e-09	6.374937409927287e-09	-1.1414961439762348e-08	-2.350616875756115e-07	-6.90090828168491e-06	-0.09801032400081336
9402.31201171875	5.025779189566043e-10	6.0749128624377194e-09	-8.310323569692852e-09	-3.090865127740896e-07	1.4918360295052095e-07	-0.09800000104552674
9442.91259765625	3.032407009197853e-10	6.041563668213604e-09	-7.757747532135296e-09	1.0429277798339299e-07	6.059368105468005e-08	-0.0979999999144981
9484.591552734375	3.2671314417158e-09	7.804192821279772e-09	-1.8893555334900883e-08	2.071971428444655e-07	4.600624779665286e-07	-0.09799993654637203
9524.622802734375	-8.592409323950459e-10	6.069695616691218e-09	2.0475572552239345e-09	7.319446016680636e-08	-9.437113977163285e-07	-0.0980000641023092
9565.997802734375	-7.550474112183865e-10	6.158394861040781e-09	6.314805243033727e-10	1.8625080642969503e-07	6.815450640287427e-08	-0.09799999947528325
9606.25244140625	3.974355746924919e-09	7.493749792413383e-09	-4.8324388258414335e-08	2.3536252858625564e-07	1.9131470028065837e-06	-0.0979999438032285
9647.79443359375	-4.856548198091019e-11	6.061693565963604e-09	1.739632441443023e-09	1.5226253197893383e-07	-1.8039875503285272e-06	-0.09800005391519583
9688.77490234375	-7.233083035831236e-09	-4.864879688158996e-10	-4.2624012930763606e-08	1.784062039082455e-07	1.795424786185294e-06	-0.09800026033061647
9730.032470703125	6.831530153274221e-09	8.717119754752405e-09	-3.604884752320976e-08	2.1612308662007203e-07	-3.3855477072621494e-07	-0.09799964573401264
9771.466796875	-5.92659495578467e-09	5.948259175594052e-10	-3.644841615019255e-08	1.288530332267954e-07	9.987596035551668e-08	-0.098000311377356
9811.6513671875	-2.193016897930229e-09	6.094957692375477e-09	1.819330486117394e-08	1.8851462987592833e-07	-2.2871787226521616e-06	-0.0979997815254635
9853.05078125	-1.2005024765758267e-09	6.258058189905566e-09	2.0762490540732564e-08	3.080409542866825e-07	1.739774140754513e-07	-0.09799998939543941
9893.013916015625	4.691950720532614e-09	7.868440060181222e-09	-1.252837124151965e-08	2.2724918366186215e-07	1.3447830534319011e-06	-0.09799994080095153
9933.399658203125	3.353025244222845e-09	7.554691635380725e-09	-4.1762974484262804e-08	1.5173670255880432e-07	1.0136243136888827e-06	-0.09800000899300054
9974.33154296875	5.796595406678883e-10	6.516944502481537e-09	1.0753774991120533e-08	1.9276902003187228e-07	-1.9017298343239426e-06	-0.09800004070363655
10015.964599609375	-1.169245593102382e-09	6.1155440102653554e-09	8.86940209287128e-09	8.92916452060943e-08	-6.945159080273408e-08	-0.09800002167973766
10057.48583984375	-1.5085096801864252e-09	6.033790668772474e-09	1.1500440398837219e-08	1.3771587871568773e-07	-8.664990323065369e-08	-0.0980000007205985
10097.4306640625	5.45781375282161e-09	8.449985634002248e-09	-2.956651475117897e-08	2.525437859639264e-07	1.5967637573638134e-06	-0.09799991322190517
10138.324462890625	-4.882118131742648e-10	6.044021715292403e-09	7.088514446537843e-09	1.236845600340954e-07	-1.3792776744156325e-06	-0.09800008488205667
10178.566162109375	1.6084420070421053e-09	7.250869766222006e-09	-2.5962153808275916e-08	2.703087729539793e-07	1.281573483670995e-06	-0.0979999530285825
10218.980224609375	1.8140496309088256e-09	6.465684861232494e-09	-8.91069884667651e-09	1.2756414112544558e-07	-6.186580241657194e-07	-0.09800003274809554
10259.43310546875	-6.845342014169112e-09	-7.422730500098163e-10	-5.832300477655691e-08	4.98783435230146e-08	1.7861191392741996e-06	-0.0980002902438294
10300.75732421875	6.490473881527217e-09	8.775779545845663e-09	-3.57118741458885e-08	3.566727490510571e-07	-7.678992224054409e-07	-0.09799962740958697
10341.25048828125	-1.701783150551044e-09	6.06935559141808e-09	9.309851611574235e-09	4.503858695548329e-08	-1.931310147700251e-06	-0.09800009874668292
10382.86767578125	-4.023014184980467e-10	6.041671570220883e-09	2.2378451048929104e-09	2.0730213331059276e-07	4.876548999660926e-07	-0.09799999993283998
10423.788818359375	-5.451351151196515e-10	6.055253242848332e-09	6.805532620863647e-09	2.1851263205849994e-07	-1.5581944329177862e-07	-0.09799999786557148
10464.58740234375	-1.1102887503231337e-09	6.016971456540863e-09	1.2067004103558416e-08	2.113130970489982e-07	-1.5753586010631567e-07	-0.09799999993280181
10505.0732421875	-3.9101729120958687e-10	6.124507288170707e-09	9.067432547142679e-09	1.7358503710859992e-07	1.5004317049961762e-07	-0.09799999651316847
10545.8212890625	-1.7437494954416245e-09	6.033887254158697e-09	1.038253151894075e-08	1.4172382105814523e-07	-1.8773198322464414e-07	-0.09800000598857772
10585.879638671875	5.483048732667371e-09	8.91420983087135e-09	-2.46547782992274e-08	3.550534407366612e-07	1.52709379791523e-06	-0.09799989270182055
10626.297607421875	-4.5092240990910403e-10	6.112958192049061e-09	9.815473813782537e-09	4.547837503649706e-08	-1.3249791080091031e-06	-0.09800010133714622
10667.07958984375	-9.430081728990496e-10	6.226674715377851e-09	1.4606366840826278e-08	2.641871290916731e-07	-1.5089340814040672e-07	-0.09799999456875962
10708.104736328125	1.9290562931170603e-09	6.994730335029869e-09	-4.17462057483088e-09	1.426659637037482e-07	6.937843409035838e-07	-0.09799997402625295
10750.07958984375	2.9468173349185146e-09	7.850167112213364e-09	-1.363069069050861e-08	2.0300540581569156e-07	3.6332237407959953e-07	-0.09799997031558362
10791.465576171875	6.582136786270535e-09	8.873587780568017e-09	-3.512174265400092e-08	1.815280383946095e-07	8.270077269944626e-07	-0.09799996391818114
10832.512451171875	4.3809063080966105e-09	7.486280052891444e-09	-1.788623763376888e-08	1.575070897829231e-07	-6.165493007924662e-07	-0.09800004805829039
10874.154296875	-2.0037304410138248e-09	6.027381584192252e-09	1.2235299691156582e-08	1.1544865263917454e-07	-1.308465175467316e-06	-0.09800005501283757
10914.900146484375	-5.539437536217642e-10	6.0364677169649884e-09	3.650467425951257e-09	1.9632400560871549e-07	4.208358393022263e-07	-0.09799999840794087
10956.0009765625	2.5660404434213136e-09	7.424998181681283e-09	-3.5366238168409854e-08	2.7302675902290605e-07	1.5338890351972276e-06	-0.09799994487302455
10996.489501953125	7.189225349263086e-09	9.112269772397075e-09	-3.8165841977233635e-08	1.8145888840607233e-07	1.4357035187983232e-07	-0.09799994450365873
11037.28271484375	3.108249458766623e-09	7.008360970969797e-09	-3.2996562017945814e-09	2.0602817836178517e-07	-1.1567803037850315e-06	-0.09800007101717681
11077.67236328125	-1.1085539460215916e-11	6.1218873507813555e-09	5.379305324587706e-09	5.632525247041011e-08	-4.7456888957005697e-07	-0.09800003564416004
11118.172607421875	5.306815499794534e-09	8.727778410589403e-09	-2.463668457748477e-08	3.0141134626948836e-07	1.1894170548926897e-06	-0.09799990600192843
11160.046875	5.066004615838628e-11	6.4585536400424545e-09	1.1104237112758072e-08	1.5281550717918325e-07	-1.36614721656763e-06	-0.09800008028942392
11200.394775390625	1.5425429170653052e-09	6.832667507274429e-09	-3.7219732165781296e-09	1.3379208397991605e-07	5.492114736811347e-07	-0.0979999883292941
11241.1396484375	-1.2895116609513284e-09	6.041538763899691e-09	3.424803567198892e-09	8.948740321191523e-08	-4.844292371715925e-07	-0.09800003244465215
11281.35498046875	7.233763494519487e-10	7.186610123737478e-09	-1.354501476771347e-08	3.0410786548029714e-07	8.397050569399489e-07	-0.0979999522458139
11322.0078125	-1.6058927717385182e-09	6.007921869957064e-09	1.17448584857682e-08	8.787865136421662e-08	-9.458730610831327e-07	-0.09800004649559423
11363.32275390625	7.050878381944592e-09	8.942289163293769e-09	-3.8033137990394155e-08	2.616216546895833e-07	1.9050916561282804e-06	-0.09799989529453867
11404.584716796875	1.6019924709995132e-09	6.418260651100719e-09	-8.394148184005042e-09	1.3277454101441536e-07	-1.1021734758950178e-06	-0.0980000899457687
11445.106201171875	-1.5428162540439666e-09	6.047118429017757e-09	1.4234383113440707e-08	1.7500888543304587e-07	-8.744374716281902e-07	-0.09800001218361457
11486.615966796875	-2.1693233123724716e-09	6.045731701350441e-09	1.3582953957114371e-08	1.4901054871711168e-07	-1.297095024199939e-07	-0.09800000198474941
11526.953369140625	-5.322754937863083e-10	6.211520974932124e-09	-1.0978752648659325e-09	1.4874617420893706e-07	5.55248602019164e-07	-0.09799999993737654
11568.712158203125	7.3584979644336246e-09	9.006407774106854e-09	-3.906406352718609e-08	2.840064500886112e-07	1.626192288941066e-06	-0.09799989393655205
11608.569091796875	6.818072654558597e-09	8.986675200683741e-09	-3.657452377203921e-08	2.2701359116223293e-07	-3.462077343790032e-08	-0.09799999913213445
11649.688720703125	2.7561710486721765e-09	6.9954703887623545e-09	-1.1350328042369713e-09	2.2178203637262315e-07	-1.183627557503437e-06	-0.09800006651434431
11690.476318359375	5.524438893233006e-10	6.506416464970629e-09	9.471957117178081e-09	1.6224223347697077e-07	-4.4130036906638555e-07	-0.09800001876394358
11731.37060546875	-1.671821620849276e-09	6.010091594035494e-09	1.2034236066616722e-08	5.4573026955250753e-08	-2.241508231834512e-07	-0.09800002218869162
11772.810546875	-9.537966800698056e-10	6.074372054127589e-09	1.5058238435036827e-09	1.2332687904047832e-07	2.191245559226617e-07	-0.09800000073037174
11813.12158203125	4.784751287271697e-09	8.173737766832508e-09	-2.750435583019811e-08	2.7438612380379946e-07	1.2776751851406642e-06	-0.097999923100673
11853.72216796875	-2.3247760174723336e-10	6.156868909269203e-09	8.07500462033773e-09	1.7322382242455145e-07	-1.2659218684963928e-06	-0.09800006945475448
11895.36865234375	-6.60173747868364e-09	-6.264607245842978e-10	-5.747329118233916e-08	5.601771852284113e-08	2.3971295922221065e-06	-0.09800027565689984
11937.244384765625	-1.9790576360155626e-09	6.017522927833296e-09	1.0231486143899883e-08	2.831643296890922e-07	-2.642767892261706e-06	-0.09799973145656356
11977.4951171875	-6.581514075011596e-10	6.059953611346304e-09	7.423007858821197e-09	1.8920398217872294e-07	2.624896856519328e-07	-0.09799999674106608
12018.216796875	-1.5731907562280633e-09	6.0195815686006765e-09	1.078675409693543e-08	1.7073800165170657e-07	-1.2721390608475827e-07	-0.09800000278005946
12059.142578125	5.078019883686296e-09	8.803338370381787e-09	-2.2494768108933426e-08	3.391310541171198e-07	1.3651072619557901e-06	-0.0979998971227275
12099.4541015625	4.756813766227071e-09	7.757525985703709e-09	-5.843661450386301e-08	1.0191443396680905e-07	1.2592667066763352e-06	-0.09800003440068476
12140.274169921875	3.965994995833614e-09	7.0619452898253035e-09	-1.0911508579552472e-08	2.396765187722495e-07	-1.5628697201790464e-06	-0.09800002598789105
12180.646240234375	7.515619863296848e-10	7.1465344802689845e-09	-1.6403229160512302e-08	1.2195517573993745e-07	4.06437929892428e-08	-0.09799999845652334
12220.403076171875	-7.599821681495378e-10	6.009566560270591e-09	6.9801047815261144e-09	1.0141937342069566e-07	-8.774912855917408e-07	-0.09800004302862948
12260.9560546875	4.845955617024754e-09	7.515881871782467e-09	-2.0586576630505516e-08	2.1932064596837557e-07	1.091689411620178e-06	-0.09799994606331235
12301.766357421875	2.8317752658550804e-09	7.0373166869592996e-09	-7.470271669186508e-10	2.9432940568498186e-07	-6.006302898424852e-07	-0.09800001238747957
12342.82861328125	-1.6865140649112363e-09	6.019418179187506e-09	5.888199310734869e-09	1.5107744448311106e-08	-5.909445255435465e-07	-0.09800004375871973
12384.776123046875	4.46533404870327e-09	7.412949412778429e-09	-1.958860632421993e-08	2.1953204636306761e-07	1.169549764667784e-06	-0.09799994849627273
12425.2578125	2.927857631709372e-09	7.033837926717638e-09	-1.704178473185722e-09	3.050374335015998e-07	-5.070119797969711e-07	-0.09800000805453701
12465.752197265625	-1.653625986873848e-09	6.028642860981699e-09	5.665763575203071e-09	1.6055024440973877e-08	-6.301596836663828e-07	-0.09800004332307012
12505.885986328125	4.288888035906974e-09	7.3464476019220986e-09	-1.9126015026739103e-08	2.1957883890406045e-07	1.1442505882115546e-06	-0.09799995106885055
12546.2685546875	2.915764566162897e-09	7.0453965571667245e-09	-1.3041321474991482e-09	3.1262300143359535e-07	-4.953901768048068e-07	-0.09800000502902646
12586.778564453125	-1.6777640742730946e-09	6.023280194036365e-09	5.79896685136646e-09	1.4042413888759987e-08	-6.133419346172725e-07	-0.09800004393934296
12626.84765625	1.0260613784151803e-10	6.1436939491678815e-09	2.4351856516553416e-10	1.9630857975473407e-07	3.4984578804625826e-07	-0.09799999471883818
12668.212646484375	3.962716652457266e-09	7.49336722778298e-09	-4.79503179441971e-08	2.1213071078927085e-07	1.7099364868167102e-06	-0.09799994914536692
12707.898193359375	3.5480354922435186e-09	7.675993630444389e-09	-4.5034486893657016e-08	3.0209030456512224e-07	1.0371919955527192e-07	-0.09799998627702682
12748.52294921875	6.046541183830271e-09	8.000838511762139e-09	-2.361741559834055e-08	1.5847491430742786e-07	-6.97915117258367e-07	-0.0979999927436472
12790.015625	3.844345925222335e-09	7.319485801638058e-09	-1.7404391514607542e-08	1.1733896740266586e-07	-2.89149004007162e-07	-0.09800002782052447
12830.078857421875	3.738610512409264e-09	7.675044784621727e-09	-8.214865723885566e-09	2.3439172010433896e-07	-3.5664349767200225e-07	-0.09799998459317946
12870.71875	-9.115779526937699e-09	-3.0462581417613146e-09	-7.444071439651525e-08	-6.73320944930817e-09	2.566458621388113e-06	-0.09800042745202284
12911.2998046875	-7.538912493443681e-09	-1.0736155023121378e-09	-5.1063355181920736e-08	2.2387403054658857e-07	-9.075224091971526e-07	-0.09799991993748862
12951.1025390625	3.74898812903192e-09	7.047926090895694e-09	-1.0031280478123952e-08	3.1739268035722836e-07	-1.4319918203190758e-06	-0.09799967554554978
12991.5322265625	5.226252707086805e-09	7.700063266932378e-09	-5.749239454084366e-08	6.695122625237319e-08	1.518650945233619e-06	-0.0979999773848485
13031.898681640625	3.653343181119822e-09	7.061554226278542e-09	-1.7218627591830358e-08	1.5769374278087234e-07	-1.4126578250375645e-06	-0.09800002670282229
13071.6552734375	6.053823059050952e-09	9.232461576733197e-09	-2.4944256103039888e-08	3.8330235434566516e-07	3.582203398940272e-07	-0.09799991758231856
13112.17919921875	4.954997537276038e-09	8.337644087989019e-09	-2.7153246445306096e-08	6.396697450798786e-08	4.825949054880086e-08	-0.09800003637513546
13152.936279296875	-6.671239439407678e-10	6.030876036096836e-09	2.8199928468359005e-09	9.428825934219578e-08	-1.104334083505359e-06	-0.09800008284040482
13193.71044921875	-6.721502441208761e-11	6.16501036757489e-09	3.369343569177584e-09	2.2567734292756618e-07	-4.223767209662891e-08	-0.09799999416236795
13233.734619140625	-8.100771427934863e-09	-2.8289315119838206e-09	-8.514011084401105e-08	2.976125232235379e-08	3.2804547167256246e-06	-0.09800036542702784
13274.41943359375	2.9202564258827375e-09	7.513723481678456e-09	-3.8239274888732476e-08	4.3888466015212874e-07	-1.6230315524611506e-06	-0.09799957859764993
13314.896240234375	-3.7282284537771426e-10	6.033922055294894e-09	8.437922880101296e-11	2.6150351108979413e-08	-1.4657881389217975e-06	-0.09800006144222431
13354.486572265625	4.799369006040361e-09	7.67726459495951e-09	-5.597635381652098e-08	2.4821757706846317e-07	2.031198958956505e-06	-0.09799993678433092
13395.542236328125	3.866231556190937e-09	7.538713280864862e-09	-2.2531782943868734e-08	9.993737474387117e-08	-1.2228725961505157e-06	-0.09800001181793207
13436.241455078125	-5.128114165952392e-10	6.160452407622352e-09	-2.3622578747384093e-09	1.64288791658353e-07	-8.97584268294308e-07	-0.09800005086148711
13476.61181640625	-1.0319823364969965e-09	6.053993810614643e-09	3.891118772639109e-09	2.0539876237347878e-07	-1.0295384738352517e-07	-0.09800000075535323
13517.882080078125	-1.6180898761043057e-09	6.066634651189147e-09	1.4086813213367812e-08	2.4312214797170754e-07	-3.231447590418351e-07	-0.09799999692323036
13558.59326171875	-6.77634027308739e-10	6.1816339537761485e-09	-1.203320801974669e-09	1.1041001351414983e-07	3.940090414163935e-07	-0.09800000230256684
13598.67578125	-7.759617004818074e-09	-1.048973646584494e-09	-4.8626408304200434e-08	2.096507858660423e-07	2.116137196901674e-06	-0.09800028216040729
13638.77978515625	3.955460724860462e-09	8.316654191743859e-09	-1.7189883090696876e-08	3.039458764521359e-07	-1.1912749535037847e-06	-0.09799963391391395
13679.46240234375	-6.172602138893978e-10	6.03907233998591e-09	4.580880109901672e-09	4.112448499886075e-08	-8.859229916295576e-07	-0.09800008415998664
13719.748046875	-6.83139215613407e-10	6.153645323386775e-09	1.1520652504687521e-08	2.7750613256603813e-07	-1.9721325622231553e-07	-0.09799999306083292
13760.2275390625	4.026781804129233e-09	7.496919329422748e-09	-4.7978211129120424e-08	1.3101108440565964e-07	2.1090289514589137e-06	-0.09799995249434082
13801.3525390625	3.1695153556734145e-09	7.587508947196067e-09	-4.11315510899846e-08	3.0809921129807366e-07	-1.1452540726963234e-07	-0.09799999017898284
13842.037841796875	-8.781610173741178e-09	-3.098598004883748e-09	-8.482779687024652e-08	-6.750555752367545e-08	1.6015280131621428e-06	-0.09800043385246843
13883.794189453125	6.367361051849457e-09	8.558374808849294e-09	-3.4109378640584184e-08	3.0284760670736673e-07	-1.891824499836405e-06	-0.09799954118842458
13924.916259765625	6.257824753401073e-09	7.90575707444735e-09	-2.499120562143523e-08	2.225520258451921e-07	-2.3377080075521582e-07	-0.09800001932496345
13965.30859375	3.348630751545132e-09	8.283179485990614e-09	-1.0661827869780704e-08	2.481567785274523e-07	-6.115365983142059e-07	-0.09799998664033482
14006.007080078125	2.4733628493833037e-09	6.52259566546621e-09	-1.0550146669868825e-08	6.324728267457495e-08	8.368461122655872e-08	-0.0980000644492531
14046.618408203125	-2.158734137431522e-09	6.040210553519224e-09	1.273667583520833e-08	1.9474419502846127e-07	-1.07914574165274e-06	-0.09800001846793886
14086.8857421875	-1.363194437880325e-08	1.0279962433097307e-08	6.729357666187998e-09	-2.469355636202814e-06	-1.6242109797288242e-06	-0.09799996435364429
14127.510986328125	1.1348947029748308e-09	6.316156180767251e-09	-1.0887025444644355e-08	3.352972421103421e-06	2.3076212250158403e-06	-0.09800003488346519
14167.700439453125	4.163242477550079e-10	6.107390631598896e-09	-8.362608605263826e-09	-2.481282039499768e-07	1.7232241171268082e-07	-0.09800000075327464
14208.130126953125	2.517205363339545e-10	6.077603909637207e-09	-7.918820350055606e-09	1.1594402202796515e-07	5.3162473840450904e-08	-0.09799999994776742
14248.84375	1.291773849975705e-10	6.099564415760541e-09	-3.202113282645394e-09	2.086410286067574e-07	-1.192355701784695e-07	-0.0979999976428629
14289.2548828125	-8.19222456188747e-10	6.123779575412255e-09	-3.274334734899591e-10	4.70364529087044e-08	-3.393533219104107e-07	-0.09800000304431779
14329.59228515625	2.921365369208917e-09	7.517176973202929e-09	-3.8941281583201545e-08	3.56734238218645e-07	1.723640810115891e-06	-0.09799994020949317
14370.18212890625	-1.3730898911309678e-09	6.069717672415754e-09	4.4269312377770814e-09	3.672908791087402e-08	-1.833062871683774e-06	-0.0980000599266579
14410.957763671875	-4.5291510103377436e-10	6.169693102274572e-09	8.583879063438756e-09	2.47885861785234e-07	7.164729344685143e-08	-0.09799999292530942
14451.788330078125	7.61380893655226e-09	9.226645724259022e-09	-4.096306527331528e-08	2.4337292398006927e-07	1.8577296545286045e-06	-0.09799989184060032
14492.9033203125	-2.5130890685173806e-10	6.091145307953733e-09	3.123750888432373e-09	1.3119348081293966e-07	-1.6237726055273319e-06	-0.09800011071917959
14532.93017578125	7.743629662487362e-10	6.1970362087440534e-09	-9.10935788537935e-09	4.132588775806618e-08	3.372197194557823e-07	-0.09800000217010704
14574.05078125	-7.203177523137484e-09	-1.2266196728263165e-09	-6.351558768280511e-08	1.7934342704527e-07	2.1207168065851707e-06	-0.09800029624407158
14613.69873046875	4.681373132268537e-09	8.571560897814297e-09	-2.1298181494410697e-08	3.9485257256145836e-07	-1.4687237642309686e-06	-0.097999612631035
14654.67919921875	5.605162984425975e-09	7.888980299377327e-09	-6.405779419463116e-08	1.0770897760341884e-07	1.4487424154352411e-06	-0.09800002136124385
14694.9287109375	5.544418753342642e-09	7.866100671289088e-09	-2.2214456750680103e-08	2.3871615940381925e-07	-1.3447330528784797e-06	-0.09800000162952417
14735.62353515625	3.281082354136581e-09	7.014489317047747e-09	-8.428750742053774e-09	1.9793689608930562e-07	-4.696422093185689e-07	-0.09800003128966493
14775.7861328125	-1.1725434491095535e-09	6.13515246225352e-09	8.360753397625564e-09	9.911781678796358e-08	-8.238523124382606e-07	-0.0980000367723232
14816.55224609375	5.422497664016223e-09	7.828774457310803e-09	-2.189707311727434e-08	2.4402710010758055e-07	1.3096997076436898e-06	-0.09799993366422577
14856.5498046875	-1.5971785173081693e-09	6.053292299721524e-09	5.0016501642633615e-09	6.251512008351761e-08	-1.3000478964415857e-06	-0.09800006915958177
14896.83349609375	-7.248741706801424e-10	6.1708802568240045e-09	-1.6529260761585723e-09	1.327697711321899e-07	2.0868572747732399e-07	-0.09799999856160886
14937.34814453125	-2.0939216392340647e-09	6.052446802339139e-09	1.487276903499743e-08	2.753813267584748e-07	-4.435079843514313e-07	-0.09799999902607825
14977.865234375	2.483449511042993e-09	6.6164778190764e-09	-2.6761158224802995e-09	2.6573699296356577e-07	9.413911026991626e-07	-0.09799997601176125
15018.284423828125	-1.3984721187930829e-09	6.0799342166431595e-09	4.421243353615974e-09	3.524304705629396e-08	-6.527660515774715e-07	-0.09800002576043423
15059.004638671875	5.147407929908813e-09	7.660620418869806e-09	-2.1711342720258838e-08	2.5561577144497464e-07	1.2508423089133775e-06	-0.0979999400579238
15099.715087890625	6.222026917230493e-10	7.223272074499388e-09	-1.1254267044211555e-08	2.035845513933237e-07	-4.2628122238207784e-07	-0.0980000134466953
15140.7041015625	-1.8153703594747728e-09	6.028492186172262e-09	1.2193490033507796e-08	1.1789069105013862e-07	-9.135894568022953e-07	-0.09800004590311166
15181.508056640625	-4.555087847245956e-10	6.104004584241485e-09	2.530018918908989e-09	1.9081916719247594e-07	3.4660561519199667e-07	-0.09799999761710101
15222.05908203125	4.987124075408728e-09	7.852242005397968e-09	-6.115560157993494e-08	2.5777858285031416e-07	2.416426308668048e-06	-0.09799993140220448
15262.6318359375	1.2345563264272606e-09	6.8434400849631685e-09	4.077177709483086e-09	2.0747194673110734e-07	-2.3139624431938096e-06	-0.0980000385007493
15303.395263671875	3.222781797183099e-09	7.571451204217415e-09	-4.1753516925726407e-08	1.7356631481339397e-07	1.6926103170225357e-06	-0.09799997056143783
15343.646240234375	-1.2050631100477326e-09	6.0569214580084656e-09	3.651476366541255e-09	3.5955403058422244e-08	-1.8817038150458966e-06	-0.09800006278890282
15383.761474609375	-8.133940565189263e-09	-1.2752379728839812e-09	-4.929957795811627e-08	1.87471815654999e-07	2.25459639577839e-06	-0.09800029070890443
15424.17578125	-1.5496673880036317e-09	6.012449289307274e-09	4.606093946017071e-09	1.916092777812564e-07	-2.237081579272582e-06	-0.09799971031494054
15465.022216796875	-2.2729671915742173e-09	6.071729810360663e-09	1.541860792747628e-08	2.153802914253497e-07	-4.1153803772578057e-07	-0.09799999669885151
15505.16796875	2.532471457915518e-09	6.628989471066555e-09	-2.3617827206310555e-09	2.795287876038771e-07	1.016191881356064e-06	-0.09799997558814343
15545.781005859375	-1.9157809176374664e-09	6.0167120850600555e-09	8.585092995779679e-09	7.242893958631757e-08	-7.146349355098791e-07	-0.09800002701583292
15586.214599609375	1.7877532181758145e-09	6.953928117003093e-09	3.159498323570203e-09	3.2416834103341025e-07	4.484814504110534e-07	-0.0979999610431333
15627.305419921875	2.9028152456303823e-09	8.139774439213911e-09	-9.159074090823832e-09	1.4992595591042355e-07	3.979857275254128e-07	-0.09799995998728517
15667.853759765625	-1.2211178421079615e-09	6.227683041692409e-09	1.605151425031567e-08	1.5267890755187272e-07	-9.156831959843889e-07	-0.09800006701368066
15708.7275390625	-1.6093474019666472e-09	6.034922548680036e-09	1.0964045817223091e-08	8.942413827243389e-08	1.1111573636395917e-07	-0.09800001072825863
15748.338623046875	-1.1837356294267432e-09	6.18100709507205e-09	1.0765907729265181e-08	2.379766657317976e-07	-1.901989181196383e-09	-0.09799999614396024
15789.060546875	2.2713030762236052e-09	6.63057519639867e-09	-3.274288417251293e-10	2.5962740990092153e-07	6.825598615167451e-07	-0.09799997757341991
15829.240966796875	-9.389425730648104e-09	-2.726346473398559e-09	-6.63664357559016e-08	2.484337267664777e-08	2.3885579512290165e-06	-0.09800037710728733
15870.590576171875	1.6930073507805074e-10	6.160256631823278e-09	-6.362824124101135e-09	1.1770895698114841e-07	-2.46223179257671e-06	-0.0979996484406961
15911.3603515625	6.273277399172116e-09	8.824815051124146e-09	-3.4196078358492595e-08	3.5264925179337014e-07	1.1783846737792582e-06	-0.09799990104124694
15952.104736328125	4.8827346287568856e-09	8.572949744855107e-09	-2.264715890622512e-08	2.0409337558925643e-07	-3.44216226401514e-07	-0.09800000676648055
15993.860595703125	-1.6435987186316322e-09	6.0034102996169535e-09	7.587403185582963e-09	5.498745830707612e-08	-1.2752369175872002e-06	-0.09800009414153901
16033.99462890625	-1.7212586187442263e-09	6.046778440121932e-09	8.4875296262983e-09	1.9775332141504038e-07	-3.140884960813549e-08	-0.09799999920494967
16074.3828125	-1.2983371573868962e-09	6.262011766978778e-09	1.696161941803202e-08	2.7914490263787515e-07	-1.912597259929667e-07	-0.09799998823151704
16114.63232421875	-7.966078743554204e-09	-2.3276690571304683e-09	-7.867379197536986e-08	-4.735641464427777e-08	3.498553682929886e-06	-0.09800035139892725
16155.459228515625	-1.6306339409313997e-09	6.032600225304464e-09	1.183476322248251e-08	3.0102194077724545e-07	-3.3585611571510475e-06	-0.09799965979134717
16195.41943359375	-7.48391587873705e-10	6.164154220817255e-09	1.0869831824553985e-08	2.438472137194047e-07	1.2323356310187057e-07	-0.0979999934310658
16236.033935546875	1.9687946146573227e-11	6.155774128551563e-09	-4.891465858325108e-09	3.356070531078243e-08	3.8774769898137367e-07	-0.09800000645815816
16276.470947265625	2.452020611775301e-09	7.403882890297975e-09	-3.406690100307881e-08	3.6046568312941304e-07	1.2928736281168878e-06	-0.09799994663454786
16317.375	-4.1077585726414894e-10	6.172324872313703e-09	1.0253896557849404e-08	1.7797071062867485e-07	-1.5553743542089602e-06	-0.09800004486072952
16357.980224609375	-1.79615227350846e-09	6.028468030667505e-09	1.2561257291747803e-08	1.0289534110966918e-07	-2.301620936825185e-07	-0.09800000868729151
16398.296875	-6.970598945393419e-10	6.1652481403127404e-09	9.984891184830459e-09	2.2651367944854626e-07	1.8764949155017437e-07	-0.09799999347979493
16438.7734375	5.643736509113018e-09	8.912215020753414e-09	-2.6921792633715486e-08	2.710534539460688e-07	1.4463690980070149e-06	-0.09799990143519444
16478.5927734375	2.413187931378323e-10	6.151063519605094e-09	-7.580175342039147e-09	-2.055724913541778e-08	-8.90796034238782e-07	-0.09800010403778452
