10000.0	0.00010824115746587744	0.005148754372668649	0.0014761110403515982	-1.3362296947320706	0.14557893964205013	6.79179178099508
20000.0	0.00032763235545048606	0.0004016427993788956	0.0010846746553559183	0.07334724959401866	-0.08788938288963068	0.05972785346765444
30000.0	0.0006928688297475539	0.006883819244210162	0.0007914648271473989	0.07338186357567499	-0.0880013317220697	0.05974217326138082
40000.0	0.0014141275602907821	0.008182607783181781	0.000512039515541954	-2.39050635392593	0.05640846473847762	11.660157256677701
50000.0	0.002121604445145267	-0.0007606548178797491	0.0003638191754322759	0.06812447332851433	-0.08842645581935471	0.08457211012647248
60000.0	4.4870048180103794e-06	2.8403693962298296e-06	0.0004026363252480641	1.4576501663973114	-0.2222695468114423	-9.727658835952914
70000.0	4.467154512319245e-06	3.2496998580546244e-06	4.1173746624856437e-05	5.4673361894023405	0.02614956546571502	-9.727376675684312
80000.0	4.454411540941924e-06	2.6527776409717577e-06	-0.00046545624976157606	4.372494178765834	-0.05804937882524879	-9.728756825174123
90000.0	4.458158006207305e-06	2.7914521667665544e-06	-0.0009843408375707814	1.225805503308973	-0.25161257003925613	-9.727631168651339
100000.0	4.439680400112262e-06	3.177508080735741e-06	-0.0018577847073736058	5.39236658405383	0.02611763254379626	-9.727360752537829
110000.0	4.41739698231054e-06	2.5575420558497225e-06	-0.0028247443085428923	4.3613713441696556	-0.04271592592627479	-9.728749258270172
120000.0	4.409182410414078e-06	2.6922275106839167e-06	-0.0037194760203220567	1.056929454230036	-0.28955540383368156	-9.727630054643372
130000.0	4.3924630728608275e-06	3.056575675696474e-06	-0.004918537850039948	5.310848135902821	0.028138535660869327	-9.7273742234565
140000.0	4.361181742686817e-06	2.4237797427346228e-06	-0.006180409644719142	4.355284436572005	-0.029348792393042018	-9.72878334073776
150000.0	4.345608283230599e-06	2.5514169673335794e-06	-0.007325065288599045	0.8824857880874377	-0.2876350468530576	-9.727622218080826
160000.0	4.329207636431139e-06	2.9052181862048078e-06	-0.008758877409522251	5.247894909222912	0.031630559131113685	-9.727380904964273
170000.0	4.29503469638366e-06	2.2617799591610306e-06	-0.010179406692646869	4.2883532523337164	-0.06581748450093122	-9.728731990660425
180000.0	4.277118404245541e-06	2.3851461204798372e-06	-0.011495409042755617	0.7773845591079294	-0.24469481186178454	-9.727587802199468
190000.0	4.26166856522591e-06	2.736854105476856e-06	-0.013048755003414033	5.184003827070306	0.034901767054338784	-9.727396152179269
200000.0	4.224709248627104e-06	2.0899526987095638e-06	-0.01452759657607311	4.216413949085669	-0.10250414330447014	-9.728774969378494
210000.0	4.201824898580271e-06	2.206182881998901e-06	-0.015924520641428293	0.7660279962550753	-0.2190025171023085	-9.727632076142362
220000.0	4.186066053149674e-06	2.555092149561268e-06	-0.017525234710268678	5.122390942661683	0.034520983625960615	-9.7274206718456
230000.0	4.1465083143692245e-06	1.9120200052497427e-06	-0.01899876010752417	4.121058202791172	-0.15209372091156484	-9.728740606807241
240000.0	4.12336611771037e-06	2.0265969334281226e-06	-0.020439472315906676	0.7246205071068756	-0.18407750619023375	-9.727662018160505
250000.0	4.116515310485948e-06	2.3740365659072985e-06	-0.022051816073175926	5.0570872386056385	0.03407909215106324	-9.727333085577968
260000.0	4.072056379947996e-06	1.7378351341816152e-06	-0.023486716221924865	4.01402692205199	-0.207410024554885	-9.72875546827448
270000.0	4.044949073501993e-06	1.842344474733454e-06	-0.024953559409154034	0.6813516732749072	-0.15107832952262373	-9.727647852152579
280000.0	4.044418623279049e-06	2.1971842928363435e-06	-0.026557055309859245	5.007121862908717	0.030537533907140358	-9.727365945026255
290000.0	3.994933934466687e-06	1.5568121208779664e-06	-0.027947997005807867	3.9297826587307934	-0.2518918454919989	-9.728733837643604
300000.0	3.968097894643939e-06	1.6660737574122954e-06	-0.029423166247187483	0.6154337013076311	-0.11188538263764149	-9.727639621062927
310000.0	3.972502505943927e-06	2.0238485357594366e-06	-0.031010400241854717	4.952210212184753	0.027432447829147232	-9.727366619929532
320000.0	3.9216102853463854e-06	1.383271114691097e-06	-0.03236160477320141	3.8796068694501056	-0.28040440702262615	-9.728754871819183
330000.0	3.892360354499647e-06	1.4861301824896291e-06	-0.03382690998451563	0.6091814983676083	-0.09895642217818514	-9.727662237629415
340000.0	3.8994240948973965e-06	1.8488455740976793e-06	-0.03539580487178626	4.897700443979297	0.024367509934764754	-9.727371025467079
350000.0	3.8439623570143814e-06	1.2099966073861421e-06	-0.036698810048701125	3.805323041559647	-0.3207111288961365	-9.728760581631793
360000.0	3.819721620686234e-06	1.3136966774019215e-06	-0.038160934622797286	0.5815996804014918	-0.08261095767324421	-9.727628042031448
370000.0	3.8302300481594556e-06	1.6730247168998279e-06	-0.039712444446836206	4.837958174510289	0.024138796163932236	-9.727303113206158
380000.0	3.7745350527312267e-06	1.0415427145590723e-06	-0.04098903701264946	3.6460938686227657	-0.333324340949295	-9.728749114392128
390000.0	3.744046905956578e-06	1.138167233339525e-06	-0.04243012955775264	0.5870197266864924	-0.09048937410671518	-9.727648707728655
400000.0	3.7618622823807368e-06	1.5080822419953963e-06	-0.04396225224125018	4.793295833593485	0.01841011229063837	-9.72733457352767
410000.0	3.700412414287495e-06	8.771425178737416e-07	-0.04521473083203219	3.5237161603998874	-0.3451911188375632	-9.728762828842095
420000.0	3.673481120207413e-06	9.68063029547349e-07	-0.04663283766784218	0.5974577417046304	-0.09960011457380678	-9.727677190975157
430000.0	3.6907900777459563e-06	1.3440211429397642e-06	-0.048147087546514526	4.742565679110606	0.01586028452603374	-9.727305482131245
440000.0	3.6270374792508334e-06	7.144485938871112e-07	-0.049372323107505056	3.467166403027911	-0.3588764428453318	-9.728749418319659
450000.0	3.603417749576825e-06	7.967978278624687e-07	-0.05076914351287718	0.6057622442830026	-0.10974436595026858	-9.727639673594737
460000.0	3.6273191693781993e-06	1.1816024304183792e-06	-0.05226658716052119	4.692532093498197	0.014165153207669498	-9.727279145293052
470000.0	3.558871853886867e-06	5.466832448298889e-07	-0.05346672949228703	3.359318424525888	-0.3723311710856007	-9.728704073674225
480000.0	3.5325061645674045e-06	6.309275935083684e-07	-0.054840282852563906	0.61266451390236	-0.12091552345604319	-9.72765569365859
490000.0	3.5657310927393697e-06	1.021127329573674e-06	-0.05632105259950805	4.643836075119755	0.012944728957413523	-9.727300444411323
500000.0	3.4898917267562565e-06	3.935079402317787e-07	-0.0574952394406651	3.260655282421391	-0.38670107507213736	-9.728752706659316
510000.0	3.4589163001599316e-06	4.71473548517998e-07	-0.05884275622658405	0.6319962779685084	-0.13329871928382647	-9.727682875986893
520000.0	3.494329995829014e-06	8.592227122710696e-07	-0.06030870456455177	4.5907394274065645	0.01706795891652834	-9.727326871234062
530000.0	3.421240993106712e-06	2.3634508777503776e-07	-0.06145913590699775	3.165199092553138	-0.4017634462857389	-9.72875682938606
540000.0	3.3940739412700104e-06	3.0824671527403254e-07	-0.06278307421677093	0.6372930747678001	-0.14626347123393937	-9.72769973843451
550000.0	3.4387212787496683e-06	7.035242702282869e-07	-0.06423458943939302	4.544294887899326	0.017542054016964397	-9.727296536247055
560000.0	3.348315819482689e-06	8.074333068957707e-08	-0.06536008565011217	3.041392191093709	-0.4167722781822881	-9.72874681804374
570000.0	3.330072437502425e-06	1.490951216765536e-07	-0.0666615861006917	0.6409334966836107	-0.16024541139271078	-9.727713061860563
580000.0	3.371365190536663e-06	5.573098042466976e-07	-0.06809601835975355	4.5069530977131675	0.01157658550282717	-9.727293979715007
590000.0	3.2850232455848075e-06	-6.967661546691912e-08	-0.0691999829426074	2.9549603408134555	-0.4332849027981513	-9.728732337350486
600000.0	3.259347908298245e-06	-4.545356169808334e-09	-0.07047906480733228	0.6350240254941987	-0.1748603517351595	-9.727687880501987
610000.0	3.3145353907188096e-06	4.108618666839286e-07	-0.07189970124826418	4.4635177179986165	0.01200552221652617	-9.72730230275112
620000.0	3.216807676424486e-06	-2.206396758927571e-07	-0.07297690781107308	2.9325186793930538	-0.4515673577103019	-9.72870657121466
630000.0	3.192338618507089e-06	-1.6095011689964321e-07	-0.07423326219927445	0.6519550013886224	-0.19055779334012943	-9.7276985720669
640000.0	3.25257919871614e-06	2.5511635398269023e-07	-0.07564458916030001	4.414581983980438	0.020355935460021606	-9.727286759540975
650000.0	3.1525720959843164e-06	-3.6655378594634e-07	-0.07670019493453338	2.8234680146038453	-0.4687073307738633	-9.728756981272202
660000.0	3.130665967685664e-06	-3.059051806718504e-07	-0.07793585034113142	0.6444672096055335	-0.20679269465571598	-9.727724256380752
670000.0	3.194779956532036e-06	1.1558213647402063e-07	-0.07933217664382163	4.381043919337339	0.01382951983786804	-9.727256859854071
680000.0	3.0909649665460515e-06	-5.110253535677918e-07	-0.08036493407884905	2.8065581163335427	-0.4881145726072512	-9.728715132152958
690000.0	3.061548483785584e-06	-4.563047816572621e-07	-0.08158097487103845	0.6597593578742639	-0.22408423038786987	-9.727713766563625
700000.0	3.1346813572965855e-06	-3.089612555714696e-08	-0.08297056088574564	4.333731780471059	0.024167051760962493	-9.727264124041405
710000.0	3.024250483970894e-06	-6.548288204676693e-07	-0.08398322305696317	2.7055875254223754	-0.506756555381823	-9.728745500717553
720000.0	2.9996001484040145e-06	-6.064465084090016e-07	-0.08517954721230442	0.6612057642167746	-0.24218863142556019	-9.72774674576665
730000.0	3.0807573974583466e-06	-1.705649801610836e-07	-0.08656098585639067	4.292778105717511	0.02883946324019579	-9.727245276068954
740000.0	2.9632981910226035e-06	-7.949848741228724e-07	-0.08755439744403998	2.640781045422445	-0.5269785068209256	-9.7287332466948
750000.0	2.935740326015261e-06	-7.513907757554299e-07	-0.08873117896969247	0.6519305407301956	-0.2609416568825458	-9.727730483773014
760000.0	3.0190890635669275e-06	-3.0151327149830886e-07	-0.09010149754869103	4.26140776065684	0.022791119198480026	-9.727249925589112
770000.0	2.897483208901789e-06	-9.458689942001507e-07	-0.09107365912470554	2.6295614879714044	-0.5485136587237806	-9.728719792215722
780000.0	2.8763650293850355e-06	-8.921225798538842e-07	-0.09223084066345526	0.666581111858199	-0.2806904828231567	-9.727762269983682
790000.0	2.96368875185685e-06	-4.389169978621794e-07	-0.093597078843033	4.2237479749984885	0.026414722305892008	-9.72725982283223
800000.0	2.8367283599932863e-06	-1.0858220803004344e-06	-0.09454954667653591	2.5749984184891925	-0.5701463161162034	-9.728782038459451
810000.0	2.814848675445225e-06	-1.028402228636428e-06	-0.09568952763055714	0.6660343981902787	-0.3011383390614823	-9.72771916970083
820000.0	2.9134857268030387e-06	-5.792978352118002e-07	-0.09704871349732846	4.1797653355556195	0.04063059796859083	-9.727186132952566
830000.0	2.7728689560877215e-06	-1.2144609881936022e-06	-0.09798320820145687	2.520012692408285	-0.5924096061202372	-9.728711287444131
840000.0	2.7555754634127634e-06	-1.1686652828637855e-06	-0.09910412661206208	0.6666390476135123	-0.3224403138737744	-9.72774417468483
850000.0	2.8604045202325085e-06	-7.110403733547898e-07	-0.10045775255310324	4.142075614530892	0.04759532378822128	-9.727161374803098
860000.0	2.7188014778655392e-06	-1.3531403064367354e-06	-0.10137329725949346	2.436436224106139	-0.614601664822145	-9.728739575963631
870000.0	2.69045124202735e-06	-1.3104619729742136e-06	-0.10247715592745445	0.6659130742900259	-0.34444851447086117	-9.727752017531799
880000.0	2.802866740424171e-06	-8.358628968414261e-07	-0.10382079613106393	4.115410194732733	0.03979728448074433	-9.727158291607925
890000.0	2.6572302872334398e-06	-1.4858108401846457e-06	-0.1047161059075666	2.4356876562238807	-0.638000404015891	-9.728698955292174
900000.0	2.6344051767402694e-06	-1.4446438008133932e-06	-0.10579682947775891	0.6736162973324921	-0.36460328978366063	-9.727722798998112
910000.0	2.7563456058276744e-06	-9.68962739515087e-07	-0.10711058910183845	4.02580309075252	0.01915741557674162	-9.727193994689262
920000.0	2.600953063156643e-06	-1.623229374279959e-06	-0.1079918616259285	2.4239660386728596	-0.6432737916675072	-9.728808343862179
930000.0	2.578153301478923e-06	-1.5777296104178047e-06	-0.1090527935345353	0.684067067379627	-0.37964790931006576	-9.727744661036638
940000.0	2.7027026933523046e-06	-1.090325941234024e-06	-0.11033818215764288	3.9458923783588298	-0.007524618466858749	-9.727141026755014
950000.0	2.540056932940385e-06	-1.7519374129099085e-06	-0.111209243864967	2.3894551686810708	-0.6411793093861105	-9.728756825831454
960000.0	2.519821361525366e-06	-1.7090746475165771e-06	-0.11225551881650332	0.686740142825483	-0.39210483625449016	-9.727722688347372
970000.0	2.6471441308354864e-06	-1.2088271403933877e-06	-0.11351921568621452	3.9006679431912588	-0.029009802992785723	-9.727137554704713
980000.0	2.486357161704558e-06	-1.879422807261901e-06	-0.11437665927434644	2.4091070910586128	-0.6540673971856383	-9.728778309017288
990000.0	2.468997082113717e-06	-1.8344554954273298e-06	-0.11540750348832064	0.7068594556713949	-0.40913459549999237	-9.727768325016108
1000000.0	2.5986589177063723e-06	-1.3293505294041191e-06	-0.11665047179070549	3.8252624820933425	-0.05348846858482427	-9.727135161955218
1010000.0	2.43279243258e-06	-2.007057350145e-06	-0.11750127158563155	2.399825125040692	-0.660736687434705	-9.728801795057471
1020000.0	2.4092909108891544e-06	-1.960279442022911e-06	-0.1185192070597786	0.7168026605784229	-0.4241802180843307	-9.727762212625231
1030000.0	2.5492977759147363e-06	-1.452068822056804e-06	-0.11973593972269699	3.7325558809485724	-0.07776315153739613	-9.727087142021421
1040000.0	2.3725808310780083e-06	-2.1308949325218744e-06	-0.12058476952145247	2.3678849086233353	-0.6613905203371483	-9.728781501019363
1050000.0	2.3543941029885525e-06	-2.0882457775977208e-06	-0.12159362425994742	0.7247449838019234	-0.43893479923529316	-9.727718179405342
1060000.0	2.4990262540703493e-06	-1.5638172990132151e-06	-0.12278811419832099	3.6610350158019602	-0.09986399076149954	-9.727079634754524
1070000.0	2.3238970415543895e-06	-2.2531681640240515e-06	-0.1236319503559313	2.357362575923506	-0.6688095474368718	-9.728803751989124
1080000.0	2.3035052317059842e-06	-2.2136833902566376e-06	-0.12462797713961174	0.7343936386379023	-0.45480313228225466	-9.727760837343656
1090000.0	2.4506131816643438e-06	-1.6812475323423247e-06	-0.1258089538384775	3.6228231836658438	-0.11918684564769287	-9.727072542842938
1100000.0	2.2677790486934235e-06	-2.3764706052031202e-06	-0.12664113334991953	2.3458536615636163	-0.6764253431915017	-9.728848029400739
1110000.0	2.24632697082546e-06	-2.3332692939479426e-06	-0.1276262393242448	0.7357716551316428	-0.46878289630896597	-9.72771402519093
1120000.0	2.4046645013340396e-06	-1.7925194065114038e-06	-0.1287881175334107	3.555876280496531	-0.14058076366245695	-9.72711804498999
1130000.0	2.2131575082920767e-06	-2.5013921094938456e-06	-0.12961377778157407	2.3702520802864666	-0.6938775641052758	-9.72884795854906
1140000.0	2.1946479518934306e-06	-2.457727546211784e-06	-0.1305886099163762	0.7435398804125369	-0.4847907813763471	-9.727733290703991
1150000.0	2.357278202436599e-06	-1.9051357391019249e-06	-0.13173259630494055	3.4927384113348032	-0.16249249298670368	-9.72704385320868
1160000.0	2.1651604782709726e-06	-2.614352426700215e-06	-0.13255229181677386	2.361506034087283	-0.7035936078547743	-9.728827469954185
1170000.0	2.143313034972417e-06	-2.5746987958127523e-06	-0.13351701132078145	0.7518679611787965	-0.5014828487572556	-9.727734500807557
1180000.0	2.304453459770618e-06	-2.0184630428280355e-06	-0.1346443390132384	3.4296541425941727	-0.18271554556317873	-9.727062948344823
1190000.0	2.1126048361926687e-06	-2.7359144829037047e-06	-0.13545687806306644	2.3570143777266295	-0.7156745138166386	-9.728891274109996
1200000.0	2.0920784780844986e-06	-2.6916477799202136e-06	-0.13640870687444223	0.7723403124636423	-0.5211087621035186	-9.727740082487134
1210000.0	2.262655925434609e-06	-2.1284062871024087e-06	-0.13751736109287563	3.349242210389761	-0.20150469036330898	-9.727035537968327
1220000.0	2.060161014190749e-06	-2.8491841692390584e-06	-0.1383288870041767	2.3501256987344674	-0.7271601781142394	-9.728856501914255
1230000.0	2.0425098995257804e-06	-2.8124062690914924e-06	-0.1392714070826235	0.7805242025701526	-0.5384752656640263	-9.727740439351864
1240000.0	2.2175529738689937e-06	-2.2372701146973414e-06	-0.14036542272347136	3.2896356982478854	-0.22029602667794967	-9.726999444318498
1250000.0	2.008584105457241e-06	-2.9677832938306103e-06	-0.1411697171808014	2.3232315490156332	-0.7340238218925043	-9.728870876710829
1260000.0	1.9933341575129985e-06	-2.9296125818594213e-06	-0.14210154765316044	0.7900621066077635	-0.5566831414877846	-9.727754296020157
1270000.0	2.168635495347441e-06	-2.3426268754778524e-06	-0.14318461382255931	3.2624944913667266	-0.23930997549099786	-9.727039618926362
1280000.0	1.9581963044883444e-06	-3.081325324742599e-06	-0.14397763288653856	2.3479756062510506	-0.7533344301835099	-9.728872262863788
1290000.0	1.9421835747709323e-06	-3.0411329756840865e-06	-0.1449019834453405	0.7898451184826832	-0.5724150765906657	-9.727713466600523
1300000.0	2.1207946767547257e-06	-2.450486803900655e-06	-0.14597195482692749	3.2055357046492423	-0.25718477182772287	-9.727000982340282
1310000.0	1.9089805756404736e-06	-3.194676680142503e-06	-0.1467608205253569	2.3423405775740083	-0.7666112984956353	-9.728917664330243
1320000.0	1.8898612329609022e-06	-3.1539254315501776e-06	-0.14767354769744534	0.8104468466577366	-0.5932730257769774	-9.727752639537785
1330000.0	2.0792901582817683e-06	-2.5517740459291804e-06	-0.14873424251249429	3.1503469585556116	-0.2750095735323665	-9.727006545528369
1340000.0	1.8627547065935945e-06	-3.3064388451858064e-06	-0.1495168933593527	2.340853017729472	-0.7818530775305182	-9.728913322593364
1350000.0	1.841995511273526e-06	-3.267387728114223e-06	-0.1504222688410709	0.8183665153372781	-0.6118880288009345	-9.72774540693062
1360000.0	2.036087464417842e-06	-2.6587092478250175e-06	-0.1514665528582388	3.077463860797786	-0.2897742710883082	-9.726969004691492
1370000.0	1.8124908738102273e-06	-3.415927582664963e-06	-0.15224687026048253	2.316538392544265	-0.7915753203247509	-9.728910300093752
1380000.0	1.7933118020862634e-06	-3.37403216148527e-06	-0.1531431582446745	0.8278186062520774	-0.6313657191423108	-9.727714590995308
1390000.0	1.9924948151389917e-06	-2.7610859561418844e-06	-0.15417971853943296	3.053054767780456	-0.3072098323662517	-9.726953961363533
1400000.0	1.760921665173736e-06	-3.5255693726715794e-06	-0.15495221131867726	2.3104652545065067	-0.8058574315593063	-9.72892887874194
1410000.0	1.747456339416938e-06	-3.491221690741907e-06	-0.15584141213478434	0.8279203679384546	-0.6487186149356542	-9.727793500222448
1420000.0	1.947864869680948e-06	-2.8609889186656604e-06	-0.15686693994207115	3.0038062878060496	-0.32494633851054133	-9.726955081989864
1430000.0	1.716008597029541e-06	-3.635513839987383e-06	-0.15763318474999158	2.3387676071294465	-0.8282211905179614	-9.728956800099848
1440000.0	1.6956086319589063e-06	-3.5979600419719664e-06	-0.1585167819491873	0.8349785216386927	-0.6680645025712373	-9.727732544810092
1450000.0	1.907693252073594e-06	-2.963560348473266e-06	-0.15953337614137464	2.9535145570171406	-0.34091960031060325	-9.72691637941661
1460000.0	1.6676971634119194e-06	-3.7441231228232145e-06	-0.16029386836903878	2.339282705183837	-0.8457597698522998	-9.728944597322537
1470000.0	1.6494186613128587e-06	-3.70610001499836e-06	-0.1611672945764344	0.855684597882047	-0.6903285116671825	-9.727723678625704
1480000.0	1.8614648265331068e-06	-3.0640214016530627e-06	-0.16217835006521372	2.9046270830109324	-0.3567681989663518	-9.726926215221827
1490000.0	1.617353627910052e-06	-3.850790390824088e-06	-0.162934791551033	2.3363868052884667	-0.8623659898316751	-9.728935179081574
1500000.0	1.6024012945018803e-06	-3.814352159682922e-06	-0.16380155016579348	0.8635153321995309	-0.710619025721143	-9.727717687983736
1510000.0	1.8207395796733792e-06	-3.1649450460137902e-06	-0.16479944747441422	2.8381280808885827	-0.3684032918027946	-9.726933043518548
1520000.0	1.5759516390355375e-06	-3.958758736458373e-06	-0.1655551755723102	2.334390259888017	-0.8797660643255197	-9.72894284846125
1530000.0	1.5568624456175432e-06	-3.919320406909584e-06	-0.16641321587455737	0.8728909538884468	-0.7317980691394069	-9.72776619135732
1540000.0	1.777945371104768e-06	-3.2640338216190843e-06	-0.1674027286268706	2.790245747193434	-0.3821913181255078	-9.72685525014022
1550000.0	1.524816463675372e-06	-4.0623734017794505e-06	-0.1681534822604172	2.3126392157065125	-0.8927888258357385	-9.728993227753389
1560000.0	1.50747970001875e-06	-4.024408787237634e-06	-0.1690052871274458	0.872897323372265	-0.7509830198110998	-9.727774663079
1570000.0	1.7333059002473887e-06	-3.3618102787454233e-06	-0.16998875213554468	2.77564214418538	-0.4021828783591973	-9.726872321465377
1580000.0	1.4771758199773753e-06	-4.169459010833009e-06	-0.1707295836470609	2.339994399830814	-0.9161450615647081	-9.72898999058739
1590000.0	1.4628632033160026e-06	-4.131042366056068e-06	-0.17157755103800154	0.879741818868545	-0.7717083862080285	-9.72770831040806
1600000.0	1.6909691859297884e-06	-3.4566149885356194e-06	-0.1725552696539533	2.7307749072873624	-0.41637608648269914	-9.726877986295747
1610000.0	1.4368870583091709e-06	-4.2721278960410384e-06	-0.17329283428883624	2.3385257892967912	-0.9345618316157851	-9.728980498384598
1620000.0	1.4168201685109538e-06	-4.235212616968862e-06	-0.17413525143439362	0.8874975130814641	-0.7932608129957178	-9.727741043331042
1630000.0	1.6551147744007288e-06	-3.5524236733571314e-06	-0.17510714190301227	2.6870656707344613	-0.43045046368965967	-9.726868127048139
1640000.0	1.3880615666812438e-06	-4.37947827688469e-06	-0.17583887208337698	2.3415467899413	-0.9550291777906241	-9.729018818818204
1650000.0	1.3743108541800573e-06	-4.339086013268429e-06	-0.17667164086288717	0.9084575953551428	-0.8172408604281032	-9.727780248741599
1660000.0	1.6111997258624645e-06	-3.6477620596384127e-06	-0.1776413073502476	2.6444828822132314	-0.44443686505547064	-9.726834857319947
1670000.0	1.3452988156510152e-06	-4.48030321621112e-06	-0.17836937793324745	2.340729021583314	-0.9744748830930704	-9.72903568760094
1680000.0	1.3284516744556913e-06	-4.441794688250736e-06	-0.17919416898305837	0.9179623907665362	-0.8399487377341578	-9.72773592580879
1690000.0	1.5745184789119445e-06	-3.746686180358031e-06	-0.1801531529882575	2.5828032458988437	-0.45157546868595033	-9.726863823365507
1700000.0	1.303030398028714e-06	-4.5826786536235735e-06	-0.18088016910223664	2.3214279529790405	-0.990147647195571	-9.729009987156171
1710000.0	1.2781615036204456e-06	-4.546640664774665e-06	-0.18170042051902546	0.92595041320739	-0.8623658265704076	-9.727767864629865
1720000.0	1.526506275973519e-06	-3.840858156046615e-06	-0.18265715821688555	2.5699858769896236	-0.4701911230892364	-9.726808530724307
1730000.0	1.254065564716978e-06	-4.681594485079585e-06	-0.18337817569407844	2.3189536179184307	-1.0095777227102853	-9.729025845625092
1740000.0	1.2400249406664403e-06	-4.6444611127238165e-06	-0.18419324049481717	0.925497544680584	-0.8833763219398896	-9.727768737550841
1750000.0	1.4942884822594699e-06	-3.931882569865531e-06	-0.1851442944896661	2.532637924324698	-0.4849298611029104	-9.726817904735585
1760000.0	1.2064652284559442e-06	-4.783427342298006e-06	-0.18585914774056383	2.3494362428390594	-1.0357006708369583	-9.729011923757533
1770000.0	1.192299636190971e-06	-4.742914679174094e-06	-0.186671573722991	0.9322448137092472	-0.9059839366894147	-9.727758051528422
1780000.0	1.4508087077781892e-06	-4.026100616880921e-06	-0.18761951896117024	2.4931921849351535	-0.49739798202041136	-9.726828928605052
1790000.0	1.1618019228276673e-06	-4.88828295707042e-06	-0.18832939045985825	2.3539778633121147	-1.0581152313953164	-9.729041417873361
1800000.0	1.1487394893090528e-06	-4.848032165899711e-06	-0.18913316430123336	0.9533851914280428	-0.9312519843718001	-9.727774647347282
1810000.0	1.4133042633060724e-06	-4.123008826989769e-06	-0.19007715725094299	2.4363809488984396	-0.5038820966798558	-9.726806018998069
1820000.0	1.119276046544657e-06	-4.985064408418455e-06	-0.19078731833359988	2.3549692536193776	-1.0796531391704929	-9.729055596651088
1830000.0	1.1083284096849867e-06	-4.949148258029946e-06	-0.1915845608069364	0.9629102803793581	-0.9554270192321811	-9.727721547259558
1840000.0	1.3700502850863726e-06	-4.212703449160446e-06	-0.19252548184924811	2.3971247973474497	-0.5142966506186132	-9.726755484699485
1850000.0	1.0748042172331043e-06	-5.083923867569457e-06	-0.19323215237989314	2.3366497524343437	-1.0974117338582068	-9.729074095549041
1860000.0	1.0591771999727489e-06	-5.048735546544404e-06	-0.1940255637251073	0.9709228150793371	-0.979378720599262	-9.727727535420415
1870000.0	1.3324650996913454e-06	-4.305584736772437e-06	-0.19496578678681845	2.387966942571748	-0.5332092883368613	-9.726775491593814
1880000.0	1.031427081663664e-06	-5.183125394451944e-06	-0.195667127850804	2.3375449313697096	-1.119973000518942	-9.72908468978729
1890000.0	1.0147060716899089e-06	-5.1460119800151765e-06	-0.19645451112530557	0.9717593696316272	-1.002605735800254	-9.72773624417074
1900000.0	1.2944055660098253e-06	-4.3959758688166686e-06	-0.19738945536226996	2.3545447713698993	-0.5461032807198685	-9.726710226922577
1910000.0	9.902901363681308e-07	-5.2825470996134624e-06	-0.1980810187562573	2.3701917609994316	-1.1472021413669493	-9.729088252156247
1920000.0	9.729331140543036e-07	-5.246524204133546e-06	-0.198858377315101	0.9928622329489863	-1.0282268359402564	-9.727778980333133
1930000.0	1.254373105844637e-06	-4.484305072298401e-06	-0.19978784449926706	2.3228059475973613	-0.5603565266311842	-9.726734751754362
1940000.0	9.467426261170429e-07	-5.379782868371341e-06	-0.2004686540241133	2.3675371276506834	-1.1731958067650434	-9.72912007015654
1950000.0	9.315648242074753e-07	-5.339670958938984e-06	-0.20123412925152032	0.9995677347697455	-1.0533323449084806	-9.727752817293808
1960000.0	1.2111047194189112e-06	-4.569933884507313e-06	-0.20215801731844385	2.2692043974268152	-0.5756420200913955	-9.726723695453323
1970000.0	9.077571012853609e-07	-5.472486465218266e-06	-0.2028272305065377	2.3980878489786615	-1.1987703448711344	-9.72910849571485
1980000.0	8.904918007251639e-07	-5.436431765925174e-06	-0.20358424616488036	1.0111183770805674	-1.077994197874999	-9.727721251817758
1990000.0	1.1706403599620467e-06	-4.655125165103449e-06	-0.2045048496819258	2.2232229680215894	-0.5904701041092885	-9.726719677599226
2000000.0	8.593445371095916e-07	-5.568172877122287e-06	-0.2051652306249903	2.4086173173836003	-1.2239306533822536	-9.729130755118982
2010000.0	8.465590700387682e-07	-5.529126584936119e-06	-0.20591351934596344	1.0323404538564867	-1.1019175369710057	-9.72771986951902
2020000.0	1.1286039215925248e-06	-4.747400587450592e-06	-0.2068329699126919	2.1740215313963165	-0.6048771323434882	-9.726715881237853
2030000.0	8.21726620700912e-07	-5.666897212455857e-06	-0.20748553018058255	2.4212839691696852	-1.248984578389646	-9.729148761624701
2040000.0	8.076885539324669e-07	-5.626547883723564e-06	-0.20822692945625842	1.0442789665353867	-1.126012530891145	-9.727724711171065
2050000.0	1.0929773699259683e-06	-4.83030691263919e-06	-0.20914518902641027	2.1253647822470874	-0.6193117875809085	-9.72672048118901
2060000.0	7.812532988792034e-07	-5.75989765249409e-06	-0.20979058422416688	2.4320114018565837	-1.2738475034561254	-9.729105996377939
2070000.0	7.658342972865406e-07	-5.718770318633125e-06	-0.21052545136234457	1.0570830280076005	-1.1500601786014284	-9.727711129778843
2080000.0	1.0556427212981543e-06	-4.921447756705064e-06	-0.21144279312336534	2.04857345816299	-0.632497595917799	-9.726734418664869
2090000.0	7.3430493746388e-07	-5.854625960027139e-06	-0.2120815400382138	2.430729229333155	-1.2984880608519547	-9.729167004426444
2100000.0	7.279082643068525e-07	-5.81526447874511e-06	-0.21281042308806586	1.0634409603316723	-1.17412481714848	-9.727749156599033
2110000.0	1.01635498510011e-06	-5.003075680315419e-06	-0.2137264766880357	2.0485064828833797	-0.6483566087905668	-9.726693259539298
2120000.0	6.963406735751211e-07	-5.945394800543492e-06	-0.2143589674503959	2.4603518748647764	-1.32332226789836	-9.729187255655079
2130000.0	6.840405354719022e-07	-5.906172536621808e-06	-0.21508250676031154	1.0843565656599554	-1.197905154557112	-9.727722047214307
2140000.0	9.76809825716368e-07	-5.08362534201217e-06	-0.21599966367463322	2.0021107814639327	-0.6628922026693211	-9.726624095145386
2150000.0	6.570955162093498e-07	-6.040425695453087e-06	-0.21662635646777784	2.4731169242332363	-1.3482807801451675	-9.729195133610952
2160000.0	6.457369145545924e-07	-6.001779282207486e-06	-0.21734465559495494	1.097112890152984	-1.2221401814593675	-9.727803197161736
2170000.0	9.371440067585893e-07	-5.1721087526129905e-06	-0.21826207870724526	1.925245869339639	-0.6764065428091592	-9.726646931756813
2180000.0	6.200760660207607e-07	-6.131832015687224e-06	-0.21888334203352175	2.4717104724190913	-1.3731938352855986	-9.729206054430723
2190000.0	6.071376730244325e-07	-6.090618741033533e-06	-0.2195966574604077	1.1091092522345432	-1.2464684831151565	-9.727722191510866
2200000.0	9.028230786932102e-07	-5.253311389821009e-06	-0.2205146821410919	1.879898677028263	-0.6912416619165757	-9.726622274623141
2210000.0	5.781026569896063e-07	-6.220659567017153e-06	-0.22113039951567756	2.4824613376884472	-1.3982424716493056	-9.729211357289593
2220000.0	5.656318323894441e-07	-6.184951207102255e-06	-0.22183861778931196	1.120929746807117	-1.2708460910540993	-9.727752235868167
2230000.0	8.623676732628446e-07	-5.337681877000555e-06	-0.22275620205743196	1.8789969372970128	-0.7074323865411267	-9.726626708609167
2240000.0	5.383065766625178e-07	-6.318473220668427e-06	-0.22336606954238672	2.5121878907520907	-1.4233703893816378	-9.729244110400126
2250000.0	5.246231602484297e-07	-6.27178375741773e-06	-0.22407013475803453	1.126330019428659	-1.2953545958625405	-9.727778658769543
2260000.0	8.280408529971499e-07	-5.421414658949374e-06	-0.2249882106582918	1.8394513208141374	-0.7227321059528736	-9.726577682699732
2270000.0	4.992457590418951e-07	-6.404079002959512e-06	-0.225592628388084	2.5251236223686986	-1.4487362313430199	-9.729216454820618
2280000.0	4.834139047734847e-07	-6.3627148585044085e-06	-0.2262909733901339	1.1478212101801704	-1.3197458703166243	-9.727702677647216
2290000.0	7.849412304086424e-07	-5.502853780960946e-06	-0.22721050667030923	1.7680951481304614	-0.736715493451768	-9.726588899632059
2300000.0	4.588853297643635e-07	-6.495317250538552e-06	-0.22780972182449055	2.536148785155559	-1.4741783723356616	-9.729245350470611
2310000.0	4.5026351019179863e-07	-6.454023879949514e-06	-0.22850327990011654	1.1607737742930908	-1.3445489660775642	-9.72772588472399
2320000.0	7.528546267990334e-07	-5.58736642256496e-06	-0.22942361989612675	1.722835544163673	-0.7522773803846813	-9.726587047427303
2330000.0	4.203485650208094e-07	-6.585034262143812e-06	-0.2300177230719295	2.5345246285703773	-1.49956666742168	-9.729241206467773
2340000.0	4.098621509449993e-07	-6.5408055562190185e-06	-0.23070662607674502	1.1666564436003932	-1.3694410076945898	-9.727721754721173
2350000.0	7.180448442542889e-07	-5.6671124575464024e-06	-0.2316269977374647	1.7229406754135896	-0.7690250441678935	-9.72651463787278
2360000.0	3.801111310114053e-07	-6.6748130013054994e-06	-0.23221679475346574	2.544024112781081	-1.5251726234672713	-9.729246480069774
2370000.0	3.707798945047045e-07	-6.633132368978042e-06	-0.23290109626214225	1.1784021651092824	-1.3944655923749252	-9.727721603597189
2380000.0	6.762641470486023e-07	-5.746915067394789e-06	-0.23382242689198526	1.686036357630317	-0.7849458171721915	-9.726583057342886
2390000.0	3.452735434070609e-07	-6.7643320416713315e-06	-0.2344061720241902	2.5773559827751074	-1.550959050657534	-9.72929012004519
2400000.0	3.309154917825319e-07	-6.7198347972517114e-06	-0.23508594899690016	1.1994561374726938	-1.4193181670464288	-9.727731018652545
2410000.0	6.376974874865525e-07	-5.8282674292780564e-06	-0.23600924196323525	1.6449024865788981	-0.8008718684177979	-9.726531838253049
2420000.0	3.07168713602603e-07	-6.852525175456242e-06	-0.23658807126568357	2.5881622059271177	-1.5768763554569583	-9.729285287912163
2430000.0	2.9273227999589804e-07	-6.807253198535981e-06	-0.23726333184590426	1.2124318234218352	-1.4447011161835785	-9.727781732262654
2440000.0	6.026961493922893e-07	-5.912946700475222e-06	-0.2381876523953014	1.5762132253812726	-0.815765041561506	-9.726492905778505
2450000.0	2.703682523327445e-07	-6.939103215389005e-06	-0.2387616091155792	2.5992760844000187	-1.6028514667091764	-9.729273508827953
2460000.0	2.535140781236137e-07	-6.896934762708684e-06	-0.2394323786446828	1.2241092399699312	-1.4700922885795797	-9.727721286759362
2470000.0	5.612763153556876e-07	-5.993807883768395e-06	-0.2403577599794184	1.5358376802984561	-0.8320249676643011	-9.726486070316009
2480000.0	2.2967634053495963e-07	-7.026498794263405e-06	-0.2409267665879018	2.597715127488679	-1.6288221306685136	-9.729318521671152
2490000.0	2.152076390204643e-07	-6.981679414500218e-06	-0.2415928860863638	1.2360079389774221	-1.495628827494278	-9.727722458106253
2500000.0	5.248129253935808e-07	-6.073455719873856e-06	-0.24251851576058497	1.5353435425974395	-0.8496869268674819	-9.726476597196415
2510000.0	1.9110258773279332e-07	-7.1155381680653895e-06	-0.24308342816129336	2.6072424846963056	-1.6550466553284817	-9.729311718708898
2520000.0	1.7567380887253767e-07	-7.071881224627402e-06	-0.24374525835569336	1.2414916045145175	-1.5213014611089886	-9.727721199422504
2530000.0	4.929077321905196e-07	-6.150118368236276e-06	-0.2446720616768099	1.5007219418149174	-0.8664069128829439	-9.726488156429431
2540000.0	1.5381534683636622e-07	-7.200970221458599e-06	-0.24523128160614627	2.6381230941616964	-1.681273659931226	-9.729284355141772
2550000.0	1.4024128274232235e-07	-7.159795722281237e-06	-0.2458888866707033	1.262797416254806	-1.5467682866836645	-9.727753329032861
2560000.0	4.535234191768466e-07	-6.230747615302076e-06	-0.24681785842509268	1.4347386483177347	-0.8818780420256233	-9.726476422276908
2570000.0	1.1833078858462327e-07	-7.290960125442514e-06	-0.24737257893744274	2.6520432236996756	-1.7078685368614759	-9.729302993391112
2580000.0	1.0280607167246985e-07	-7.2419812021282565e-06	-0.24802604812224016	1.2744366794641324	-1.572694429382846	-9.72774277073911
2590000.0	4.1758993635621087e-07	-6.310196744780122e-06	-0.24895652510324293	1.3960680361298063	-0.8987916652971966	-9.726446696120217
2600000.0	7.579356885898852e-08	-7.3715875835541495e-06	-0.2495067683647172	2.6504245015081254	-1.7342353822501209	-9.72937376929506
2610000.0	6.472990419977417e-08	-7.332613599830509e-06	-0.25015598929279076	1.2876143164111873	-1.5988358339701858	-9.727701614642703
2620000.0	3.817727381624389e-07	-6.386841232351337e-06	-0.25108724039586405	1.39616984033397	-0.9170726222371364	-9.726433892155837
2630000.0	4.125233099620899e-08	-7.4627181960010606e-06	-0.2516338698435472	2.6598657856007972	-1.7609154934722517	-9.729346324792044
2640000.0	2.9482356800207533e-08	-7.421727854930101e-06	-0.25227926909338055	1.2929163457981105	-1.6250331207848598	-9.72773112276488
2650000.0	3.412392427877849e-07	-6.464964186431851e-06	-0.2532121631351784	1.363217852277338	-0.9344116010561908	-9.726418073453534
2660000.0	8.910125598352083e-10	-7.549430415969949e-06	-0.2537535255953101	2.6907917132726724	-1.7876202346057883	-9.729347157598896
2670000.0	-8.345102825974002e-09	-7.50528406796656e-06	-0.25439586074115134	1.3037678157158454	-1.6513092061338766	-9.727720998752009
2680000.0	3.0826199461067287e-07	-6.542426605178305e-06	-0.2553304788316303	1.3254206167576241	-0.95183142332284	-9.72641771158739
2690000.0	-3.391307889065677e-08	-7.633832998002598e-06	-0.25586769937985615	2.6919288242714847	-1.8145423488737729	-9.729336586805301
2700000.0	-4.8210908387766314e-08	-7.5938787374469646e-06	-0.2565052722183071	1.3274208690022968	-1.6775696000591218	-9.727715949005985
2710000.0	2.73563073806068e-07	-6.623709413252299e-06	-0.25744262800977974	1.2590572211006388	-0.9681792253017307	-9.726452902414657
2720000.0	-7.299158495576491e-08	-7.719448251483212e-06	-0.2579759096143248	2.703174121894817	-1.8415830522505168	-9.729375234315446
2730000.0	-8.649864704119127e-08	-7.676877780320591e-06	-0.25861003074159694	1.3325487721165976	-1.7040514135185842	-9.727699864810486
2740000.0	2.366197663376187e-07	-6.6973820038865255e-06	-0.2595484972092299	1.261808908340181	-0.9870134066337592	-9.726356236544305
2750000.0	-1.092224601671334e-07	-7.804549384517075e-06	-0.26007853273757986	2.7125247586370893	-1.8687539782322808	-9.72936447766794
2760000.0	-1.2429357247676223e-07	-7.761435216559601e-06	-0.26070896792620063	1.3442189088614396	-1.7308359060888747	-9.727740694511962
2770000.0	1.9970819318434168e-07	-6.774573020901107e-06	-0.2616495287724454	1.2306178343289675	-1.0049741626226767	-9.72640284659226
2780000.0	-1.4727082123155862e-07	-7.885706611570264e-06	-0.26217451360676663	2.7433105937643316	-1.8959085710991552	-9.729402589816734
2790000.0	-1.57402435090759e-07	-7.848915857491427e-06	-0.26280206636823267	1.3549888001284511	-1.7576834184910273	-9.727708433179705
2800000.0	1.6261148119238257e-07	-6.848858029527543e-06	-0.2637445775292225	1.1940678020953357	-1.0230444104008278	-9.726371052150528
2810000.0	-1.8194820391948905e-07	-7.9743004597891e-06	-0.26426538449807824	2.7542769653883847	-1.9233444223246747	-9.729440486615117
2820000.0	-1.9406781705260182e-07	-7.928309117833318e-06	-0.2648883226384419	1.3772242303091495	-1.784299844138875	-9.727713074547404
2830000.0	1.2512714482976737e-07	-6.927078104675857e-06	-0.26583346347388576	1.1587477276172093	-1.0412912561748116	-9.726357077176768
2840000.0	-2.2026789923221586e-07	-8.058104643184778e-06	-0.2663501714662681	2.7683524003488604	-1.9510622187628517	-9.729394509694622
2850000.0	-2.290792877449355e-07	-8.014642001197311e-06	-0.2669692146711662	1.388798264939844	-1.8114050493462883	-9.727718680436277
2860000.0	9.129078399297162e-08	-7.007286475609391e-06	-0.2679162460914646	1.0967732703619355	-1.0582812020131747	-9.72631794854694
2870000.0	-2.5412334627869085e-07	-8.14462159336639e-06	-0.2684288019504754	2.779745024816429	-1.9787444501614677	-9.729414878739883
2880000.0	-2.6463118277393957e-07	-8.101604272043254e-06	-0.2690441015853807	1.402004499689039	-1.8387731009207635	-9.727718454719914
2890000.0	5.806356937617405e-08	-7.0830771007635015e-06	-0.2699930241882172	1.0615644257932961	-1.076864954887139	-9.726330275238373
2900000.0	-2.9468992417264743e-07	-8.226512883391395e-06	-0.2705016260071745	2.7781379431631943	-2.0062838120620334	-9.729424636829297
2910000.0	-3.045202749298969e-07	-8.181132887018558e-06	-0.2711129951190014	1.4138641447582017	-1.8661295398413134	-9.72769150204075
2920000.0	2.3770287639734868e-08	-7.1546426859270325e-06	-0.27206318313057365	1.0630669922024005	-1.0966692912206213	-9.72630536462066
2930000.0	-3.2581268095846507e-07	-8.307384823935908e-06	-0.2725685650918082	2.787504650995265	-2.034234107139433	-9.729476020933914
2940000.0	-3.429216999875452e-07	-8.261821057250728e-06	-0.27317650438402336	1.418819753840168	-1.893589311676611	-9.727712894520863
2950000.0	-1.5078871033303576e-08	-7.229439878466457e-06	-0.2741287883524168	1.0338001555694316	-1.1156789358018737	-9.726267528652599
2960000.0	-3.6202380672687984e-07	-8.391455084269933e-06	-0.27462947788587627	2.8216232362194207	-2.0621849292780374	-9.729430308883291
2970000.0	-3.7500697661335435e-07	-8.351776184537277e-06	-0.2752341318290222	1.441903785512459	-1.920893932303516	-9.727717872687343
2980000.0	-4.9365306361451554e-08	-7.30790058848661e-06	-0.27618964579846833	0.9738314203016517	-1.1332731255119475	-9.72633593260536
2990000.0	-4.017203214067275e-07	-8.474869542956523e-06	-0.2766867197449692	2.833020335486877	-2.090364325093827	-9.729442439412429
3000000.0	-4.095572796107814e-07	-8.433432960372075e-06	-0.2772880181902896	1.4534975143145767	-1.9487093105395892	-9.727720167816916
3010000.0	-7.98704949028447e-08	-7.383158391173173e-06	-0.2782458744941815	0.939569498281621	-1.1524743906548978	-9.726290841279953
3020000.0	-4.36674411587692e-07	-8.558308179485364e-06	-0.27873938778364427	2.831360112535309	-2.118419679682865	-9.729536747562179
3030000.0	-4.4860450494733786e-07	-8.51096481089453e-06	-0.27933737397937825	1.4585892841774235	-1.9765356406721895	-9.7276968528903
3040000.0	-1.24987808682507e-07	-7.457256022184605e-06	-0.2802967341303974	0.9407178881500664	-1.1729853138912252	-9.726250391482132
3050000.0	-4.7333986964178895e-07	-8.636780192961734e-06	-0.28078743352756097	2.8406611510318163	-2.1468176873500666	-9.729524012407845
3060000.0	-4.842261017387561e-07	-8.592582980741965e-06	-0.2813820634048133	1.4701506549411463	-2.004547225616152	-9.727704505445043
3070000.0	-1.5593587137727052e-07	-7.529993211962385e-06	-0.28234405764408166	0.9129396142785896	-1.1925703297363697	-9.726284863844885
3080000.0	-5.043667611066327e-07	-8.721738227327895e-06	-0.28283033618341685	2.874812430962404	-2.1752977390291104	-9.729501846197838
3090000.0	-5.213621638507821e-07	-8.673821709499656e-06	-0.28342178485672775	1.4916108583237258	-2.032302097290786	-9.72771686536405
3100000.0	-1.9535903834502307e-07	-7.603090568416128e-06	-0.2843871058546404	0.8799131574421626	-1.2122304286341168	-9.72625726919216
3110000.0	-5.43708889851717e-07	-8.80319297358447e-06	-0.2848697980680292	2.8858299453398466	-2.203916263892851	-9.729522008943414
3120000.0	-5.517864526767165e-07	-8.756802251630916e-06	-0.28545789676336514	1.503215080009	-2.0606054374324962	-9.727728137163053
3130000.0	-2.2984597820684e-07	-7.679803893850553e-06	-0.28642570704050935	0.8209532619457623	-1.2306026773575318	-9.726235466599755
3140000.0	-5.774823559811659e-07	-8.888641966883219e-06	-0.2869050110804386	2.884590189968818	-2.2324603870930964	-9.729541681593568
3150000.0	-5.917703821283978e-07	-8.840946431606608e-06	-0.28749009552699695	1.5099355054655237	-2.089047105585582	-9.727697077766909
3160000.0	-2.613479104115336e-07	-7.75597062297845e-06	-0.2884599507900478	0.8284940776687842	-1.2518575099931744	-9.72622152733388
3170000.0	-6.117135945686855e-07	-8.965888167032767e-06	-0.288936053029321	2.9170099945924535	-2.261341037338164	-9.729533379497552
3180000.0	-6.264404059428226e-07	-8.922250693699597e-06	-0.2895183227266971	1.5314217313502922	-2.1172033538248445	-9.727721295987747
3190000.0	-3.0183493086628006e-07	-7.827345708651401e-06	-0.2904920032823052	0.770529444055872	-1.270568717663188	-9.726233203115934
3200000.0	-6.479807134212455e-07	-9.046766155808065e-06	-0.2909652068961577	2.9155750466828625	-2.290155458360076	-9.7295588099871
3210000.0	-6.599364172193927e-07	-9.002993716375882e-06	-0.29154493980991236	1.538093994438829	-2.1460123419113035	-9.727700120949796
3220000.0	-3.3104195268148297e-07	-7.896562745706849e-06	-0.2925208274045564	0.7714396283475405	-1.292032725464274	-9.726197218949924
3230000.0	-6.835821777060171e-07	-9.126557702793845e-06	-0.2929918387190378	2.9246141222367794	-2.3193562641627676	-9.729524420671533
3240000.0	-6.974475774352135e-07	-9.083681018946901e-06	-0.29356927779273234	1.541380836564905	-2.1759742766968753	-9.727703279895723
3250000.0	-3.6743257968257603e-07	-7.977022091510795e-06	-0.2945482594915566	0.6422591171484631	-1.3124230204903804	-9.726170529694452
3260000.0	-7.201331035940934e-07	-9.204973592116044e-06	-0.29501238181234046	2.883464502022706	-2.350582458958551	-9.729541109570212
3270000.0	-7.301098606751004e-07	-9.16160467891717e-06	-0.295580432590363	1.5202131033327628	-2.206882399854589	-9.727683958369193
3280000.0	-4.0338844732397427e-07	-8.058666283533725e-06	-0.2965551378148392	0.5193184318437227	-1.3342775889743552	-9.726157574666827
3290000.0	-7.567348141175913e-07	-9.290219928733617e-06	-0.29700703382422494	2.8420967789989473	-2.3815012488341853	-9.729554369745314
3300000.0	-7.665663052418075e-07	-9.234466102806716e-06	-0.29756149955373623	1.5017925271101016	-2.237838401671509	-9.727690755625124
3310000.0	-4.4256074996404746e-07	-8.134455277790584e-06	-0.298527622933077	0.40202246670645536	-1.3562902000275925	-9.726194713857689
3320000.0	-7.894048685432849e-07	-9.358662313385975e-06	-0.2989637594418561	2.8024274167449894	-2.4121378837536542	-9.729566384013895
3330000.0	-8.006421668358132e-07	-9.314164362800557e-06	-0.2995014839843409	1.483972886343924	-2.268514431251475	-9.727676707432792
3340000.0	-4.733426524781421e-07	-8.209841716073815e-06	-0.3004559999931818	0.2899277122524514	-1.3783542328646645	-9.72614113049727
3350000.0	-8.217745673476313e-07	-9.435023860664567e-06	-0.3008739115246312	2.764347462594921	-2.442420115413997	-9.729544739979852
3360000.0	-8.329943003493606e-07	-9.389999127215786e-06	-0.3013927454887214	1.4668126003213304	-2.298695444529403	-9.727733994236912
3370000.0	-5.02313860075809e-07	-8.277945832350562e-06	-0.30233351389041774	0.18265048075250798	-1.4003722365794975	-9.726210145093697
3380000.0	-8.537554770857407e-07	-9.502517472093399e-06	-0.30273156805137696	2.727756231316376	-2.4721779374555855	-9.72954903693538
3390000.0	-8.674685365203056e-07	-9.458801861577193e-06	-0.3032301093435168	1.4502095302551508	-2.3283340226649964	-9.727707056769932
3400000.0	-5.386787239250069e-07	-8.349495637430506e-06	-0.304155699644728	0.08006265996724707	-1.4221348894441486	-9.726163162956281
3410000.0	-8.891799030632885e-07	-9.573837876488278e-06	-0.3045328769291328	2.6926894025215846	-2.501334215415395	-9.729526665548342
3420000.0	-8.961553529252857e-07	-9.53174549844091e-06	-0.3050102776010826	1.4341844568303033	-2.3573648213711023	-9.727724353320639
3430000.0	-5.695482680147378e-07	-8.42346896456234e-06	-0.3059197809857171	-0.01810830601616316	-1.443678571982083	-9.726153373471824
3440000.0	-9.169078279205585e-07	-9.642181328346297e-06	-0.30627553150363224	2.658889884643475	-2.5298455236328485	-9.729543412005818
3450000.0	-9.232671942097203e-07	-9.595181067013095e-06	-0.30673137117374016	1.4186324335791256	-2.3857332880197366	-9.727731693062218
3460000.0	-5.989607083975696e-07	-8.482118374357054e-06	-0.3076242720060737	-0.11202436281028756	-1.4647690956244375	-9.726151544178142
3470000.0	-9.470327829655138e-07	-9.70506554539603e-06	-0.30795838741774784	2.6264769711527474	-2.5577083343560822	-9.729553243301822
3480000.0	-9.526371974869567e-07	-9.662891783591588e-06	-0.308392552816412	1.4036897506976675	-2.4134513599324126	-9.727655905423076
3490000.0	-6.314672135540973e-07	-8.54698959918075e-06	-0.3092686395533352	-0.2019597373403063	-1.48552003126337	-9.726128589430736
3500000.0	-9.719812536505849e-07	-9.768686935734892e-06	-0.30958117475305774	2.5953208931060643	-2.5847762023164385	-9.729524101002124
3510000.0	-9.858097924662905e-07	-9.723897015006832e-06	-0.30999379007118744	1.3891827621112893	-2.4403367817844015	-9.727706639222607
3520000.0	-6.556879646637785e-07	-8.605256699902164e-06	-0.31085305009420006	-0.2880443490173299	-1.5057559068944542	-9.72616683473108
3530000.0	-1.0073120166294768e-06	-9.825140650741816e-06	-0.3111442435592936	2.5654344405381	-2.611162672107482	-9.729525629369721
3540000.0	-1.0082868277623791e-06	-9.78037247162403e-06	-0.31153561259583773	1.375282940613611	-2.4665003477523086	-9.727708086431704
3550000.0	-6.813002505860912e-07	-8.667100432028364e-06	-0.31237820569538016	-0.3704790295652701	-1.5255931713371058	-9.72613988549867
3560000.0	-1.028541875846885e-06	-9.881731621710124e-06	-0.3126484438040658	2.5366714259699035	-2.6367984061073293	-9.729525001582758
3570000.0	-1.0335914846547264e-06	-9.838081138649281e-06	-0.3130189834843759	1.3618254087761914	-2.4918919677119793	-9.727682934352162
3580000.0	-7.064863372464785e-07	-8.725903432168706e-06	-0.31384519069201755	-0.4494583859208891	-1.544796032704508	-9.72612555024576
3590000.0	-1.0525145526451127e-06	-9.93839542331827e-06	-0.3140949519694905	2.5090486462167267	-2.6616095340128196	-9.729534000730796
3600000.0	-1.0586216502458654e-06	-9.892476078908712e-06	-0.314445157304916	1.3487929994611856	-2.5164557132600636	-9.72771833722834
3610000.0	-7.333548351019469e-07	-8.778358984846526e-06	-0.3152553526679918	-0.525120033289189	-1.563575741589314	-9.72614596053713
3620000.0	-1.075822524226771e-06	-9.993087947066351e-06	-0.31548518342859494	2.4825779401926176	-2.6857149841550156	-9.729531511816159
3630000.0	-1.0827895246445287e-06	-9.946836410690688e-06	-0.31581563168909993	1.3362472923269304	-2.5403363610365624	-9.727682461452071
3640000.0	-7.526054662370259e-07	-8.826419061278281e-06	-0.3166102175741011	-0.5975711925285399	-1.5818047194304652	-9.726118723779294
3650000.0	-1.101446900281601e-06	-1.0041055403916346e-05	-0.31682071742276907	2.457087168941018	-2.7089453922360276	-9.729491989072429
3660000.0	-1.1061047672070425e-06	-9.994056674256704e-06	-0.31713201077543945	1.3241739436174442	-2.563414512036451	-9.72768168670467
3670000.0	-7.789358007972197e-07	-8.880303796014466e-06	-0.3179114681564247	-0.6670174787919068	-1.599485507468768	-9.726158652457029
3680000.0	-1.1162855589237976e-06	-1.0087361012201719e-05	-0.31810325243323706	2.432583365394797	-2.7314756792725956	-9.729502011908808
3690000.0	-1.1264123990406022e-06	-1.0042276843843597e-05	-0.31839601875765394	1.312439953917963	-2.5857738508644084	-9.727715017326322
3700000.0	-8.022623577879729e-07	-8.924914621363853e-06	-0.3191608272025711	-0.7335212041566835	-1.6166147656030834	-9.72614505927043
3710000.0	-1.1426189449133581e-06	-1.0138977431220116e-05	-0.31933454194765204	2.409096423506565	-2.753238641982381	-9.7295225421456
3720000.0	-1.1463412476835225e-06	-1.0093016809962623e-05	-0.3196094232061088	1.3012091795047813	-2.607346111713988	-9.72771619007366
3730000.0	-8.1641463591163e-07	-8.971416096816605e-06	-0.32036008885303285	-0.797315658071243	-1.6332426930059225	-9.7261273515548
3740000.0	-1.1602451170278098e-06	-1.0182572543330934e-05	-0.32051636957392693	2.3865090796867356	-2.774306942403267	-9.729504095158198
3750000.0	-1.1711489827612998e-06	-1.0137385723137905e-05	-0.32077401578743897	1.2903425425451436	-2.628196800478138	-9.727682521029212
3760000.0	-8.384708893520589e-07	-9.010464493231936e-06	-0.32151103720649876	-0.858388164638706	-1.6493336661774758	-9.72615201761281
3770000.0	-1.178990434914211e-06	-1.022198269122039e-05	-0.3216505347427189	2.364803636459588	-2.794637150224479	-9.729500817418092
3780000.0	-1.1838864647668099e-06	-1.0178871637195931e-05	-0.3218915772440099	1.2798760379790721	-2.6483254915339742	-9.727735313598288
3790000.0	-8.575967183934419e-07	-9.056487416403336e-06	-0.322615470055608	-0.9169398288515198	-1.664921810419014	-9.726132442464552
3800000.0	-1.19663795337158e-06	-1.026275787521557e-05	-0.3227388058668416	2.343963561723752	-2.814245729806807	-9.729497433766987
3810000.0	-1.202758310294779e-06	-1.0218486337937295e-05	-0.32296388480524235	1.2697715806990904	-2.6677518980132113	-9.727693782032699
3820000.0	-8.745823780374753e-07	-9.09303148020303e-06	-0.3236751492045577	-0.9730838464500132	-1.6799546494983542	-9.726138056990976
3830000.0	-1.2152356657615137e-06	-1.0303000213289638e-05	-0.32378295359246656	2.323949922111463	-2.833169086428418	-9.729527605787695
3840000.0	-1.2188072035054185e-06	-1.0256379793469828e-05	-0.3239926790044554	1.2600303165332374	-2.6865275987742496	-9.727679164312176
3850000.0	-8.929096560263516e-07	-9.129851179202652e-06	-0.3246918066278193	-1.026937865278517	-1.6945517790451683	-9.726173129800683
3860000.0	-1.2294110378164482e-06	-1.0336225281778825e-05	-0.32478468378640185	2.3047011979067396	-2.851411304732776	-9.729510007424162
3870000.0	-1.2352544546648495e-06	-1.0291934152978599e-05	-0.3249796606046815	1.2506676627552302	-2.7046124703954315	-9.727693554882537
3880000.0	-9.047774765148062e-07	-9.167381095013191e-06	-0.3256671329789574	-1.0785801022672592	-1.7086301475150272	-9.726134866868676
3890000.0	-1.2436775240678074e-06	-1.0372700550586339e-05	-0.3257456767201462	2.286227504671003	-2.869047715676027	-9.729519518619902
3900000.0	-1.246792597888205e-06	-1.0329809397397464e-05	-0.32592648747249214	1.2416196718067365	-2.722110323413759	-9.72772011698075
3910000.0	-9.246477337617427e-07	-9.202079658876383e-06	-0.32660277185159775	-1.1280135233665143	-1.7221770897605204	-9.726179390961482
3920000.0	-1.2616032468776795e-06	-1.0406152406867522e-05	-0.3266675533958924	2.2684644098945865	-2.886107131635033	-9.729477951847839
3930000.0	-1.2661809957966174e-06	-1.0364181408720759e-05	-0.3268347680277657	1.2329270025683192	-2.7389123900566057	-9.72766525417328
3940000.0	-9.378791411235024e-07	-9.23677248479513e-06	-0.3275003191661556	-1.1754789290945533	-1.7352898509291157	-9.726138908180529
3950000.0	-1.2728230814723758e-06	-1.0437238359589845e-05	-0.3275518930387464	2.2514418039603004	-2.9024345531927627	-9.729480411388446
3960000.0	-1.2773716029604557e-06	-1.0394253525291527e-05	-0.32770606053528656	1.2245781509899893	-2.7551302923989422	-9.72765491923475
3970000.0	-9.571100583425261e-07	-9.268183377474357e-06	-0.32836131288258946	-1.2209753049835284	-1.7479852844457064	-9.726134994794394
3980000.0	-1.286998723989358e-06	-1.0470757833050414e-05	-0.3284002109119765	2.2350545474450776	-2.918189522813456	-9.729526521000343
3990000.0	-1.2910570309630159e-06	-1.042208112014684e-05	-0.3285418620998402	1.2164934342553013	-2.770719015349685	-9.727697955527239
4000000.0	-9.649554446238248e-07	-9.302729403572425e-06	-0.3291872445079973	-1.2646095525431813	-1.760143408701197	-9.726129585804049
4010000.0	-1.301217008879608e-06	-1.0500185491516982e-05	-0.329213979718546	2.2192937370621166	-2.933408261324271	-9.729546761013555
4020000.0	-1.302290045892226e-06	-1.0454799201832934e-05	-0.3293436258574015	1.2086877226332933	-2.7857727723188943	-9.727659936204894
4030000.0	-9.743731997970296e-07	-9.322680127819474e-06	-0.32997954209925023	-1.306482286123695	-1.7719565624144376	-9.726109864144464
4040000.0	-1.3120901994653752e-06	-1.0530617073277834e-05	-0.32999461468320374	2.20420813816463	-2.9481137297728806	-9.729480653748949
4050000.0	-1.3150316380307394e-06	-1.0484606043646958e-05	-0.3301127391754394	1.2012737903742254	-2.8003173025520045	-9.72771345293684
4060000.0	-9.911134542114743e-07	-9.351254858536533e-06	-0.3307395806183127	-1.3466356737404062	-1.783317645051267	-9.726083027938266
4070000.0	-1.3231375856323077e-06	-1.0551787110318307e-05	-0.33074347277873367	2.189699900706972	-2.9621771017762573	-9.729492300442583
4080000.0	-1.3260089414761958e-06	-1.0505637345087565e-05	-0.33085054696966876	1.194020090083851	-2.8142635563402223	-9.727707345194059
4090000.0	-1.0005216651330836e-06	-9.37931778484046e-06	-0.33146869313435656	-1.385125456472748	-1.7942801414798069	-9.72610153326114
4100000.0	-1.3361916147623647e-06	-1.057848087546275e-05	-0.33146185596855493	2.1757451055170596	-2.975748040459598	-9.729514830237274
4110000.0	-1.3360337034002192e-06	-1.0529903135510286e-05	-0.33155833620633246	1.1871135770484231	-2.8277119232715062	-9.727687008203755
4120000.0	-1.0073118638428713e-06	-9.40154795542748e-06	-0.3321681423080884	-1.4220708690225556	-1.8048689571662655	-9.726091102056847
4130000.0	-1.3419663924151976e-06	-1.060464543611969e-05	-0.3321510212960873	2.1624038133979067	-2.9888555428504278	-9.72949955503346
4140000.0	-1.3454779831893908e-06	-1.0554937502790232e-05	-0.33223733856124654	1.1804935507939787	-2.8406627311424977	-9.727674816581377
4150000.0	-1.0180226751106786e-06	-9.424961619901554e-06	-0.3328391502804263	-1.4575013500771001	-1.8150596970003592	-9.72614491687782
4160000.0	-1.3507411663617244e-06	-1.0625760705517242e-05	-0.3328121636837101	2.1495186376782582	-3.001439349015042	-9.72952784808779
4170000.0	-1.3570948921088871e-06	-1.0576966416361706e-05	-0.33288874034424254	1.174049954521698	-2.853115862033933	-9.727726802260667
4180000.0	-1.0297751597253351e-06	-9.446997054048527e-06	-0.3334829059506966	-1.491453965976749	-1.8248289936196598	-9.726101373492066
4190000.0	-1.3634907180776415e-06	-1.0648089632452873e-05	-0.3334464560875343	2.1371544173822588	-3.01359770628803	-9.729475671442795
4200000.0	-1.367564211701397e-06	-1.060269918684794e-05	-0.33351368771130224	1.167890314965107	-2.8651004967175346	-9.72770097266877
4210000.0	-1.038937805969382e-06	-9.468599837622205e-06	-0.33410051558960685	-1.5240970164904215	-1.8342626390056118	-9.7261100408986
4220000.0	-1.3708668375309738e-06	-1.0669835160269806e-05	-0.33405499247180026	2.1252678674800274	-3.025253751810642	-9.72946973784856
4230000.0	-1.3766722018989367e-06	-1.0622725202444284e-05	-0.33411326451689016	1.1619416507934905	-2.8766529927804134	-9.727693116398235
4240000.0	-1.0453537027112963e-06	-9.489247585096505e-06	-0.33469305350625633	-1.5553864261196761	-1.8434505500731788	-9.726132047887141
4250000.0	-1.3776917846416294e-06	-1.068883915463148e-05	-0.33463883438560726	2.113879365713471	-3.0365361077739275	-9.729505611740375
4260000.0	-1.3795663416033239e-06	-1.0641919837014268e-05	-0.3346885184552165	1.1562015380800184	-2.887818956876855	-9.727709403766347
4270000.0	-1.054986000020864e-06	-9.508000760132874e-06	-0.3352615654022552	-1.585466006841571	-1.8522001210817485	-9.726143743044519
4280000.0	-1.3861371775412649e-06	-1.0707562337584053e-05	-0.33519900539065345	2.1029366273838193	-3.0473289924427895	-9.729482159550912
4290000.0	-1.3898206719511332e-06	-1.0660738490316169e-05	-0.3352404432425765	1.1507063203979924	-2.898517739391718	-9.727706514679012
4300000.0	-1.063709729565015e-06	-9.52996218513465e-06	-0.3358070332267323	-1.6142300884140954	-1.8606305657789555	-9.726116516707691
4310000.0	-1.3968667379734283e-06	-1.0726982896123341e-05	-0.33573647060503287	2.0923832052537907	-3.0577341039835786	-9.729478011533141
4320000.0	-1.396666756436092e-06	-1.0679744965458591e-05	-0.3357700137612912	1.1454181731381878	-2.9087843782262564	-9.727668920299424
4330000.0	-1.0723234215405678e-06	-9.547988466071488e-06	-0.3363304058630841	-1.6418451840390116	-1.868775790563739	-9.726072039011802
4340000.0	-1.4010431798532856e-06	-1.0742503923602916e-05	-0.3362521760031194	2.082309401379021	-3.067764095959974	-9.72947875660579
4350000.0	-1.4009268181775395e-06	-1.0695936590310467e-05	-0.33627813620914926	1.140303351702567	-2.9187051811971285	-9.727690148074071
4360000.0	-1.0770439796395442e-06	-9.562340950074501e-06	-0.33683259660078246	-1.6683609243669195	-1.8766038270791319	-9.726125122669796
4370000.0	-1.4046840804344853e-06	-1.0761037931630068e-05	-0.3367470113225952	2.072662277660231	-3.0773441984491146	-9.729498866247726
4380000.0	-1.4093851527922171e-06	-1.0713922903422495e-05	-0.33676570406348055	1.1354240261696218	-2.9282339393296204	-9.727705563743086
4390000.0	-1.0867221629852114e-06	-9.578574375283659e-06	-0.3373144710270041	-1.6938042087324001	-1.8841591900029786	-9.726115593412041
4400000.0	-1.4113837472414207e-06	-1.0773737240264974e-05	-0.33722182959152297	2.0633455018213382	-3.0866600220289357	-9.729524461309746
4410000.0	-1.411905503851165e-06	-1.0727662983725483e-05	-0.3372335510813768	1.1307363649213702	-2.937404135039398	-9.727671910615683
4420000.0	-1.090853913574047e-06	-9.596523315323283e-06	-0.3377768686102	-1.7182321409811705	-1.8914697354381012	-9.72611894203027
4430000.0	-1.4209599566792883e-06	-1.0790839711324625e-05	-0.3376774555785433	2.0543466127427457	-3.095500064803575	-9.729487071298138
4440000.0	-1.4161134463930901e-06	-1.0744755303885798e-05	-0.3376824930477052	1.126175336304605	-2.946252315241225	-9.72771020022125
4450000.0	-1.096213060275475e-06	-9.607831624131915e-06	-0.3382205798643255	-1.741653154350344	-1.8984020103613755	-9.726127555673953
4460000.0	-1.4255203349624418e-06	-1.0804656385247713e-05	-0.33811468012110185	2.0457770999299654	-3.1041120813209817	-9.729495577329157
4470000.0	-1.4252691159952229e-06	-1.0754333050413382e-05	-0.33811330432736814	1.1218877200145314	-2.9546862564256635	-9.727726580919159
4480000.0	-1.1020203235296035e-06	-9.6187313091734e-06	-0.33864638069204067	-1.7641557960195244	-1.9051371334534593	-9.726105374960145
4490000.0	-1.4281034404814865e-06	-1.0817854127433995e-05	-0.33853425310171736	2.037544823841124	-3.112378965902282	-9.72948193815717
4500000.0	-1.4270648939930893e-06	-1.0766242384562465e-05	-0.33852672499489395	1.1176374741505093	-2.9628621583324235	-9.727690416310601
4510000.0	-1.1068465323815032e-06	-9.637786291590287e-06	-0.33905499227623426	-1.7857132005554799	-1.911650400271153	-9.726096314000447
4520000.0	-1.43246646398119e-06	-1.0831322904886444e-05	-0.33893689964759677	2.0296053350380348	-3.120319366517641	-9.729462490112041
4530000.0	-1.4307651416449618e-06	-1.0780797906502524e-05	-0.3389234757869643	1.113636311828838	-2.9706721013506217	-9.72769741568471
4540000.0	-1.1076581425570074e-06	-9.646808979159962e-06	-0.33944713211734123	-1.8064997518892927	-1.917813256768115	-9.726091614185343
4550000.0	-1.4351609785305403e-06	-1.0839963781944791e-05	-0.3393233098800609	2.022044707599235	-3.127942426617122	-9.729497031748528
4560000.0	-1.4346652812730156e-06	-1.079386774998913e-05	-0.3393042313120703	1.1098028497793018	-2.9782331605306327	-9.727693603266045
4570000.0	-1.1134392451740053e-06	-9.65858565245521e-06	-0.3398234694092657	-1.8262988875727924	-1.9238203479679232	-9.726086188513381
4580000.0	-1.4426548842675131e-06	-1.0853898874936327e-05	-0.33969415028498834	2.0147347396555473	-3.135173124485931	-9.72950024701368
4590000.0	-1.4367827726448014e-06	-1.080401719338951e-05	-0.3396696377966422	1.106051576454884	-2.985510759880009	-9.727700634075266
4600000.0	-1.1213968364047519e-06	-9.669949883655907e-06	-0.34018464195185144	-1.845430263690004	-1.929604006955662	-9.726133080740356
4610000.0	-1.4440426396123236e-06	-1.0861186712118571e-05	-0.3400500507412562	2.0076828623161953	-3.1423189021484097	-9.729503406371023
