10000.0	-0.03776746283497179	-3.707045763204353e-07	-0.04087795259329674	-4.780082057433133e-07	-0.06424156290755523	16.979729133310617	-0.05925616304750303	15.663535705013011	-1.5772942936367462	0.0004788040538026424
20000.0	-0.07852218733781502	1.0123454575969868e-06	-0.08498969272055135	1.0856812000054278e-06	-0.1605432698637923	0.9095670442441951	-0.14805179546898461	0.8324485405900287	-3.417087479660588	0.003036908696002414
30000.0	-0.10738187092187612	-1.1185623329836025e-07	-0.11622698520659736	-2.863080401475926e-07	-0.2886517425171231	21.91108237762575	-0.2661795583821007	20.207635951638693	-5.126233026745254	0.0008740535532269749
40000.0	-0.1273370035831496	5.936084306202433e-07	-0.13782641657261507	4.908565439682572e-07	-0.37464454674765335	25.210801564119347	-0.3455052560858549	23.246363704228	-6.001484369920916	-0.003943498632943385
50000.0	-0.1410429549423089	2.5096105162999353e-06	-0.15266195618660738	2.722836564439336e-06	-0.4835383164895397	-5.505381782370648	-0.4459872069248112	-5.048903880900901	-6.6244180618267166	-0.0045021780069565785
60000.0	-0.1502135964842326	0.16985152356672	-0.16258844573401277	0.16381594685604578	-0.4841835146151219	0.22934560025365014	-0.44607519015843344	0.22211781308047643	-7.170986817853275	0.00010713178206431374
70000.0	-0.1560402885698533	0.28401697743598225	-0.1688955953600475	0.27871636882696665	-0.5032891944627762	3.611551603783458	-0.4616975443694189	3.1160295820952966	-7.427959350819442	0.0002595590351036609
80000.0	-0.1595665527411274	0.39854000565334236	-0.17271293194416426	0.39512662472772403	-0.5211268701523037	1.4102859368461478	-0.4760134876032236	0.9111300773852605	-7.591851567320139	0.0001280782058381136
90000.0	-0.16146346492432517	0.5078047170925131	-0.17476687290339754	0.5070442978377967	-0.5390201246440665	0.5900907028980135	-0.4908551992579664	0.5809402893286217	-7.7080804947005435	-0.00026121699008436913
100000.0	-0.1621994716938815	0.6208212770971901	-0.17556448663628732	0.6235559625220536	-0.5611982050390694	3.9193136849124146	-0.5094654504533462	3.411325826116821	-7.741947421386317	-0.0003071373964170969
110000.0	-0.16217257704457655	0.7336055742563612	-0.17553657208238427	0.7406130098734219	-0.5820650283819857	1.715943731203589	-0.5267476554829695	1.2052881374612552	-7.7447889598780195	-0.0004963732895817924
120000.0	-0.16163825244579133	0.8409711689530089	-0.17495961467123244	0.8526731625196972	-0.6029984146842624	0.936629370100603	-0.5446086310688525	0.9458229302226937	-7.71650610365777	-0.0009875975631363448
130000.0	-0.1607752226828536	0.9516184525976139	-0.17402701088783168	0.968503908107758	-0.628050015945945	4.1561728336267	-0.5661196960966404	3.650019641000611	-7.680023872813094	-0.0008687356761637875
140000.0	-0.15972601355826388	1.0618210861772253	-0.1728930293435944	1.0845117967539906	-0.6517429974604845	1.9646768295367796	-0.5862713028325324	1.4668161294725741	-7.6358338941440715	-0.0010235162644195227
150000.0	-0.15858168658452332	1.1663656657559542	-0.17165618948683203	1.195064602837043	-0.6758612754129896	1.3096936987326435	-0.6071113499169716	1.2835280453191447	-7.570703308935822	-0.0019451429619083854
160000.0	-0.1574061367406392	1.274389176749536	-0.17038559808520226	1.30948931175474	-0.7040086259679708	4.466718052861819	-0.6314763202516627	3.9344132497314823	-7.520220344016295	-0.0013888382213509706
170000.0	-0.15624346136166434	1.382280962645283	-0.1691289828248035	1.4240744567413188	-0.7307049868516255	2.2191002380688754	-0.6545349620945817	1.7557374468197495	-7.470108102784302	-0.0015103843467575246
180000.0	-0.15512150697087446	1.4843688532821477	-0.16791644243566317	1.532958973614875	-0.7576382821848888	1.6233220742596046	-0.6784471702285932	1.620517717319916	-7.405644990144875	-0.0030526719300777417
190000.0	-0.15405998609260418	1.5899755553221018	-0.16676926699256533	1.645587406529732	-0.788507466165818	4.718144079313324	-0.7058827218289627	4.184288269696829	-7.3598942715507265	-0.0019270574007231194
200000.0	-0.1530668543335585	1.695467474344451	-0.1656960734858952	1.758166048735504	-0.8179448575568369	2.504655580740105	-0.7321593249834786	2.113712633834491	-7.316793071675823	-0.002028244664993909
210000.0	-0.15214679907011597	1.7953725519771253	-0.164701909813175	1.8652027958869173	-0.84762738677209	1.9362017059998768	-0.759231239730882	1.956472986609031	-7.263756651149445	-0.0042289222511457955
220000.0	-0.1513033882379462	1.8986159613443148	-0.16379059971417576	1.975711616936115	-0.8810741871322882	4.961885722965807	-0.7896759194093486	4.430947141658622	-7.227354095142028	-0.0025090496332041733
230000.0	-0.15053262563286207	2.0019268732740767	-0.1629578390778068	2.0861935354751866	-0.9131626063800953	2.7516110300286494	-0.8190853695759683	2.4574438932709817	-7.193802689958554	-0.002595522240172627
240000.0	-0.1498316416863661	2.0997148813048976	-0.16220051184997963	2.1912276504909407	-0.9455362898653155	2.2368281994333756	-0.8492570442604617	2.2854550008502144	-7.153337119820724	-0.005427969628189157
250000.0	-0.14919874140418	2.2009633894992806	-0.16151675379904162	2.2998066506622146	-0.9816148961133759	5.176629446731336	-0.8827017047499206	4.653478667125995	-7.1260005755495355	-0.003137579341283836
260000.0	-0.14862714081849848	2.3022256613004646	-0.1608992487574703	2.408162153382682	-1.0162792031090042	2.9658926354537383	-0.9151794431648659	2.789009437461573	-7.101079291443323	-0.0032099581193933487
270000.0	-0.14811221580064338	2.3978555056623754	-0.16034299493560233	2.5110479897777576	-1.0512578166086843	2.529746263161402	-0.9483732529446156	2.608315682297071	-7.0713357061284325	-0.006626786984308645
280000.0	-0.1476510966846627	2.497176826566401	-0.1598448607336902	2.617661966749171	-1.0899490377378083	5.449947433313878	-0.9847971989213686	4.930941650743476	-7.05140960187082	-0.003801607233268375
290000.0	-0.14723733754129587	2.5965032799906167	-0.15939789727585918	2.7239522713534834	-1.1271278997559682	3.1981797473008395	-1.020250736276437	3.115675210466533	-7.033352491053873	-0.0038612732551815488
300000.0	-0.14686656307913726	2.690303526393355	-0.1589973802383593	2.8249458016792794	-1.1646963188219477	2.811878487579089	-1.0564293181736097	2.924588610362962	-7.011930900553608	-0.007813793643026385
310000.0	-0.146536121927892	2.7877640500802747	-0.15864041539838603	2.929624456813506	-1.2059241136381083	5.688718693583674	-1.0957441737976081	5.169812576296964	-6.997646225261616	-0.004488538682996188
320000.0	-0.14624075804505576	2.8852163515710196	-0.15832134078824467	3.0339024818061215	-1.245661797936502	3.4700697351314886	-1.1341772917875979	3.441741346245402	-6.984746749206738	-0.004536837238488206
330000.0	-0.14597689081062892	2.977358253019717	-0.15803629629192706	3.1331343572404466	-1.2857905523568673	3.0984497623271716	-1.1732886853363427	3.237184170779534	-6.969502314326096	-0.008983307413850197
340000.0	-0.1457424531734164	3.0729229929266806	-0.15778301983970344	3.2358191109704504	-1.32942457616375	5.920073833127925	-1.2153980831337927	5.405308922169638	-6.959363557183363	-0.00518723447980911
350000.0	-0.14553341410223464	3.1686427454154953	-0.15755717396401536	3.3382067558599413	-1.3716605048656962	3.7054022097003423	-1.2567332725077565	3.753850188324012	-6.950227449301389	-0.005221590400207135
360000.0	-0.14534699682927954	3.2591014663010283	-0.1573557714843421	3.435665113548491	-1.4143512001196674	3.375634297781383	-1.2987245549386692	3.5428032223098436	-6.939460963589777	-0.010134306327452268
370000.0	-0.14518169967511785	3.3530289109561666	-0.15717716337652554	3.536625494543349	-1.4605897825105822	6.124422835460684	-1.3436296766746292	5.617111546990076	-6.932308356389249	-0.005890966482759193
380000.0	-0.1450345576169605	3.446923275272489	-0.15701816094333942	3.6370830597113266	-1.5055022534049272	3.985630807858104	-1.3878104598154	4.054440432800542	-6.9258723214304645	-0.00591682792362695
390000.0	-0.14490348888579785	3.535750782054267	-0.15687652882764525	3.7328000548450175	-1.5509079368551282	3.655990388991215	-1.4326307589620129	3.84193245414658	-6.918306906080683	-0.011268086898484337
400000.0	-0.14478748545449616	3.6280457376044155	-0.15675115089247882	3.8320197020098594	-1.5998463768986122	6.394845518266427	-1.4803196401729615	5.883863200145539	-6.913283249730416	-0.0065956444606497105
410000.0	-0.14468437446109572	3.7202133554138372	-0.15663969403133748	3.9306470385732477	-1.6474204842416533	4.272090983573502	-1.5272636694264161	4.35250198760888	-6.9087683370233375	-0.00661313084244183
420000.0	-0.14459260333896662	3.807418748156459	-0.15654049540509973	4.024626230330516	-1.695481702401291	3.9324321303215384	-1.5748449999859107	4.136461360130117	-6.903476288707721	-0.012384212819532536
430000.0	-0.14451153932033645	3.898174256655735	-0.156452844031147	4.122202385676557	-1.7470378082955804	6.625374076058196	-1.6252347576649093	6.1134895612020275	-6.899961597594255	-0.007298348861535787
440000.0	-0.14443959372260817	3.9887039427475273	-0.1563750377378419	4.219076182226978	-1.7972953761969261	4.562403177135962	-1.674953659239364	4.652673653966533	-6.896806260508862	-0.007306131750042837
450000.0	-0.1443756109355645	4.074356756148795	-0.1563058424698749	4.311396506632354	-1.8479419940768693	4.204087301552421	-1.72522391371459	4.425706553491473	-6.893122319319698	-0.013482702395014473
460000.0	-0.1443192148732022	4.163519754735455	-0.15624482586006927	4.407280515854406	-1.9020526386471275	6.851927601785424	-1.7782496744403318	6.339231282672495	-6.8906728713799605	-0.007996521982863656
470000.0	-0.14426914005786617	4.25239016126126	-0.15619075897075518	4.502391274842925	-1.9549014434567447	4.837898900680554	-1.8306513895859169	4.938621762364392	-6.888476688973051	-0.007995164260443326
480000.0	-0.14422395805317212	4.336560908958703	-0.15614238866399788	4.593114838510021	-2.0081177833325725	4.471026042010495	-1.8835883194319685	4.709731865440607	-6.885898498491122	-0.014563886408342221
490000.0	-0.14418354902660102	4.424200612043378	-0.15609903059444008	4.687375904377151	-2.064743314897548	7.076245615312482	-1.93920657448842	6.562535844129416	-6.884148100468301	-0.008688364445629728
500000.0	-0.14414741687118404	4.51160094912763	-0.15606018898287033	4.7809095991712605	-2.1201659036329943	5.108604892737747	-1.9942670699678757	5.219191495788735	-6.882566035923663	-0.008677202547428311
510000.0	-0.14411503269781978	4.594520251157298	-0.1560253317223541	4.870252610555703	-2.175964042607337	4.736229592659685	-2.0498738353442647	4.991163015189368	-6.880717854332486	-0.01562683419186511
520000.0	-0.14408634970287348	4.680829310091681	-0.1559944078039024	4.963086722989588	-2.235067826053271	7.274682275897807	-2.108043976887931	6.761855707394616	-6.879468069230004	-0.009371386255729999
530000.0	-0.14406092305668228	4.766612859396775	-0.15596695510977554	5.054913971380125	-2.292996361564162	5.37407731725065	-2.1656943185363478	5.494090696183498	-6.8783475699383985	-0.009351199156222326
540000.0	-0.1440382794891546	4.84827903611924	-0.1559424863315506	5.1428903878781265	-2.351312774411264	4.99491427009751	-2.223905688627543	5.2659254915541585	-6.877059056439667	-0.016673275388612914
550000.0	-0.14401836757714026	4.933172891446332	-0.15592093811570784	5.234217980772578	-2.412859701254341	7.494969312156959	-2.284589287525737	6.980741617293141	-6.876185483074509	-0.010046656499268114
560000.0	-0.1440008691751702	5.01766768082189	-0.15590197347448687	5.324651225157888	-2.473286207511295	5.628810594745087	-2.3448148042246775	5.758452429590269	-6.875408272271633	-0.010016813528339141
570000.0	-0.14398535851071603	5.097964262881392	-0.15588515195468844	5.41115482630991	-2.53406055666453	5.249404404674844	-2.405568983791275	5.536042828779159	-6.874531452419397	-0.017703303892176118
580000.0	-0.14397183378969292	5.181632313342531	-0.15587045923886755	5.50115767388329	-2.5980828424347457	7.752325336600479	-2.46878881229836	7.23325633333922	-6.873932361689647	-0.010712452888441868
590000.0	-0.14396006300027953	5.264819668093874	-0.15585764781184963	5.590192509053545	-2.6609329561815223	5.884874815590175	-2.5315147686790667	6.0230811491911105	-6.873403827281752	-0.010673858906486046
600000.0	-0.14394968265839214	5.343985214802166	-0.15584634191098345	5.675457311944781	-2.724153798018863	5.498500789946086	-2.594794639135827	5.800515815321089	-6.872823863252935	-0.018717122094363336
610000.0	-0.14394072005437497	5.426441266009141	-0.15583655784064554	5.7641605177909	-2.790583224427678	7.971324692043969	-2.6604821420237066	7.450137006981101	-6.872421091552134	-0.011369935791521096
620000.0	-0.14393303359334464	5.508494207988154	-0.15582814268426226	5.851952993255521	-2.855917093196215	6.149013622138938	-2.725756856573028	6.293989022974587	-6.872069669733238	-0.011320847199614265
630000.0	-0.1439263107206452	5.586726874325177	-0.1558207744611284	5.9361739888514515	-2.9215834639732297	5.749074784282609	-2.791554817920357	6.065398650516398	-6.87170192779216	-0.01971413565760908
640000.0	-0.14392056895070215	5.668046861542107	-0.1558144615582986	6.023664977127712	-2.990364789368236	8.162455514269823	-2.8596541417957813	7.641447915389576	-6.871437786766467	-0.01201787698453011
650000.0	-0.1439157489935896	5.748878377572804	-0.15580913707204047	6.110155080415093	-3.058095210909695	6.391445062966534	-2.9273923391929575	6.544771420286553	-6.871210856039298	-0.011959981741687829
660000.0	-0.14391157684707512	5.8260139202656855	-0.15580452005611356	6.1931852386984	-3.1261491644378623	5.991299243740252	-2.9956499845702282	6.32213824778713	-6.8709915215056006	-0.020697443521309117
670000.0	-0.14390809916244773	5.906338241443568	-0.15580064965184093	6.279592272014044	-3.1973484640082415	8.417327739737585	-3.0662155941204006	7.890611691588964	-6.870824729384411	-0.012656559193189523
680000.0	-0.1439052970665715	5.9862163205048695	-0.15579750230076428	6.365033801370674	-3.2674908149100244	6.648877020320907	-3.136425002530803	6.808180099301048	-6.8706852175951285	-0.012589067284656929
690000.0	-0.143902903649745	6.062382590702759	-0.15579480608409213	6.447000098590841	-3.3379097899522625	6.235637697359767	-3.207116055139454	6.5799477927827565	-6.870569995648217	-0.021665490110899938
700000.0	-0.14390097793251488	6.141662623092002	-0.15579261376004538	6.532296607101049	-3.4114112847841875	8.605381814437445	-3.280037525067529	8.078555985454344	-6.870469954130471	-0.013287501965238667
710000.0	-0.14389955234316165	6.2204132192280746	-0.15579095528327613	6.616538104133715	-3.4838956710798916	6.88433091362234	-3.352649528350245	7.051250334752292	-6.870390072804007	-0.013211529499967197
720000.0	-0.1438983819079498	6.2955450407788724	-0.15578958211264293	6.697385083601916	-3.5566530706928683	6.473830036131822	-3.425744255791761	6.831615381493073	-6.870346575172089	-0.022621173881099552
730000.0	-0.14389752142692824	6.373796482595643	-0.15578854368985873	6.781585351869755	-3.6324543149334882	8.814398584691457	-3.5010145123587337	8.285411801719933	-6.870292329705975	-0.013911147813191686
740000.0	-0.14389702510373237	6.451386545006151	-0.1557878933722172	6.864595463256735	-3.7072353457982876	7.1231369332960375	-3.5759826246504574	7.296648930184311	-6.870252580643964	-0.01382689611507176
750000.0	-0.14389669192558685	6.525602630525881	-0.1557874276318385	6.944436138199615	-3.7823000898205876	6.706601093794025	-3.6514477611034764	7.077759043961557	-6.870258440853977	-0.023564391999452948
760000.0	-0.14389655326304052	6.602755927826404	-0.15578717310853474	7.027467911752801	-3.8603944232734495	9.063215353368857	-3.729056098221128	8.528373006490364	-6.870234966932983	-0.014526774321628633
770000.0	-0.1438967156054991	6.679433880189175	-0.1557872366396964	7.109479122973837	-3.93748302840698	7.370647646806866	-3.8063847782530633	7.549187007771816	-6.870223299561095	-0.01443339223027151
780000.0	-0.1438969733110671	6.752812868155868	-0.15578741081139125	7.1883902780339755	-4.014835919999824	6.942217540053202	-3.884197571019344	7.325698197510405	-6.8702645060073575	-0.02449380754057273
790000.0	-0.14389734259951048	6.828968756438441	-0.15578770754125681	7.270376316242632	-4.095153101518092	9.274069783305352	-3.964075177670127	8.736182861047228	-6.870262738544335	-0.015135234470344676
800000.0	-0.14389795527889593	6.90468252183463	-0.15578825985105826	7.351350407288611	-4.17451445248543	7.604452648255418	-4.043728076305065	7.788835393387522	-6.870270282992429	-0.015033287138599015
810000.0	-0.14389859341065137	6.977080299283078	-0.15578884855871777	7.4292038644520675	-4.254101073186384	7.1713549631519475	-4.123834576336335	7.567266132282049	-6.870334607147788	-0.025412342315798205
820000.0	-0.14389929180563144	7.05241695568821	-0.15578950446366324	7.510296421278489	-4.336655609762265	9.456083944981053	-4.205990371039872	8.91766363745011	-6.8703468100327445	-0.015736623754086784
830000.0	-0.1439001876112913	7.12702135901846	-0.15579036655850764	7.590106994142574	-4.418231979723608	7.834495024819385	-4.287910502681283	8.024542807261488	-6.870366288469477	-0.01562679895939397
840000.0	-0.14390109174434595	7.1985988427141505	-0.1557912448954566	7.66705585709809	-4.500057489587321	7.39804643077452	-4.370310491071557	7.806024170542537	-6.8704468174674735	-0.026319168476876167
850000.0	-0.14390201354073184	7.27306469131457	-0.1557921449742219	7.747217964336787	-4.584819259145466	9.659228534029733	-4.454712943322295	9.118242749067226	-6.87046847266859	-0.01633134538078034
860000.0	-0.1439031050861006	7.346837349934108	-0.15579322119434025	7.826122858800881	-4.668619699675831	8.054227911085956	-4.538904077504309	8.250417982815675	-6.870496022536459	-0.01621313504356786
870000.0	-0.143904169507989	7.417460342016467	-0.15579427608050977	7.902049276057037	-4.752634704250013	7.621864303440913	-4.623548366673121	8.041618737679702	-6.870586865116334	-0.027214954856633878
880000.0	-0.14390523381947773	7.491117412688743	-0.15579533292140635	7.981334001226657	-4.839625153959423	9.906213648883233	-4.71021377595549	9.358476292993483	-6.870614270750003	-0.01691815379318077
890000.0	-0.1439064744597367	7.564122386161961	-0.15579657082015252	8.05938814512352	-4.925641183255637	8.291357878806155	-4.79668268271299	8.491722041647368	-6.870647653034267	-0.01679103763750856
900000.0	-0.1439077273485143	7.634168468540311	-0.15579782528323083	8.134622639841988	-5.0118782970151985	7.845169626181958	-4.883664535358284	8.277533287056709	-6.870749794082759	-0.02809657034194393
910000.0	-0.14390900828920206	7.706965861210711	-0.1557991084383561	8.212925155240924	-5.101018123592941	10.084702763366426	-4.9726875618289865	9.585668671955306	-6.870785432148042	-0.01748952855651935
920000.0	-0.14391049727451488	7.779082430372369	-0.15580060320803746	8.289992391356543	-5.189214280443501	8.515150057479827	-5.061583789103684	8.735222174482827	-6.870828766704186	-0.01735537853097882
930000.0	-0.14391199409136401	7.848403803800421	-0.1558021090859416	8.364403981002216	-5.277628225232768	8.064831696694464	-5.150990707952374	8.513182545119244	-6.8709458153397325	-0.028961267832682297
940000.0	-0.14391348638267587	7.920266862472348	-0.15580361005325383	8.441667137519815	-5.3688921384833455	10.286169481973962	-5.242431763684145	9.831880091351879	-6.870989668054839	-0.01804861282338633
950000.0	-0.14391514290355012	7.99165656737831	-0.15580527800269284	8.51792084987206	-5.459253120331319	8.727304092078585	-5.33374110802125	8.973504590425025	-6.871039511999402	-0.01790839277587328
960000.0	-0.14391677387628476	8.060252643600814	-0.15580692295608056	8.591533610143928	-5.549821160016126	8.279172763150152	-5.425544353004703	8.745428050440392	-6.871165749881976	-0.02981182581315452
970000.0	-0.14391837311935252	8.13146116447296	-0.1558085350677576	8.668054359622955	-5.643290415589824	10.528289361401841	-5.519408392451085	10.08867077219933	-6.871213730379575	-0.018598890724175355
980000.0	-0.1439201008520099	8.202158898108452	-0.1558102778554442	8.743542162202392	-5.735811254598372	8.958248959484502	-5.613110062049412	9.216175801969609	-6.871266355541661	-0.018451622283386742
990000.0	-0.14392176946872492	8.27013191326732	-0.15581196357940907	8.816457375234581	-5.828523416448749	8.49864203599699	-5.707288272705991	8.977884653278378	-6.871395830128473	-0.030648908202729606
1000000.0	-0.14392338366256752	8.340397660218633	-0.15581359325214628	8.891959882989045	-5.9240530803196	10.727948658775347	-5.8035082948992125	10.329468813134259	-6.87144387226455	-0.01913982898558512
1010000.0	-0.143925092316052	8.410376799323338	-0.15581531918771852	8.966669508856313	-6.018705966392697	9.175499626164616	-5.899573166732697	9.4520389344283	-6.871495436266427	-0.018987465683470962
1020000.0	-0.14392672979908738	8.477696912654986	-0.15581697566963904	9.038868240723364	-6.113540183940975	8.711898393525418	-5.996099994306395	9.206454932595516	-6.871624447870553	-0.03147529357637452
1030000.0	-0.14392830177209248	8.547290098532432	-0.15581856464810606	9.113609145629649	-6.211176361529972	10.901828899266611	-6.094673219701876	10.55988080208233	-6.871669875005159	-0.019672102709546266
1040000.0	-0.14392995823524757	8.616545886342113	-0.1558202396659718	9.187543396046065	-6.307933533495257	9.3811823570667	-6.193074296144495	9.682765300160963	-6.871718879335345	-0.019515972759806592
1050000.0	-0.14393152382287155	8.682972584670539	-0.15582182529878974	9.258806638382984	-6.404815722796646	8.922115060936944	-6.2919049994956415	9.432560486490091	-6.871845528614085	-0.032291775477302505
1060000.0	-0.14393303393448065	8.751872542198909	-0.15582335320596918	9.332775269663783	-6.504539767800861	11.096735352689262	-6.3928044046093735	10.794859499032288	-6.8718877402190435	-0.020199251940027012
1070000.0	-0.14393461746936076	8.82034902800614	-0.15582495591769963	9.405880357106827	-6.603363612805408	9.592798385182782	-6.493509489231244	9.913477063372563	-6.8719333525149855	-0.02003861334400197
1080000.0	-0.1439361175956071	8.88618568684011	-0.15582647656755633	9.476492184625515	-6.7023344500227875	9.131210764397325	-6.594640359225477	9.656563091651057	-6.872057471190521	-0.033097617971589575
1090000.0	-0.1439375587780365	8.95433125738238	-0.15582793583611032	9.549647724325993	-6.804136847297405	11.332631731262666	-6.697845536204948	11.041753404266686	-6.872096405655852	-0.02072144902748823
1100000.0	-0.14393908713186132	9.022135526944782	-0.15582948355157988	9.62201594154923	-6.904998065012785	9.801659227852387	-6.800827204666232	10.141799529184189	-6.872139072872091	-0.020554598932769855
1110000.0	-0.1439405269788363	9.087415086703102	-0.1558309440128678	9.692012240344683	-7.006034870764021	9.334867538615526	-6.904235087297743	9.877398420704736	-6.872260972484817	-0.03389387753604727
1120000.0	-0.14394191079056107	9.154782242480106	-0.15583234586329997	9.764325459487514	-7.109866790706389	11.527433997282705	-7.009710187926812	11.272247545494771	-6.872296908979737	-0.021236054710913662
1130000.0	-0.14394336921245188	9.221978693803607	-0.15583382353109076	9.836037130172976	-7.212816202395877	10.023956975961452	-7.114969815943429	10.373333014220007	-6.872336418577816	-0.0210640410183223
1140000.0	-0.14394475844385823	9.286601938843033	-0.1558352332064974	9.905320686875497	-7.315851602243893	9.539241518999807	-7.220613470779948	10.097039717513296	-6.872456308584403	-0.03468060368946572
1150000.0	-0.14394609155208826	9.353350806580355	-0.1558365840807019	9.976949078006337	-7.421723030933596	11.726096788882703	-7.328346621900916	11.501053275227441	-6.872489554319745	-0.02174464195846311
1160000.0	-0.14394749324852008	9.419845893685487	-0.15583800470955378	10.047911980612934	-7.526690045290954	10.229959119825132	-7.435843353883577	10.59752142371701	-6.872526286361772	-0.021567897600361145
1170000.0	-0.14394882143522736	9.483838771303612	-0.15583935299370477	10.116515708680634	-7.6317358440048535	9.742033923789116	-7.543710892740566	10.31468123898269	-6.872643898783269	-0.03545830887889569
1180000.0	-0.14395009751787224	9.549884284218733	-0.15584064641941353	10.187380012060071	-7.739603195136471	11.91924929935316	-7.653669916490643	11.727008406119985	-6.8726741722407745	-0.02224786034037581
1190000.0	-0.1439514486248621	9.61582702011132	-0.15584201601863157	10.257738394109776	-7.846603009241215	10.435926737857647	-7.7633933222912	10.81981928295398	-6.872708341438643	-0.0220659444046335
1200000.0	-0.14395272635423417	9.679372124592115	-0.15584331338938906	10.325835627452504	-7.953701526913888	9.94871956231689	-7.873486483140565	10.532636497083963	-6.8728242111225635	-0.0362262663792516
1210000.0	-0.1439539702339916	9.744852808171958	-0.15584457409842134	10.396065321272655	-8.063554591078105	12.08763461247171	-7.985653975222743	11.942523805621555	-6.872852377489342	-0.022743598456681096
1220000.0	-0.14395527677541686	9.81008077982972	-0.155845898608856	10.465677636353822	-8.172535433342563	10.638858370753681	-8.097570638056844	11.040017394924995	-6.872884527412945	-0.022558344822927984
1230000.0	-0.14395650229523405	9.873038075930245	-0.15584714324063764	10.53314136066132	-8.281615056692264	10.148212191218605	-8.209848484208589	10.746608838909278	-6.872998573909858	-0.036986521564920875
1240000.0	-0.14395769392181545	9.937863116280866	-0.15584835111980233	10.60266109021186	-8.393437026089485	12.27903458482648	-8.324202524762246	12.164277790508073	-6.8730240008085515	-0.023235885084266404
1250000.0	-0.14395895282575033	10.002623154005736	-0.1558496274203538	10.67174975885733	-8.504419372507655	10.830907795544173	-8.43830777075464	11.255024481305533	-6.8730534548133	-0.023045475977622368
1260000.0	-0.14396014211958974	10.065084077083178	-0.15585083525964993	10.73867143591476	-8.615498788864368	10.346878672383745	-8.552762563824757	10.958963606928801	-6.8731666564190705	-0.03773813163095752
1270000.0	-0.1439613065509855	10.129527701091288	-0.15585201533919246	10.80775482103974	-8.729371319471072	12.511773476129335	-8.669323262400638	12.400015954811991	-6.873190600029963	-0.02372287433234992
1280000.0	-0.1439625373075799	10.193846379938876	-0.1558532628925553	10.876350622110149	-8.842358414761923	11.044926937914523	-8.7856071422013	11.477541467050344	-6.873218452268462	-0.023526157122992514
1290000.0	-0.1439636984874344	10.255875515835502	-0.15585444202506427	10.942792804232566	-8.955391555633133	10.539818405343151	-8.902213630021578	11.168538208795425	-6.873330871249032	-0.03848185252927494
1300000.0	-0.14396481375142756	10.319677127620622	-0.15585557230641012	11.011191696906948	-9.071215610066309	12.701380046456785	-9.020929524339437	12.6185810135857	-6.873352255433214	-0.024204158174546797
1310000.0	-0.14396597952193524	10.38341047080676	-0.15585675425267986	11.079168100805038	-9.186154161059818	11.243367442939503	-9.139358960011137	11.692587360810942	-6.873377032960744	-0.02400323650073877
1320000.0	-0.14396707404306586	10.44507176086053	-0.15585786611934793	11.145192441200356	-9.301192557454069	10.741046444425836	-9.258123838608663	11.380212061559797	-6.873486753223336	-0.03921790606449828
1330000.0	-0.1439681361020373	10.508219177235379	-0.15585894256532917	11.212898315362315	-9.418918269747106	12.891078233003277	-9.378963823082833	12.835417955268676	-6.873505422885213	-0.024681504923929523
1340000.0	-0.1439692488331028	10.571500575929829	-0.15586007085809683	11.280381652122333	-9.53582689674448	11.442356267054455	-9.499534018167232	11.906305463991936	-6.873527557151231	-0.02447570387904687
1350000.0	-0.14397028740344275	10.632640444342682	-0.15586112617476022	11.345847111171935	-9.652794674888407	10.934793108054118	-9.620416694191315	11.587857220416957	-6.873635156280304	-0.039947893686455876
1360000.0	-0.14397129924775243	10.695384049641186	-0.15586215178572616	11.413088989149726	-9.77248041124299	13.055012602892416	-9.74339300245365	13.04151132071308	-6.873651011676181	-0.025153345864943454
1370000.0	-0.14397237054659318	10.758203692350452	-0.15586323804541635	11.480074834329878	-9.891335774850237	11.628976858217607	-9.866084435184861	12.114628975299082	-6.873670954449766	-0.024943781631253693
1380000.0	-0.14397337532649157	10.818915830810054	-0.1558642589877568	11.54507542461447	-10.010257700850381	11.128202514911898	-9.989082241052651	11.794273302885895	-6.873777766654145	-0.04067048871797937
1390000.0	-0.14397435178565487	10.881238311885982	-0.15586524860781115	11.6118561308235	-10.131921676156878	13.279418249916647	-10.114192742072147	13.270679645479168	-6.873791792119455	-0.02562230861714811
1400000.0	-0.1439753898784657	10.943592840714214	-0.15586630107148292	11.678337212705449	-10.25268274695709	11.822503075411667	-10.238979519885579	12.324842786262865	-6.873809861527183	-0.025407645069519716
1410000.0	-0.14397635142789333	11.003940203018386	-0.15586727820816826	11.742934128843466	-10.37354012221599	11.315886824676188	-10.364078318504074	11.9977961009872	-6.873915209406712	-0.04138707360009579
1420000.0	-0.14397728849649294	11.065812535455356	-0.15586822784406884	11.809224437669531	-10.49714193236445	13.471443128446484	-10.491295037131954	13.483940650762433	-6.873927140505503	-0.02608680133028667
1430000.0	-0.14397827457839796	11.127748258278473	-0.15586922771797873	11.875253688997743	-10.619864711955481	12.031724405579737	-10.618190313228707	12.540526428899943	-6.873942713643666	-0.025867136624058623
1440000.0	-0.14397919409355975	11.187630867482964	-0.15587016226036532	11.939352407895434	-10.742595881382604	11.50557217101901	-10.745354534565507	12.201306353391667	-6.874046494413732	-0.04209757864787694
1450000.0	-0.14398007593248519	11.248973665687348	-0.15587105608756158	12.005079511063832	-10.868092223733656	13.657687354658297	-10.874650701549854	13.694844890337476	-6.87405564239563	-0.026548183129510967
1460000.0	-0.14398101463047208	11.310525843792822	-0.1558720080189051	12.070689946865974	-10.99274360853132	12.226189256762114	-11.003630594762761	12.74862082038957	-6.874068806889717	-0.02632378329664257
1470000.0	-0.14398188780143073	11.370109700409683	-0.1558728956758948	12.134445689747963	-11.117424038848036	11.701063287182148	-11.13288259184771	12.40646076536964	-6.874170911217687	-0.042801484698478706
1480000.0	-0.14398273048205468	11.430888217377227	-0.15587374978983792	12.19958209454747	-11.244771521875041	13.844017543979273	-11.264230625077051	13.904450547391795	-6.874177980058322	-0.027006084850532512
1490000.0	-0.14398361984884112	11.491960002867087	-0.15587465185065597	12.264684650574242	-11.371309616216028	12.417370552929592	-11.395269012700508	12.954946717634993	-6.874188690993062	-0.026777535731278907
1500000.0	-0.14398444375962072	11.55110860605306	-0.15587548972583853	12.327973756793755	-11.497869961146673	11.888787951996417	-11.526569663088464	12.607389426956193	-6.874288975154153	-0.04350107240285857
1510000.0	-0.1439852484439328	11.611565653333308	-0.1558763053102421	12.392737152397302	-11.62712919460387	14.004603739220657	-11.65998620096137	14.102993874178635	-6.874293797986549	-0.027459859242413672
1520000.0	-0.14398610178772486	11.672112131770877	-0.15587717083305197	12.457297527623023	-11.75553511222731	12.607724151112869	-11.793064806410442	13.159938087373984	-6.874302786636379	-0.027228101643120922
1530000.0	-0.14398690208883824	11.73095315256003	-0.15587798460158897	12.520239609352863	-11.88399830002416	12.076320989845945	-11.926414637491991	12.807293094135485	-6.874402527378044	-0.04419466206790129
1540000.0	-0.14398768995598665	11.791036903501167	-0.1558787828582089	12.584592030378317	-12.015149087841262	14.185993877367501	-12.061882953046604	14.309238245580964	-6.874406203965267	-0.02791104841078603
1550000.0	-0.14398852044125388	11.85127229787646	-0.15587962502570551	12.648804733430016	-12.145449847650504	12.786986032559625	-12.197007715537714	13.359743201613396	-6.874413660755831	-0.0276748022668005
1560000.0	-0.14398930183899505	11.909785445596281	-0.15588041940938524	12.71138911707983	-12.275800427719933	12.258110884176117	-12.33239340943118	13.004297673588674	-6.874513359619118	-0.04488304680436989
1570000.0	-0.143990069322661	11.96953413425099	-0.15588119678598034	12.775376886645134	-12.408882499983724	14.414260560627524	-12.469921396699341	14.533048049441147	-6.874515877143095	-0.028359401638942534
1580000.0	-0.1439908861753434	12.0294978909168	-0.15588202483836255	12.839278474853833	-12.541087701895336	12.990270549003423	-12.607089040239575	13.569516730839426	-6.874522284387132	-0.028117260166259806
1590000.0	-0.14399164510114293	12.08761087057964	-0.1558827962790259	12.901439089663766	-12.673265924366975	12.442385954086275	-12.744478106273954	13.201830683927914	-6.874621568640371	-0.0455661713799796
1600000.0	-0.14399236823968486	12.146903921030773	-0.15588352882157785	12.964948112867116	-12.808198734198173	14.597369196590428	-12.88402476721378	14.737831862332987	-6.87462180993896	-0.028804726503861636
1610000.0	-0.14399313271437997	12.206443761489137	-0.1558843040208613	13.028404789004231	-12.94225518742682	13.177502256495144	-13.02320398556464	13.771124757452577	-6.874625655495215	-0.02855865489235502
1620000.0	-0.14399383902122498	12.264173230850494	-0.1558850223829351	13.090156598162583	-13.076278132580052	12.626001070548654	-13.162595468498834	13.398217451023951	-6.87472289769037	-0.0462454286879509
1630000.0	-0.14399451148730424	12.323031227373363	-0.15588570378339295	13.153204929864456	-13.213051625740537	14.779850916042424	-13.304148185819901	14.941374121974963	-6.874720580854533	-0.02924830473055974
1640000.0	-0.14399524189712132	12.382275071947724	-0.15588644446731426	13.216334644931749	-13.34898266295152	13.366167096522855	-13.445340791149537	13.972072728037618	-6.874722548726065	-0.028997489704297708
1650000.0	-0.14399591917662669	12.439783033033029	-0.15588713336640936	13.277824256870154	-13.484901005366341	12.815819793579685	-13.586750906656004	13.59690606661027	-6.874818979549102	-0.04691902705745779
1660000.0	-0.1439965673767718	12.498167815350593	-0.15588779005531617	13.340383061609808	-13.62347414807105	14.96261336647614	-13.730284054733193	15.143965008289214	-6.874815248056087	-0.029689040677261788
1670000.0	-0.14399726402305113	12.557015065375905	-0.1558884965414995	13.40309485320104	-13.761238980258849	13.55149116347113	-13.87346577472897	14.171421720961595	-6.874815422262645	-0.029434189461353042
1680000.0	-0.14399792242479936	12.614278022742235	-0.1558891661447923	13.464304920247988	-13.899019114803195	12.998663294869704	-14.016871187092837	13.791506174452662	-6.87491150545789	-0.04758894235540451
1690000.0	-0.14399856918750586	12.672521682999484	-0.15588982096961868	13.526673543399433	-14.039482978604784	15.11668800610865	-14.162420944446971	15.334621614930013	-6.874907144274998	-0.030125483620705974
1700000.0	-0.14399925803285996	12.731057376613245	-0.1558905192388691	13.589054753036969	-14.179093663569152	13.726327663117992	-14.307591712380045	14.365582088849973	-6.8749066395227985	-0.029867253031174774
1710000.0	-0.14399989374470668	12.787928126813249	-0.15589116574356598	13.64985827510396	-14.318696390050405	13.179898234126982	-14.452969121120123	13.985070864479143	-6.875002538768651	-0.048254536574047116
1720000.0	-0.14400050228376493	12.845805750067779	-0.1558917819218406	13.711843783799434	-14.461017335515773	15.33636158278768	-14.60051305460134	15.55276963005564	-6.874996238633006	-0.030561617449497997
1730000.0	-0.1440011680069393	12.90404146864048	-0.15589245666066898	13.77389764781141	-14.60243829942139	13.908662848878159	-14.747650462271409	14.56270412390045	-6.874994314732308	-0.030298794497753304
1740000.0	-0.14400177751701282	12.960687014821765	-0.15589307656668439	13.834447879325953	-14.743879619778044	13.355770828155169	-14.895003321753316	14.175742212353333	-6.875089529868759	-0.04891656336432665
1750000.0	-0.14400236505669817	13.018270227469014	-0.15589367133924892	13.896114962689802	-14.88804865766547	15.522411211780078	-15.044530192543045	15.753896613496142	-6.8750819889946335	-0.03099503754130439
1760000.0	-0.14400299943419803	13.07623124245625	-0.15589431433484613	13.95787029158468	-15.031337268313663	14.108521566208756	-15.193655193032733	14.767262789858956	-6.875078335073646	-0.03072726385801091
1770000.0	-0.14400358485488507	13.132553305552019	-0.15589490976653586	14.018078444182576	-15.17455912416886	13.534588517984451	-15.342950582235812	14.367334498466162	-6.8751729891960744	-0.049574741990326035
1780000.0	-0.1440041309327249	13.189755142166762	-0.15589546267924703	14.079348816030741	-15.32053441830106	15.702166368449125	-15.494436614556347	15.952759882209847	-6.875163324458915	-0.03142708340873479
1790000.0	-0.1440047347094433	13.24747338671117	-0.15589607469014322	14.14083765248544	-15.465662066263135	14.293456316186079	-15.64552954425352	14.963658358272811	-6.875157975898117	-0.03115479588861152
1800000.0	-0.1440052909823084	13.303620842521797	-0.15589664060094766	14.200836401802393	-15.61074379473965	13.720810562417288	-15.796799518985743	14.561937766399204	-6.875251781546146	-0.050228475089149474
1810000.0	-0.14400581961336734	13.360568868524025	-0.1558971756876586	14.261827159317445	-15.758524107054285	15.85837492668155	-15.950239702300765	16.1403675968974	-6.875240871780318	-0.031855914856603586
1820000.0	-0.14400639433066154	13.417882869564542	-0.15589775826823615	14.322909435949466	-15.905442192735915	14.47544492154564	-16.1032726256295	15.158668410565488	-6.875234122663167	-0.031580697886412185
1830000.0	-0.14400693074719229	13.47382988111901	-0.15589830396313165	14.382680870853306	-16.052352034433298	13.899977176772865	-16.256495962029973	14.75240598141088	-6.875327505734176	-0.05087950111219598
1840000.0	-0.1440074419796371	13.53052130014465	-0.15589882128316646	14.443394286973769	-16.201952230720238	16.03400077773596	-16.411892682231162	16.336773858059228	-6.875315509305415	-0.03228391216736336
1850000.0	-0.14400799259554464	13.58763176199351	-0.15589937940248522	14.504249283141572	-16.350691546138655	14.64596316811799	-16.566877891661605	15.34812831443849	-6.875307239488301	-0.032004607889548196
1860000.0	-0.14400849593723475	13.643235658458645	-0.1558998916704457	14.563668468986858	-16.499390962002337	14.077497188623887	-16.72203133825108	14.941860491010306	-6.875399785906074	-0.05152776692785282
1870000.0	-0.14400896318822642	13.699611214249952	-0.15590036464701296	14.62405483871361	-16.650815755190827	16.250836996783793	-16.879381443549256	16.551472553821785	-6.875385600481342	-0.03271127966552237
1880000.0	-0.14400948905491795	13.756465278319688	-0.15590089766884851	14.684631898156992	-16.801339677126347	14.826579634230045	-17.036292473626872	15.541056209209195	-6.875375857645466	-0.032427546036707555
1890000.0	-0.14400997671493698	13.811887644518277	-0.1559013939186551	14.743839516942348	-16.95185689715744	14.250712823940152	-17.193381583030817	15.12832952638582	-6.875468171775099	-0.05217283030244917
1900000.0	-0.14401044448169653	13.868017688192166	-0.1559018670706509	14.803953826278994	-17.105116007076035	16.434359900520764	-17.352675736089097	16.748865964115865	-6.875453619636549	-0.03313577255260303
1910000.0	-0.14401099005253482	13.924756357348008	-0.15590241946913608	14.864375894462889	-17.257526576030347	15.024196385645835	-17.511551893711356	15.743005398983987	-6.875444101445789	-0.03284600646151298
1920000.0	-0.1440115279725358	13.980150705053534	-0.155902965665339	14.92350807829244	-17.409912297268196	14.434759758726328	-17.67059149515927	15.320652112148336	-6.87553976664828	-0.05281123327220654
1930000.0	-0.14401205700638098	14.036075192543416	-0.15590349976448703	14.983377364066385	-17.565050102795883	16.63408103593364	-17.831829491701324	16.951952454774176	-6.875527344757449	-0.03355443777878454
1940000.0	-0.1440126855788515	14.092630634305218	-0.15590413485613475	15.043575005140143	-17.719334770766537	15.206238667256677	-17.992629923269103	15.92993896808794	-6.875520795520198	-0.033258745032032334
1950000.0	-0.14401332432397318	14.147825197555738	-0.1559047815792054	15.10245400900123	-17.873602023731724	14.61225964863932	-18.153593952527704	15.506017851802147	-6.875622577830369	-0.053442170273719995
1960000.0	-0.144013952103629	14.203496342925117	-0.15590541411776115	15.162030145144717	-18.030640768736383	16.828551607140714	-18.316765859899085	17.145683155745186	-6.875613960194256	-0.03396696940662957
1970000.0	-0.14401467325202688	14.259852211568186	-0.1559061414847127	15.22197874063045	-18.186827387397205	15.402642880844773	-18.479505058150572	16.130253501641597	-6.875610813244764	-0.033664977565293706
1980000.0	-0.14401539127595786	14.314760901749963	-0.1559068671899002	15.280535852367136	-18.342945084180613	14.791221341326779	-18.642361107858765	15.692651656724102	-6.875717775329797	-0.054066298894199206
1990000.0	-0.1440160767775085	14.37020066244428	-0.1559075571420987	15.33985097646641	-18.501877772861935	17.025145754564928	-18.807458028952407	17.34144707997967	-6.875711297900513	-0.03437468595439549
2000000.0	-0.14401683810693822	14.426243991433394	-0.15590832438354596	15.399453774672429	-18.659931740722392	15.589292828887272	-18.97210128631482	16.32100361512303	-6.875709500070991	-0.034067374851340086
2010000.0	-0.1440175845185383	14.481043249163388	-0.15590907817496458	15.457857903200328	-18.8179404332129	14.974179623651501	-19.13688635911523	15.883011863425544	-6.875818742248553	-0.05468488954548363
2020000.0	-0.14401827510997212	14.536091202237776	-0.15590977290403618	15.516766323481848	-18.97872685655696	17.219507698258283	-19.303868281761876	17.534844791603312	-6.875812206372398	-0.03477888182514561
2030000.0	-0.1440190341180836	14.591946996554162	-0.15591053751627815	15.576152937869994	-19.138659592551416	15.776188241310663	-19.470424505495522	16.51190248998382	-6.87580998810172	-0.03446641919405468
2040000.0	-0.14401976681415274	14.646472505989895	-0.15591127728805354	15.634252818938476	-19.298518889676064	15.152172027097652	-19.63709846122816	16.068372159673963	-6.875919186043079	-0.05529926976188294
2050000.0	-0.14402042974844065	14.701194686102689	-0.15591194404907327	15.692816416938546	-19.461170276120438	17.41309140670817	-19.805974776417916	17.727340498530236	-6.875911224300019	-0.03518026729133845
2060000.0	-0.14402115772670054	14.75676224314711	-0.15591267732784253	15.751889708955774	-19.6229578682081	15.961585390380769	-19.974419821910463	16.701123132209947	-6.875907346317832	-0.03486295488015841
2070000.0	-0.14402185972058223	14.811141313387301	-0.1559133861016262	15.809814331403727	-19.78468007276162	15.32991521195271	-20.14299267859717	16.253388440743016	-6.8760155104741285	-0.055909696896413945
2080000.0	-0.14402248394506856	14.865690464928175	-0.15591401385103332	15.868182386017846	-19.949211422500184	17.594305789670273	-20.313775999476082	17.907802753954424	-6.876005668394178	-0.03557900317245241
2090000.0	-0.1440231730234105	14.921059852374118	-0.15591470793417805	15.927036785287155	-20.112859850572015	16.14115982194411	-20.48411368942497	16.884488157972083	-6.875999806824289	-0.03525692302757125
2100000.0	-0.14402383599049529	14.97526940486434	-0.15591537739105732	15.984767282659062	-20.276436745853285	15.50440145920634	-20.654575989498277	16.434974160589125	-6.876106466772093	-0.05651652363806356
2110000.0	-0.14402441765189966	15.02976233938348	-0.15591596228099736	16.043060014918794	-20.442879626856353	17.808164517476833	-20.82729468750697	18.119271872034147	-6.87609456261191	-0.03597496162327388
2120000.0	-0.14402506220764444	15.08499762156187	-0.1559166115482311	16.101757020359702	-20.60840075078586	16.335042663717235	-20.99953521494271	17.081507170555206	-6.8760864422377015	-0.0356481246780122
2130000.0	-0.1440256807950142	15.139101433371698	-0.15591723633774013	16.15935711829478	-20.7738371644673	15.685635513249446	-21.17189040983725	16.623040028651225	-6.876191375268393	-0.05711992615128043
2140000.0	-0.14402620895863194	15.193226855886905	-0.15591776743627506	16.21727797211646	-20.942114623235796	18.000659675208855	-21.346470221494926	18.31040402252741	-6.8761769617292705	-0.036369413460335315
2150000.0	-0.14402680571565885	15.248295316569891	-0.15591836861943076	16.275789315050204	-21.10949692044953	16.520223636370865	-21.520601214653077	17.270173638793466	-6.876166474783983	-0.03603799975869277
2160000.0	-0.1440273797145224	15.302255012676365	-0.15591894854174537	16.333222977954257	-21.276784772489645	15.862371150219884	-21.69484029049405	16.8066703110477	-6.8762695752749385	-0.05772069346187374
2170000.0	-0.14402786277704394	15.356327091292886	-0.15591943425765198	16.391073368845053	-21.446950087937466	18.179469923083207	-21.871330442488997	18.488191007894727	-6.876253019820169	-0.03676195071793705
2180000.0	-0.14402841555702484	15.411201139848808	-0.1559199911872753	16.449375352098933	-21.616183258401108	16.698652003305853	-22.04734063698491	17.452035983861645	-6.876240324670847	-0.03642612342966728
2190000.0	-0.14402894659687338	15.464885533064454	-0.15592052787996735	16.506515349704646	-21.785301170901214	16.038404624747553	-22.223442289197344	16.989456359328138	-6.876341702381573	-0.05831876528945386
2200000.0	-0.14402938475695848	15.518658743513468	-0.15592096842207148	16.564056181471123	-21.957310846232346	18.370819696417193	-22.401800600583258	18.67799611516633	-6.8763229881913475	-0.03715323681931935
2210000.0	-0.14402989864611726	15.573269676392082	-0.1559214861984719	16.62207781429541	-22.12837849068213	16.881951607353017	-22.579673570056023	17.638557268129375	-6.876308265493304	-0.036813029699292045
2220000.0	-0.1440303968697565	15.626720906879497	-0.15592198982155026	16.67896334393932	-22.299320984690965	16.21375714341477	-22.757631242150573	17.171447423192244	-6.876408464898208	-0.05891416863322897
2230000.0	-0.1440308027060837	15.680258365727845	-0.15592239778635086	16.736252839194023	-22.473189737755256	18.582470192283715	-22.93787033965223	18.88685072219925	-6.87638807720747	-0.0375428297167256
2240000.0	-0.14403129295564376	15.734775797802449	-0.15592289167738915	16.794159800945057	-22.646113864993886	17.074434235577105	-23.117625523337388	17.833689532654045	-6.876371934164176	-0.03719799897688101
2250000.0	-0.1440317717833377	15.788104831757892	-0.1559233756638534	16.850907294531943	-22.818877922948296	16.38574281802165	-23.297434459537534	17.349942901858252	-6.876471755226856	-0.05950680091887444
2260000.0	-0.1440321542003664	15.841452095618141	-0.15592375996385766	16.907995574829755	-22.99460163030781	18.775147731900137	-23.479549303177343	19.07782193559736	-6.876450117671279	-0.03793101007356762
2270000.0	-0.14403262420157237	15.895816660134678	-0.15592423336506211	16.965732697943984	-23.169370578581457	17.2580244079975	-23.661174467172227	18.0203137106603	-6.876432753181839	-0.03758172374906612
2280000.0	-0.1440330857720582	15.949066636985599	-0.15592469985746504	17.02237293488279	-23.34398695315709	16.565487539894963	-23.84286332715631	17.535933330161868	-6.87653223555682	-0.06009659463243938
2290000.0	-0.14403344671328533	16.002232735158955	-0.1559250624418116	17.079272334598844	-23.521547747688622	18.953202325481783	-24.026835426040762	19.2545754544758	-6.876509426688623	-0.03831762022178299
2300000.0	-0.1440338957188354	16.05630029847597	-0.15592551461031512	17.136701386966696	-23.69813297052852	17.440362914092862	-24.210302336634903	18.2055529012403	-6.8764907960308355	-0.03796410782751
2310000.0	-0.14403434170580187	16.10943863428261	-0.15592596528792324	17.19320994010336	-23.8745824911893	16.7403192950134	-24.393851541014932	17.71710607839695	-6.876590037831148	-0.060684124616401935
2320000.0	-0.14403468314058543	16.162429680152787	-0.15592630813105934	17.24992425498042	-24.053988227268732	19.141792748593797	-24.579687310051817	19.441299684638768	-6.876566139476855	-0.03870297112256191
2330000.0	-0.14403511613642905	16.21637917209976	-0.15592674405969298	17.30721703321825	-24.232410624213955	17.616281465735167	-24.765014411437125	18.384369571219512	-6.876546468913467	-0.038345117841550445
2340000.0	-0.14403554834776866	16.269384682364592	-0.1559271807351701	17.3635752067959	-24.410685854186735	16.91151903283562	-24.950415534170958	17.894509840542113	-6.87664556422637	-0.0612692741835547
2350000.0	-0.14403587070084178	16.322143267100994	-0.15592750426670854	17.420044488966127	-24.591939936478248	19.352446975714116	-25.13811748124842	19.648780477059788	-6.8766205506909515	-0.03908672044451592
2360000.0	-0.1440362884895503	16.37590835641485	-0.1559279247630796	17.47714125028862	-24.77217489107584	17.7971595731313	-25.32528043290535	18.56791902327966	-6.876599900256139	-0.03872488425212787
2370000.0	-0.14403670718865147	16.42869769018389	-0.15592834770531017	17.533264393870617	-24.952256862160084	17.085090742374632	-25.512514754114388	18.07417853658997	-6.87669888344407	-0.061852066470902314
2380000.0	-0.14403701508755695	16.481302803373843	-0.15592865656178567	17.589570434127523	-25.13535026205261	19.544014978584272	-25.702072712293962	19.838320472917534	-6.876672994166603	-0.03946961767274692
2390000.0	-0.14403742344404868	16.535040148407425	-0.1559290674083771	17.64661748793291	-25.317448837317365	17.9901709623294	-25.891118781332217	18.763048681874032	-6.876651503603199	-0.03910297094909688
2400000.0	-0.1440378340163324	16.587761337403848	-0.15592948200813428	17.702652528360804	-25.499356646709494	17.263584712715407	-26.080203028479538	18.25845688556557	-6.876750719860899	-0.062432304387768985
2410000.0	-0.14403812561353035	16.640055165986958	-0.1559297743435195	17.7586462770728	-25.684249424178926	19.7331589059401	-26.27157821955746	20.025377267301018	-6.876723865770542	-0.03985121452149021
2420000.0	-0.1440385209848669	16.693561478031956	-0.15593017198983983	17.815447864228513	-25.868157515976357	18.171062308958483	-26.46245518583824	18.946411519552587	-6.876701446648129	-0.039480389780225174
2430000.0	-0.14403892345229075	16.74618865964975	-0.1559305782745577	17.871370482341916	-26.051886063810485	17.437180168419513	-26.65338345616403	18.43797582881372	-6.876800827088	-0.06301055826369362
2440000.0	-0.14403920374210788	16.79836767910035	-0.15593085909117743	17.92723544617261	-26.238616805637008	19.90889607195523	-26.846611385722916	20.19944423183879	-6.876773228726047	-0.04023161689887462
2450000.0	-0.14403958787537707	16.85160332996698	-0.15593124529005298	17.983757070519978	-26.424323957559224	18.351742342341897	-27.03930812599495	19.129483642565884	-6.876749952140013	-0.039856670144788095
2460000.0	-0.14403998257730244	16.9040307341098	-0.15593164360433054	18.039461813812345	-26.609849109036574	17.60980736497873	-27.232056622250163	18.616387863045336	-6.876849530213936	-0.06358659914392154
2470000.0	-0.14404025199606174	16.9559636403867	-0.1559319133454231	18.095071631637104	-26.798390376786934	20.096898054215785	-27.4271104201028	20.38520400544056	-6.876821192398183	-0.04061113324654815
2480000.0	-0.1440406315766669	17.009112275005993	-0.15593229479222614	18.15148881704793	-26.98591806333978	18.52549811146278	-27.621645960638908	19.305655721277763	-6.876797354558471	-0.0402319020219313
2490000.0	-0.14404102191629065	17.06131751425938	-0.1559326885461747	18.206955463564523	-27.173235202320498	17.782092745472145	-27.81620929444922	18.794370993099125	-6.8768973123520185	-0.06416037113371353
2500000.0	-0.14404128605144706	17.11316379710716	-0.1559329528055695	18.26246568674708	-27.363624573310254	20.305089644821482	-28.013123103020725	20.589811219312068	-6.876868446656719	-0.04098906880294051
2510000.0	-0.14404166089395964	17.166146663427405	-0.15593332931685477	18.318706330111034	-27.5529469978361	18.704577076974598	-28.209472071387918	19.48691507901201	-6.876844073888646	-0.04060592942058895
2520000.0	-0.14404204920449803	17.218269570722946	-0.1559337208466962	18.37407214153181	-27.74207028138359	17.95090635022087	-28.40586204307801	18.96878113846245	-6.876944528423628	-0.06473198423559298
2530000.0	-0.1440423058276865	17.26997307003113	-0.15593397739690484	18.429431613417083	-27.93428606497009	20.49517311511649	-28.60461452245486	20.77747630488493	-6.876915082535537	-0.04136616829249214
2540000.0	-0.144042674744167	17.322838229738228	-0.15593434778585813	18.485534608822192	-28.1254375009105	18.89531133609518	-28.802808548499947	19.679188782902873	-6.876890010839818	-0.04097844548001899
2550000.0	-0.14404305973420595	17.374920768567577	-0.15593473580126016	18.54084164938052	-28.31637289368133	18.128162137970747	-29.00102997248252	19.151290749069975	-6.87699096265056	-0.06530127253291815
2560000.0	-0.14404330681588906	17.426485413269884	-0.15593498261401617	18.596057011170448	-28.510397593901736	20.669653491239746	-29.201603287971793	20.950040250807827	-6.876960850644714	-0.04174207643576491
2570000.0	-0.14404366695027448	17.479202301068224	-0.15593534402480103	18.652003869115465	-28.703356974439945	19.076237696482632	-29.40162100395575	19.86215221800628	-6.876935055966324	-0.041350231887928766
2580000.0	-0.14404404305287422	17.53108999825802	-0.1559357229573637	18.707099977062587	-28.896076464297156	18.299697838127383	-29.60164658111944	19.32820848345119	-6.877036135784704	-0.06586884593422743
2590000.0	-0.14404427710621093	17.58242352435629	-0.1559359565480083	18.76207702846445	-29.091901295772796	20.85659551590531	-29.804031849883174	21.134448601135023	-6.8770052000116655	-0.04211724190080152
2600000.0	-0.14404462978089771	17.635065379088047	-0.15593631030955812	18.817933564763212	-29.286671473106477	19.248696395775834	-30.005874958819234	20.036657666384492	-6.876978733101894	-0.041721245445849015
2610000.0	-0.14404499974072227	17.68685201834956	-0.15593668291034835	18.872914701420125	-29.4811946623953	18.471752286711098	-30.207722134072853	19.505606203201648	-6.877080074775794	-0.06643450059802053
2620000.0	-0.14404522407149845	17.73810065253565	-0.15593690658882053	18.927796258895814	-29.67885710705573	21.06418041389991	-30.411953354470942	21.338128835745238	-6.877048431266632	-0.04249103193090334
2630000.0	-0.1440455672635137	17.790588750478182	-0.15593725067841202	18.983490607487166	-29.875413106152244	19.42681444907519	-30.61559738776577	20.21657629618218	-6.877021237050675	-0.042091264497886256
2640000.0	-0.14404593067184202	17.842301937843867	-0.15593761654069827	19.038382156893075	-30.071733913402987	18.63951230429081	-30.819259071949045	19.67858328635538	-6.877122819847486	-0.06699838727846034
2650000.0	-0.14404614338484656	17.893420198908558	-0.15593782841430937	19.093127430332693	-30.2712147467794	21.253550370797996	-31.025317431948285	21.52478290099701	-6.877090427890691	-0.04286430324377129
2660000.0	-0.14404647721537334	17.94579960113958	-0.1559381629562493	19.148695341901	-30.469591888931955	19.617091439231398	-31.23079508295817	20.407981438677457	-6.8770623932803865	-0.042460075402793236
2670000.0	-0.14404683199157997	17.99733703585763	-0.15593852000200936	19.203402460604625	-30.667676575100185	18.809973543427237	-31.43623859050118	19.854141946178906	-6.8771641944530355	-0.06756049727741648
2680000.0	-0.1440470322795413	18.048231714790514	-0.1559387192680548	19.257917708234974	-30.868951155823133	21.439872567058817	-31.644100073181257	21.708357795553827	-6.87713100465003	-0.04323688908163534
2690000.0	-0.14404736081927716	18.10064878174566	-0.15593904834063466	19.313509171077147	-31.069154616735503	19.790224805828153	-31.851414591840076	20.5829291146723	-6.877102414456266	-0.04282849331313977
2700000.0	-0.14404771121060556	18.152228241540794	-0.1559394008210795	19.368238373438828	-31.26907688857135	18.98776716595683	-32.05870883999372	20.036744497214197	-6.877204543326379	-0.06812069814363739
2710000.0	-0.1440479007930069	18.203095308937595	-0.15593958919964024	19.422723220911184	-31.472168634993785	21.611488475381833	-32.268393760049	21.87776375973455	-6.877170651827461	-0.0436083271382272
2720000.0	-0.14404821551375502	18.25526160041914	-0.15593990426872484	19.47805895919408	-31.67414911079777	19.968848562746825	-32.47749816576895	20.763107644369565	-6.877141113281699	-0.043196081853217244
2730000.0	-0.14404855664502403	18.306774575088735	-0.15594024730808442	19.532707500520626	-31.875864713138558	19.154952786432073	-32.6866000059152	20.20887285812515	-6.877243330625011	-0.0686796662399442
2740000.0	-0.1440487314172234	18.357457918141222	-0.15594042069671143	19.58700094912668	-32.08077331651205	21.81999958286426	-32.89810818341783	22.08203887387747	-6.877208511056821	-0.04397905315018564
2750000.0	-0.1440490347246275	18.40948659761016	-0.15594072417505522	19.642192504277066	-32.284533594903245	20.146195800278978	-33.1090040982048	20.941898388060153	-6.877178161422159	-0.04356313335810183
2760000.0	-0.1440493667372582	18.460822590277203	-0.15594105792028135	19.696650302479437	-32.488023146203716	19.325338693717928	-33.31989487878991	20.384100007704426	-6.877280485274095	-0.06923708694987397
2770000.0	-0.14404953128055453	18.511396975622148	-0.15594122090930984	19.750829471651556	-32.694740399345356	22.008971801169253	-33.53321712546112	22.268024625747866	-6.877244975308486	-0.044349573572473336
2780000.0	-0.1440498275602824	18.563325848751298	-0.15594151719006089	19.805904758244168	-32.900315150757436	20.33611243459182	-33.74593666347928	21.13255802972617	-6.877213879107568	-0.043929259029452314
2790000.0	-0.144050153947183	18.614496360546745	-0.15594184514100018	19.860189436484713	-33.105560848472486	19.495034072117356	-33.95859829910007	20.55853715321443	-6.8773165790965995	-0.06979295883073983
2800000.0	-0.14405030972124067	18.664857874485065	-0.15594199919548224	19.9141501010501	-33.314064457988195	22.19452378820963	-34.173713156040634	22.450572263544757	-6.8772804236287675	-0.044719538834670704
2810000.0	-0.1440506012374687	18.716600561346066	-0.1559422905500627	19.969028516246166	-33.52141602738543	20.513745655910782	-34.388219789947144	21.311475135862693	-6.8772487464235965	-0.04429526925741504
2820000.0	-0.14405092889768945	18.76774901206554	-0.1559426196148177	20.0232692115226	-33.728471279108895	19.671398538184285	-34.60270213328881	20.73928918582747	-6.877352099649226	-0.07034700986182274
2830000.0	-0.14405107900521585	18.817863501965146	-0.15594276784480066	20.076984532872416	-33.93873610333635	22.380209916398393	-34.81958451230194	22.63322550183117	-6.877315425920689	-0.04508889724686019
2840000.0	-0.1440513701466699	18.86952759173831	-0.1559430586677415	20.131773397393523	-34.14788402217752	20.692790818941845	-35.03589550400142	21.491742111001006	-6.877283378647068	-0.04466058094368823
2850000.0	-0.14405169800106243	18.920507481655715	-0.15594338776898553	20.185831277072342	-34.3567031026241	19.840943125220086	-35.25215441163454	20.913407385569602	-6.877387341278349	-0.07089963947281615
2860000.0	-0.14405184685978334	18.97056048724767	-0.1559435345970357	20.23947411580843	-34.568776301654175	22.55136195731758	-35.470848190863954	22.801852480768837	-6.877350352053935	-0.045457509796462035
2870000.0	-0.14405213589638866	19.022004456369235	-0.15594382316024458	20.294037274697693	-34.77968841148314	20.870166913440354	-35.688932380555656	21.670258784283558	-6.877317838369441	-0.04502528836168887
2880000.0	-0.14405246582304887	19.072932090555263	-0.15594415417948593	20.348028639038024	-34.99029390432003	20.011198460918685	-35.906988069725706	21.08818901550269	-6.87742251355811	-0.07145067230291556
2890000.0	-0.1440526106599842	19.122776914671608	-0.15594429683301403	20.40145764461244	-35.2041424197018	22.736154205541148	-36.12746121043664	22.983479791443514	-6.877385079633446	-0.04582558130993157
2900000.0	-0.14405290039339658	19.174170100356775	-0.15594458594184957	20.45595694478491	-35.41684505731709	21.03980870215557	-36.34734235597758	21.841131941327347	-6.877352248143119	-0.04538936412380796
2910000.0	-0.1440532300241717	19.224916295090033	-0.15594491651187958	20.509755463105797	-35.6292113802507	20.1804627440125	-36.56717008112393	21.26187444372705	-6.877457509338975	-0.07200011504271384
2920000.0	-0.1440533725588189	19.274713408625548	-0.1559450567132652	20.563127870667945	-35.84488039761413	22.942162693703953	-36.78946402595777	23.18485989308139	-6.8774196808969705	-0.04619264722686482
2930000.0	-0.14405365971398698	19.325983226339716	-0.15594534309144414	20.617497217421878	-36.05934749829312	21.215595653731313	-37.01111675163238	22.017879862244683	-6.877386415356235	-0.045752770555244876
2940000.0	-0.1440539893702013	19.376678241510994	-0.15594567353409428	20.67123052484448	-36.27349092166931	20.345640832229414	-37.232730422027686	21.43141507095298	-6.877492272080977	-0.07254812717696114
2950000.0	-0.14405412597742018	19.426375023915114	-0.1559458076568765	20.72449838524238	-36.490959184716274	23.129891775859736	-37.45682450404627	23.369208991492016	-6.877453937887148	-0.046559429558136786
2960000.0	-0.1440544099459391	19.47766256786736	-0.15594609069534915	20.778870285741238	-36.70725178772382	21.40662840626021	-37.6803055427375	22.20912259982614	-6.877420125915589	-0.046115149970853545
2970000.0	-0.14405473670268965	19.52844577385167	-0.15594641808219123	20.832678408649578	-36.92320420566886	20.522030461253912	-37.90373435227582	21.611743505177852	-6.877526473443394	-0.07309457728448886
2980000.0	-0.14405486169578552	19.57803292081253	-0.1559465404342264	20.885835585470186	-37.14245239225666	23.300761150221785	-38.12960922514962	23.537358227958446	-6.877487396044499	-0.04692547497559372
2990000.0	-0.14405513325266917	19.62910375860873	-0.15594681090209672	20.93998766594752	-37.36050462870726	21.583596622564563	-38.354855828370056	22.38689773565016	-6.877452694714726	-0.04647743302451478
3000000.0	-0.1440554511200558	19.67973095548697	-0.1559471292420671	20.993627974539393	-37.57821563174538	20.690967811392564	-38.58005199841238	21.784830041245304	-6.877559154801668	-0.07364003355489351
3010000.0	-0.1440555643114605	19.72912600790327	-0.15594723964137103	21.046589189081217	-37.799236786822306	23.484960212803955	-38.807700858076856	23.71814060321618	-6.877519309546362	-0.047291402510186945
3020000.0	-0.14405582986970344	19.780150219341923	-0.155947503961821	21.100683500699763	-38.01907502296879	21.752484240128695	-39.034736793390806	22.55671223404308	-6.877484010849835	-0.046839471839625585
3030000.0	-0.14405614314194448	19.83070822098557	-0.15594781755672926	21.154244665043347	-38.238559987917284	20.855817080787197	-39.261713499688916	21.953812426834677	-6.877590799017097	-0.07418428626528153
3040000.0	-0.14405624758046098	19.880049853386236	-0.1559479190559223	21.2071462264599	-38.461401978904604	23.6904835813802	-39.49118048023084	23.91875556903403	-6.877550290142196	-0.047656525388166934
3050000.0	-0.14405650514141488	19.930953707624834	-0.1559481752298142	21.26111551554288	-38.68300061502812	21.927807817996694	-39.71998091349316	22.732682144385155	-6.8775143299738914	-0.04720104340679033
3060000.0	-0.14405681265100512	19.981355516577892	-0.15594848291266228	21.31450875542835	-38.90424100612384	21.024400192370038	-39.94872045380714	22.126394526480397	-6.877621400797075	-0.07472730175249791
3070000.0	-0.14405690942746663	20.030611494771545	-0.15594857660740136	21.36732115994211	-39.128874647585405	23.878162477833996	-40.179977011177684	24.10280961247059	-6.877580314597274	-0.04802170940148072
3080000.0	-0.14405716271397928	20.081537044381804	-0.15594882836288715	21.42129850337197	-39.352295576542396	22.11887791572028	-40.41059948375732	22.923606205517586	-6.877543760224015	-0.04756189958169532
3090000.0	-0.14405746641412698	20.131924452729493	-0.15594913208950612	21.474665030880754	-39.575316602392064	21.199576760168714	-40.641124400227596	22.305127779711516	-6.877651270695789	-0.07526899520160252
3100000.0	-0.14405755173752866	20.180952120271037	-0.1559492141875003	21.527253357487723	-39.80169795969191	24.062581799677158	-40.87412855762938	24.28365434558615	-6.877609429510033	-0.048386508380950016
3110000.0	-0.14405779800484897	20.231708352406745	-0.15594945878062472	21.58105339096834	-40.02688009627505	22.29496952254662	-41.106515067741384	23.100183763671016	-6.877572208292822	-0.04792290294992009
3120000.0	-0.14405809830841587	20.281948339770565	-0.15594975896883767	21.634261017765542	-40.25165350685371	21.36788413754839	-41.33879833296916	22.477270782567583	-6.877680128081037	-0.07580973094769557
3130000.0	-0.1440581795698126	20.33092847458292	-0.1559498368708505	21.686793191228723	-40.479831584052896	24.231730434289666	-41.5735956008203	24.44980892195687	-6.877637857942685	-0.048751036487774485
3140000.0	-0.14405842294676585	20.381604799922137	-0.15595007843768283	21.740508029918054	-40.7067868166198	22.463354775724405	-41.80775593449598	23.26923479621335	-6.877600169508546	-0.048283629569278216
3150000.0	-0.14405872223297678	20.431884547451293	-0.15595037746952567	21.793746550882755	-40.933354352680624	21.533171118332756	-42.041835317058386	22.646414591427952	-6.8777086106798695	-0.07634942860426873
3160000.0	-0.14405879632008034	20.48090734901981	-0.15595044805906877	21.846316837146887	-41.16336916548342	24.44100345333116	-42.278462033410804	24.653820658425047	-6.877665762982136	-0.04911485599154301
3170000.0	-0.1440590320916968	20.531653812864608	-0.15595068187672734	21.900093506333942	-41.39214315379283	22.65365430528118	-42.514438450273566	23.459127009862435	-6.877627394130906	-0.048643483519678926
3180000.0	-0.1440593226520921	20.581911897609075	-0.15595097203416586	21.953299862029304	-41.62049089680704	21.708499898304428	-42.75030059248648	22.825044059344524	-6.877736005682464	-0.07688807038111484
3190000.0	-0.14405938233035886	20.630841868482882	-0.15595102807149708	22.005778458415897	-41.85228261199159	24.610691989130387	-42.988700066210875	24.82042349770231	-6.877692298288032	-0.04947872474869318
3200000.0	-0.14405960558437414	20.681501194561807	-0.15595124922642345	22.0594649976211	-42.082832191602904	22.822158907957427	-43.226451304327384	23.628145470783082	-6.877653063238463	-0.04900368112794546
3210000.0	-0.14405988589232965	20.731792934150157	-0.15595152898438602	22.112698542139302	-42.31297700328828	21.874025286864914	-43.46411095063067	22.9942706649882	-6.877761686048707	-0.07742628536626744
3220000.0	-0.14405992946911894	20.780658894828683	-0.15595156877620298	22.165110315845236	-42.5465858674072	24.816268677255305	-43.7043205544518	25.02070965447474	-6.87771700914549	-0.04984227772232718
3230000.0	-0.14406013822640418	20.831197524427388	-0.15595177528899118	22.218674514539803	-42.778893959447984	22.997180131081706	-43.943830104106546	23.803365381154155	-6.877676838251583	-0.04936384103799701
3240000.0	-0.14406040156925126	20.88085793621141	-0.15595203793547618	22.271282140028955	-43.010664019595154	22.035664047607735	-44.18312686562993	23.160080184736593	-6.877785175645877	-0.07796389353883897
3250000.0	-0.14406043038046246	20.928279393271538	-0.15595206283702812	22.322260846215755	-43.245691404646415	24.93085888270269	-44.42477502732987	25.136556496021853	-6.877739602427685	-0.05020877704906243
3260000.0	-0.14406064873559554	20.97679864579012	-0.15595227885757446	22.373798030141177	-43.47930147798413	23.131302179160784	-44.66561918581064	23.94078979253877	-6.877699248490143	-0.04972764792131853
3270000.0	-0.14406096460126783	21.024358872465843	-0.1559525939911861	22.424269961968307	-43.712334014908784	22.174486920420392	-44.906216184620824	23.3041431962084	-6.877810830732007	-0.07849800262848579
3280000.0	-0.14406108322720534	21.069764822067295	-0.15595270873444278	22.473201243231788	-43.948606818967384	25.038926868555176	-45.14914220641078	25.24630898203365	-6.877768629306051	-0.050577057522029
3290000.0	-0.1440614315936699	21.11632141784872	-0.15595305483986532	22.52273117281103	-44.183461368877445	23.258459320857444	-45.39126527868067	24.071322537244328	-6.877733063240165	-0.05009181431062721
3300000.0	-0.144061913915003	21.161996333821914	-0.1559535365430822	22.571261057197805	-44.41772885173964	22.30855262793089	-45.633133784547525	23.443493473397517	-6.877854201751603	-0.07902411912374048
3310000.0	-0.1440622211220166	21.20547016753123	-0.1559538400191487	22.618207889727294	-44.65518969884099	25.142320767687025	-45.87728104815084	25.35150683578245	-6.877819499380936	-0.050943315316345925
3320000.0	-0.14406278399810457	21.250152033982904	-0.15595440081191647	22.665800234431842	-44.891234910134074	23.380112215532474	-46.12062970627292	24.19639627884927	-6.8777923085793535	-0.05045302329249105
3330000.0	-0.1440635018962917	21.294025436322833	-0.15595511828983977	22.712455899611907	-45.126684187959974	22.43693647346657	-46.363716783589	23.57711909202499	-6.877926867767064	-0.0795393279585518
3340000.0	-0.14406405045242732	21.33565306378571	-0.15595566333012023	22.75748951871805	-45.36528189906236	25.241194282730135	-46.60903428495856	25.452245254056834	-6.87790189284451	-0.05130486940933916
3350000.0	-0.14406486617793846	21.37854278973512	-0.15595647719581862	22.803214101348573	-45.602466680525346	23.496541268123682	-46.85355740789002	24.316243443035535	-6.877884752990045	-0.05080887486273446
3360000.0	-0.1440658446663008	21.420693338984552	-0.15595745549161855	22.848063183470114	-45.83904724413425	22.559912735855743	-47.09781232045779	23.705251370138278	-6.878034156120301	-0.08004159569072694
3370000.0	-0.14406664695629257	21.46055549083023	-0.1559582544957827	22.891254186140408	-46.07873318062161	25.335776835315993	-47.34425119691202	25.54871763508114	-6.878019458255671	-0.05165974947258335
3380000.0	-0.1440677175367977	21.5017307947167	-0.15595932344287178	22.935180079762493	-46.31700894046302	23.608002217212064	-47.58989980998872	24.43108451822991	-6.878012519541579	-0.05115761058109544
3390000.0	-0.14406894963700534	21.542232603946285	-0.1559605555707959	22.978289404085558	-46.55467272928159	22.677736265684256	-47.835273949664995	23.828114766821123	-6.878176406888843	-0.08052954925662462
3400000.0	-0.1440699907317473	21.580405415748963	-0.15596159359326123	23.01970722301505	-46.79540060555868	25.426280972811824	-48.082787405661435	25.641110001345712	-6.878171396097076	-0.052006526708017226
3410000.0	-0.14407129502670468	21.61993968169411	-0.15596289645782946	23.06190227243504	-47.03472108016828	23.71473291817378	-48.329514605131	24.5411320836262	-6.878173828785898	-0.05149796335004924
3420000.0	-0.14407275451991453	21.658862806041334	-0.15596435617013693	23.10333741650502	-47.27342231351375	22.79064501069825	-48.575961415964265	23.94592628845702	-6.87835076256943	-0.08100231383975194
3430000.0	-0.14407400406644655	21.695418291921413	-0.15596560282461525	23.143049943402247	-47.51514803755603	25.512904553706377	-48.82450464647889	25.729600872574224	-6.878354202831238	-0.05234418991644094
3440000.0	-0.14407550869761643	21.73338100513759	-0.155967106192044	23.183580425486998	-47.75546913741213	23.816955602619647	-49.0722655218139	24.646590617572727	-6.878364653891929	-0.051829045787555546
3450000.0	-0.14407715996017956	21.770791840421055	-0.1559687578265807	23.223405411646837	-47.99516416708291	22.898862098152584	-49.3197404223859	24.058895224388337	-6.878552665261479	-0.08145938905663183
3460000.0	-0.1440785808546332	21.80579828175351	-0.15597017596941498	23.26147873866563	-48.23784570037696	25.595832510641067	-49.56927053521752	25.814361276670873	-6.878563035514306	-0.052672051411635216
3470000.0	-0.14408024781784423	21.842255386910196	-0.15597184179520962	23.300409131432346	-48.4791253741341	23.91487869364486	-49.818022090650146	24.747656454237365	-6.878579949143923	-0.052150264914828624
3480000.0	-0.1440820524263584	21.878216998502214	-0.15597364688826065	23.33868621934241	-48.719772553890635	23.002597505221456	-50.06648239563107	24.167223037885766	-6.878776906787642	-0.08190055473091691
3490000.0	-0.14408360643060547	21.91173926716036	-0.1559751982416353	23.375184470711698	-48.96336978698012	25.675238281339453	-50.316958338657884	25.89555485361244	-6.878792635158347	-0.052989674250837435
3500000.0	-0.1440853978667347	21.946753467180258	-0.15597698862790121	23.412577304768377	-49.205567900261414	24.008698279429932	-50.56665941268249	24.844517849611243	-6.878814454592078	-0.052461255905743714
3510000.0	-0.1440873186060303	21.981325864875103	-0.15597890992672436	23.449366859185233	-49.447127469014	23.102049413784997	-50.81606425698936	24.271103372665756	-6.879018289113401	-0.08232579924003602
3520000.0	-0.14408896963562867	22.013425695450728	-0.1559805583702527	23.484352090107052	-49.691602109747755	25.751284983527736	-51.06744672304057	25.973338024849866	-6.879037890325236	-0.05329681538139948
3530000.0	-0.1440908505237095	22.047056703845993	-0.15598243826170677	23.520267861321205	-49.93468033584876	24.098599324215648	-51.31805792288748	24.93735512590363	-6.879063172349923	-0.0527618302023667
3540000.0	-0.14409285355802126	22.080297074470394	-0.15598444189794858	23.555628275631662	-50.17711431081672	23.197405323328557	-51.5683681838565	24.370722143703304	-6.879271998328109	-0.08273526500178392
3550000.0	-0.14409456937110843	22.11103329640697	-0.15598615515923075	23.589160420732266	-50.422429786647356	25.824126391835552	-51.820619563893345	26.047860207219205	-6.879294144521307	-0.053593380997274155
3560000.0	-0.14409650882977854	22.143338053003696	-0.15598809364583754	23.62365754786807	-50.6663515074744	24.18475667655796	-52.07210317331507	25.026340870645015	-6.87932161532454	-0.05305193471630208
3570000.0	-0.14409856467127113	22.175300959764222	-0.15599015010485573	23.65764520859032	-50.90962359353645	23.288842977701844	-52.32328139697453	24.46625768846228	-6.8795337862427095	-0.0831292069651531
3580000.0	-0.1441003175338018	22.204729697645305	-0.15599190042514177	23.689782066444337	-51.15574494592134	25.893907760485426	-52.57636568859897	26.119264055621976	-6.8795573351167505	-0.05387939140736893
3590000.0	-0.1441022892500161	22.235762555235354	-0.1559938711709803	23.722916881564565	-51.400475162818225	24.26733591995224	-52.82868560675722	25.11164017262014	-6.879585909242399	-0.05333161969824158
3600000.0	-0.14410437298862622	22.26650011055194	-0.15599595552160483	23.75558616265277	-51.64455065645603	23.376531147465734	-53.080695936383904	24.55788096029073	-6.879800031097047	-0.08350796098074618
3610000.0	-0.1441061397251815	22.29467495891233	-0.1559977197063258	23.786383406408483	-51.89144447569589	25.96076652474595	-53.334578678390926	26.187685722807224	-6.879824028402955	-0.054154953376696006
3620000.0	-0.1441081218710254	22.324487846595208	-0.1559997008659808	23.8182101689411	-52.136949722725056	24.34649409973888	-53.58770034670447	25.19341088133123	-6.87985280599645	-0.05360101343334758
3630000.0	-0.14411021298186277	22.354049863680164	-0.15600179256738667	23.84961344763503	-52.3817954355467	23.460630299240297	-53.84050845317565	24.645755750330977	-6.880067727216543	-0.08387191969257025
3640000.0	-0.1441119746859627	22.381022041196335	-0.15600355169585534	23.879124654254305	-52.62942976925622	26.02483290610162	-54.0951566577456	26.253255127726057	-6.880091395007469	-0.05442023836473513
3650000.0	-0.14411394956123846	22.409664608832784	-0.1560055255563242	23.90969558195008	-52.875678038276	24.422380351850045	-54.34904699216766	25.271803880032376	-6.880119647374852	-0.053860302331193176
3660000.0	-0.14411603149479646	22.438098736027186	-0.15600760804751168	23.939883270017464	-53.12126222068946	23.54129317563799	-54.602620007087786	24.730038927598727	-6.880334436507414	-0.08422151417170569
3670000.0	-0.14411777307382145	22.463917222903486	-0.15600934701707558	23.96815996264863	-53.36960650440321	26.08623044008315	-54.85800209466695	26.316096226251506	-6.880357154446529	-0.0546754654275646
3680000.0	-0.14411972662423	22.491436970154442	-0.15601129951517656	23.997525274446893	-53.61656717257193	24.49513645284659	-55.112629420643195	25.346963365100716	-6.880384304256067	-0.054109715286135354
3690000.0	-0.14412178630695127	22.51878881116976	-0.15601335971477504	24.02654586024657	-53.86285944341539	23.618665303710756	-55.366935872120585	24.81088068956516	-6.880598222548076	-0.08455719994386857
3700000.0	-0.14412349596874297	22.543500472653808	-0.15601506672665977	24.053637559643054	-54.11188443271457	26.145076441276387	-55.62302160896549	26.376327279849193	-6.880619506740565	-0.054920887811588354
3710000.0	-0.14412541726985584	22.569942865278172	-0.15601698693226318	24.08184552669204	-54.35952819535016	24.564897306062207	-55.878355599045825	25.41902712640074	-6.880645106687676	-0.054349511420846
3720000.0	-0.14412744459053517	22.5962560877842	-0.15601901472420465	24.109745624692664	-54.60649947619328	23.692885445526294	-56.13336535002045	24.888424817520033	-6.88085757979041	-0.08487944638796373
3730000.0	-0.14412911333377654	22.619905786139515	-0.15602068077318876	24.135699906651944	-54.856177183239936	26.20148241668567	-56.390125787722184	26.43406111905132	-6.880877061733749	-0.05515678247090169
3740000.0	-0.1441309940919835	22.645314361686662	-0.15602256038948692	24.162796908765543	-55.10447599094299	24.631791375285708	-56.6461374056225	25.488126824806866	-6.880900773842115	-0.054579970509362974
3750000.0	-0.14413298141579478	22.67063079617568	-0.15602454813638733	24.18962131398226	-55.35209844447383	23.764086001357622	-56.901821593983996	24.96280893248768	-6.8811113649837745	-0.08518872872578608
3760000.0	-0.14413460255742017	22.69326149295914	-0.1560261665376057	24.214483870564063	-55.602402078458496	26.255554436187243	-57.15922901515003	26.489405399610554	-6.881128772027746	-0.05538344189821534
3770000.0	-0.14413643665428388	22.717677957503042	-0.15602799944488677	24.240514456054097	-55.851329078029366	24.695941074872895	-57.41589044416417	25.554388264170775	-6.881150348715575	-0.054801385522097665
3780000.0	-0.14413837838502985	22.742037687956607	-0.15602994154974859	24.266306201550236	-56.099576050037314	23.83239337361451	-57.67222143163	25.034164748626534	-6.881358734504795	-0.08548552200643715
3790000.0	-0.1441399471400331	22.76369053804528	-0.15603150751798012	24.290120904447594	-56.35047996071653	26.307393466914984	-57.93024929142821	26.542462849908276	-6.881373872466834	-0.055601167786940575
3800000.0	-0.14414173023128285	22.787154855326243	-0.15603328937214211	24.315127851827178	-56.600009444778145	24.757463123257565	-58.18753390160924	25.617931655842664	-6.88139313986404	-0.055014056849896006
3810000.0	-0.14414362242964796	22.81059630288609	-0.15603518189615517	24.33992826788803	-56.84885540675599	23.897928297835875	-58.4444852113993	25.10261832189401	-6.881599089169039	-0.08577029662845383
3820000.0	-0.14414513554793906	22.831310741431675	-0.15603669218225935	24.362737232692997	-57.10033503350244	26.357095677003624	-58.70310808737655	26.593331508736654	-6.881611827304309	-0.05581026614043677
3830000.0	-0.14414686471941618	22.853861215438965	-0.15603842007035595	24.38676161312729	-57.35044236755682	24.816468865328865	-58.960990368898536	25.67887187448602	-6.881628670927194	-0.05521828785537326
3840000.0	-0.1441487047775567	22.876421216072476	-0.15604026040712338	24.41061038708594	-57.599862877480575	23.96080614574769	-59.218536640168715	25.1682902924114	-6.881832026858792	-0.086043515047153
3850000.0	-0.14415016023647365	22.896235039331966	-0.15604171299021274	24.4324540376027	-57.85189469724516	26.40475271306608	-59.477730182518584	26.64210495297367	-6.881842285130029	-0.05601104352426835
3860000.0	-0.14415183371434193	22.91790839121234	-0.15604338514036176	24.45553527730517	-58.10255630085193	24.873064568139263	-59.736185699826514	25.737318704390894	-6.881856637809962	-0.055414381472447566
3870000.0	-0.14415362008314503	22.939622268139487	-0.1560451717428668	24.47847051325423	-58.35252793545499	24.021137204371417	-59.99430263720279	25.231296119467054	-6.882057302611322	-0.08630562939612187
3880000.0	-0.14415501683106235	22.958571708928673	-0.1560465655736527	24.49938764516319	-58.605089416301084	26.450451954890834	-60.25404352117944	26.688872514933298	-6.882065041072889	-0.05620380422010522
3890000.0	-0.1441566337411695	22.979403148909025	-0.15604818111414076	24.521563587106524	-58.85628269549556	24.927351693432893	-60.5130488655796	25.79337707585699	-6.882076872928714	-0.05560263763212514
3900000.0	-0.14415836570462126	23.000304780437865	-0.15604991326889373	24.543621864975748	-59.10678301685354	24.07902693432927	-60.771713192346226	25.291746308458507	-6.882274795467831	-0.08655707981241996
3910000.0	-0.14415970344971551	23.018424578855768	-0.15605124805824744	24.563649708405393	-59.3598525737643	26.494276750249806	-61.03197907303639	26.733719489424313	-6.882280005518875	-0.05638884808931809
3920000.0	-0.14416126361997073	23.03844787376085	-0.15605280681972555	24.584956672959503	-59.611555881978475	24.97942714992156	-61.291511817523094	25.847147291433007	-6.882289315720577	-0.05578335133912696
3930000.0	-0.14416294111042305	23.058569757048236	-0.15605448446185655	24.60617310650348	-59.8625633906145	24.13457620997503	-61.55070123098028	25.34974662937596	-6.88248448124451	-0.08679829330311152
3940000.0	-0.14416422014834485	23.075893226983517	-0.1560557605083197	24.62534738718505	-60.11612034297572	26.53630663221029	-61.81147070017853	26.776727330681343	-6.882487178492846	-0.05656646899450009
3950000.0	-0.1441657239479195	23.095140763805013	-0.1560572628628627	24.64582023133091	-60.36831293883243	25.029383527663256	-62.071509356334985	25.898725242038758	-6.882493988559977	-0.055956811259028724
3960000.0	-0.14416734739614778	23.114514074973712	-0.15605888642605148	24.666228524818486	-60.619807032158214	24.18788154344488	-62.33120248514189	25.40539832662229	-6.8826864103739185	-0.08702968302650954
3970000.0	-0.14416856847057247	23.13107316681685	-0.1560601044762695	24.68458352357298	-60.873831563599474	26.576617520851475	-62.59245502986349	26.817973839391833	-6.88268662886203	-0.05673695365849152
3980000.0	-0.14417001668006701	23.1495760127396	-0.15606155120743992	24.704255698519162	-61.12649357088844	25.07730931652062	-62.85297901882882	25.948202613091357	-6.882690977253041	-0.056123298706085956
3990000.0	-0.14417158689446374	23.16823066372214	-0.1560631215030055	24.72388820186102	-61.37845450373978	24.239035294348746	-63.113155372826455	25.45879832012002	-6.882880690011982	-0.08725164789055685
4000000.0	-0.14417275108504946	23.184056023633214	-0.15606428263961103	24.741456812275302	-61.63292762399115	26.615281911120263	-63.37487133754624	26.85753334019395	-6.882878477578635	-0.05690058086521481
4010000.0	-0.1441741447923981	23.201843982859497	-0.15606567483827138	24.760360419320428	-61.88603999362604	25.123289110356414	-63.63586090305678	25.995667080871428	-6.8828804153532746	-0.0562830869435238
4020000.0	-0.14417566286227412	23.219808675233352	-0.15606719295841565	24.779248181549093	-62.13844884071253	24.288125866606627	-63.89650087387123	25.510039397800597	-6.883067469689314	-0.0874645723913692
4030000.0	-0.14417677149524177	23.234929701310076	-0.15606829851053572	24.796061965764398	-62.393352349242804	26.65236904817145	-64.15866142179182	26.895476850006975	-6.883062884267955	-0.05705762092700968
4040000.0	-0.14417811201274855	23.252031368922193	-0.15606963749184555	24.81422781032408	-62.646896822535965	25.16740379834845	-64.4200976645734	26.041202499432025	-6.883062471632098	-0.056436440727251534
4050000.0	-0.14417957923142666	23.269333645045457	-0.1560711047326908	24.832400631333897	-62.899735447358886	24.335237893623567	-64.6811824292124	25.559210399623417	-6.8832469298773935	-0.08766882663343542
4060000.0	-0.14418063380862378	23.283778540594508	-0.15607215620496984	24.848489873870918	-63.15505189699967	26.68794509140747	-64.94376950647546	26.931872237585875	-6.883240036560661	-0.057208335358571935
4070000.0	-0.14418192260727292	23.300221353737765	-0.15607344344265073	24.865947517630076	-63.409010973459374	25.209730744629898	-65.20563430054979	26.084889078383746	-6.883237340131562	-0.05658361603777951
4080000.0	-0.14418334041126535	23.31688764534237	-0.1560748612433862	24.883433998130986	-63.66226197628107	24.380452412830866	-65.46714582586849	25.60639639332735	-6.883419272932888	-0.0878647664849067
4090000.0	-0.14418434255423662	23.330683469530126	-0.1560758602600263	24.89882775776397	-63.917974649336074	26.722073268250202	-65.73014212842497	26.966784374736623	-6.883410141659202	-0.057352976710243156
4100000.0	-0.14418558121198277	23.34649375609483	-0.15607709733463615	24.915605568924498	-64.172331551135	25.250343957265247	-65.99241809938849	26.12680355194155	-6.883405232313985	-0.05672485995751175
4110000.0	-0.14418695113319924	23.362549430574255	-0.15607846722970198	24.932433158612227	-64.42597826365622	24.423847030553425	-66.25433909861617	25.651678842208945	-6.883584715969511	-0.08805273383240465
4120000.0	-0.1441879025393824	23.375722146601955	-0.1560794154906553	24.947159318268387	-64.68207112656746	26.75481401853186	-66.5177280395481	27.000275279595982	-6.8835734197117695	-0.05749178852344068
4130000.0	-0.14418909270071723	23.390925171586186	-0.15608060404912205	24.96328451993429	-64.93680976834689	25.289314247477638	-66.78039853209867	26.16701933960086	-6.883566370906795	-0.05686041065854775
4140000.0	-0.14419041632915075	23.40639457610035	-0.15608192763088713	24.97947956385388	-65.19083620463118	24.465496077882634	-67.04271243273524	25.69513576516735	-6.883743485283869	-0.08823305690761868
4150000.0	-0.144191318737807	23.418969097121167	-0.1560828268777561	24.99356487860311	-65.44729388773773	26.786225130292657	-67.3064781113405	27.03240425239203	-6.883730098641447	-0.05762500537891418
4160000.0	-0.14419246208235226	23.433589106836408	-0.15608396860198503	25.00906359528671	-65.70239884720029	25.32670937985944	-67.56952715835544	26.205606698831943	-6.883720985108493	-0.05699049747473236
4170000.0	-0.14419374103715832	23.448495610412074	-0.1560852474918164	25.024651378456035	-65.95678967900433	24.50547075833429	-67.83221807155095	25.73684188936567	-6.883895812026745	-0.08840605066417183
4180000.0	-0.14419459620307506	23.460495843298112	-0.15608609948156982	25.03812152159355	-66.21359744580359	26.816361867670743	-68.09634524384407	27.063228004090526	-6.883880410140179	-0.057752853014507666
4190000.0	-0.14419569442141889	23.47455610754178	-0.1560871960642647	25.0530188239101	-66.46905393513646	25.36259421430722	-68.35975753684656	26.242632870193013	-6.88386930688438	-0.05711534103614191
4200000.0	-0.14419693032869407	23.488922141269722	-0.15608843189030885	25.068023614201664	-66.72379446379968	24.54383928780624	-68.62281022808708	25.776868795778206	-6.8840419288706425	-0.08857201718828166
4210000.0	-0.14419774000210506	23.500371028382737	-0.15608923837519484	25.08090322148483	-66.98093818385105	26.84527709148875	-68.88728427821131	27.092800778322033	-6.884024586592845	-0.05787554849453025
4220000.0	-0.14419879477735975	23.513893880735633	-0.1560902915014193	25.09522316907202	-67.23673202265397	25.39703084025278	-69.15104514727476	26.278162215236264	-6.884011568130029	-0.05723515345004987
4230000.0	-0.14419998925323707	23.52774097618093	-0.1560914858817002	25.109668258408696	-67.49180815232482	24.58066702742057	-69.41444500306724	25.815285057959244	-6.884182067468436	-0.08873124613051674
4240000.0	-0.14420075516464603	23.53866053526402	-0.15609224859407078	25.121980970522102	-67.74927427541341	26.87302137309534	-69.67925191815198	27.121174466953356	-6.884162858739997	-0.05799330041643548
4250000.0	-0.14420176815857655	23.55166741156287	-0.15609325992738654	25.13574665322694	-68.00539186486529	25.430078703735607	-69.94334727315787	26.312256347552335	-6.884147998523939	-0.057350138514769285
4260000.0	-0.14420292279653335	23.565016237492962	-0.15609441445711703	25.149654397136835	-68.26079007693055	24.616016609675924	-70.20708029723735	25.852156374313267	-6.884316456539935	-0.08888401514881449
4270000.0	-0.1442036466454235	23.575427599791443	-0.15609513509815987	25.16142290039432	-68.51856560835893	26.899643101913753	-70.47220663991062	27.148398719654892	-6.884295453924993	-0.058106309143647394
4280000.0	-0.14420461948815877	23.58793907494367	-0.15609610627033543	25.174656477809002	-68.77499390637054	25.46179472782158	-70.73662299268732	26.344974257339853	-6.884278823924641	-0.05746049195648381
4290000.0	-0.14420573584965624	23.600809472473525	-0.15609722251256208	25.188048333402154	-69.03070123319016	24.649948058389832	-71.00067574578047	25.887545694211926	-6.884445320453855	-0.08903059035559704
4300000.0	-0.14420641929627376	23.610732919162928	-0.15609790274407143	25.199294398806185	-69.2887737146707	26.925188587189872	-71.26610862988353	27.174521047836624	-6.884422594802906	-0.05821476705610495
4310000.0	-0.1442073535788424	23.622768742341282	-0.15609883534763558	25.212017138167994	-69.54550021253262	25.492233426804674	-71.53083303758001	26.376372429841133	-6.884404265197303	-0.05756640168141035
4320000.0	-0.1442084331865603	23.635179758565748	-0.15609991482648677	25.224913700567882	-69.80150422176057	24.68251890276986	-71.7951926363903	25.92151333821163	-6.884568878199105	-0.08917122676322539
4330000.0	-0.14420907784607895	23.644634755614398	-0.15610055626504682	25.23565822123495	-70.05986169198438	26.949702154283337	-72.06091970431576	27.199586923235426	-6.884544498411097	-0.058318858811499244
4340000.0	-0.14420997511517175	23.65621388394243	-0.15610145184805369	25.247890533791665	-70.31687439344405	25.521447014566757	-72.32593975424187	26.406504957924987	-6.884524537376547	-0.05766804803679135
4350000.0	-0.14421101944829573	23.668183804133893	-0.15610249604403137	25.260311571093776	-70.57316315460828	24.71378428599384	-72.59059384248248	25.95411711267216	-6.884687342661599	-0.08930616872381882
4360000.0	-0.1442116268868645	23.67718903564347	-0.15610310025707275	25.27057459814229	-70.83179415292894	26.973226235889985	-72.85660324257539	27.223639871473065	-6.884661375523243	-0.058418761612629974
4370000.0	-0.14421248864130476	23.688329666444293	-0.1561039603195793	25.282336074012854	-71.08908154920944	25.549485507492943	-73.12190702976605	26.435423649192497	-6.884639849092358	-0.05776560407643341
4380000.0	-0.1442134991324	23.69987604490619	-0.15610497066644058	25.294300560819877	-71.34564361938651	24.743797068604454	-73.38684375595224	25.985412419052587	-6.88480092013842	-0.08943565036034701
4390000.0	-0.14421407086464022	23.70844944502673	-0.1561055391697419	25.30410133776958	-71.60453714851269	26.995801458516414	-73.65312412116403	27.246721560876463	-6.884773430223911	-0.0585146454762258
4400000.0	-0.1442148985531988	23.71916904669176	-0.15610636516164256	25.315410779369504	-71.86208820046308	25.576396822270382	-73.91870022699996	26.46317812784742	-6.884750402200048	-0.05785923582671566
4410000.0	-0.14421587658631374	23.730308736288688	-0.15610734304451235	25.32693692894369	-72.11891260258278	24.772607927027245	-74.18390822323995	26.015452358136116	-6.884909810036689	-0.08955989598690911
4420000.0	-0.14421641407393615	23.738467519787857	-0.15610787730082798	25.336293924675196	-72.37805811329046	27.01746672450393	-74.45044865072285	27.26887188682251	-6.884880859653492	-0.05860667350083533
4430000.0	-0.1442172090941849	23.748782861359967	-0.15610867062070088	25.347169378765912	-72.63586223110231	25.60222686884446	-74.71628612246015	26.4898159316376	-6.884856391568329	-0.05794910255116065
4440000.0	-0.14421815600389554	23.75953204184605	-0.15610961737512774	25.358274673883123	-72.89293843438887	24.800265447464508	-74.98175448404598	26.044287829450354	-6.885014204714109	-0.08967912051662602
4450000.0	-0.14421866065517364	23.76729273335042	-0.15611011879367442	25.367205614234617	-73.1523258067501	27.038259289888725	-75.24854451473263	27.29012905186317	-6.884983853884434	-0.058695002131348296
4460000.0	-0.1442194243531123	23.77721991285351	-0.15611088078842617	25.377664402645674	-73.41037283118685	25.62701963885904	-75.51463285015754	26.515382604120912	-6.884958004988031	-0.0580353570105479
4470000.0	-0.14422034142430196	23.78759411800348	-0.15611179770016825	25.38836562517228	-73.66769073256437	24.826816215444016	-75.78035111543315	26.071967626103426	-6.885114289428479	-0.0897935298562279
4480000.0	-0.14422081459420522	23.7949725800449	-0.15611226763675745	25.396887523221178	-73.92731025803023	27.05821483833447	-76.0473807192331	27.310529641861113	-6.8850825958972965	-0.05877978141839531
4490000.0	-0.14422154826449063	23.80452705162365	-0.1561129996018602	25.40694627229563	-74.18559044248552	25.650817289817894	-76.3137098318486	26.539921782504354	-6.885055423172788	-0.058118145718056985
4500000.0	-0.1442224367326581	23.814541195251127	-0.15611388790719793	25.417259531552816	-74.44314034878641	24.852304901235325	-76.5796679684444	26.098538525264647	-6.8852102423687	-0.08990332128675646
4510000.0	-0.14422287972346393	23.821552655109894	-0.15611432766486555	25.425388716638754	-74.70298271301895	27.077367551383723	-76.84692752111934	27.330108698379817	-6.885177261632388	-0.058861155271567614
4520000.0	-0.14422358461008855	23.830749255059423	-0.15611503084503653	25.435063385475672	-74.961486706243	25.673660225198958	-77.1134877463781	26.563475281306935	-6.8851488198291095	-0.05819760918773524
4530000.0	-0.14422444566207648	23.840417655958024	-0.15611589173151508	25.445004145444244	-75.21925931655994	24.876774341352444	-77.37967612549929	26.124045374532738	-6.885302234748087	-0.09000868382993113
4540000.0	-0.14422485972435073	23.847076731397017	-0.15611630256149667	25.45275629098282	-75.4793155876582	27.09575017524571	-77.64715639449597	27.348899787503292	-6.885268020097378	-0.05893926170562408
4550000.0	-0.14422553702163654	23.855929703094656	-0.15611697815171244	25.46206219849891	-75.73803441572683	25.695587170779575	-77.91393845653413	26.58608317203333	-6.885238361777627	-0.058273882175855135
4560000.0	-0.14422637179664832	23.865266108955826	-0.1561178127591587	25.471645303906698	-75.9960208076917	24.90026561636272	-78.18034784155445	26.1485311743564	-6.885390430941876	-0.09010979860049322
4570000.0	-0.14422675813047725	23.871586832879956	-0.15611819586214093	25.479035454049068	-76.2562824026054	27.113394084304357	-78.4480399695142	27.366935065330228	-6.8853550335158396	-0.05901423307900197
4580000.0	-0.14422740898432362	23.880109850697387	-0.1561188450088764	25.4879873049348	-76.51520746119523	25.71663524734243	-78.71503496903739	26.607783859113898	-6.8853242091110864	-0.058347093914560506
4590000.0	-0.14422821857515622	23.889127461041973	-0.1561196544306407	25.497227006271668	-76.77339907215696	24.92281812516638	-78.98165649793397	26.172037156721064	-6.885474988657894	-0.09020683914411576
4600000.0	-0.14422857833156932	23.895123305136146	-0.15612001095818684	25.50426960145817	-77.03385776845165	27.13032934155236	-79.24955198693945	27.38424534026289	-6.885438457505284	-0.05908619632450465
4610000.0	-0.14422920384085014	23.90332949735627	-0.1561206347608266	25.512881511051997	-77.29298079514312	25.73684003998218	-79.5167513855494	26.628614152259473	-6.885406515379133	-0.05841736833759596
