200000.0	-0.737745323780161	0.2767132575067454	-0.05948801870407222	-0.1396501883794258	0.08459864898900955	-0.24847847501285084
400000.0	0.018756626579592872	-0.0015741737186236726	-0.0473103065408117	0.20411547469024457	-0.04950627035000219	-0.290843361910943
600000.0	-0.012943054622536199	0.009548180328185774	0.015893166621702537	0.11173581672780997	0.041706142918043906	0.004550749714392149
800000.0	-0.04529180967471014	-0.018110514967697833	0.014511553502165542	-0.09336243546575579	-0.08028863119362993	0.14009647547123177
1000000.0	-0.01787564311595613	0.020805440724749602	-0.02330951374341969	-0.08728408412187028	-0.003417188520567077	-0.13785753876615897
1200000.0	-0.0027420568277463087	0.028891766063671054	0.037509583988167006	0.11120357730259012	-0.06060657109198733	0.19906905138518607
1400000.0	-0.05477421626274337	0.0444073937845226	-0.05554527145446264	-0.06121718194963155	0.22441479662416255	-0.1582858084542952
1600000.0	-0.008747491102677918	-0.05043558513066754	0.04230372990617648	0.034613923944015634	0.03287791318711873	0.1592693868680713
1800000.0	-0.04290115505478331	-0.05997915737092907	-0.04187138594151399	0.01901839127286875	-0.0302650131306745	-0.18326149271593195
2000000.0	-0.05588365176328991	-0.042375467677454925	0.05968229268059705	-0.05851164553749788	-0.22894577321270446	-0.017062273465037373
2200000.0	-0.016646851184017875	0.09616803102302127	0.06531108121871032	-0.028825749442416337	0.1582207151057846	-0.006905624903796176
2400000.0	-0.003517707952221949	-0.0075675526496605805	0.07033001804480049	0.06369038195773302	0.028363497575809797	0.04843070704087428
2600000.0	-0.048683974173611366	-0.024808850307964703	0.05722536877909973	-0.24642238645784809	0.058894551934281114	-0.060938399066402055
2800000.0	0.11427988095263542	-0.06342191436801786	0.0940935643688961	0.14864165451399902	-0.09913011117740773	0.1321611824712499
3000000.0	0.01304415967078787	0.004336794092625829	0.05605587876065904	-0.071717971974955	-0.22969128283646584	0.015142129100431459
3200000.0	0.07231733400133622	0.16334218138633655	0.06792152322661615	-0.028131449720654178	0.26916151309524794	0.06554434290166468
3400000.0	0.12109229917047892	-0.010409448864174664	0.06287404971187827	0.2216388481400393	-0.2003167073544138	0.1809586589454297
3600000.0	-0.02451249387145371	0.11787061855801881	0.01648593355792577	-0.02150774539646516	0.01823693535403398	0.24884822675798782
3800000.0	-0.00394390853314569	0.12939960205379408	-0.048507268919465746	-0.08381134730407624	0.1257664737205048	0.09009765964598188
4000000.0	0.03902401570767988	0.06292354808559618	-0.05924247371091851	0.07784650529856485	-0.020005105770454612	0.20078008847446574
4200000.0	-0.007202290015049462	0.08404205641121118	-0.11070509656633074	0.14196462006144173	0.03542591415001317	-0.02538921004223733
4400000.0	-0.08856350045650685	0.07294931962064136	-0.08999474596709253	-0.10078193151889803	0.01896254704513084	0.18942866993406482
4600000.0	-0.038114757912944386	0.07250345733834333	-0.14114393070357206	-0.050889100453276104	0.0984958869002262	-0.10858790819268685
4800000.0	-0.008785013342945458	0.02209812223637278	-0.09397681007742126	0.12228343487168036	-0.1550544065426665	-0.05269132198837712
5000000.0	-0.06861240336632868	0.13167343472642756	-0.06827577423070039	-0.06569428644762709	0.1506651014606415	-0.013124957966767305
5200000.0	-0.023075382462762306	0.050022117736103155	-0.054285745865961854	0.04074554966747934	0.024278225275637166	0.00797970887093563
5400000.0	-0.03804742215197798	0.0539363714606631	-0.04762297751568073	0.07414595118905276	0.0815965070145444	0.049398585722103955
5600000.0	-0.07488701420512278	0.007748856914752411	-0.05724077489980342	0.2028375981784758	0.022824018711102845	0.012040032065567325
5800000.0	-0.18169205697872126	0.0026190999736472875	-0.05492419791806602	-0.07527354062293501	-0.1132295540577739	0.028112244230563813
6000000.0	-0.1502759156336433	0.053887231696495674	-0.05902607449455566	-0.14765836385036102	0.0857103451261586	-0.034274568505060284
6200000.0	-0.08217292258333764	0.0001077652050101019	-0.03845010914188665	0.005097410630652277	0.04462809593681716	0.08734057982764089
6400000.0	-0.08929318066226699	-0.02075865297741941	-0.06547336486079738	0.001471122221306853	0.0364156806023902	-0.045163314263750955
6600000.0	-0.09411523442707637	-0.04893571944839592	-0.04045490810257585	-0.09579508652711777	0.05193580906214945	0.03296623126722695
6800000.0	-0.042658653547800185	-0.06184579019889602	-0.0456028605292744	-0.01940188031064194	-0.20041743750653218	0.05218087261923565
7000000.0	-0.027873912284010594	0.044634903025606354	-0.06025455300025592	-0.08460543296067424	0.06459169882776616	-0.014437378548302158
7200000.0	0.015584314928262621	0.012672287231159318	-0.047463643755856044	0.20344661787491836	-0.2893086373450471	-0.045365614692761944
7400000.0	-0.09221452025310484	0.16468071694573316	-0.02376807859767091	0.026662600410782833	-0.04917763605938008	0.1888627101478204
7600000.0	-0.09754707975618082	0.19576020686962536	-0.09546404480593795	0.0640402597566383	0.18493472218993268	-0.038325677967636626
7800000.0	-0.12492737629085937	0.11577184772157745	-0.07532834281393624	0.03471502239452695	-0.08946991713225705	-0.03180018374815828
8000000.0	-0.12657559796323525	0.16062517182742697	-0.057031137081159866	-0.09104913724376118	0.1417566802107404	-0.08043686185363091
8200000.0	-0.08377526898910403	0.0968511773298113	-0.01867192452974628	-0.0089551416875282	0.1293256601749866	0.24333460117905087
8400000.0	-0.06970650751987684	0.03452783991910913	-0.11555001373145884	-0.015274006830032771	0.00959899790622587	-0.08021941250787791
