200000.0	1.5350411358306764	0.4601485546722477	1.8034702830883305	0.11392800438663293	-0.14400683145351043	0.49659751298909377	-0.00041738510701041256	-0.0009326707947624349	-0.00016877314282804222	1.4031048174331528e-05	-1.7105074875423132e-05	6.0196054890563805e-05	-6.01809306462543e-11	-1.3307816865167682e-10	-2.490397573544321e-11
400000.0	0.019625342228925136	0.013751384140619367	0.009295376780386548	-0.0635120750066538	-0.04170488761783409	0.08434826196105935	-0.0005101980092198088	0.0003593128496754422	-0.00020638883924413396	-2.2355175451685917e-05	-1.4479435061251363e-05	3.036504948817885e-05	-8.916298029284974e-11	6.32230543481943e-11	-3.554201600214442e-11
600000.0	-0.03226495966535675	0.027553921173244487	-0.04462424804403143	-0.09827314757092458	0.06815945315873566	-0.026637462471469385	0.0018727983200060316	0.0029391977649298774	0.0006113248608753813	-7.19018523095493e-05	4.814538190889596e-05	-1.8364000405396436e-05	3.829657360110635e-10	6.151564883818487e-10	1.2490561124899785e-10
800000.0	0.03153836138591897	-0.02700952454274089	0.00127651325961344	0.030345840882586718	-0.23076649397193455	-0.07554978000361517	-0.011159401893381759	-0.00032470130515190846	-0.003485446136096283	5.87738088673346e-05	-0.00028603238999166074	-0.00013394228813069182	-2.754107878980357e-09	-1.4411182253067411e-10	-8.411191543429596e-10
1000000.0	0.00765950889642594	0.10011025195508896	0.05336075958772686	0.02427995434292949	0.17148496024672505	0.1374677167053209	0.011947683963195992	-0.004486090249610723	0.0034741473209646697	-2.9743655804455116e-05	0.00031584435829606797	0.0004462198321032985	3.510441287430749e-09	-1.1591738717769096e-09	9.92217495016212e-10
1200000.0	0.05855292671699161	0.057184222928081715	0.01448965502827969	0.16349599599955525	0.18152271227893244	0.07918291004017824	0.015826129545203436	-0.016363700407236077	0.004823627039568846	0.0002850911488119144	0.00043655471867667836	0.00033735794633575633	5.688968687970419e-09	-5.3547244766124555e-09	1.6674130306131098e-09
1400000.0	-0.06943794017597986	-0.11485124809928965	-0.09237024892290392	-0.09063907340177549	-0.16246086484220473	-0.1630996583197705	-0.01454096661411595	0.012222277825592747	-0.004034613796651945	0.00014552576438542068	-0.00047434488587975044	-0.0016678074199744744	-6.068855128680502e-09	4.402131175499541e-09	-1.6312938417086729e-09
1600000.0	-0.16595372604051756	0.06457275850599746	0.047944279165866896	-0.3133629814343572	0.1009529406989097	0.022315730962344862	0.010017651129878591	0.03090022026455264	-0.0027275572221478863	-0.0011764755578840915	0.00019076749748770657	0.001645740929534868	3.219540708047353e-09	1.5811453874773118e-08	-1.1318290418213689e-09
1800000.0	0.21787395701521167	-0.1414682519416442	0.09457377887950319	0.25922274767062287	-0.21073411159380956	0.15238105699715074	-0.023064620417017057	-0.027407322146760286	0.0021600365106908817	0.0003315425781146114	-0.00016792510790199564	0.002254616467114076	-1.1905296262360152e-08	-1.788297517153846e-08	2.8373261795354617e-10
2000000.0	-0.06557288585377764	0.01907665526754247	-0.018918714772536954	-0.08321492254432375	-0.02098322798725682	0.05122364418450167	-0.0027038642585555475	0.0069156068508060406	-0.0019278733678790533	-0.0006921365604118952	0.00010616415662706845	0.002703340561965852	-3.357638716506758e-09	5.057085314942582e-09	-1.3985116332164316e-09
2200000.0	-0.021536982253805313	0.11199665515860145	-0.11013142314064991	-0.0546294980775105	0.13161275224592175	-0.06886680580531856	0.012927452113426236	0.005126599770081323	-0.0017482667628613566	0.0001834950223696286	-6.948549585318717e-05	-0.002437356550703736	1.1138250523713697e-08	6.952002328922503e-09	1.628644812447817e-10
2400000.0	0.060085430741171945	-0.0996262419384371	-0.031274058271694286	0.051637466322650094	-0.12361313522317613	-0.010686677148322454	-0.010182489021251954	-0.0036143470275874934	0.0027524912420798533	0.0008598122671850514	-0.00045847991318630134	-0.0028869068751481088	-9.550247503881946e-09	-7.522576276353301e-09	7.113173262015204e-10
2600000.0	-0.00018786070547925637	0.042049355848934176	-0.06379881660251846	-0.012425150426313218	0.03721505709788304	-0.07780260614813378	0.004618588457550237	0.0010395900872518366	-0.0019375998558161024	0.0011394803289047394	-0.0009054967547375077	-0.006808233084351927	7.993283501652924e-09	3.0214841890425348e-09	-1.77618718764706e-11
2800000.0	-0.08667053263464987	0.09573462704583288	-0.0023977680071345445	-0.11805315202520508	0.11117648893175766	-0.041552533485173244	0.009954845229666713	0.00664808778935788	-0.01116652900669883	-0.0003470910066777026	-0.0003553539048135945	-0.0005236146441790399	1.0957823089249557e-08	2.0338544372922505e-08	-6.754476520568741e-09
3000000.0	0.017880426684557676	-0.06421915361078544	0.033069836823521825	-0.01750330041726848	-0.05725638176503336	-0.0019126480057980958	-0.0038664999745373764	0.0015032976134314899	0.0011789893352544807	0.0005319847423584107	-0.0003795689165703766	-0.001635024681645279	-9.683845912565477e-09	-4.721608248427941e-10	-6.807087692295267e-10
3200000.0	0.17858510190902707	-0.05156198157841542	0.08002808582972525	0.17310132782264476	-0.06424513330148889	0.04625059362098726	-0.0068143522060363695	-0.006762876476691408	0.0203620948978183	-0.00021261837557438255	0.001283582713357451	0.0021506756768529286	9.470337588676915e-10	-3.364408167360208e-08	1.7687557167181557e-08
3400000.0	-0.08055524061035907	0.031237129291646452	0.09493307203697078	-0.09622872258284923	0.020220563619906484	0.05638307830189891	0.0007503266031448179	0.003710688914360005	-0.009901977476384407	-0.0019030534972838435	0.0019955926128032127	0.012430873929302162	-2.1405700819573638e-08	1.9837479512435873e-08	-1.3499486758804445e-08
3600000.0	0.11338292535397486	-0.04639447127198827	-0.00594212430154754	0.11459480622701346	-0.05464625604816183	-0.00698271695371078	-0.0038126090734076174	-0.0024051210950533897	0.01732610643907669	0.0007344860957388017	-0.0003022663125012103	-0.005420290946898561	1.305008027580662e-08	-2.8867960319741357e-08	1.956221502922572e-08
3800000.0	0.08815471383246198	0.09126564275253966	0.007890804619004302	0.09034554980245492	0.0849896642607453	-0.00794539224935013	0.004520391937408686	-0.0062247568027040566	-0.004776105729070731	-0.001807846267825106	0.0013655359685523119	0.0025667402081574536	4.505772889324643e-08	-1.4113550944453423e-08	3.920017334809198e-09
4000000.0	-0.07504082710442223	0.0015196198468763727	0.004999927082774594	-0.05975884293861574	0.01183136945002662	-0.0024680021582562488	0.0006751381625708013	0.001562819556696437	-0.005994775443506154	0.0004959947154829121	-0.000709425249493423	4.786811082613978e-05	-1.6763153937838726e-08	1.7258465277634624e-08	-9.968418115912501e-09
4200000.0	-0.06937360376789771	0.04293360755113633	0.03571670844200475	-0.06116114372877727	0.054844607767223996	0.014835203246674866	0.002019233135393919	0.0002434170256258736	-0.011639589293634579	-0.0002753087825360251	0.0006211167686302566	0.006210575803755536	-2.0836609317887277e-08	2.8794800916509246e-08	-1.833146850920599e-08
4400000.0	-0.05042063150634558	0.024259021271598992	-0.018290834523019307	-0.04158385350107948	0.044360191595106645	-0.02078969896185176	0.0016914434143113282	-0.0005292431452227384	-0.009225984910867357	0.000490049077895043	-0.0016445179285362339	-0.0029180567295590946	-5.105416432072008e-09	1.6269286921009834e-08	-1.2171559377946895e-08
4600000.0	-0.084995727263908	-0.14218590084881455	0.07424783144659769	-0.0789231045855096	-0.1545637966242326	0.06751678440640911	-0.004186308098399346	0.010773772430941984	0.027765249922212222	0.0026511352577570277	-1.45438280525741e-05	0.005030004915488552	-8.99553291110256e-08	3.5903089719077496e-08	1.6301962329212415e-08
4800000.0	0.025668456171174647	-0.01977185339355998	-0.011920598380165372	0.011045139840608977	-0.02529553483946888	-0.009100920372553493	-0.0005454300894372744	0.000252078793254068	0.0036555792329380785	5.06415670774134e-06	-0.0005041490607166365	-0.0033929351879844337	1.0570824080158258e-08	-1.4572598483885056e-08	7.989820469581159e-09
5000000.0	0.1768975533041675	0.005980437869684505	0.056405949406541235	0.13280799733938214	0.004383652536515268	0.0256943459444608	-0.0012561812150790907	-0.005833356999985001	-0.0044234277206519745	-0.003794019089564811	0.007591878388266419	0.011255829914202983	7.850011975421896e-08	-7.059897931973722e-08	8.996041470949564e-09
5200000.0	0.007141339450550038	0.14506511095046615	-0.09798189085910407	0.028603299520385164	0.1490552221308084	-0.0802467998648965	0.001837232109317554	-0.006597203597399279	-0.02382581079260674	-0.0011643659735753194	-0.0037921575108121734	-0.010909704610359254	4.624590085224088e-08	-1.068298960488567e-08	-2.7616152927545668e-08
5400000.0	-0.03817325132601314	-0.05766413582782962	0.08565610489980909	-0.033680752573583356	-0.06114122015961157	0.05802082043372786	-0.0002002791333024559	0.003748240339567664	0.010850880563188794	0.0012286849204236226	0.0023025940096581213	0.009854420979355108	-4.651867959633423e-08	3.335951660042061e-08	7.333125943909289e-09
5600000.0	-0.04518428272127058	0.05901368924341322	-0.03100247310171952	-0.022813598881238746	0.05114735418160982	-0.02181340613693008	0.0009951274776889025	-0.0003045345770499025	-0.00491297683414286	0.0008934197038338008	-0.0035108011603901344	-0.004123887398021988	-2.239818445438497e-08	3.4690810645471487e-08	-1.4392678117482165e-08
5800000.0	0.08982435013221866	-0.10436849617038427	0.03927907393662709	0.06340442290847671	-0.0832203757766445	0.016588002845223347	-0.0022618983550969627	-0.0010116131441950302	0.004700341657163624	-0.002896324545184548	0.00710236236557329	0.0037047282157801117	8.096404143065257e-08	-1.0548899912075513e-07	2.9185243770335637e-08
6000000.0	0.011101569535450589	0.03783081613347916	0.060688949295565106	0.015350045161690277	0.025919669701504944	0.03172529816029176	0.00013235764329025916	-0.0005543273965855364	-0.0029747906485388894	0.00023804868262759283	0.0022970235671358813	0.009298272143651531	-1.8365904393534958e-08	3.344623981671887e-08	-1.4781580200802305e-08
6200000.0	-0.03169897404802441	0.12869427169111342	-0.01725054756326276	-0.0033661855498355723	0.09740461851372421	-0.012249412440989798	0.0013490040612408555	-0.0010846901755293045	-0.007967513271689349	0.001579969274186349	-0.005060060806243014	0.00014231559803678227	-5.5280157613719624e-08	9.585354019587674e-08	-3.655699674429732e-08
6400000.0	-0.08056484342577729	0.05618067868662001	0.05782451752167963	-0.056805454263084615	0.036133091107608255	0.04246939020606459	0.0022453190448575777	0.0018576628344093532	0.0026440560449741595	0.0035702872487494257	-0.003808800930375192	0.008085942295298769	-1.0493109976313708e-07	1.4026364888284877e-07	-2.0115955679833694e-08
6600000.0	-0.040303799377808126	0.0002626889199798321	0.011240783254927004	-0.030444921146204125	-2.209925043709579e-06	0.013360252446557752	0.0008840304168915184	0.0009905851078895291	0.002729661956619554	0.00133174227435207	-0.0016011417600915764	0.0015323279475965876	-3.562399464048385e-08	4.2848518205646524e-08	6.767085442001572e-10
6800000.0	0.0056674308867353815	-0.07456714249025534	0.04456430079389851	-0.0029035375875291116	-0.050293604052029595	0.028040825263282616	-0.0005834450627196183	0.0006609005128808518	0.0033490772617442042	-0.0006238084533942601	0.0051019529230018415	0.005012617153666404	2.6225868434102665e-08	-4.989829855951059e-08	1.8359368041510796e-08
7000000.0	-0.005385775757522583	-0.015653758888424844	-0.04397096729639689	-0.0019509528437201508	-0.012562420598062698	-0.020684940977446435	-0.0003491672806530796	2.5349963508889783e-05	0.00040153744680618167	-0.0007561589600105695	1.9089052793875086e-05	-0.004957340067077322	2.390724714896016e-08	-4.484189129054065e-08	1.0531945561644064e-08
7200000.0	-0.02143318391013226	0.035978907422221304	0.01525304884969998	-0.017032814912498886	0.019266163926700317	0.01309772316716517	0.0009154688045755518	0.00027530087524955916	0.0009622083796652234	0.0013922746038939498	-0.00251197741075737	0.002386502734108609	-4.130584638565526e-08	6.707258387432185e-08	-6.648801581859275e-09
7400000.0	0.011095584033004155	-0.02637477793892316	0.016548059719327855	0.004006679320272869	-0.01997681674713781	0.0105804628019658	-0.0004208003785425077	0.00012333727055357054	0.0003683549418861187	-0.0004923835596614072	0.0029459502217764316	0.0021585981918560665	1.9186235989848263e-08	-3.376288706519525e-08	5.850303608541074e-09
7600000.0	-0.03932583912958099	0.048499609489080074	0.01446148519670066	-0.03403145811821953	0.0245425792296982	0.016392204872663744	0.0014454582999357513	0.00042618695016008825	0.002572739447516119	0.002037956916623674	-0.004178156413180254	0.002168416230107985	-5.861575623481737e-08	9.445652934087974e-08	1.1961494762229227e-09
7800000.0	0.009983043133565139	0.08589641427325095	0.06257764750255893	-0.00112978033826424	0.051565853364747324	0.040104277207116824	0.0014813087498062706	-0.00041218080666508906	8.98549068618353e-05	0.002556930776735091	-0.005613020874253863	0.008913808553032353	-8.469606216944401e-08	1.8506365758384236e-07	-2.8869853351300412e-08
8000000.0	0.019951839271278658	-0.02769810655909283	-0.06918899533097364	0.013126799801915227	-0.02095110945878358	-0.031910141389595345	-0.0009810283598791951	2.3933178669464846e-06	-0.0013804042592373482	-0.0016004794141516185	0.00244525743597133	-0.0061086930718475966	4.676905629448787e-08	-1.0150527952709996e-07	5.793601438014343e-09
8200000.0	0.0927939928467771	0.17430840710154302	0.001310611420736501	0.06150044649216377	0.10463307720161191	0.008888750610824735	0.0012065148241057698	-0.0020146925889451307	-0.004340354314229446	0.0022106988568035444	-0.014202607809374946	0.005392428786444394	-1.1384896348901322e-07	3.099421245377784e-07	-8.026438810384126e-08
8400000.0	0.016038207474216047	0.08624630553593571	-0.00986176093824079	0.007535517343156561	0.05533067670347298	0.005185529027588023	0.00111839383929976	-0.0007517038179607859	-4.6817656323240414e-05	0.001578272070860491	-0.008406464393793205	0.0016420599315196244	-6.850557328009027e-08	1.6678745103264753e-07	-2.135147837428481e-08
8600000.0	0.011704444303776542	0.01574111901384499	-0.0286272523485819	0.0070070471874604965	0.013730461513492258	-0.006276132766655772	0.00014227859779576807	-0.000252294003942659	-0.0003779777772328091	0.0001466957913861605	-0.002390375174649146	-0.0008582769594567782	-1.3192953924766633e-08	3.490372360499013e-08	-7.457637502168955e-09
8800000.0	0.10575592810979176	0.002026760841584075	-0.026097466968599034	0.0743266557290729	0.0023903905557637406	-0.011558397162881442	-0.0011475099632840696	-0.0009594042784507271	-0.004941510177092904	-0.001264148835055122	-0.0021013589718845327	0.0010596892919093376	7.0367774712998435e-09	5.469692720203357e-08	-6.97172650570524e-08
9000000.0	0.028913719501880836	0.0023880101596879923	-0.008908744614377238	0.021623257133999662	0.0055121317732081555	0.0005741231403504901	-0.00018527798688356594	-0.0003513517187254615	-0.0011839270537225726	-0.00017736684950294537	-0.0016225344256369052	0.0010324966749394203	-6.605169117438868e-09	4.1505481037777164e-08	-2.2325782191430747e-08
9200000.0	0.003774553072837431	0.006298348419325956	-0.02441914359273096	0.006777473816337423	0.007695645046313679	-0.005385154603961918	3.559543503509738e-05	-0.0001756509631034231	-0.00025382234648609156	-7.831810521321541e-06	-0.0016731075998281577	-0.0007346440106978402	-7.513410206746635e-09	2.31542107138927e-08	-5.572984679598647e-09
9400000.0	0.0038237837920169857	0.0028080045890740615	0.04295437168721228	0.004267830464566238	0.009213724422779242	0.024952362610553145	0.0002489546810881119	-0.000265468460923646	0.00039633545277662435	0.0004297652067234654	-0.0013573895190195676	0.004649777249314831	-1.7211339134918273e-08	7.208265085335581e-08	-5.98757515876511e-09
9600000.0	0.05986248859981036	-0.005535505374962595	-0.03390764156509404	0.04285610835176973	-0.0022770910495236514	-0.010687283924666818	-0.0005722948750504747	-0.0004833128701186542	-0.0023038035904063116	-0.0007755813079750658	-0.0028967860511781083	-0.00024239378611934522	-3.072728297375273e-09	5.4917301622555433e-08	-5.057191983714405e-08
9800000.0	-0.10794237344165719	0.028980293024096982	-0.052433635925013856	-0.06384953730344056	0.024837402032721848	-0.013058320813669288	0.0010601640338928854	0.0005424822324135373	0.003551086708394406	0.0012705363664634421	0.0014205217416646322	-0.004852461717500068	-8.077398953671184e-09	-8.589619748050841e-08	9.343755710879564e-08
10000000.0	0.0525628419968347	-0.009434164577283865	0.03244605793328768	0.03353150219674443	0.0002312805846867421	0.017573067618233098	-0.00026641537140965335	-0.0005133564844966013	-0.0010944682807294045	-0.0003809698927017809	-0.003016559482580071	0.004173937613165763	-1.2053776583953371e-08	1.025270652073884e-07	-4.2823984787196695e-08
10200000.0	0.04786174578383387	-0.017169905998718312	-0.07776544566867757	0.03197991043034438	-0.010883172581401611	-0.02843729877384908	-0.0005633683589063302	-0.00017147315315053008	-0.0019548652705637984	-0.0008282674248170501	-0.002235750916136418	-0.0036234251752235817	2.1288826546216287e-09	7.013012331544222e-09	-4.663830029088705e-08
10400000.0	-0.028527471966157902	-0.11188199383253668	-0.0009629133484818659	-0.009790243845178456	-0.06379829014051118	-0.005835113942992045	-0.0009166335583242148	0.0009432297679073615	-0.0024818509574810344	-0.0005664028190026763	0.00912599226298461	-0.000147850493831896	5.0262891361915916e-08	-1.5972049419456217e-07	-6.337702183065322e-08
10600000.0	0.03416273691166679	-0.04820359864743279	0.01619378095797792	0.02386081622320549	-0.02870567616071432	0.006400994087176181	-0.0006171148524193806	-9.824797754587263e-07	-0.0018256415184743546	-0.0007187845338861163	0.0005129005107706737	0.0022348842464200752	1.0900780096131518e-08	2.1838015924765315e-08	-6.759044474873407e-08
10800000.0	-6.438510522781716e-05	0.02315536008849872	0.046363555374235615	0.0034259811919603025	0.01616492122868176	0.02346970764217647	0.00024531277752127265	-0.00032963758917231914	0.0009503373682865965	0.0001028621138429351	-0.001985999840255423	0.0035603871627174744	-1.1094676092102186e-08	7.325989410509913e-08	2.0548025598801847e-08
11000000.0	-0.019240105857737538	0.03319695717897358	-0.02042615321813333	-0.00788985449485815	0.01934348832802786	-0.0017181994704563467	0.0003253259265304295	-0.00010325232247445967	0.001012835438311104	0.00033143412292882307	-0.0008496236806518254	-0.0008278309569131501	-8.006964526218833e-09	2.4672303981549427e-09	4.262367258781625e-08
11200000.0	-0.011115940677680127	-0.005854443051061438	0.023548021412918892	-0.003507503458232872	-0.001794632008454759	0.012131006623136213	1.6280456176972417e-05	1.701190627335636e-05	0.00012410025771924474	3.7748709071601705e-05	0.0007622458792153861	0.0018831563797823856	2.7876104662779915e-09	7.3065068881152944e-09	-1.2057795178169826e-09
11400000.0	-0.06436783402764515	-0.03346476007332058	-0.008015002952384748	-0.03337738499578097	-0.019699758054682662	-0.003342362474522423	-1.1103156099926915e-05	0.0006569018506548326	-0.0005971510784259706	0.0006353098841391764	0.00640748865384387	-0.0006003304446841834	2.0163200441575674e-08	-1.2333557213238664e-07	-2.1528166250238973e-08
11600000.0	0.05126660009087712	0.07845140378347282	0.0027986221169871237	0.02793338113828198	0.04454461042640594	0.012764639401855474	0.00036353287762012497	-0.0008460659362963689	0.00204759584383309	-0.0004298572528228011	-0.007022080268174708	0.0013336108180061483	-2.4144801504133468e-08	1.380152767455695e-07	9.659229336057744e-08
11800000.0	0.01947594676759309	0.008918520211049583	-0.05560082191029885	0.00991727740840723	0.002953228147899379	-0.014538765188691407	-3.737607472804576e-05	-0.0001076522597462365	-6.31717506777127e-05	-0.00015822196173316484	-0.0018255305292385917	-0.0021095869604947403	-6.59884657226813e-09	9.47261870738803e-09	4.989390278193267e-09
12000000.0	0.04978251472406067	0.014378663871306086	0.04728194688474593	0.028883575582306333	0.010026574599410589	0.023932294082033803	-7.446487389249217e-05	-0.0005470433628267816	0.0007632627371453948	-0.0008582219222691952	-0.004728760448661273	0.003558293161880652	-7.857611093831211e-09	1.2846773637943633e-07	2.8212114166183018e-08
12200000.0	0.0978069566760943	-0.0020857388622424165	0.014858359046512414	0.05345054595869811	-5.223424661617124e-05	0.01438621787074349	-0.0003523748107210391	-0.0007423937003648543	0.0004096034223625513	-0.0016504022895356852	-0.008300483634388919	0.0024333074163952048	-1.302860781636412e-08	1.8515937763191198e-07	1.3661357910260433e-08
12400000.0	-0.03515497420118	0.0799095866162683	0.018303648860743194	-0.011477984174588953	0.043784977145746515	0.013457875683110673	0.000560140135895887	-0.00022812195758681314	0.002009245517081377	0.000557431263436427	0.0010426130812411414	0.0009693277640483668	8.766622957612445e-11	-1.699502550694777e-08	1.3813339265191777e-07
12600000.0	-0.03461428388421061	0.1100706073511805	-0.0733704444335389	-0.01419434791367524	0.05772827072602476	-0.017449761132312853	0.0007339772482727812	-0.00018223109252502132	0.0021425852507286056	0.0011042609796643333	0.001559675428211865	-0.0036543112440205108	-7.105633846475256e-09	-8.446209097061839e-08	1.8496574898488094e-07
12800000.0	0.03560091051499462	-0.12977365268909535	-0.03817228960901936	0.016619299778774445	-0.06532982045284957	-0.011281329200415673	-0.0008044463599002553	0.00025493872644856316	-0.0025759434888905485	-0.0011181915498596202	-0.002909176603142022	-0.00027820299817739964	-1.9770409683904997e-09	6.4902457733295e-08	-2.109455398366022e-07
13000000.0	0.01844559545866969	0.01594352622845107	-0.016661622533218966	0.012528112706181111	0.008899504231394587	-0.0005931776204166068	2.2120448965895634e-05	-0.0002098487004780247	0.0005766609698076833	-0.0003033979051028211	-0.0018302197644643429	-0.0002598604073953217	-3.0788013545889013e-09	2.9639442696257394e-08	5.454307405331255e-08
13200000.0	0.04477969623218944	-0.024932452574925518	-0.006668157571416161	0.024834395978623164	-0.010906483065231497	0.0031141455839779142	-0.00025772028631273553	-0.0002461372532244963	0.00012360035059150165	-0.0009723613049987175	-0.003994113087548878	0.0005320943757615341	-3.4142951225390117e-09	8.362105837128492e-08	1.3596947929238658e-08
13400000.0	-0.019413741112428582	-0.01065951207447546	0.007895436990573166	-0.005094177735850643	-0.004636274829847913	0.0041168114767952384	-2.6406566875419518e-05	7.48571356345648e-05	-0.00023566755328464467	4.633680065017116e-05	0.0005966171087121616	0.000665577867148309	1.7326889349452963e-09	-2.1399476998569304e-09	-2.991385353175998e-08
13600000.0	-0.03727410210810192	0.00827484241687815	-0.12907166064112494	-0.018653685925962376	0.0026112966052261786	-0.04074646185784861	0.0001655625779939379	0.0002869258118859481	-0.0007672156032962065	0.001136903616761119	0.0023206790878136465	-0.005315822156375348	-1.211023262665075e-08	-1.0820013272644789e-07	-5.2694946041096926e-08
13800000.0	-0.03905247414946355	0.04688647254615766	-0.03704692045035487	-0.016003535085589417	0.02216527747358601	-0.011757916093357131	0.00031773342811237736	9.936150571960802e-05	0.00017500761453416843	0.0010034830808053033	0.003254841670137798	-0.0017082164832635687	-1.344160431754539e-09	-8.570671399029592e-08	2.312413835579059e-08
14000000.0	0.06324946069423863	-0.02965375101393819	0.003813374367532377	0.03198490770220559	-0.011361291534468108	0.006096000463445183	-0.00027637787205955934	-0.0003215421021053589	0.0006892929308446039	-0.0013635693511348504	-0.00487680997341518	0.000653673800065663	8.193726397124526e-10	1.0126357005442748e-07	9.716553551351448e-08
14200000.0	0.057916356172329854	0.07478467934547234	0.04272562751611279	0.03311745668440134	0.035916087526598646	0.017617630261601718	0.00018104637639906697	-0.000542871447899242	0.0022511222074365392	-0.0007959737076994363	-0.0014022113159466167	0.0015885192729341905	1.3654803947119418e-08	3.9168638749432115e-08	2.901798659219291e-07
14400000.0	-0.044877217664013834	0.04911152372730991	0.014511465109740001	-0.015430408514110438	0.023793057165342062	0.003692337741414941	0.00029753159353781007	6.833684355616531e-05	0.00012909446643989133	0.0008967906862959097	0.0037611857754639754	0.0004244650850927278	3.90368209355249e-09	-6.936643131159403e-08	-4.032849617705565e-09
14600000.0	-0.027868060168429236	-0.04880997505459091	-0.002084709498415669	-0.010338822275846794	-0.018411187927356118	-0.00014095562844713755	-0.00013610898904549223	0.0001740540400791031	-0.0007822341459224673	-1.1604412856028444e-05	-0.00046579503561619594	0.00022686084441638353	-4.5583289471228954e-09	1.4530506686931626e-08	-1.1555810594400218e-07
14800000.0	0.032964797526887475	-0.06918813521411558	0.03043245801977887	0.017668895708802423	-0.027120295015997258	0.012976755608911667	-0.0003505996137512562	-0.00011005199632421396	0.0002114386082183349	-0.001310329003806746	-0.0042492352643923054	0.0015908398183585401	2.6636878334938595e-09	1.0294475618315693e-07	5.1022778115789035e-08
15000000.0	0.012227875896201824	-0.0318024715183769	-0.048699903984085	0.006788036518215646	-0.011330269357413164	-0.011730504955689792	-0.00012061723446846355	-2.298032962735647e-05	-1.256354551975656e-05	-0.0003262033016275553	-0.0019300801964405973	-0.0014744352068570012	-5.337776833247418e-09	1.9936598710638196e-08	2.4565406914910163e-08
15200000.0	0.030798621228278106	0.015617405626521618	0.0017796005855892204	0.017246751513871676	0.007632721254622643	0.0025520012516795044	5.032153935329772e-06	-0.00019810434066606984	0.0008360089019554805	-0.0004583817519322756	-0.0006629544068430422	0.00010958272392561885	7.304327355125849e-09	1.2373721493729653e-08	1.526151987222089e-07
15400000.0	-0.015947291249762446	0.024982641660603808	0.019323324329543923	-0.0023627821319188863	0.011189724777948402	0.005468912768272128	0.00010572383760554745	-1.2738779005306961e-05	9.35398469863284e-05	0.0002510165395700466	0.00149057084271758	0.0006799177407575698	3.6370826216254832e-09	-2.1397536280810105e-08	-4.2432980705661074e-09
15600000.0	-0.033326207638677	-0.09891274575636437	-0.0395031679253134	-0.012499130286174357	-0.037312860131779216	-0.009230784210279216	-0.0002950377638451996	0.0002191412256951865	-0.0009339370361775715	-0.0003286781677462487	-0.003590653980314281	-0.000981927483536068	-1.6481430824567763e-08	6.028033934016334e-08	-1.300861380478857e-07
15800000.0	0.05898284896209693	-0.0503104044616112	0.027123096413321512	0.028462334057942632	-0.019699326832796456	0.011374890320333803	-0.000285066365585851	-0.0002302090521122594	0.0011559813612828191	-0.0015853776457485603	-0.003926462736585538	0.0010648643839648172	1.3062765594679539e-08	8.856553789049671e-08	2.887039683769498e-07
16000000.0	-0.0313686452226865	0.04955422017354936	-0.0026465024196404216	-0.007968316102920387	0.018548399061434982	-0.001801353275700702	0.00019343052956529076	3.303740981218298e-05	-0.00025919766594322663	0.0007295882785668804	0.002634573328531633	-9.525908366877637e-05	-9.536686176104162e-10	-5.276788076920651e-08	-1.0017799379942243e-07
16200000.0	-0.004814533753589818	0.0636790786820691	0.003694799483674199	0.0016056384771987971	0.024614688531044555	-0.0002197404002721704	0.00021740075519625874	-6.553456481863219e-05	0.00011241758844835182	0.0005571263170730478	0.0030221432174935368	4.211000889331446e-05	5.661452250830799e-09	-5.8874261339799604e-08	-3.2448181372347526e-08
16400000.0	0.0030789063176864537	-0.08070571331924481	0.08145384059997327	0.005847645906900325	-0.029986208896090834	0.0249097297170951	-0.00031151268138837905	-4.565017595910993e-06	0.00043171733785874947	-0.0012381047465082227	-0.0036892713747131737	0.002764182203299178	7.462901947452388e-09	1.0417852745954706e-07	1.6971552518573895e-07
16600000.0	-0.0663466177611099	0.03202852418554207	-0.01708449206485034	-0.023266797978635675	0.013195554722140753	-0.0059307944881435365	0.0001794249148926392	0.00018073887253028858	-0.001085064376154226	0.0011959730465614662	0.00207341209403232	-0.00045543522106688617	-1.5723284636146065e-08	-4.610965299100904e-08	-3.2296709341631063e-07
16800000.0	-0.07544979155643555	0.007666417388603593	-0.08496391483071294	-0.028281352012048462	0.0057931492060006255	-0.023505713075320633	0.0001395729471524083	0.000237257677099867	-0.0013432991624153514	0.001308553574744723	0.0007391180598102068	-0.002519484723265641	-2.7088158361673045e-08	-4.416767406227087e-08	-3.6976392369905707e-07
17000000.0	0.11594811897384336	-0.03077398103205163	0.0015891877929996461	0.04559584502122726	-0.011305591913312783	0.002879917565334443	-0.00019766757658833237	-0.00036897651252949223	0.0020580872923285616	-0.001815087530446697	-0.001335407683108218	1.0515125106238659e-05	3.476020641999277e-08	2.739916883783232e-08	6.21687456849211e-07
17200000.0	0.0666971198359027	0.0465875659427911	-0.03740101275965905	0.026663716347438762	0.016937331590389414	-0.010147239828716473	0.0001010253869029405	-0.00024637109214984825	0.0008899822992729769	-0.0003970654571454916	0.0023333084345404124	-0.0011778511116542537	2.221313699063824e-08	-5.672322642452076e-08	1.8108630862713953e-07
17400000.0	-0.12500839020268592	-0.02317730960186678	-0.008215596676918891	-0.04262161408084888	-0.004885636642338613	-0.0029801131428658853	4.0214733594203916e-05	0.0003542256113014334	-0.001678438089053091	0.0013263935977728325	-0.0015220943554662889	-0.00022150110126932326	-3.9177776634483036e-08	2.3440749048170417e-08	-4.614858928392852e-07
17600000.0	0.07411752427849869	-0.09925668800402587	-0.025596504954192034	0.029220331490868442	-0.033817669933434595	-0.004042967237662171	-0.00032819167101020565	-0.00019282607621135854	0.0017627705097099787	-0.001879922258865868	-0.003195842110226799	-0.0007964703484927805	2.565907268158956e-08	5.4726354410085407e-08	7.178971376589721e-07
17800000.0	0.06058740982779061	-0.07047429235539965	0.01644948159686497	0.02473756589364369	-0.02489526571512505	0.005521042193346716	-0.0002487528572643176	-0.00016577530337907732	0.0014963459891263026	-0.0016113620990713712	-0.0018309704741205394	0.0003885983795222263	2.7495258506832724e-08	4.192978118637954e-08	6.030972439664961e-07
18000000.0	-0.08900798213681832	-0.026563429774152977	-0.021267708368421078	-0.02718152762944748	-0.007598140353092183	-0.0055214841866915035	-1.776151193844834e-05	0.00021917408267307616	-0.0008447790485072102	0.0007378526740748105	-0.002255361780918959	-0.000663462280738846	-2.89332111939133e-08	3.23551250333017e-08	-1.885545429205849e-07
18200000.0	0.007143694129918513	-0.019346655295379662	0.007110703699670877	0.005074162068537625	-0.007198117524117852	0.0015551335754289673	-6.604772757164231e-05	-3.156472223776082e-05	0.000371697109625568	-0.0003849239407675747	-0.0004452625547948315	0.00011531636597119658	6.851893113211474e-09	1.029718873788592e-08	1.7069746034818797e-07
18400000.0	0.004253635254652004	0.07629218990949399	-0.08892192808599846	0.003142327805717759	0.02534333836307753	-0.024505312415408445	0.00021177692058072523	-5.601602438032897e-05	-0.0005854468959702905	0.0006431552964362799	0.002515413533610968	-0.0025757758767147843	-3.3508243388903845e-09	-7.492461126797528e-08	-4.207700005457206e-07
18600000.0	-0.05777233413255506	0.02672781824270908	-0.028920429193811124	-0.016460547960500626	0.009965798312755205	-0.009034899008718499	0.00010228666089793903	0.0001103524331956818	-0.0008197967390789292	0.0008780709028536691	-0.00037488229493970774	-0.0009816695486177594	-2.225187368016571e-08	-6.310684902908842e-09	-3.339350214702649e-07
18800000.0	0.006926495071242403	-0.02965933876360755	0.010870278169767482	0.004775810538422237	-0.009303252203889199	0.0015088327398608652	-7.741707365024592e-05	-2.7056759940817133e-05	0.000434611209006309	-0.0004350505886685994	-0.0003705900332948707	0.00010283634974824918	8.98411500494095e-09	9.126703511198586e-09	2.298150713679126e-07
19000000.0	-0.03637926673931864	-0.018746337872261692	0.022287981782937605	-0.008897175166625986	-0.005427787686187793	0.004292771851711726	-3.4151554137996684e-05	7.015789929354787e-05	-7.315060425433434e-05	0.00018140936706852187	-0.0011510609387442438	0.000403069763148926	-8.623492935775057e-09	2.3955882814619135e-08	7.045819469006933e-08
19200000.0	-0.1094469322447075	-0.04078183310989383	0.0215147536431759	-0.031158660727058984	-0.011536183437261066	0.004993106931935092	-5.8406380213437363e-05	0.0002343905724139774	-0.0004297777383279975	0.0008949502935787904	-0.0036978647680950896	0.0003569477742860493	-3.575865690769474e-08	6.623297563166492e-08	1.3848804723426022e-07
19400000.0	-0.04910322875395114	0.08983233804004702	0.06596654306569966	-0.014449361028015358	0.027875407296146792	0.013447908853243077	0.0002121820692922071	8.514162607293354e-05	-0.0013176514862273223	0.001369795786008688	0.00036619006502895815	0.0015760568994640368	-2.9786971947439337e-08	3.2726008745500604e-09	-7.369842230783612e-07
19600000.0	-0.012348236169791577	0.00848439541649038	0.03979093921174738	-0.002843107464009036	0.0030616058955683823	0.008132403675768776	2.183140946348253e-05	2.0258611369398095e-05	-0.00018159377923879653	0.00024137289134875772	-5.0538310164643504e-05	0.0008927263276800441	-5.137483401400732e-09	8.490940375892798e-09	-8.130100404850241e-08
19800000.0	-0.05159310770047882	-0.019337616113454584	0.04689286207401118	-0.014293913169022173	-0.004891197372337978	0.010650726447889008	-2.6182247547029222e-05	0.00010603344410368691	-0.0001126781491531717	0.0005290796796470911	-0.0016337029050646466	0.0010728601959221708	-1.7267757506879645e-08	3.6771780280934864e-08	1.579234494156485e-07
20000000.0	-0.026834853449659194	-0.012521458456325825	-0.08029216946426261	-0.007048946809673634	-0.0024301102048413306	-0.019607273218905753	-6.5565142489959064e-06	4.1863127277530606e-05	-2.0092421996094796e-06	0.00013036585442835466	-0.0010371383356831102	-0.0022280098302907324	-8.22972584282781e-09	-3.045630776502513e-09	8.100107383750085e-08
20200000.0	0.03975737934675097	0.021248341747399875	0.06318749465685346	0.01142735314860285	0.006306885023217525	0.012546406481578882	3.26542736091392e-05	-7.658845256156757e-05	-9.741555737123126e-05	-0.0002570445107398386	0.0015307720274516778	0.0014588321135615432	1.1815959419044272e-08	-1.2032133724061095e-08	-2.519971000430875e-07
20400000.0	0.07791597294817498	-0.07118764806133197	0.05937496160241665	0.022638750276466172	-0.020923189195001232	0.012016736839617348	-0.00016109433308836914	-0.000132247442146735	0.0010430615411522012	-0.0016502811954555272	0.0025369773404762277	0.0013964320503277792	5.052312792836941e-08	-2.4209778999413147e-08	4.458620899441457e-07
20600000.0	0.02607365591704467	-0.03572464976931176	0.0574303636447	0.008243079758317057	-0.010389079060475596	0.012035917627393979	-7.715392484993664e-05	-4.3093178801640515e-05	0.00044370422134178193	-0.0006300746085060606	0.0010994159929629585	0.001346813854034034	2.1091405976789842e-08	-4.227556326890276e-09	2.3185143218266155e-07
20800000.0	-0.022803264751385163	-0.09270332353273644	0.02864935268311003	-0.004771777351543062	-0.02648661071170637	0.006073136729213066	-0.0001726380538202432	4.9781448440632044e-05	0.0009603417081986118	-0.0005954371806591521	-6.557070174747753e-05	0.0005911226344267305	1.8709075263788076e-08	8.723243673414284e-09	8.953507649671476e-07
21000000.0	-0.03037440647749354	-0.08807488256298698	0.010989649036495233	-0.006861652140930744	-0.02543583876287954	0.002083865298045737	-0.00016184526996368114	6.06111217755176e-05	0.0009135134627881148	-0.0004753257247248672	-4.626775500278071e-05	0.00015666286179796127	1.6387222844353664e-08	3.865717592139606e-09	9.11322656704164e-07
21200000.0	0.024071395617629023	-0.0530391190990438	0.08607330360509989	0.007363313057191346	-0.01632352371483124	0.018579768328833686	-0.00011074828185107132	-2.9874051003893155e-05	0.0005675080954819175	-0.0007836171272697969	0.0015750845352787816	0.002079829419185223	2.7593266559706375e-08	-5.864120756370495e-09	3.669519201082334e-07
21400000.0	-0.005603099802668758	0.009346242827751665	-0.07411081766166032	3.7562374693234438e-06	0.0011847751428586987	-0.017353532400128782	5.846963986901899e-06	-6.482190234984028e-06	9.732366403761987e-06	-0.0001617920494162746	-0.0001757859835961888	-0.0019130244740640516	2.405603012126574e-09	-1.2730153808416806e-08	-4.536039004969297e-08
21600000.0	-0.07316941616142465	-0.0077988846686249365	-0.03319288322343415	-0.017593593477829236	-0.0035336250818001607	-0.007871074993078875	-1.0561719846734793e-05	0.00010800178974046687	0.00018887849932828287	0.0007950849017561396	-0.0015096799963116366	-0.000981330620909147	-1.9389927674217365e-08	1.370743431322479e-08	5.652293855260279e-07
21800000.0	-0.012180140722119327	-0.025043668779471968	0.03111273285520407	-0.00232732980559147	-0.008571041711952049	0.005993629816916808	-5.1384461913401945e-05	2.143694557030585e-05	0.0002817944787259052	-0.00013987028796055693	0.00045802977307615733	0.0006468104503903651	7.877487014076387e-09	-2.0657660787320896e-09	3.15270161209821e-07
22000000.0	-0.024990565424286532	-0.022612262775392574	0.016571127191118258	-0.005606968877676494	-0.008032010425306348	0.0029980663020141647	-4.520548583133088e-05	3.9797057107038355e-05	0.00029248514000440677	5.5754038382847595e-06	0.00022290649436813785	0.0003049621822670743	3.985813492376998e-09	-1.5470855576749197e-09	3.999757195969699e-07
22200000.0	-0.01443764234125114	0.07033080394657495	0.023116143273622894	-0.0026941611164283206	0.01643545967475409	0.004584818905216208	0.0001023873824153286	5.366667595453763e-06	-0.0004724232892183965	0.0009409854119807773	-0.0015282631729791607	0.00043412875137237023	-2.7566838967863252e-08	2.522515750469094e-08	-3.0227016246825953e-07
22400000.0	0.028605256974307422	0.001553000053398282	-0.014328933477607417	0.00792649689599179	-0.001327377208566335	-0.004113033581069919	-1.5749328742044584e-05	-4.6068246843171405e-05	-1.7558138992264228e-05	-0.0006595423185430122	0.0006232452205259432	-0.0004134977569044599	1.4728185636993417e-08	-1.0968696686831404e-08	-2.7388425761958295e-07
22600000.0	-0.019527772296714898	0.04780349135493175	0.04336164521728086	-0.004075655341438835	0.010447799608325568	0.009124462295270096	6.703968167291268e-05	1.7072879308431045e-05	-0.00024431967294766813	0.0008803853006603647	-0.001152237153564185	0.0009347312865244773	-2.2726077443231797e-08	2.286096564334166e-08	-3.505542010380534e-08
22800000.0	-0.03906621227364406	0.0185023233926305	0.03232878508595275	-0.009002533138880916	0.003054685809110731	0.006764771145861275	2.6671269641406086e-05	4.980563786567848e-05	2.2899957220598506e-05	0.0008202790105912303	-0.0006161804815762878	0.0006821764096411619	-1.663431671035184e-08	1.1979646995111954e-08	3.3872629304532374e-07
23000000.0	0.0036527965401000812	0.0754293819504479	0.008992783726142543	0.001684260537370467	0.01758004237876264	0.0017609260503188345	0.00010089545244993684	-2.362885758244612e-05	-0.00039571526609515274	0.0008498791271956391	-0.0018490124867391476	0.00011720686375286824	-2.6774767675871602e-08	2.8187975241684886e-08	-3.197209433034733e-07
23200000.0	-0.09497849307185086	0.02970173068243045	0.0450481599377445	-0.022729524898413914	0.006168749234643485	0.009938183658337499	5.7578168525970465e-05	0.00012200398932028612	0.0001770020850854756	0.00196425574473726	-0.0010334905561108225	0.000973386383239569	-3.7293085481379034e-08	1.6067601582783282e-08	1.0062091447456875e-06
23400000.0	-0.001557158652505677	0.0774526460476725	0.03413836878037332	-0.00010461201837803697	0.01832113953870022	0.007745732114675659	0.00010622467678700902	-1.5251236432214573e-05	-0.00032301201195200836	0.001224725542699151	-0.002057258717653989	0.0007577908013233876	-3.3733709501760116e-08	3.4451598060707904e-08	-1.178058118966751e-07
23600000.0	0.059709902142034525	-0.04461421535390965	0.015511521170599079	0.014537496937391413	-0.011585788882337163	0.002996165849734381	-7.793411056227283e-05	-6.891145813682133e-05	-3.582494008600774e-05	-0.0017413652473201454	0.0013104242743808446	0.0004292569872719148	3.607760383365877e-08	-1.1132565668260506e-08	-6.848718088297134e-07
23800000.0	-0.03435202006270056	-0.018988061016983714	0.02050800288887981	-0.00776857765668696	-0.005485740967011556	0.004530499459330822	-2.2527178496524734e-05	4.693208678615918e-05	0.00016874634736428973	0.00016891959549494487	0.0008360436626126878	0.0005120777143255679	2.574301588213614e-09	-1.083354800744769e-08	3.8195092154150325e-07
24000000.0	-0.013909270448411159	-0.043073409820803744	0.008805009463510267	-0.003100077061803343	-0.01142341335192377	0.0016709512042454126	-5.990572245595632e-05	2.7637637492956247e-05	0.00015072724579847987	-0.0006103516991803247	0.0014549851733221774	0.00024177805330749948	1.8807327934424714e-08	-1.961263818752085e-08	9.653259635017189e-08
24200000.0	0.03326014060356532	-0.027943061983031647	0.020888185388456798	0.008278144828876394	-0.007826642648866346	0.004456261831653453	-4.987863380040857e-05	-3.6555290041572104e-05	-5.411162780608667e-05	-0.0011171670738182758	0.0005833685140855735	0.000545976089120715	2.1490633410755038e-08	-9.852689738660023e-10	-4.944175054372133e-07
24400000.0	0.014493012823104548	0.008838923446727954	-0.027706570472303765	0.004048030049639679	0.0008925019449655094	-0.005752827635638692	-6.867899461354779e-07	-2.1304118487693186e-05	-4.784155584326321e-05	-0.000261447774638732	-0.00034264351617138694	-0.0006319101212811278	2.7009643388577e-09	2.5596408673424155e-09	-2.0090579407148196e-07
24600000.0	0.01664412655202373	-0.0181563395292096	0.054524772913752566	0.004688410651938862	-0.005448501203433684	0.011814080733117918	-3.167651423586026e-05	-2.0577387304121242e-05	-5.778655131090411e-05	-0.000640428946273673	0.00035551358327495525	0.001334552257145167	1.1842733918167323e-08	5.910674479014088e-09	-3.3569316661071267e-07
24800000.0	0.03557647403921709	0.04654946444168859	0.03294057422618233	0.009443657394482247	0.009943991935506147	0.007704369468443159	4.402062976923588e-05	-6.082063372258815e-05	-0.0001169678322369991	0.0002970997750989116	-0.0016626075719503284	0.0007944366306144883	-1.3698994158665292e-08	3.111943091665469e-08	-2.4904540801951727e-07
25000000.0	-0.010732278604288773	0.06529430180364902	-0.003352914590965959	-0.00132627920297178	0.01455242751913427	-0.00014674990248578364	7.681870400599672e-05	-8.833586996879967e-06	2.9556747056660852e-05	0.0012789870375038224	-0.0012308234471901072	-9.138086013996451e-05	-2.685417589232991e-08	1.4090325622770364e-08	4.206443434543926e-07
25200000.0	0.015947802257312852	-0.021898677114596348	-0.045911605692873524	0.004638581605262638	-0.0060373161337176715	-0.009408817809545805	-3.750492961310872e-05	-1.5142788162455931e-05	-4.50446235750904e-05	-0.0008751631548486935	-1.1391426431054793e-05	-0.0010032509200577878	1.4323392713599339e-08	-2.1647891135051575e-09	-3.9434735118412284e-07
25400000.0	0.03790583704358477	0.03742851968374937	-0.022663029437298737	0.010157702817509866	0.00793156437123884	-0.004291057921009596	2.9152694234473156e-05	-5.92775567932626e-05	-2.3418509331980592e-05	0.0001392072190947192	-0.0017205890391264248	-0.0005289582574187758	-1.0342547483466764e-08	2.4146336967215198e-08	-1.6881825313485465e-07
25600000.0	-0.032007183083053024	0.04589084187105279	0.101493175094392	-0.006243235175246151	0.01035822799594828	0.022195021369164604	6.052455181568066e-05	1.472983966495384e-05	7.40721043913188e-05	0.0013567704701383423	0.0001595359006202793	0.0024179011654334977	-2.247225178689688e-08	6.5047956195301325e-09	6.060471068054486e-07
25800000.0	-0.0025812290915111467	0.021223550688196115	-0.12232069887382659	0.0004813589428258793	0.0043824902754903295	-0.025529627087141547	1.9315023203833942e-05	-1.1599112354617379e-06	4.159345108458278e-05	0.00022581443877096307	-0.00048391206880100897	-0.002833106965999053	-4.717574229932591e-09	-9.963346544172582e-09	1.4832144361395056e-07
26000000.0	0.06696522540467224	-0.011409919284878453	0.01913544255088608	0.016726521424970258	-0.002956986487004868	0.004817399305791878	-3.230844306479696e-05	-8.123302788604448e-05	-2.4432661796923495e-05	-0.0009675135207790924	-0.0019902735165780515	0.0004991539575418658	6.611629060670684e-09	3.9193501846393527e-08	-6.516268717669607e-07
26200000.0	-0.06666941729282592	-0.05747003982539519	-0.0343740011486112	-0.014392524988227642	-0.013798209532986234	-0.007421545130794465	-5.292278187371842e-05	8.769170090453105e-05	-0.000147401461370252	-0.000844997351126654	0.0022647230841771494	-0.0007067153272904397	2.2372767322796897e-08	-3.64735406311075e-08	-2.496380408730011e-07
26400000.0	0.0062828882048341275	-0.0405135360396132	-0.05870599534342289	0.002311757981056594	-0.010108430943475508	-0.0121068829468041	-5.184330121030835e-05	2.4887269677638565e-06	-8.51059175318637e-05	-0.0011191030732527177	-0.00020490740490065117	-0.001303683103546591	1.6853206538167933e-08	9.157522007544666e-10	-5.414548605846279e-07
26600000.0	-0.020495221448841795	0.01791820419024555	-0.04606542972650305	-0.0035011475107810694	0.0035917069368182173	-0.009590549934204608	2.0865100183308593e-05	1.5453914744384466e-05	1.1398512975844762e-05	0.0004082142291076394	0.0003605579150138154	-0.0010545208145226529	-4.964579868159747e-09	-1.3245880189654677e-08	2.305063797765881e-07
26800000.0	-0.028659041378213096	0.034351543303160384	-0.037667661525207424	-0.0057245438229191845	0.007280542023706931	-0.007914534088531567	4.0813900088200916e-05	2.1897025797667385e-05	2.8073220545874302e-05	0.0007900258657152688	0.0007503244657885201	-0.0008686185852894049	-8.88507238672527e-09	-2.0023519549418078e-08	4.358499416498041e-07
27000000.0	0.03747235154983987	0.003854124154187328	0.0954523339368529	0.009580176211286906	0.0004835719158784241	0.020690888462182606	-9.418302334871897e-06	-5.12507322337824e-05	0.00010728656584323264	-9.425286329676604e-05	-0.0012159288142348798	0.0022485068187177914	-3.898841264348941e-09	3.1938056611495706e-08	-6.114935308801338e-08
27200000.0	-0.09172190067777919	-0.024749004623126482	0.040477237143533414	-0.020246700744327537	-0.006068790689586092	0.008241473305578225	-8.168213673406726e-06	0.0001003938013314792	-0.00029476080140601553	-0.0003053258251433605	0.0026125730022096075	0.0010287354250768938	1.1998950628468421e-08	-3.441401061515259e-08	-2.5785034910004517e-07
27400000.0	0.05436618122233021	-0.04781951412632456	-0.006749738949635362	0.012841239168236084	-0.011628675974886163	-0.000535365101855136	-6.76930814688343e-05	-4.892732237763874e-05	7.157224987376256e-05	-0.0012265176722833261	-0.002227603576352849	-9.914211127293177e-05	1.085187270927595e-08	4.006562153832715e-08	-5.826078084572488e-07
27600000.0	0.0487187795822953	0.017925194769658984	-0.04790315447527942	0.01190374526444836	0.00318955119280203	-0.009402465472558512	3.1768131898800174e-06	-5.6759059032378706e-05	0.00021430165877042208	0.00020447807957179814	-0.0014671681757253928	-0.0011016919182709462	-6.440699406027751e-09	1.6626383161853202e-08	2.4215041719004414e-07
27800000.0	-0.05556350012475123	-0.038448711227084154	0.024122391343612545	-0.011876232825729506	-0.009443084455258618	0.005111699145869187	-3.217014507924925e-05	6.288979731370678e-05	-0.0002721360831339042	-0.0008829719977240877	0.0008724168228207311	0.0006387637707389438	1.3773527852958988e-08	-6.5073568971219735e-09	-6.239187312534058e-07
28000000.0	-0.05780364577938819	0.012017100230092701	0.018839548097419122	-0.012417310454723038	0.0018162409740842848	0.0038950432155634004	1.9998599062876048e-05	5.473306910380933e-05	-0.00023007697168720128	0.00012156975018568984	0.0016160563094360138	0.0005021662781065516	1.2670937967816933e-09	-2.326895500791634e-08	-1.352467543888822e-07
28200000.0	0.021234418301163033	0.0838219681370759	-0.04574698777457739	0.005491955926030599	0.017916469384779553	-0.009537401090516992	7.674668386205843e-05	-3.924989901150897e-05	0.00021308453412424133	0.0015463111008389258	0.0008494773556601226	-0.0010769051610915708	-1.7443668819676702e-08	-2.5286674321267694e-08	9.4846616648804e-07
28400000.0	-0.003042044336111409	0.017871952241572744	0.0822991934441606	2.1065726627826934e-05	0.003390973214771361	0.01741120412204431	1.2111782492872887e-05	-5.465197296366879e-06	2.8442368670540717e-05	0.00027158082612059673	0.00039782875953764846	0.001940732546596949	-3.540680349184336e-09	2.1253428632436646e-09	1.4669972124741123e-07
28600000.0	0.0022347966310564374	0.018835874891867027	0.035975824107970074	0.0011524958122442175	0.0036187709922871195	0.00799302105372312	1.340717054252759e-05	-9.167988265409446e-06	4.862326014426304e-05	0.00028254006204679887	0.00029167911721187317	0.0008958469955340677	-3.792761872711378e-09	-1.3991537052215164e-09	1.8364625438987023e-07
