200000.0	6.039454551827085e-06	3.3704321438159735e-05	-1.0175515102532539e-05	1.5061548216212756e-10	-5.0671892895250285e-12	9.782579182781291e-11
400000.0	4.7589909577396625e-05	-0.00011555245812830758	4.254800215425971e-05	-8.542900190634778e-10	-4.1642124217494076e-10	-2.7909624117909623e-10
600000.0	-0.00020385873245881402	-2.3008774558602716e-05	3.984140483926439e-05	-8.05876414615978e-11	1.6369335420642887e-09	-8.45551832101188e-11
800000.0	9.6736355564498e-05	-9.517802983205289e-05	-9.318719816544063e-05	-7.731022700858814e-10	-8.924896759526682e-10	-1.4949444127850901e-10
1000000.0	0.0001163854762535131	5.801710665528345e-05	-0.00014786924139705015	1.083081547688855e-09	-1.0304301510623216e-09	3.52257449559847e-10
1200000.0	-0.00026552184964392	-0.00020657746358463774	-0.0005142438000793544	-1.6172741553182562e-09	5.869892993973321e-09	-1.083463085402018e-09
1400000.0	0.0002772651770688138	-0.00021649574100670067	0.0003637221151928503	-5.008613368986901e-09	-6.257902366894192e-09	-9.06179836887213e-11
1600000.0	0.00012883455205204373	-0.0004807347697778284	0.00010449385169912788	-8.456340012617266e-09	-1.3665074067182576e-09	-1.7318435684809906e-09
1800000.0	-0.00047069433662127005	-0.0005600541721599359	-0.0002422457572992631	-3.334941731040094e-09	1.3567555660539232e-08	-5.218346253172811e-09
2000000.0	0.0006090596743740184	-0.0003185401502026709	-0.0025006349559819722	3.816997316106505e-09	-1.0319064196614282e-08	3.831758417066921e-09
2200000.0	-0.0006119035870088004	8.710313932873052e-05	0.001211847409068596	4.204534639777979e-09	1.0503581396585168e-08	-6.9055303617255655e-09
2400000.0	-0.0009362911634229615	0.0007646349845984799	0.002446072860024591	1.1425883160913881e-08	4.347842840916927e-09	-3.1880871359162945e-09
2600000.0	-0.0008149392974655728	0.0006442027957811968	0.0020374084325113177	1.0284595276922757e-08	3.6807651086715093e-09	-2.5219725866461787e-09
2800000.0	-0.0009728289371558861	0.000573354934317845	0.0007326934982051162	2.145558099869775e-08	-2.0968766673436325e-09	7.586422506395463e-10
3000000.0	-0.0005817456442425054	0.0008633238069662041	0.002207148357021304	6.232810624180765e-09	1.5772689700849085e-10	2.0945727632831634e-09
3200000.0	0.0012474786339132576	-0.0020384849977403583	-0.0037057769177466695	-1.107494462268707e-08	5.45881596926227e-09	2.8347103013817933e-09
3400000.0	0.0013794315747263448	-0.001995076405477064	-0.005191001647371186	-7.075647760757446e-09	-4.738354946834251e-09	1.5787388774796567e-08
3600000.0	0.0004422707124932428	-0.002054091327215876	-0.008366627850393948	2.3402738984883295e-08	-2.2652082936597254e-08	2.4548405398420432e-08
3800000.0	-0.0012416679277455103	-0.0005439896149812924	-0.004691995831879381	4.0689903992938205e-08	-1.7883404578634016e-08	3.1892196630929268e-09
4000000.0	0.0006553549155963474	-0.0014130815811014292	-0.00243143750177494	-2.68947756825953e-09	6.4416322872060795e-09	6.1994977340986774e-09
4200000.0	0.0010140238130039482	-0.0030895816097481813	-0.008989936043072307	1.2681696444218832e-08	-1.588793232518275e-08	2.4997005471701793e-08
4400000.0	3.4847130735030834e-05	-0.0042608077513821094	-0.015475250081754929	4.92174962552727e-08	-4.398322266289271e-08	2.4576324135627682e-08
4600000.0	-0.00046503472518745275	-0.006877641970952959	-0.018923226564521074	5.884552544840286e-08	-3.328042349616807e-08	-2.1993586747825443e-09
4800000.0	-0.00044531209879727137	-0.003941850615900711	-0.014037520819412877	5.297102935493434e-08	-3.555615501214203e-08	1.0589071028334277e-08
5000000.0	-0.0007730270490947838	-0.0021179917533010366	-0.011256998494827773	5.4792973835719354e-08	-3.781433923614851e-08	8.530277544957558e-09
5200000.0	-0.00038394658215750506	-0.0023706230309303955	-0.01360545638564015	5.8571393162982154e-08	-5.12682839524933e-08	4.101730702989208e-08
5400000.0	-0.0009016463366464559	-0.0017622697461246353	-0.01460621058035037	7.096583001316582e-08	-6.73655755743541e-08	3.332369745728027e-08
5600000.0	-0.0005305394301505974	0.0019299068072040923	-0.005012876570062549	4.4779998526926015e-08	-3.188060268365173e-08	3.281385438031273e-08
5800000.0	-0.003147303169357462	0.0017259419315938651	-0.020684676717687017	1.3998222540174247e-07	-1.4442903093468604e-07	1.477883272929809e-07
6000000.0	-0.003533794117856433	0.0032008126825026394	-0.022243147112521462	1.5088155083491095e-07	-1.80121628969625e-07	1.2852405285960103e-07
6200000.0	-0.003738670117458396	0.008869394682475815	-0.02148064612083165	1.5526652126958122e-07	-2.4756039204198247e-07	7.386542739772292e-08
6400000.0	-0.005038055786799745	0.010925536066613676	-0.028151749064465312	1.9511420477054397e-07	-3.275738306386566e-07	9.240301984071239e-08
6600000.0	-0.002799999667830836	0.0023714084139283224	-0.01848079931232632	1.255948102195452e-07	-1.59996558016174e-07	7.380419802256569e-08
6800000.0	-0.0012306405073456545	0.0023447947272078654	-0.004621941357302555	6.184571252884604e-08	-4.1471849265839435e-08	2.421006225975325e-08
7000000.0	-0.0028948894349518015	0.01046176264159089	-0.015011647634940619	1.2781031266580696e-07	-2.0176878277732856e-07	3.576638789700751e-08
7200000.0	-0.0023106387237019277	0.009340472546722017	-0.010917217531874333	1.2423698990209238e-07	-1.527739941471652e-07	8.772720366407147e-08
7400000.0	-0.001580351377796879	0.005129101006580054	-0.006103743263757758	1.0166870423454911e-07	-7.808372388813203e-08	1.2122056199253758e-07
7600000.0	-0.0015022129316039116	0.006261685807406934	-0.004624067615009731	1.03911970711006e-07	-7.573811540697341e-08	1.3076832297919878e-07
7800000.0	-0.0025483170859214397	0.012232913723621348	-0.009396714662352383	1.292674812111381e-07	-1.5268804047068748e-07	5.547584585786101e-08
8000000.0	-0.004221963231057618	-0.001401333951463848	-0.0010178103853178758	3.78386180154016e-08	3.5014135651062463e-08	1.5985053049706746e-08
8200000.0	-0.005938652447605734	0.0008500245347571348	-0.00530590199642528	3.982265500847079e-08	1.3230947649981605e-08	-1.2226855158089504e-07
8400000.0	-0.008768114020712911	-0.0028419579102336584	0.006285980266326212	-2.3748444040546314e-08	1.6495251001538485e-07	-2.12728655721893e-07
8600000.0	-0.00880927711697782	0.004659253277747204	0.0032440096784210736	9.556963549351386e-09	1.0241946858982965e-07	-3.438357299063154e-07
8800000.0	-0.010606895075606759	0.007348261282406238	0.006395105926410586	-1.2931733866148324e-08	1.639293840795311e-07	-5.684842393368775e-07
9000000.0	-0.010746631226675789	0.010948012208572257	0.008654348000915087	-1.3457713345324227e-08	1.7719654768870244e-07	-6.875668802002166e-07
9200000.0	-0.011064220262817245	0.009871990479985642	0.008618032176759997	-3.143518413569895e-08	2.110240254865652e-07	-7.799180253378173e-07
9400000.0	-0.01197322039736507	0.008258026291648698	0.012819955975076718	-5.7065088675626556e-08	2.757291290807926e-07	-7.602434059634057e-07
9600000.0	-0.01203328757585847	0.007628195558853163	0.007688359446946725	-3.010982266501697e-08	2.100000046393654e-07	-7.068181181399608e-07
9800000.0	-0.015071652490592601	-0.00033333784539386815	0.010208118952218358	-7.358852125535316e-08	3.499318615898968e-07	-6.22858080367514e-07
10000000.0	-0.014218654976981425	0.0034380445592814904	0.002627474016915388	-1.7619888582086976e-08	1.7564611085120677e-07	-5.956897709124669e-07
10200000.0	-0.013292253910070722	0.002760017256611484	-0.003125456571349076	-3.083956372789484e-09	1.042712487605782e-07	-6.813217294575556e-07
10400000.0	-0.013547028357396433	0.006448417348907297	-0.008161141989643064	3.6727534799966675e-08	-3.174765673990289e-08	-6.330866359268294e-07
10600000.0	-0.012950256508860053	0.013809812440464295	-0.010485414239577514	7.465493315045487e-08	-1.7780783906245078e-07	-6.839956852115151e-07
10800000.0	-0.014293044306519051	0.015302975606562413	-0.01646367475411266	1.073895148900918e-07	-2.8449283629082547e-07	-5.883793862436272e-07
11000000.0	-0.013438482843433311	0.017755488648378358	-0.016147460929829664	1.1190306438035272e-07	-3.1693773959385896e-07	-7.131513647901348e-07
11200000.0	-0.015526235135790467	0.020887602211564084	-0.010443679751053252	1.2268497212668828e-07	-2.8217170076225487e-07	-5.664381811382663e-07
11400000.0	-0.014253306609107435	0.015982713361501213	-0.011715667921790626	9.671624375108929e-08	-2.3689968728362775e-07	-5.183367458080224e-07
11600000.0	-0.014490685084964641	0.01439640893412704	-0.01299232190286167	9.567732548712791e-08	-2.2836183878285063e-07	-3.6636231442480945e-07
11800000.0	-0.01421120943741793	0.013023986230789784	-0.010949097259106779	8.20547628413557e-08	-1.929546148672444e-07	-2.781767085859332e-07
12000000.0	-0.014763712669031325	0.01698443212694843	-0.01488800973272218	1.1026607797491833e-07	-2.7415712710455073e-07	-8.255125319808492e-07
12200000.0	-0.014760191596824096	0.016920728675729902	-0.01814381189998809	1.2275273932171015e-07	-3.0302253382201604e-07	-7.704809324899954e-07
12400000.0	-0.01482128601808505	0.01708393208509271	-0.017734961804355673	1.081924886767543e-07	-2.965889653599248e-07	-1.3235849991440674e-06
12600000.0	-0.016710536453794427	0.021510927349480374	-0.01934069464136687	1.4733913379110815e-07	-3.3956540575423035e-07	-1.947481358382889e-06
12800000.0	-0.01947938580871984	0.029203959589598014	-0.02125859985052004	2.2316917043216533e-07	-4.1337629348543867e-07	-2.6816145411418204e-06
13000000.0	-0.02096367826840322	0.034600257603559156	-0.02387076271537489	2.8066040087019066e-07	-4.803321065683072e-07	-3.4672514989650296e-06
13200000.0	-0.021174752897314072	0.03549232053624937	-0.02360341261223341	2.813005071053934e-07	-4.663540593576204e-07	-4.262557226983658e-06
13400000.0	-0.02080438139516044	0.036305426927920756	-0.02388270802957202	2.86944804462876e-07	-4.6459990455103775e-07	-5.145789446261914e-06
13600000.0	-0.02075252543627948	0.035341931619231035	-0.02445740043531102	2.8679362783750406e-07	-4.580330912208216e-07	-5.4107334194543425e-06
13800000.0	-0.018891090186013204	0.03889559547385615	-0.021418272337207417	2.888890799353305e-07	-4.547145442289588e-07	-6.094720452084748e-06
14000000.0	-0.018573017612509495	0.03407493896776178	-0.021338208457157972	2.7794723600021785e-07	-3.8171436580997483e-07	-6.613788825596819e-06
14200000.0	-0.017992725350941777	0.030412292545551924	-0.018880592733442402	2.6371557398430757e-07	-2.8468558238728666e-07	-6.964306517742743e-06
14400000.0	-0.01760262263124863	0.023177662830950577	-0.016042592043713	2.368808978345988e-07	-1.2429368762339676e-07	-6.948527160315856e-06
14600000.0	-0.017098881816357037	0.015278432064863354	-0.01616728146436729	2.1246697748439412e-07	-1.1835610737772727e-09	-6.61775455355441e-06
14800000.0	-0.015748596606373358	0.012201823057900131	-0.010691616835718835	1.901431577740184e-07	1.1058583119482261e-07	-6.671812211797956e-06
15000000.0	-0.015495362635086904	0.010977246066763017	-0.009576143805922163	1.8075962733860926e-07	1.684421726095653e-07	-5.958865795724776e-06
15200000.0	-0.013599929630433714	0.007182986556842262	-0.008302355716649328	1.5888788756905217e-07	2.2656316211405864e-07	-5.7043562741926445e-06
15400000.0	-0.010799560740163036	0.0016774780717459768	-0.007712368207827511	1.241959014901965e-07	2.700679600019345e-07	-5.784857960231974e-06
15600000.0	-0.008975659696751702	0.0003691254308605405	-0.00943590160612548	1.1928675871320637e-07	2.762641530087847e-07	-5.257298076275726e-06
15800000.0	-0.006264101931003969	-0.0016960986908793993	-0.008687978969774388	1.0304983037331172e-07	2.9393327147547527e-07	-4.724533087908875e-06
16000000.0	-0.003060246531676241	-0.007485519582977244	-0.007750629850349013	4.964182124297008e-08	3.176322454402808e-07	-4.727171067285106e-06
16200000.0	-0.002338620400150408	-0.007393052720234883	-0.007991814034500685	5.209341755125822e-08	3.1185939228131267e-07	-4.523511104330428e-06
16400000.0	0.001609407234974966	-0.00812476042040382	-0.008468524148621802	5.3217530792683366e-08	2.807593667395774e-07	-3.535412048070235e-06
16600000.0	0.0028886531991874935	-0.009701553906833877	-0.008216778136878695	3.895616973509889e-08	2.7762772185624874e-07	-3.239095453388801e-06
16800000.0	0.0037564776451033573	-0.00749882406744997	-0.006859391210210593	4.5228435767525084e-08	2.6457251919143916e-07	-2.9248017366481597e-06
17000000.0	0.004897217731210228	-0.007239335214966281	-0.007402030636578704	4.9134217725839e-08	2.3402791718391245e-07	-2.5145168651925796e-06
17200000.0	0.005695333326047037	-0.00725304505347504	-0.006988023252724957	4.254367702724828e-08	2.1823472451025826e-07	-2.0222657940763942e-06
17400000.0	0.00783788417856916	-0.0035084096458815796	-0.005403958595809548	4.1022683859600075e-08	1.9617137407319296e-07	-2.027021601003575e-06
17600000.0	0.01002859571674506	-9.391672916226907e-05	-0.006219583950982786	4.844996225143439e-08	1.274078058304633e-07	-2.13252496074708e-06
17800000.0	0.010550221236209696	0.0010906080737328253	-0.0068130392902900055	4.4259206400438795e-08	8.504920518548243e-08	-1.7616337076234059e-06
18000000.0	0.008602600254366051	-0.0023434011474352217	-0.00855898323711152	4.5065250571340935e-08	1.1162474615624947e-07	-1.5299129694968448e-06
18200000.0	0.0070712889780363474	-0.003182033568928281	-0.011038090396854982	3.9509233812266074e-08	8.44857473596373e-08	-8.018111347461524e-07
18400000.0	0.007480161007447005	-0.002707619052434057	-0.011011084612211439	4.053752964669621e-08	7.528618615029794e-08	-9.550577687803688e-07
18600000.0	0.006391305356674392	-0.004857230860745827	-0.010585594579532577	3.8704864866633426e-08	1.222802374337467e-07	-4.6823338724870847e-07
18800000.0	0.006937924175612918	-0.003068568778481261	-0.011110699821850948	4.012327736094511e-08	8.288553100998626e-08	-9.047730040905022e-07
19000000.0	0.00528328330355943	-0.0009685616683477467	-0.012370873022057154	5.4959947317430974e-08	6.671046581362331e-08	-2.8616045316502406e-07
19200000.0	0.006275757841872447	-0.003960884522455381	-0.012876125065356047	4.4007157659391074e-08	9.853617985132252e-08	-2.454136186361774e-08
19400000.0	0.006752540227873679	-0.0049139913039264555	-0.014423237255651849	3.6971417443933294e-08	9.784954547987479e-08	-2.2050199816176674e-07
19600000.0	0.005913784787185738	-0.0033826752327096206	-0.013639095973724053	4.647530649811898e-08	8.989494959062854e-08	-2.8583445482820046e-07
19800000.0	0.005223191734717875	-0.003330209088864602	-0.011826621434032448	1.0960415914662417e-08	8.650128485500087e-08	-1.6942125259871549e-06
20000000.0	0.005818784339582091	-0.005674494103456485	-0.011388671344075304	-3.1180841854193226e-08	9.949718116079004e-08	-2.4582450241053725e-06
20200000.0	0.004416442211907338	-0.0031355498845729015	-0.01221900230741766	-4.526569589047258e-09	8.869805148066402e-08	-2.7926863181841095e-06
20400000.0	0.002992714554164981	0.0005393076374454785	-0.011095319546663691	1.1987396714230414e-08	8.845439317017448e-08	-3.5062721208013472e-06
20600000.0	0.003000999113476314	-0.0024181307841005975	-0.011228430726723452	-1.5635255095626062e-08	1.1281121184593883e-07	-3.608729339492295e-06
20800000.0	0.0022593399134045802	-0.005959011626755474	-0.012682185443795051	-2.7937087313138573e-08	1.2702411376727444e-07	-3.5402520435133147e-06
21000000.0	0.0020259801989494157	-0.0055951598597156664	-0.013863001529930747	-1.656614309580722e-08	1.161109961021744e-07	-4.333778776632453e-06
21200000.0	0.0031615536823836167	-0.0022932654339107676	-0.013111590712731479	-6.30077920377941e-09	7.639800169256415e-08	-4.105998995511088e-06
21400000.0	0.003483597095458776	-0.0018172106825088154	-0.012552529443416173	-3.734405403451831e-09	8.430529751233917e-08	-4.5966424259345495e-06
