2806.1337890625	0.0	0.0	0.0	0.0	0.0	0.0
3454.112548828125	0.0	0.0	0.0	0.0	0.0	0.0
3997.541259765625	8.56474582135337e-11	-3.6849960802837266e-09	3.536888959062395e-11	0.0	0.0	0.0
4556.712890625	4.0333479106682895e-09	8.3542649083209e-09	6.330955128244079e-10	0.0	0.0	0.0
5122.114990234375	2.2792115582334662e-07	1.1713743366200496e-07	1.8810370546842207e-09	0.0	0.0	0.0
5733.097412109375	2.6859951886469153e-07	-1.5865113234760764e-07	3.499023103512699e-09	0.0	0.0	0.0
6286.954833984375	-7.833602620889616e-07	-4.1138395438751e-07	4.64197263484111e-09	0.0	0.0	0.0
6703.7470703125	1.7094574941893984e-07	2.307742183617331e-06	6.297366722692492e-09	0.0	0.0	0.0
7116.174560546875	1.1118992502938801e-06	-1.5531954815579538e-06	7.436594538274678e-09	0.0	0.0	0.0
7526.462890625	-8.546314280030125e-08	6.310553932129506e-06	6.655488239339809e-09	0.0	0.0	0.0
7922.6904296875	-1.3277631579547818e-06	-3.082545473426411e-06	2.9866555352842157e-09	0.0	0.0	0.0
8130.945556640625	8.470971887288522e-07	1.3754444008277677e-05	-6.326577235213187e-11	0.0	0.0	0.0
8336.263671875	-1.4453103783888744e-06	-5.258980513389839e-06	-1.0741730042060608e-08	0.0	0.0	0.0
8538.96435546875	-1.3348253173882619e-05	-2.1834839412258298e-05	-2.945360400278108e-08	0.0	0.0	0.0
8745.198486328125	-2.676182131578144e-06	1.6929885323249346e-05	-4.2053066424542086e-08	0.0	0.0	0.0
8948.836669921875	-1.5698213734321323e-05	-2.4152620415050262e-05	-6.951319264992264e-08	0.0	0.0	0.0
9155.77099609375	5.274732724047098e-06	-4.141680933567719e-06	-9.292427299105436e-08	0.0	0.0	0.0
9360.48974609375	-2.145429885392482e-05	9.094998401940137e-06	-1.4041884140528993e-07	0.0	0.0	0.0
9566.8759765625	4.108848284370611e-07	-1.1486041940097696e-05	-1.8057756918856472e-07	0.0	0.0	0.0
9769.975830078125	-3.129079520904096e-05	1.6884113832706153e-05	-2.5396347745224724e-07	0.0	0.0	0.0
9974.5263671875	1.886451559891957e-05	5.3288849831466485e-05	-2.887485825913191e-07	0.0	0.0	0.0
10178.41259765625	3.53806178205714e-05	3.169346024687516e-05	-3.604064809875359e-07	0.0	0.0	0.0
10381.064697265625	8.332130650844186e-05	-2.1976986863826068e-05	-4.304869998704676e-07	0.0	0.0	0.0
10588.26318359375	-1.3921016475272123e-05	0.0001075247325950387	-6.049386884035918e-07	0.0	0.0	0.0
10788.9716796875	8.808520011145094e-05	0.00011018633664352971	-6.687664529433663e-07	0.0	0.0	0.0
10994.89990234375	5.2819528809399966e-05	5.102989952055244e-05	-8.359102436499185e-07	0.0	0.0	0.0
11201.486328125	7.054510406634657e-05	-1.4571881149401843e-05	-1.0169216411004437e-06	0.0	0.0	0.0
11404.399658203125	-6.292969133714066e-05	-7.535170523899377e-05	-1.282096855248073e-06	0.0	0.0	0.0
11608.639404296875	4.67752926473022e-05	-7.296548889819839e-05	-1.4233115161772902e-06	0.0	0.0	0.0
11811.6474609375	7.092420297455067e-05	1.8001465912137907e-05	-1.6586481558107467e-06	0.0	0.0	0.0
12017.809326171875	1.8900082697101485e-05	2.4188391230682744e-05	-1.994745860037603e-06	0.0	0.0	0.0
12220.058349609375	-8.360973293125146e-05	3.9455823554206975e-05	-2.3262180511368867e-06	0.0	0.0	0.0
12422.458984375	0.00016266065532599458	-2.4967770100930453e-05	-2.5432676837847282e-06	0.0	0.0	0.0
12627.79443359375	1.1777400555081461e-05	7.986165218577647e-05	-3.0036745368386157e-06	0.0	0.0	0.0
12830.29541015625	4.8243052850084564e-05	0.00023844531479497486	-3.4077312535162215e-06	0.0	0.0	0.0
13034.0654296875	-2.9397397425003253e-05	0.0001460284694105249	-3.964536199389888e-06	0.0	0.0	0.0
13235.2900390625	-0.0001666278022098	5.222814241524224e-05	-4.549178889834063e-06	0.0	0.0	0.0
13438.791748046875	-3.6397915521188324e-05	7.41896977811153e-05	-5.042192937884169e-06	0.0	0.0	0.0
13638.69921875	-0.00022695909488365643	-0.00028874005598283003	-5.688222138216241e-06	0.0	0.0	0.0
13842.900390625	-0.00025850123472100675	-0.0003026291453917826	-6.4360002693066165e-06	0.0	0.0	0.0
14046.04638671875	-0.00030394458491703685	7.575106334290463e-05	-7.098838129418053e-06	0.0	0.0	0.0
14248.235595703125	0.000259326527187681	-0.00041470699637254625	-7.586680205440447e-06	0.0	0.0	0.0
14453.26123046875	0.00015572642991733084	-0.00029394837376632083	-8.565135855183452e-06	0.0	0.0	0.0
14656.591796875	-0.0003616290361064812	-1.727502050355259e-05	-9.73411292628706e-06	0.0	0.0	0.0
14859.525390625	-0.00043172736882880134	7.875895345561799e-05	-1.0739498580735584e-05	0.0	0.0	0.0
15059.28173828125	-4.75191778452034e-05	-9.199389290651323e-05	-1.1465587736294337e-05	0.0	0.0	0.0
15262.194091796875	0.0007450355041732429	0.00010599406642060575	-1.2146953550004561e-05	0.0	0.0	0.0
15465.299560546875	-0.0001788096705852415	0.0010082168763135564	-1.3788327565592688e-05	0.0	0.0	0.0
15667.09619140625	0.0001641549898564931	-6.211931749427891e-05	-1.4867454083440914e-05	0.0	0.0	0.0
15872.063232421875	-0.00017052213698498026	0.00021685742313456334	-1.6362301741739945e-05	0.0	0.0	0.0
16073.77783203125	-0.0002859196322375908	-0.0009218950159482226	-1.7834232425850846e-05	0.0	0.0	0.0
16278.842529296875	-0.00021674133529982285	-0.0007907933032751175	-1.944701691427489e-05	0.0	0.0	0.0
16481.864013671875	0.0007168145758702008	0.000856139930972868	-2.049471614040707e-05	0.0	0.0	0.0
