10000.0	-0.7859833776257135	1.4500149916027092	0.3248315086223109	0.0020675875655315175	0.0026747992431079863	-0.0954294348437995	0.059236728892787166	-2.269516576658755e-07	-1.1797997132080573e-05
20000.0	-0.7859658598979072	1.4500337116447297	0.32336998557875	0.0014511206965135241	0.0009615575503952981	-0.18648786501786963	0.14800261571638357	-1.0574133000088382e-06	-2.4535471225900156e-05
30000.0	-0.7859545203557724	1.4500526987105766	0.3209156503057516	0.0009309909251159464	0.0026361250237437435	-0.293423512444824	0.2660896445941387	-3.817543984509149e-06	-3.358241069032992e-05
40000.0	-0.7859486021630101	1.4500663628638977	0.31749998740184865	0.00032933460181733547	0.002789478408219344	-0.39269614225435157	0.3453850390436399	-1.032682347513401e-05	-3.986708429845689e-05
50000.0	-0.7859473959297731	1.450081332194464	0.31309481455226396	-8.515659831837071e-05	2.808018046244682e-05	-0.4776136616793946	0.445826836612618	-2.247532169577415e-05	-4.4228248279552866e-05
60000.0	-0.7859470935702485	1.4495024184612195	0.3126071246209446	0.00010310776880735425	-0.06773564316653781	-3.3362474936423383e-06	0.4460922749104509	-2.408481944421727e-05	-4.9016776080586534e-05
70000.0	-0.7859466401824086	1.448607420272444	0.31260708934037756	3.2799309882701987e-05	-0.1064712252581099	-3.955132809427775e-06	0.46171462843516514	-2.4085565337713055e-05	-5.101223499965323e-05
80000.0	-0.7859458703574741	1.447343121083138	0.31260705486398893	3.6566803634301366e-05	-0.14395416805405356	-3.137998266094586e-06	0.4760305715454624	-2.4086981314982754e-05	-4.91049736834756e-05
90000.0	-0.7859445948319167	1.4457147081656998	0.31260702015378583	0.00022825947972536547	-0.17797326027471916	-3.35510460761528e-06	0.490872282905093	-2.4088643395487146e-05	-4.165986215864825e-05
100000.0	-0.7859430462166268	1.4437193393583003	0.31260698481791943	0.00015109999655445465	-0.21622352609778628	-3.965017757464934e-06	0.5094825333712222	-2.409321638598745e-05	-2.6889084318988802e-05
110000.0	-0.7859411230282574	1.4413597404962497	0.31260695029347363	0.0001464716441099993	-0.2532664949146456	-3.1357918985375667e-06	0.5267647382413125	-2.4096671838335643e-05	-3.4241192933182857e-06
120000.0	-0.7859385088014091	1.4386414555440397	0.31260691551850267	0.00039994693396638544	-0.28669409168706145	-3.369690246194061e-06	0.5446257134905992	-2.4099907562299785e-05	2.977184247175062e-05
130000.0	-0.7859348804537825	1.4355623842739045	0.3126068801236575	0.00038518122955946043	-0.32432623041411773	-3.966765848356207e-06	0.5661367777536446	-2.410999684043898e-05	7.3722566138642e-05
140000.0	-0.7859304143662404	1.4321254815836564	0.312606845538345	0.00042002175844042854	-0.3607284711444354	-3.133873014194347e-06	0.5862883842933683	-2.411503089040587e-05	0.00012943777654914144
150000.0	-0.7859245084949132	1.4283370978525103	0.31260681068045093	0.0007474555488497549	-0.3933591773165218	-3.3827619677558827e-06	0.6071284309965904	-2.411957749972512e-05	0.00019756392734819982
160000.0	-0.785917496738577	1.4241942567294696	0.31260677521802693	0.0007264426888434914	-0.430384029222815	-3.9777948998009345e-06	0.6314934005259437	-2.413599950851192e-05	0.0002789124117470818
170000.0	-0.7859094988913047	1.419699809121069	0.312606740584239	0.0007923353833215249	-0.4662257250464108	-3.1386180976581148e-06	0.6545520421410232	-2.4142335094665937e-05	0.00037400801052240174
180000.0	-0.7859003017395481	1.4148598001590469	0.3126067056765284	0.0010527637795305885	-0.4982385808854685	-3.3895106123204345e-06	0.6784642498542628	-2.4148264605489842e-05	0.000483111690068821
190000.0	-0.785890113030676	1.4096714390706453	0.3126066701559121	0.0010358142356547578	-0.5346598695591328	-3.985721218710763e-06	0.7058998006113099	-2.4171210282662664e-05	0.0006067591348493348
200000.0	-0.7858786563971952	1.4041380425835306	0.3126066354591583	0.001169394615370163	-0.5698345319595945	-3.143399596752313e-06	0.732176403497054	-2.417907245674682e-05	0.0007450830795181922
210000.0	-0.7858656344699048	1.3982651200621756	0.3126066004967209	0.0014451075223662236	-0.6012971659534199	-3.390362929022983e-06	0.7592483177898585	-2.4185827660719077e-05	0.0008981485162253784
220000.0	-0.7858511237588722	1.3920502830920214	0.31260656491483896	0.0014755053571420453	-0.6370252243152178	-3.993894058515925e-06	0.7896929965886421	-2.4214421363881912e-05	0.0010662575770677399
230000.0	-0.785834766601089	1.3854967698502854	0.3126065301565678	0.0017118913267180976	-0.671517391666979	-3.149895165321151e-06	0.819102446448391	-2.4223340750639644e-05	0.0012493650478285793
240000.0	-0.7858162868941055	1.378609897652953	0.31260649513651295	0.0020079162726700027	-0.7024034297937206	-3.3934281904898556e-06	0.8492741206434117	-2.4230699727623625e-05	0.001447453602621658
250000.0	-0.7857956978016597	1.371387495766195	0.3126064594949059	0.0021009971791449795	-0.737556539427668	-3.998196597980672e-06	0.882718780219078	-2.426465756204075e-05	0.0016607048185739162
260000.0	-0.7857725273840463	1.3638325878777986	0.3126064246747538	0.0024575799119539183	-0.7713596723686081	-3.1571630734834824e-06	0.9151965182892455	-2.427446584084672e-05	0.001888934899866895
270000.0	-0.7857465770431457	1.3559506701231125	0.312606389595256	0.002776196503432671	-0.801629035823567	-3.3967214545064157e-06	0.948390327543796	-2.428231794924178e-05	0.0021321336125197207
280000.0	-0.7857177764489202	1.3477391957227176	0.31260635388480124	0.0029463569801296127	-0.8361945634403295	-4.012593371220408e-06	0.9848142725668247	-2.4321613001955128e-05	0.0023904066588030575
290000.0	-0.7856855774079392	1.339201256509128	0.312606319010541	0.0034200672555648307	-0.8693450842113228	-3.1629892641629616e-06	1.0202678095450084	-2.4331815193180837e-05	0.0026634918648171723
300000.0	-0.7856498343093787	1.3303423722131693	0.31260628387365413	0.003781071709601475	-0.8990563194000021	-3.4017401159608317e-06	1.056446390883249	-2.4340052642759896e-05	0.0029514053168074377
310000.0	-0.7856103983522743	1.32115977191036	0.31260624809927545	0.004036103697358798	-0.9330450840243024	-4.0224001327265415e-06	1.0957612455173091	-2.438386096355552e-05	0.003254204668567494
320000.0	-0.785566669030677	1.3116568056329387	0.31260621316197307	0.004623563369321634	-0.9655903818493473	-3.166727985083372e-06	1.1341943630928975	-2.4395468486524347e-05	0.003571585032791853
330000.0	-0.7855185181912747	1.301838429743557	0.3126061779704889	0.005055578756873033	-0.9947954020229002	-3.4025763391959726e-06	1.1733057560513813	-2.4404003347277752e-05	0.003903590596908567
340000.0	-0.7854657433600521	1.2917021628139382	0.3126061421346749	0.005399957448210738	-1.028153356031434	-4.031654306666341e-06	1.215415152824262	-2.4451390382286854e-05	0.004250249623268145
350000.0	-0.7854077022920258	1.2812512071574218	0.31260610713769904	0.006118146309944451	-1.0601012525512212	-3.172013532466415e-06	1.2567503417489296	-2.446389068956556e-05	0.004611245616201357
360000.0	-0.7853442932987308	1.270490329844049	0.31260607188897044	0.006619317313992728	-1.0887888315801104	-3.4050728243388656e-06	1.298741623557094	-2.4472814705724045e-05	0.004986662163515887
370000.0	-0.7852752918536501	1.2594173148264332	0.31260603599254605	0.007065249594762501	-1.1216345726409482	-4.036039742893836e-06	1.3436467442360518	-2.4524002390969222e-05	0.005376544900536822
380000.0	-0.7851999699332743	1.2480351848562052	0.312606000928272	0.007896237494979065	-1.1529248906829064	-3.184069447126532e-06	1.3878275268890348	-2.4537360702820977e-05	0.005780548299238666
390000.0	-0.7851182069176645	1.2363485512720638	0.31260596562362847	0.008503516473913526	-1.1811247332564618	-3.405304040164342e-06	1.4326478253827815	-2.454667394923006e-05	0.006198765894847085
400000.0	-0.785029723033515	1.2243550449804752	0.31260592965696055	0.009064031228389465	-1.2134486574275751	-4.0509855753152095e-06	1.4803367054985288	-2.4602107040262212e-05	0.006631228237789197
410000.0	-0.7849337771612716	1.2120578152696262	0.3126058945344759	0.010010695086424307	-1.2441297448600461	-3.1936453824326525e-06	1.5272807342322772	-2.4615617397205403e-05	0.007077587590214661
420000.0	-0.7848302499742246	1.1994617331898245	0.31260585917528766	0.0107328854139579	-1.271837206415662	-3.4052983743327413e-06	1.5748620641100044	-2.4625347215301062e-05	0.007537947530577226
430000.0	-0.7847188049695578	1.1865639725014123	0.3126058231446497	0.0114108681761731	-1.3036484381571978	-4.060310450975368e-06	1.625251820659923	-2.468395745301892e-05	0.008012329485172975
440000.0	-0.7845986904474053	1.1733679235987966	0.31260578795662863	0.01248873273372934	-1.333787600404229	-3.198584907678207e-06	1.6749707216787282	-2.4699283757121826e-05	0.008500387052815129
450000.0	-0.7844697617185789	1.15987799894589	0.31260575254482353	0.013328764437049487	-1.3609884458556483	-3.4055777898634525e-06	1.7252409754447071	-2.4708488475226947e-05	0.009002222711479515
460000.0	-0.7843316783362185	1.1460917931304406	0.3126057164508863	0.014128908119057067	-1.392276026293916	-4.0692324597976146e-06	1.7782667350081438	-2.4770042674504303e-05	0.009517872123142361
470000.0	-0.7841836498216844	1.1320126020505004	0.3126056811997338	0.015339947276308509	-1.4218325936950285	-3.2073834553231725e-06	1.830668449563922	-2.4786333567525828e-05	0.010046977440980166
480000.0	-0.7840255120436352	1.1176446511395712	0.31260564573329114	0.01630966496178388	-1.4485754687500343	-3.406098798357819e-06	1.8836053786726286	-2.4795871265102324e-05	0.010589642295680044
490000.0	-0.7838569038789344	1.1029855202648344	0.3126056095761432	0.017238555498695612	-1.4793593812460584	-4.078193005026574e-06	1.9392236325339174	-2.4860107176216743e-05	0.011145908433367805
500000.0	-0.7836769719612097	1.0880381486143436	0.3126055742619212	0.01859221470352171	-1.50839146763622	-3.2156398260155935e-06	1.994284127390011	-2.4877352848175068e-05	0.011715398162151338
510000.0	-0.7834855598945215	1.0728068132229984	0.3126055387394165	0.019706006679978072	-1.5347673989864652	-3.4058225796389728e-06	2.0498908920008443	-2.4888185495932924e-05	0.0122982273592811
520000.0	-0.7832822758646427	1.0572887656365766	0.3126055025233788	0.02076624987767911	-1.5650947179656938	-4.082709867289861e-06	2.108061032319361	-2.4954036873875144e-05	0.012894440984046069
530000.0	-0.7830662683082625	1.0414873090204089	0.31260546714374854	0.02226487493565907	-1.593552397787876	-3.2238005707814435e-06	2.165711373309466	-2.4972127772570462e-05	0.013503667764730836
540000.0	-0.7828373259305605	1.025406247384692	0.31260543156608733	0.02352424619038273	-1.6195357202615766	-3.406705310919207e-06	2.223922742607563	-2.498341108715266e-05	0.01412601195747961
550000.0	-0.7825950945319325	1.009043251267745	0.3126053952873586	0.024722641457374038	-1.6493945957044367	-4.0916039315566725e-06	2.2846063402484336	-2.5051458360147453e-05	0.014761547321340709
560000.0	-0.7823386441545538	0.9924013085755505	0.3126053598464899	0.026376369584816914	-1.6773770464835276	-3.2341270628282002e-06	2.344831856257534	-2.507042614252161e-05	0.015409877130316703
570000.0	-0.7820677827698095	0.9754842470438464	0.3126053242130806	0.02778549062505991	-1.7029429094784854	-3.407842945452692e-06	2.405586035003396	-2.5082215074539932e-05	0.016071121896687357
580000.0	-0.7817820908454955	0.9582893740469435	0.3126052878647251	0.02913741956763026	-1.7323926624565547	-4.1070816906772565e-06	2.468805862217184	-2.515350220127798e-05	0.016745346454616884
590000.0	-0.7814806436483415	0.940819747798985	0.3126052523688602	0.030944591402645716	-1.7599069246126775	-3.24188602524589e-06	2.5315318178805772	-2.517215601437963e-05	0.017432160626672435
600000.0	-0.7811632328718126	0.9230792271278311	0.31260521668042973	0.03251106403532073	-1.785104475251921	-3.4097890759627696e-06	2.5948116874898797	-2.5184338005733186e-05	0.018131687512270126
610000.0	-0.7808294159384792	0.9050649154196354	0.31260518026849377	0.03401509679478421	-1.8141541171114515	-4.1167101729079236e-06	2.6604991890523424	-2.5257635185977643e-05	0.0188439989586014
620000.0	-0.7804782214404866	0.8867797956686713	0.31260514470868545	0.03599844495339686	-1.8412902302397334	-3.245094040711766e-06	2.7257739028523327	-2.5278590361223463e-05	0.019568692510517505
630000.0	-0.7801094008169149	0.8682271755340201	0.3126051089657401	0.03773148492138898	-1.866182630882579	-3.4101408714382658e-06	2.7915718633263045	-2.5291063623417928e-05	0.02030588699568493
640000.0	-0.7797225826592824	0.8494046915093122	0.31260507249594666	0.039383460725012254	-1.8948406666972017	-4.120895308182057e-06	2.85967118584758	-2.5365079456483658e-05	0.021055695401179686
650000.0	-0.779316740430863	0.8303152946814445	0.31260503687281055	0.04153668071330178	-1.9215203767957552	-3.254705898206099e-06	2.9274093824634377	-2.538673851659552e-05	0.021817699075930782
660000.0	-0.7788916089018193	0.8109621381581401	0.3126050010739226	0.043437935480300185	-1.9460643486232	-3.412427701020045e-06	2.995667026940659	-2.5399666488625057e-05	0.02259201898505313
670000.0	-0.7784467464871122	0.7913424251337027	0.3126049645335786	0.04526213275510213	-1.9743912837243573	-4.1372672887358684e-06	3.0662326351009686	-2.5476803467348817e-05	0.023378759110854103
680000.0	-0.7779811229987493	0.7714591081614282	0.3126049288533825	0.047596978144295296	-2.000750135206387	-3.257715267792273e-06	3.1364420427029005	-2.5499542591620134e-05	0.02417750446349671
690000.0	-0.7774945220087326	0.7513156325160246	0.31260489300046645	0.049671215823234444	-2.0249788881432065	-3.413119596706327e-06	-3.0760522127932592	-2.551279736190553e-05	0.02498840115278398
700000.0	-0.7769864872207648	0.7309091944042984	0.3126048564025693	0.05165133538702111	-2.052944104563912	-4.141257951512103e-06	-3.0031307442832733	-2.5590333667782153e-05	0.02581156176945136
710000.0	-0.7764559447325471	0.7102427646435169	0.31260482065956013	0.054166429958776	-2.0788789667400196	-3.266968413052228e-06	-2.930518741839983	-2.5613724339105897e-05	0.02664655807706395
720000.0	-0.7759026533332506	0.6893195521834351	0.3126047847500978	0.056420401910471	-2.1027873081808037	-3.4149786545914172e-06	-2.857424015350073	-2.5627610554734876e-05	0.02749353492875462
730000.0	-0.7753261648498225	0.6681368281993922	0.31260474809017985	0.0585671430102673	-2.1304072084453973	-4.1497598145853715e-06	-2.7821537602317465	-2.570648008429401e-05	0.028352621403365384
740000.0	-0.7747254363801834	0.6466979949807506	0.31260471228714287	0.06126565850852443	-2.155931450146142	-3.2737460701670422e-06	-2.7071856488082813	-2.5730822861742553e-05	0.029223399549866597
750000.0	-0.7741001344560312	0.6250057931279221	0.31260467632237404	0.06370436455481121	-2.179530576185756	-3.417749493069189e-06	-2.6317205133320614	-2.574509543226509e-05	0.030105987974664784
760000.0	-0.7734498509232308	0.603057697747215	0.3126046395929304	0.06603142928465834	-2.206795117102425	-4.165793148176911e-06	-2.5541121776976645	-2.5827008305923042e-05	0.031000542432076186
770000.0	-0.7727734405271488	0.5808566780448912	0.3126046037335091	0.06892570927814816	-2.2320089667150826	-3.276700110725714e-06	-2.4767834985596586	-2.5852382763881255e-05	0.03190661154290596
780000.0	-0.7720705842356691	0.5584054887783959	0.3126045677141214	0.07155553830548259	-2.255327480112775	-3.4188264024190857e-06	-2.39897070679454	-2.5866978374375452e-05	0.03282432586418236
790000.0	-0.7713408761081368	0.5357015167928849	0.31260453092357243	0.074049462268724	-2.2822287090599214	-4.175585479268038e-06	-2.3190931016570793	-2.5948540730018758e-05	0.03375385644972594
800000.0	-0.7705831433499779	0.5127478515964967	0.31260449500453624	0.07714113120180036	-2.3070980025534427	-3.2829360987167523e-06	-2.2394402039437615	-2.597486651089712e-05	0.03469474366173562
810000.0	-0.7697971264086014	0.4895474740463327	0.3126044589301912	0.07996055407415549	-2.3300985703948216	-3.421172851280238e-06	-2.159333704938285	-2.5989969718763653e-05	0.03564714314105299
820000.0	-0.7689823508448294	0.4660975473508215	0.31260442208080624	0.08263609994329268	-2.3567284647354714	-4.17915914814918e-06	-2.077177911775772	-2.607293837726485e-05	0.0366112148734257
830000.0	-0.7681376517219298	0.44240123048856983	0.3126043860990416	0.085924525033882	-2.3811942295067876	-3.289328224582784e-06	-1.995257781085634	-2.6099842735352204e-05	0.03758650260164569
840000.0	-0.7672626881252201	0.41846117369400504	0.31260434996870706	0.08894485137928268	-2.40392194084289	-3.423542012869896e-06	-1.9128577937457532	-2.6115536791429628e-05	0.03857314041828344
850000.0	-0.7663570076651334	0.3942745368720104	0.31260431305754643	0.09180354229691866	-2.4302541801303517	-4.187516441872018e-06	-1.8284553430656323	-2.6199456317387374e-05	0.03957131013647521
860000.0	-0.7654194443210377	0.36984466441227126	0.3126042770170287	0.09529829099272279	-2.4544007937767516	-3.29788212786803e-06	-1.7442642098613523	-2.6227166675026918e-05	0.04058055428691332
870000.0	-0.7644496751412285	0.3451741941791754	0.3126042408302248	0.09851859383564557	-2.4768256113089824	-3.42610632023158e-06	-1.6596199217678562	-2.6243491608142723e-05	0.041601018706460706
880000.0	-0.7634471662270387	0.3202600593412538	0.31260420384881293	0.10157887101869152	-2.5028721124521196	-4.2048273525928986e-06	-1.5729545140900425	-2.6330300642737587e-05	0.042632870769022
890000.0	-0.7624106855772779	0.295105430123048	0.312604167752814	0.10528994896906949	-2.526759087770644	-3.3004551407889785e-06	-1.4864856083339708	-2.6359228273750027e-05	0.043675627994482345
900000.0	-0.761339801651125	0.26971281941167785	0.3126041315098985	0.10873359095274958	-2.5489612583459693	-3.4280096483913863e-06	-1.399503756787193	-2.6376689760627107e-05	0.04472939748330078
910000.0	-0.7602339459808717	0.24407950977655213	0.312604094464665	0.11202637104592093	-2.574651630237033	-4.213022517723164e-06	-1.3104807319501661	-2.6466322933708834e-05	0.04579433089673979
920000.0	-0.7590918049395456	0.2182086189379179	0.3126040583059001	0.11595646937884056	-2.5982289690319944	-3.30366567373619e-06	-1.2215845057038208	-2.6496854787303106e-05	0.0468699284912021
930000.0	-0.7579129682698545	0.19210260256316175	0.31260402200629506	0.11962326180978217	-2.620181638794187	-3.4295738751309576e-06	-1.1321775879768285	-2.651406903141571e-05	0.04795631557777897
940000.0	-0.7566969391924513	0.16575920927139468	0.31260398489391505	0.12315014477015848	-2.645493593755717	-4.2260759443856525e-06	-1.0407365339097423	-2.660602446717241e-05	0.04905366399630128
950000.0	-0.7554424087841722	0.13918109563874345	0.3126039486784633	0.12729339030690137	-2.6688142689240517	-3.30843504157665e-06	-0.9494271906246331	-2.663678233903001e-05	0.05016150211425595
960000.0	-0.7541489608173085	0.11237057531339709	0.31260391232280454	0.1311758216713404	-2.690522462632644	-3.431656890546708e-06	-0.8576239467861049	-2.665341661394827e-05	0.05127995256504611
970000.0	-0.7528160389682976	0.08532499566833052	0.3126038751375561	0.13494025945669388	-2.715573381906109	-4.244682137575936e-06	-0.7637599090384329	-2.674847639824507e-05	0.05240918235650474
980000.0	-0.7514424061999442	0.05804733891925795	0.3126038388682455	0.13930458236715798	-2.7386718378366823	-3.3092251846839574e-06	-0.6700582405139154	-2.677961604152295e-05	0.05354874167585039
990000.0	-0.7500276545527832	0.03053989261668731	0.31260380245852615	0.14340653524281188	-2.760158452978771	-3.432402944162038e-06	-0.5758800310240563	-2.6795676190827703e-05	0.05469876371011693
1000000.0	-0.7485712386379605	0.0028003212928588	0.31260376520910266	0.1473925122144103	-2.7848141967703306	-4.257561873198368e-06	-0.4796600105587534	-2.6892253529006582e-05	0.05585941086710165
1010000.0	-0.747071915534198	-0.025168728060469416	0.3126037288833738	0.1519703524125251	-2.807671543473491	-3.31216154429356e-06	-0.3835951398214548	-2.6923683683850886e-05	0.05703026157931146
1020000.0	-0.7455292513543189	-0.05336503480461033	0.312603692419033	0.15629127866135215	-2.828935368417587	-3.4339622681877376e-06	-0.28706831343440403	-2.6939231249959137e-05	0.05821143426429587
1030000.0	-0.7439427099084662	-0.08179067225851282	0.31260365510640015	0.16051784331486338	-2.853298819325641	-4.266413626655456e-06	-0.18849508978869514	-2.703828193409182e-05	0.05940309271805048
1040000.0	-0.7423110287312276	-0.11044329332499103	0.3126036187230571	0.1653050474825557	-2.875904113339003	-3.3167736712900004e-06	-0.09009401444309925	-2.7069778123640016e-05	0.06060482561382374
1050000.0	-0.7406338609587847	-0.13932003450506403	0.31260358220431256	0.16983659050114883	-2.8968829264702887	-3.43571928638962e-06	0.008736687135125386	-2.708478832700255e-05	0.06181676425140193
1060000.0	-0.7389105240330766	-0.168423724190765	0.31260354482619485	0.17430152388881404	-2.92094845839536	-4.278714860354999e-06	0.10963609092755802	-2.7186073709581973e-05	0.06303904790517904
1070000.0	-0.7371398477691772	-0.19775152756107298	0.31260350838712686	0.1793037545006562	-2.9432929974294235	-3.3198930777462957e-06	0.21034117442340092	-2.7217824816621152e-05	0.06427129055605688
1080000.0	-0.7353213996392132	-0.22730110700446501	0.3126034718136153	0.18406166905969717	-2.964063575625942	-3.4373799809584734e-06	0.3114720431896814	-2.7232290755051078e-05	0.06551360873291441
1090000.0	-0.7334545419885445	-0.257074812864922	0.3126034343652283	0.1887588551169194	-2.987838238656374	-4.2967355440070575e-06	0.41467721835067295	-2.733669980958585e-05	0.06676614837161185
1100000.0	-0.7315380318432786	-0.287070313632134	0.31260339787576735	0.19398547689730591	-3.0099273573911374	-3.3231189879751805e-06	0.5176588856478475	-2.7367741866841596e-05	0.06802851282237225
1110000.0	-0.7295714731113963	-0.3172851210751018	0.31260336124799615	0.19896971526056967	-3.030490725021595	-3.439699117735073e-06	0.6210667670238069	-2.7381615238399053e-05	0.06930083785196677
1120000.0	-0.727554223920164	-0.34772137140789733	0.31260332373443867	0.20390426693480673	-3.0539531088795275	-4.309212986393354e-06	0.7265418658021782	-2.7488286020653412e-05	0.07058325807649647
1130000.0	-0.7254850438127467	-0.37837688350427345	0.31260328718658537	0.20936405833971244	-3.075858712068456	-3.3237515265646084e-06	0.831801492629284	-2.7520643368105987e-05	0.07187540025628067
1140000.0	-0.7233634750919764	-0.40924939535143384	0.3126032505073382	0.2145686141286213	-3.0961608863895482	-3.441584639518226e-06	0.9374451461887721	-2.7532799752703993e-05	0.0731773693165358
1150000.0	-0.721188880306527	-0.4403409512344027	0.3126032129280913	0.21974521253729673	-3.11934674130691	-4.322564815042923e-06	1.0451782954287152	-2.764167860817349e-05	0.07448931596235284
1160000.0	-0.7189600557671368	-0.47164921229452955	0.3126031763254789	0.22543156781595983	-3.1410133825034268	-3.326858978829245e-06	1.1526750261992582	-2.767426484327818e-05	0.07581087659580982
1170000.0	-0.7166765387150151	-0.5031719423961201	0.3126031395922518	0.23086480531930137	-3.161091390199578	-3.4434775659524928e-06	1.2605425637573753	-2.7685792785168398e-05	0.0771421586591705
1180000.0	-0.7143376671844095	-0.5349111350959517	0.31260310194843544	0.23628080974665785	-3.1839782554934057	-4.334977692607043e-06	1.37050158559705	-2.779683978069211e-05	0.07848330405435648
1190000.0	-0.711942175852497	-0.566864879470801	0.31260306528981435	0.2422034203009186	-3.205443063453814	-3.329699739921141e-06	1.4802249901628584	-2.7829647360829602e-05	0.07983395109474747
1200000.0	-0.709489630686501	-0.5990307669363533	0.31260302850059163	0.24788276768132456	-3.225372621169012	-3.4444652980653206e-06	1.590318149691297	-2.784162094389678e-05	0.08119421106752932
1210000.0	-0.7069793044692745	-0.6314109789215773	0.3126029907959441	0.25354237980919975	-3.2479780538918237	-4.3432025392622645e-06	1.7024856398360395	-2.795398390669414e-05	0.0825642051812469
1220000.0	-0.7044100029402562	-0.6640033746661779	0.31260295407979133	0.25969014376105065	-3.2691938844559596	-3.332748197687925e-06	1.8144023014116366	-2.7986726613412616e-05	0.08394360422529272
1230000.0	-0.7017812943654864	-0.6968055006855398	0.31260291723667144	0.2656034917756056	-3.2889087876593406	-3.446435548829636e-06	1.926680146221206	-2.799810438736923e-05	0.08533251922974514
1240000.0	-0.6990924313247974	-0.7298194874574375	0.3126028794677816	0.271505075646606	-3.311229592251884	-4.355445518337894e-06	2.0410341848086158	-2.8112574650432756e-05	0.08673106515141545
1250000.0	-0.6963421643149657	-0.7630435226895518	0.31260284269700606	0.27789518206426916	-3.332255641973119	-3.3372928939617027e-06	2.155139429521146	-2.8145523948118015e-05	0.08813891358249684
1260000.0	-0.6935300214657306	-0.7964753651674482	0.3126028057981302	0.2840528456648148	-3.3517904630667585	-3.448338071425182e-06	2.2695942212272118	-2.8156264604937604e-05	0.08955616537895084
1270000.0	-0.6906551979397733	-0.830117337964926	0.3126027679580764	0.29021089747724266	-3.3739249708334946	-4.374056966340521e-06	2.386154917804905	-2.8273922078633745e-05	0.09098293208080055
1280000.0	-0.6877165022180577	-0.8639673922258878	0.31260273113470494	0.29685430410922387	-3.3947896817712166	-3.338054662777326e-06	2.5024387963057655	-2.8307287072654316e-05	0.09241889580036806
1290000.0	-0.6847134491780159	-0.8980233968514778	0.31260269418468695	0.30324628948545934	-3.4141156491737963	-3.450978831242223e-06	2.619045282742368	-2.8316025626632e-05	0.09386416060571184
1300000.0	-0.6816453246903957	-0.9322871347316718	0.31260265628025613	0.3096502738954098	-3.435980226500189	-4.386170386697004e-06	2.737761175033335	-2.843591686818082e-05	0.09531885904717577
1310000.0	-0.6785109265686741	-0.9667566531023662	0.3126026194020868	0.31653346803775395	-3.4566287860004286	-3.341119016651167e-06	2.8561906093837357	-2.8469530161301675e-05	0.09678268074159573
1320000.0	-0.6753097169333223	-1.0014300130290115	0.31260258239578376	0.32318394220980967	-3.475822402921751	-3.4520862416544836e-06	2.974955486576152	-2.8478892192918958e-05	0.09825572114231779
1330000.0	-0.6720409641822416	-1.0363089502822054	0.3126025444292177	0.32982284321591077	-3.4973789828526476	-4.398400333871096e-06	3.0957954689957434	-2.8599593981769818e-05	0.0997380949773078
1340000.0	-0.6687034329995915	-1.0713917238455763	0.31260250749537455	0.3369572095435612	-3.5178474323622213	-3.343918529057787e-06	-3.06681964444224	-2.863346128152784e-05	0.10122950833099813
1350000.0	-0.6652966513043672	-1.1066760817076884	0.31260247043547257	0.34385041251336995	-3.536839676425725	-3.4542181813947047e-06	-2.945936969843715	-2.8642168851210596e-05	0.10273005945325306
1360000.0	-0.6618198209301789	-1.142163941273289	0.3126024324070034	0.3507506444676067	-3.5581841851306293	-4.406016890171504e-06	-2.822960663662425	-2.8765297883965422e-05	0.10423985604999247
1370000.0	-0.6582716706850966	-1.1778537615182387	0.3126023954161915	0.3581317447358041	-3.5784575581806846	-3.3484109288074425e-06	-2.7002692322962507	-2.8799019664753407e-05	0.10575860201465152
1380000.0	-0.6546517063947134	-1.2137433940311266	0.31260235830048466	0.3652793579723428	-3.597282610344022	-3.4562603771586344e-06	-2.577271427875275	-2.880709288349958e-05	0.10728639305481075
1390000.0	-0.6509591387814988	-1.2498346490791648	0.312602320202194	0.3724386583940713	-3.6184297209254765	-4.423538723420957e-06	-2.452160928967575	-2.893351795431865e-05	0.1088233430768994
1400000.0	-0.6471927088478233	-1.2861259491734471	0.3126022831618873	0.3800687769549942	-3.6384948166785493	-3.3516069046305015e-06	-2.3273741525372973	-2.8966188170663194e-05	0.11036915655569458
1410000.0	-0.6433519464586023	-1.3226150755816635	0.31260224599213293	0.3874688862750576	-3.65715212259813	-3.459030325117072e-06	-2.2022753553857775	-2.897357455220742e-05	0.11192394581915485
1420000.0	-0.6394360081394522	-1.3593039452493214	0.3126022078284698	0.39488696793660183	-3.6780772107603856	-4.4365827756321685e-06	-2.0750586388980348	-2.9102188520618983e-05	0.11348780969251869
1430000.0	-0.6354436899484605	-1.3961907996940222	0.3126021707304348	0.4027837068489952	-3.6979986286062148	-3.3522966742075524e-06	-1.9481633642061984	-2.91366081858488e-05	0.11506047318000132
1440000.0	-0.6313744694049228	-1.4332736153731642	0.3126021335098349	0.4104250636477318	-3.716435364942585	-3.461325388354386e-06	-1.8209991443551399	-2.9141772741085856e-05	0.11664202928853049
1450000.0	-0.6272275799654944	-1.4705539254270905	0.31260209528253585	0.41809494281233767	-3.737110283387035	-4.4484952385454805e-06	-1.6917029795383143	-2.9272527394725267e-05	0.11823260073648988
1460000.0	-0.6230017022804494	-1.5080304206347377	0.3126020581287337	0.4262543166099067	-3.756862282944632	-3.3550979259814497e-06	-1.562723087750991	-2.930719908199749e-05	0.11983189721652321
1470000.0	-0.618696356061137	-1.5457009036748486	0.3126020208518301	0.4341673340781432	-3.7751763398832363	-3.4625991173599676e-06	-1.4334710921721356	-2.9313137783884463e-05	0.12144001677550878
1480000.0	-0.6143107669970737	-1.5835668864067363	0.3126019825629017	0.4420775787447427	-3.7955655991995836	-4.460500963443271e-06	-1.3021230611366703	-2.9444461649153998e-05	0.12305707392701613
1490000.0	-0.6098436497534148	-1.6216269287852776	0.31260194535439007	0.45049369132585526	-3.815119075468055	-3.3581921655204646e-06	-1.171084674958683	-2.947938181025135e-05	0.12468280016222154
1500000.0	-0.6052945103488175	-1.6598788755703247	0.31260190802343885	0.45866252666508694	-3.833244807258376	-3.464924035422318e-06	-1.0397840260959919	-2.948465922140756e-05	0.126317286750177
1510000.0	-0.6006625046085728	-1.6983243965392174	0.31260186967285875	0.46684257149912267	-3.8534406963164685	-4.467648381912871e-06	-0.9063674904413485	-2.9618453670166633e-05	0.12796063629813184
1520000.0	-0.5959463748491691	-1.7369619980290554	0.3126018324068141	0.4755116982298823	-3.87277800179718	-3.3612584049421846e-06	-0.7732888864581295	-2.96531296121816e-05	0.12961258778404264
1530000.0	-0.5911455449702588	-1.7757897968846925	0.31260179502088664	0.48394839673908707	-3.8907495813016073	-3.467166941536246e-06	-0.6399390569192689	-2.965777765514111e-05	0.13127322143711476
1540000.0	-0.5862591777139959	-1.8148093935315366	0.31260175660663336	0.49239128728556075	-3.9107345815014622	-4.478897295929709e-06	-0.5044707436049176	-2.9793552676357788e-05	0.13294264004221823
1550000.0	-0.5812860597929905	-1.8540191611739583	0.3126017192860279	0.5013289248644297	-3.929908266282699	-3.3657879406834157e-06	-0.36934598259047097	-2.9828480965002752e-05	0.134620599073457
1560000.0	-0.5762255613116923	-1.893417409686582	0.3126016818447134	0.5100309738234347	-3.94771786688689	-3.470131185054527e-06	-0.2339602902386503	-2.9832306199272682e-05	0.13630716900153114
1570000.0	-0.5710768311493037	-1.933005725958608	0.31260164335894886	0.5187486918766236	-3.9675267578690967	-4.498040051844426e-06	-0.09643230514249669	-2.9971716793183556e-05	0.1380024549257192
1580000.0	-0.5658386196197726	-1.9727826246197462	0.3126016059860349	0.5279680038871799	-3.986564950086573	-3.3667089477174494e-06	0.040735336292014555	-3.0007142253050654e-05	0.13970620546756843
1590000.0	-0.5605103854271188	-2.012746155795854	0.31260156849384735	0.5369201491550089	-4.004163247469811	-3.4726085952823605e-06	0.17812440106682337	-3.0008526967558397e-05	0.14141850863545502
1600000.0	-0.5550913389413409	-2.0528976210078946	0.3126015299447586	0.5458957166997632	-4.023737357728519	-4.509706999391479e-06	0.31767105974046356	-3.0150101683461975e-05	0.14313948776987517
1610000.0	-0.549580193538761	-2.0932356438860062	0.31260149251708286	0.5553804426667083	-4.042583065357093	-3.369841636269005e-06	0.45685027658114025	-3.0185774647019666e-05	0.14486888663451294
1620000.0	-0.5439763979814717	-2.1337582876353745	0.3126014549707633	0.564596078294558	-4.059998275284871	-3.475081473456752e-06	0.5962417579197717	-3.018644067815993e-05	0.14660678886996115
1630000.0	-0.5382791559308541	-2.1744668081925873	0.31260141635825894	0.5738319156563788	-4.079339616131565	-4.521356896393312e-06	0.737794472912742	-3.0330117543637705e-05	0.1483533158095528
1640000.0	-0.5324870631522357	-2.2153601917502352	0.3126013788745309	0.5835957928938584	-4.098024768095004	-3.3726901818914155e-06	0.8789870766991308	-3.0366046909595017e-05	0.15010819710263287
1650000.0	-0.5265996229994392	-2.2564363298871752	0.312601341271384	0.5930993951173344	-4.115322619524809	-3.476552806557199e-06	1.02039719058373	-3.0367698099516683e-05	0.15187152386995756
1660000.0	-0.5206160424773022	-2.297696462637826	0.31260130259762997	0.6025819154631973	-4.134395909534125	-4.533120551297476e-06	1.1639303363036586	-3.0511661468517675e-05	0.15364341425546815
1670000.0	-0.5145349509912334	-2.33913943534549	0.312601265059079	0.6126166820791692	-4.152890712507815	-3.3758543332959804e-06	1.3071120547343238	-3.0547847314326555e-05	0.15542361609744706
1680000.0	-0.5083557266796053	-2.3807635204240065	0.3126012274005835	0.6224000184583314	-4.170038502473672	-3.4789689387940263e-06	1.450517465455358	-3.054884931454593e-05	0.15721219725662208
1690000.0	-0.5020775192993577	-2.422570090216031	0.3126011886652618	0.6321684404547848	-4.18895999140775	-4.5391681209247745e-06	1.5960672204265967	-3.0695290980713595e-05	0.15900926668805443
1700000.0	-0.4956990548570055	-2.4645577492137187	0.31260115106932623	0.6424766463841565	-4.207275866742006	-3.380380446401943e-06	1.7412379867728682	-3.073120325058287e-05	0.16081459415773375
1710000.0	-0.48921976742116835	-2.5067245986889133	0.31260111335533947	0.6525290993336145	-4.224238875926591	-3.4815183572726942e-06	1.886615393849602	-3.0731508278905057e-05	0.16262825814213547
1720000.0	-0.4826388128472376	-2.54907193401417	0.3126010745504636	0.6625700746800962	-4.242960782806642	-4.557060477396192e-06	2.034159324918122	-3.088168993150699e-05	0.16445037456941075
1730000.0	-0.4759547884499438	-2.591598720615776	0.3126010369054331	0.6731514186722612	-4.261088293003166	-3.3837251265104146e-06	2.181296730984575	-3.0916149818203714e-05	0.16628068613682148
1740000.0	-0.46916718996046564	-2.6343028884609434	0.3126009991368519	0.683481655584567	-4.277894307296525	-3.4847331549232452e-06	2.3286495887839087	-3.0915651741158585e-05	0.1681192901808346
1750000.0	-0.462275119401823	-2.6771858429009163	0.31260096026663026	0.6937988703623366	-4.296421194541911	-4.5698407074357e-06	2.4781764571336606	-3.1068094101092134e-05	0.16996629117433348
1760000.0	-0.4552772394609014	-2.720246358168605	0.31260092256323363	0.7046773138275502	-4.314414068031578	-3.384642624548525e-06	2.6273014559990333	-3.1104810003060575e-05	0.17182144954669837
1770000.0	-0.4481729927605471	-2.7634825404496794	0.312600884743735	0.7152681626755524	-4.331012817979895	-3.487450293733276e-06	2.776596843501829	-3.110151610722928e-05	0.17368484724657535
1780000.0	-0.440961588585995	-2.806895432156473	0.31260084581027864	0.7258507887831623	-4.349314857057407	-4.581226099772738e-06	2.928082873356123	-3.12561540830518e-05	0.17555661563484024
1790000.0	-0.4336415342085352	-2.850484209603785	0.3126008080506287	0.7370190383380847	-4.367147773520708	-3.3875584156874058e-06	3.0791758014093276	-3.129318127816205e-05	0.17743649153568855
1800000.0	-0.4262123327995952	-2.8942468097131773	0.3126007701739234	0.7479089223603138	-4.38362722350884	-3.489081654700237e-06	-3.0527395327579097	-3.1291084519428236e-05	0.17932456448850737
1810000.0	-0.41867312560453684	-2.93818445369327	0.31260073118146214	0.7587585400801972	-4.401716139292269	-4.587655036940735e-06	-2.899299351932861	-3.144640309529361e-05	0.1812209532968896
1820000.0	-0.41102250628033976	-2.982296075277194	0.312600693364083	0.7702001225544234	-4.4193398549023275	-3.39076519560473e-06	-2.7462664302689768	-3.1483093308988055e-05	0.1831254174356544
1830000.0	-0.4032598698408317	-3.026579875549143	0.31260065543180476	0.7813787833643596	-4.435667444362207	-3.491668222068769e-06	-2.593043095607319	-3.148038864704786e-05	0.18503802882648054
1840000.0	-0.3953843748408031	-3.0710370178044095	0.3126006163760652	0.792503640464332	-4.4535601390912	-4.598303260464507e-06	-2.437646377921722	-3.163771347785859e-05	0.1869589095860928
1850000.0	-0.3873946640860131	-3.115666290023012	0.31260057850382467	0.8042355318436722	-4.471022119888906	-3.395410220430115e-06	-2.2826611701746007	-3.1674709007815256e-05	0.1888878326582412
1860000.0	-0.37929016439158614	-3.1604658229227853	0.3126005405155661	0.81569265058758	-4.487162791661191	-3.4944081593478506e-06	-2.1275077253432624	-3.1671272383717126e-05	0.19082487329032286
1870000.0	-0.37107004329907706	-3.205436700210446	0.3126005013901755	0.8270974253025726	-4.504858033339563	-4.6161286062344515e-06	-1.9701576225891781	-3.1832548275203886e-05	0.19277016027109975
1880000.0	-0.36273279884429754	-3.250578046847602	0.3126004634680457	0.8391129925786983	-4.522127287424015	-3.3986947606148373e-06	-1.8132465942104912	-3.1867933843877625e-05	0.19472343764715527
1890000.0	-0.3542778976983639	-3.295887802640135	0.31260042542424	0.8508617204082312	-4.5381047005778825	-3.4976995288869485e-06	-1.656157486582601	-3.1863608390976794e-05	0.19668478922805926
1900000.0	-0.34570443955611974	-3.3413671512797363	0.3126003862326625	0.8625539653251304	-4.555603031683523	-4.628502257457447e-06	-1.4968633360940193	-3.2027156276655716e-05	0.1986543288923626
1910000.0	-0.3370108525796194	-3.387015313742877	0.31260034824988486	0.8748948129260067	-4.572759486473584	-3.3995997289165086e-06	-1.3379871801898602	-3.206502037440737e-05	0.20063179222413957
1920000.0	-0.32819649020303	-3.432830554932877	0.3126003101497831	0.8869557598705627	-4.588613450281208	-3.4993954052326466e-06	-1.1789475805345995	-3.205975538756927e-05	0.2026172417846537
1930000.0	-0.3192605504966615	-3.4788134693042565	0.31260027088925463	0.8989448409136088	-4.60590626276574	-4.642377676749859e-06	-1.0177095865864032	-3.222551333310771e-05	0.20461079968204826
1940000.0	-0.31020131872794077	-3.5249636912704294	0.3126002328499649	0.9115972622862685	-4.622861124056556	-3.403010002154937e-06	-0.8569091567504167	-3.2260923336819234e-05	0.2066121830250262
1950000.0	-0.30101821855567484	-3.5712790244885144	0.31260019469108735	0.9239692450022352	-4.638537619538928	-3.50208174636102e-06	-0.69594512929768	-3.225446513560595e-05	0.2086214491934191
1960000.0	-0.29171043108877903	-3.617760216569519	0.31260015536076485	0.9362568299619599	-4.655608891820964	-4.6560263556231824e-06	-0.5327732245354339	-3.242231734071785e-05	0.21063872897956123
1970000.0	-0.28227633358791365	-3.6644065068812828	0.31260011726206804	0.949233229272333	-4.672419474592887	-3.403866692534826e-06	-0.3700340280128818	-3.2460089287148636e-05	0.2126637449509938
1980000.0	-0.27271532399370874	-3.7112159770798185	0.3126000790474761	0.9618967592596718	-4.687861862878615	-3.504333185188876e-06	-0.2071779800643553	-3.245024408673853e-05	0.21469656227111908
1990000.0	-0.2630266067268883	-3.75818931953036	0.3126000396481845	0.9744764384073515	-4.704709882956237	-4.670421303300352e-06	-0.042081060944846455	-3.26201743597327e-05	0.21673732118628067
2000000.0	-0.25320861106062087	-3.8053255721400294	0.31260000149276673	0.9877583951888718	-4.721314356066114	-3.4061658709462838e-06	0.12256219350668417	-3.2657964009095744e-05	0.21878574815719726
2010000.0	-0.24326070843743106	-3.8526229916285195	0.3125999632205699	1.0007352548499517	-4.736627727642912	-3.5057884017124827e-06	0.2873472646241753	-3.2649586254703487e-05	0.22084190865109232
2020000.0	-0.233182139186812	-3.9000821983573264	0.31259992375400286	1.0135870981880983	-4.753181156691324	-4.684167012897494e-06	0.4543291846351158	-3.281911894081933e-05	0.22290595650503997
2030000.0	-0.22297126860518515	-3.9477024582892106	0.3125998855418677	1.0271796314882018	-4.769613239744312	-3.408293101570982e-06	0.6208854065959686	-3.285718486602265e-05	0.2249776105059688
2040000.0	-0.2126275689147222	-3.995481669396648	0.3125998472134293	1.0404508266430086	-4.784722634161009	-3.507944544057553e-06	0.7875593604727441	-3.2847797483437976e-05	0.22705694498179274
2050000.0	-0.2021502892561099	-4.043420427136087	0.3125998076791002	1.0535830958979373	-4.801023066891385	-4.697808045359476e-06	0.9564356729650455	-3.301933458552603e-05	0.22914411939368895
2060000.0	-0.19153777441313358	-4.091518048271761	0.3125997694106644	1.067478050682114	-4.817248816428705	-3.4105394748027353e-06	1.1248807166510708	-3.305752480449245e-05	0.23123884784041346
2070000.0	-0.180789416929964	-4.13977281344071	0.31259973102593896	1.0810510905748567	-4.832190108715847	-3.5100344690699178e-06	1.2934535714554427	-3.3047434019806874e-05	0.2333412033219013
2080000.0	-0.1699045355839392	-4.188185038464612	0.31259969142576244	1.0944724261093672	-4.8482785108177255	-4.708819339044174e-06	1.4642368896077234	-3.322165957929868e-05	0.23545135478792842
2090000.0	-0.15888141114724277	-4.236754272889141	0.3125996531001793	1.1086737792660843	-4.864315906189117	-3.4136595161276717e-06	1.6345745777282288	-3.325930152790539e-05	0.23756901197590966
2100000.0	-0.14771944459867353	-4.285478786190208	0.31259961465890196	1.1225466825275112	-4.879078640258813	-3.5125952613586017e-06	1.8050368758986612	-3.324811066192919e-05	0.23969425000553155
2110000.0	-0.1364178558014962	-4.334359299086296	0.3125995749873821	1.1362750416348864	-4.89502242964972	-4.726038670180412e-06	1.977755571150759	-3.342676935910103e-05	0.2418272411396766
2120000.0	-0.12497501436400617	-4.38339495839877	0.31259953660723006	1.15079037660541	-4.910898061579223	-3.4144979203724494e-06	2.1499960967400864	-3.346509424710786e-05	0.2439676975138241
2130000.0	-0.11339032927408306	-4.432584011338952	0.3125994981104876	1.164966606470693	-4.925493496099262	-3.5140522656180654e-06	2.322351289713299	-3.345307234837461e-05	0.24611569498835387
2140000.0	-0.10166309962740058	-4.481926874759967	0.3125994583722887	1.1789631733810786	-4.941141007921666	-4.739665996681259e-06	2.4969310985887203	-3.363128785579864e-05	0.2482714159867938
2150000.0	-0.08979160435766377	-4.531422963927502	0.31259941993576684	1.1937889942425701	-4.956836742948707	-3.416615946828083e-06	2.6710620898818895	-3.366999098878295e-05	0.25043456146803833
2160000.0	-0.07777525706013684	-4.581070544234173	0.31259938138289267	1.208267541229993	-4.9712544422580995	-3.5161674394849078e-06	2.8453011637832506	-3.3657170383011166e-05	0.2526052104363362
2170000.0	-0.06561331331729697	-4.630870184323718	0.31259934157904107	1.2225614151434623	-4.986716391320963	-4.750320073588907e-06	3.0217913129712657	-3.383823623378308e-05	0.2547835488040836
2180000.0	-0.053304114170271755	-4.68082102258484	0.3125993030851145	1.2376945310123662	-5.00221404201743	-3.4197733245228125e-06	-3.0853838015962234	-3.387636652160106e-05	0.256969277860959
2190000.0	-0.040847125855444436	-4.730921133095423	0.3125992644751557	1.2524679785300525	-5.016418152869034	-3.518352098540264e-06	-2.9092821513418454	-3.3862635085952735e-05	0.2591624782161284
2200000.0	-0.028241627606225252	-4.781170968954476	0.3125992246037687	1.2670413665969826	-5.03161977946751	-4.763829793949979e-06	-2.7309238427882545	-3.404579443072507e-05	0.2613633392019513
2210000.0	-0.015485935419385973	-4.83156970959871	0.31259918605350484	1.2824781777300556	-5.046898958203179	-3.4220662335805856e-06	-2.5530508752169037	-3.4084081864331985e-05	0.2635715555396976
2220000.0	-0.0025795211228269764	-4.882115427924869	0.3125991473872711	1.2975472465999092	-5.060888598509638	-3.5205592171952144e-06	-2.3750932050978837	-3.406947791538446e-05	0.26578720759163227
2230000.0	0.010478335853341295	-4.932808565505765	0.3125991074450615	1.312413217737468	-5.075870382120498	-4.780581218628555e-06	-2.1948541104557022	-3.425690601195361e-05	0.2680104886845861
2240000.0	0.023689456325585397	-4.98364874881074	0.3125990688399301	1.3281679805494209	-5.090978702057805	-3.422949111496168e-06	-2.015098928688059	-3.429598507640547e-05	0.27024108505920036
2250000.0	0.037054356402276035	-5.034634039396364	0.31259903011940593	1.3435300157654877	-5.104746855967215	-3.5232568307249417e-06	-1.8352899944790062	-3.4277465310201764e-05	0.27247908048413644
2260000.0	0.050573700101462095	-5.085764663049416	0.3125989901086724	1.3586861458962345	-5.119500739456904	-4.794841222757831e-06	-1.653175153723289	-3.446741424925295e-05	0.27472467555823354
2270000.0	0.06424934947032608	-5.137040324635697	0.31259895144712757	1.3747549729358246	-5.134417274604049	-3.4251219306668167e-06	-1.4715499916618167	-3.4506817810551346e-05	0.27697755089630405
2280000.0	0.07808176055175298	-5.188458880978802	0.31259891266930445	1.3904336585311659	-5.148032125876855	-3.5247388297178e-06	-1.2898611336847021	-3.449009384160946e-05	0.2792377915009133
2290000.0	0.09207164143524332	-5.24002072608768	0.31259887259349617	1.4058699915426565	-5.1625242110741265	-4.805659607035292e-06	-1.1058890377037538	-3.4680297567173525e-05	0.2815056038740259
2300000.0	0.10622080016238739	-5.291725312611121	0.31259883387354026	1.422241035659141	-5.177200365675336	-3.4274454105700004e-06	-0.9224221290559479	-3.4718960909932524e-05	0.2837806656839611
2310000.0	0.12052977466435923	-5.343570777883437	0.31259879503904436	1.4382264270992164	-5.190624987511767	-3.526931211251331e-06	-0.7388729266911496	-3.470159999918528e-05	0.28606305758991796
2320000.0	0.13499924676215752	-5.395557433645366	0.3125987548956285	1.4539513849306125	-5.20487672939541	-4.818885843685517e-06	-0.5530371605631773	-3.4893775979514226e-05	0.2883529942306135
2330000.0	0.1496309983185508	-5.4476845719341185	0.31259871611965184	1.4706367686768387	-5.21935207664125	-3.430700443232642e-06	-0.3677100610990471	-3.493271049950019e-05	0.290650147899674
2340000.0	0.16442561169926598	-5.499950508345755	0.3125986772279902	1.486927085225137	-5.232574231537414	-3.529644512655171e-06	-0.18230894025656225	-3.491415572962942e-05	0.292954600121793
2350000.0	0.17938367965515986	-5.552355247377471	0.3125986370128855	1.5029478143081632	-5.246599200220935	-4.835648494877308e-06	0.005392992593799469	-3.51110243166317e-05	0.29526657280409496
2360000.0	0.19450708876700332	-5.604898369923619	0.3125985981834251	1.5199351962837926	-5.260830112868626	-3.4331683732597697e-06	0.19255595290424404	-3.514779651210501e-05	0.2975857302867873
2370000.0	0.2097962883579297	-5.657577760995669	0.3125985592348851	1.5365237638601068	-5.273821384126045	-3.5319462998281568e-06	0.3797902722002639	-3.512838557277879e-05	0.29991215705713364
2380000.0	0.22525197437726452	-5.710393756792659	0.31259851895140883	1.5528343066672348	-5.287602970701385	-4.849971025196384e-06	0.5693482274369086	-3.532752877689203e-05	0.30224607637389017
2390000.0	0.2408761034283028	-5.763346106859693	0.312598480063341	1.5701580527043995	-5.301687406727133	-3.4338837098077445e-06	0.758394294493441	-3.5367666162693234e-05	0.3045871469777361
2400000.0	0.25666909735711557	-5.816432641522105	0.31259844105884055	1.5870562394826937	-5.314480809027427	-3.533531679636842e-06	0.9474785395749717	-3.53471228633826e-05	0.30693545698685776
2410000.0	0.272631539544557	-5.869653339503696	0.3125984007081505	1.6036345357302881	-5.327947542162755	-4.863549455649779e-06	1.138853727646479	-3.554544148686392e-05	0.3092912387926585
2420000.0	0.2887653896376303	-5.923007867025218	0.31259836176307193	1.6212658486842062	-5.341789928525378	-3.43629156217017e-06	1.3297306919096166	-3.558579164607557e-05	0.31165414213416365
2430000.0	0.30507118035438663	-5.976494428098852	0.3125983227014306	1.6384733566527212	-5.354378944557319	-3.5357928984679298e-06	1.5206589601418008	-3.5564606987118425e-05	0.3140242530503924
2440000.0	0.32154940962151735	-6.0301127370200405	0.3125982822844823	1.655344467721759	-5.367605313093726	-4.874158733080817e-06	1.7138868866649766	-3.576588336195256e-05	0.31640181131769357
2450000.0	0.3382020395060154	-6.083862428409864	0.31259824328034685	1.6732796608971237	-5.381189486363499	-3.438696417044764e-06	1.9065836248967625	-3.5805372654952334e-05	0.3187864640412005
2460000.0	0.3550295729349364	-6.137741602139806	0.3125982041616098	1.6907863615072452	-5.393536466740072	-3.5381488988424414e-06	2.0993321190382566	-3.578326666528826e-05	0.3211782947687618
2470000.0	0.37203248834619906	-6.191749927260491	0.3125981636764184	1.7079381246200038	-5.40648071859497	-4.887618188976976e-06	2.2943859138286635	-3.59866861580446e-05	0.3235775486840972
2480000.0	0.38921285775383474	-6.2458873012545375	0.31259812461598047	1.7261908601251048	-5.41984679196881	-3.4420404438053137e-06	2.488921452306407	-3.6026462653251325e-05	0.3259838639844532
2490000.0	0.40657110916714223	-6.300151642729097	0.3125980854390267	1.7439971460642678	-5.431947920951825	-3.540513393856125e-06	2.6834847839840372	-3.600331579352959e-05	0.3283973295598389
2500000.0	0.4241078314626285	-6.354542931904125	0.3125980448822974	1.7614537662922014	-5.444676551558167	-4.904162365320212e-06	2.8803985894656634	-3.62114478479718e-05	0.3308181905798418
2510000.0	0.4418250583426779	-6.409060910726915	0.31259800576775026	1.7800094429780697	-5.457779317445143	-3.444594435678091e-06	3.0767475557590247	-3.6248828030371106e-05	0.33324608470464007
2520000.0	0.459723190969946	-6.463703418960932	0.31259796653386046	1.7981227564707465	-5.469656023556631	-3.5433597136556163e-06	-3.0100477818804787	-3.62245374655612e-05	0.33568109937533996
2530000.0	0.4778028483332013	-6.51847054087074	0.3125979259077648	1.8158714062534203	-5.482130651122559	-4.918508869836947e-06	-2.8112953056188363	-3.643528550924801e-05	0.338123486725113
2540000.0	0.4960660145284733	-6.57336180424843	0.3125978867342165	1.8347564182394478	-5.495033125912842	-3.445558339773864e-06	-2.613101281665618	-3.647603951368931e-05	0.3405728793790107
2550000.0	0.514513187211966	-6.628375348676461	0.3125978474436888	1.8531819864503378	-5.506695082004938	-3.545014328045683e-06	-2.4148798598494174	-3.645080740445109e-05	0.34302936379729504
2560000.0	0.5331449269226093	-6.6835110985387125	0.3125978067518776	1.8712105728110855	-5.518882712375833	-4.929103205427573e-06	-2.2143065474972476	-3.66616550992708e-05	0.34549320026593905
2570000.0	0.5519632786661834	-6.738768698438791	0.31259776751858603	1.8904101615660327	-5.531542943001979	-3.4478443516785673e-06	-2.0142888336227385	-3.6701773711396864e-05	0.3479640158093965
2580000.0	0.5709685830186864	-6.794145852749769	0.31259772817068193	1.909133866898871	-5.542943656157307	-3.547450948014912e-06	-1.814263258640886	-3.667533655177869e-05	0.3504418994018085
2590000.0	0.5901613900766087	-6.8496424545678245	0.31259768741022265	1.9274416275143214	-5.554835522602667	-4.942555979596884e-06	-1.6118779930361973	-3.6888402511770425e-05	0.35292711519765907
2600000.0	0.6095438625095122	-6.9052584077594545	0.31259764812020785	1.946959354021669	-5.567260006950644	-3.4512601565051126e-06	-1.410034886222665	-3.6928830373689476e-05	0.3554192813670109
2610000.0	0.6291163876360514	-6.960991593236949	0.3125976087134173	1.9659938551124843	-5.578431276633488	-3.549802918666442e-06	-1.2081877131639949	-3.690165491564818e-05	0.35791849009431553
2620000.0	0.6488794805924154	-7.016841794770382	0.31259756788106435	1.984604814859849	-5.590087486894231	-4.95913940989681e-06	-1.0039564959429292	-3.711932505645924e-05	0.36042501021384693
2630000.0	0.6688352854220845	-7.07280881627386	0.3125975285365023	2.0044247495784453	-5.6022313963123445	-3.453890530306068e-06	-0.8003124647716934	-3.7157236581876624e-05	0.3629384574992461
2640000.0	0.6889841596888937	-7.12889045902129	0.3125974890722963	2.023766001327065	-5.61315993081727	-3.5527335692124405e-06	-0.5966507827750697	-3.712887688644558e-05	0.36545892229965193
2650000.0	0.7093266504753035	-7.185086611161294	0.31259744817008883	2.0426676622972892	-5.624546733231906	-4.973542031890273e-06	-0.390592425914726	-3.734924985416709e-05	0.367986680413086
2660000.0	0.729864846986544	-7.24139686140109	0.31259740876598296	2.062817475737831	-5.6364706257803165	-3.4549248435129477e-06	-0.18511477682434688	-3.739073005776665e-05	0.3705213421301809
2670000.0	0.7505991447899816	-7.297819145186854	0.31259736924576625	2.0824446054065855	-5.647100111743628	-3.555277936233513e-06	0.020328723844325606	-3.735781630739953e-05	0.37306299926661
2680000.0	0.7715299639221057	-7.3543530056088215	0.3125973282744945	2.101623802355028	-5.6581798750025465	-4.987012571467634e-06	0.2281902070733472	-3.7580538085708995e-05	0.3756119322343008
2690000.0	0.792659654873418	-7.4109986427696875	0.31259728881309246	2.122103130805334	-5.669885167879184	-3.4582034179911965e-06	0.4355047237340633	-3.762268051846977e-05	0.37816774053700997
2700000.0	0.8139885956693611	-7.467753989960171	0.3125972492326343	2.142066172923913	-5.680333630166332	-3.556861088689675e-06	0.6427989696981141	-3.7592356757626535e-05	0.38073052154559356
2710000.0	0.835517224825319	-7.524618646505182	0.3125972081955611	2.1615314886255548	-5.691132270307035	-4.997181916472346e-06	0.8524838865179037	-3.7814756271783995e-05	0.38330056260755463
2720000.0	0.8572476566193894	-7.581592150054441	0.31259716867367215	2.1823118018664425	-5.702537614545185	-3.460761548684976e-06	1.0615882900599285	-3.785585519319068e-05	0.3858774627664096
2730000.0	0.87918037337383	-7.6386726798755	0.31259712903554504	2.202580356038232	-5.712727621175143	-3.5598591595818263e-06	1.2706901279484024	-3.782426275639031e-05	0.38846131294652936
2740000.0	0.901315716121187	-7.695859621611441	0.3125970879251402	2.222339497794776	-5.723251202188995	-5.014096068521732e-06	1.4821983021663474	-3.805200972153561e-05	0.39105240995751706
2750000.0	0.9236559251632344	-7.753152766301166	0.3125970483484001	2.243420346172107	-5.7343578817967025	-3.4634759671963525e-06	1.6930942147480557	-3.8090509231754484e-05	0.3936503448020229
2760000.0	0.9462013122165871	-7.810549881423145	0.31259700865172546	2.263985328339855	-5.744261037555106	-3.562404732055446e-06	1.9039849930503865	-3.8057984334955056e-05	0.39625521011320836
2770000.0	0.9689523426315562	-7.868050663501445	0.31259696747150445	2.284029871663423	-5.754492694094132	-5.028608365737149e-06	2.117307236407662	-3.8288171788887454e-05	0.3988673048179929
2780000.0	0.9919112122263063	-7.925654744531408	0.31259692783466464	2.3054398620692282	-5.76535807069529	-3.464584969637748e-06	2.3300267721991625	-3.833041032972232e-05	0.4014862161928124
2790000.0	1.0150782702073426	-7.983360014085801	0.3125968880814795	2.3262875982612066	-5.7749432139272185	-3.5650307183712766e-06	2.542688405519203	-3.829308681182137e-05	0.4041120381986389
2800000.0	1.0384538445387337	-8.041165829687031	0.312596846831686	2.346605751166871	-5.784850645522538	-5.042088980118049e-06	2.7578032591202417	-3.8525668237042714e-05	0.40674507409500676
2810000.0	1.0620401791802785	-8.099071885389648	0.3125968071361768	2.368319966317623	-5.79541525444233	-3.467219308463535e-06	2.9723098907822494	-3.8568078457007344e-05	0.40938490445656095
2820000.0	1.0858376818838864	-8.157076217362272	0.3125967673231891	2.389490869267165	-5.804768564698455	-3.5667701530227034e-06	-3.0963930753748596	-3.8533560857952636e-05	0.4120316206563132
2830000.0	1.10984663833136	-8.215178131506086	0.31259672600489447	2.4100644226041363	-5.814311881965727	-5.055713034753047e-06	-2.879510699724618	-3.876455801207175e-05	0.41468553699667265
2840000.0	1.1340693948528509	-8.273377474931372	0.31259668625042186	2.4320948639526625	-5.824602226959557	-3.4696623569893576e-06	-2.663199710286457	-3.8807528764255054e-05	0.41734622285103534
2850000.0	1.1585062073426118	-8.331671964510642	0.3125966463788916	2.4535587049667846	-5.83365146953411	-3.56937735996791e-06	-2.446940804988604	-3.877163831345005e-05	0.4200137743815041
2860000.0	1.1831574323600678	-8.390061064643207	0.3125966049929343	2.474420061718	-5.842902939652729	-5.065992958769402e-06	-2.228247029143486	-3.9006298563664425e-05	0.4226885070974696
2870000.0	1.2080253909208047	-8.448544538245464	0.3125965651774818	2.4967477945624257	-5.852870772924736	-3.4722980169802206e-06	-2.0101628417294526	-3.904810057799075e-05	0.42536998996135533
2880000.0	1.233110442210819	-8.507120331407984	0.3125965252469515	2.518518233092036	-5.861646116764735	-3.5718945935787973e-06	-1.7921071549091594	-3.901158914036741e-05	0.4280583143579862
2890000.0	1.2584127393504914	-8.565787475760768	0.3125964837913293	2.5396469605063823	-5.870556332346353	-5.0794819097854415e-06	-1.5716340176020218	-3.924812705505378e-05	0.4307538057215835
2900000.0	1.2839347600076145	-8.624546013021998	0.31259644391798685	2.5622879493659765	-5.880237517462926	-3.475894983643005e-06	-1.351752874348807	-3.9290277165932354e-05	0.43345602297859964
2910000.0	1.3096767702275987	-8.683393725785962	0.3125964039272843	2.5843504864824887	-5.888701461508504	-3.574514025414356e-06	-1.1319251515607949	-3.9252605584410156e-05	0.4361650628816605
2920000.0	1.3356390547705903	-8.742329930976114	0.312596362398481	2.605776953679238	-5.897334082937758	-5.096126241462884e-06	-0.9096312101403156	-3.94944809241049e-05	0.43888125121029226
2930000.0	1.3618240402435653	-8.801354518831317	0.31259632246943	2.628712103811225	-5.9066861312018775	-3.4787105296144036e-06	-0.6879784867387347	-3.953372121187692e-05	0.44160414625006067
2940000.0	1.3882319526969398	-8.860465186706659	0.3125962824200812	2.6510743977999436	-5.914856361469365	-3.5776499539167638e-06	-0.46636481865615165	-3.949471370434461e-05	0.4443338425924466
2950000.0	1.4148631128008444	-8.91966135640448	0.3125962408201625	2.672782130286803	-5.923175895455189	-5.110684677013795e-06	-0.2422707398627478	-3.973949965565681e-05	0.44707067367364595
2960000.0	1.4417200181637577	-8.978943001272201	0.31259620082995493	2.696055702758695	-5.932284180034317	-3.4796996344854626e-06	-0.018789697705442032	-3.978318022888974e-05	0.44981419051149396
2970000.0	1.4688030159293852	-9.038308109282342	0.3125961607223294	2.71873696300843	-5.940198303834391	-3.5794304395623905e-06	0.2046391025681292	-3.974327463985308e-05	0.4525644902323539
2980000.0	1.4961121737078793	-9.09775558171858	0.3125961190554703	2.7407075041668914	-5.948167779280001	-5.1210610350427635e-06	0.43051397224646576	-3.998746396369063e-05	0.45532191627294416
2990000.0	1.5236499468878197	-9.15728523959483	0.31259607900373304	2.7642724035322335	-5.9569310354727945	-3.4824093798063565e-06	0.655760573212208	-4.002996895042165e-05	0.45808601377535263
3000000.0	1.5514166400042402	-9.216894977143706	0.31259603883667475	2.7872407236938432	-5.9645162152728854	-3.5821220928839526e-06	0.8809567408793944	-3.998900954446634e-05	0.4608568766530019
3010000.0	1.5794122894024387	-9.27658365782192	0.3125959970995186	2.8094731730416203	-5.972128987441665	-5.134549811063754e-06	1.10860559705665	-4.02355150819249e-05	0.4636348539707165
3020000.0	1.6076394877652265	-9.33635132239075	0.31259595698936304	2.833346165346717	-5.980582160392664	-3.486080997091471e-06	1.335641530022973	-4.027837500717964e-05	0.46641948237115016
3030000.0	1.6360985591620294	-9.396195941843125	0.312595916762207	2.8566104517799724	-5.987855887686119	-3.5853071916464667e-06	1.5626182338948165	-4.02358448558833e-05	0.4692108593490929
3040000.0	1.6647895753577757	-9.456116467805487	0.3125958749506604	2.8791379912668056	-5.995174676134286	-5.151171995470351e-06	1.7920852109062304	-4.048830501944695e-05	0.4720093389687424
3050000.0	1.6937150530709522	-9.516112731177534	0.31259583478420616	2.9032984512588356	-6.0032756356252275	-3.4889776120306504e-06	2.020885641796085	-4.052813251178376e-05	0.4748144544909502
3060000.0	1.722875157599281	-9.576182389059156	0.31259579449713676	2.9268464901485567	-6.01020958636192	-3.5880351948667957e-06	2.2496251796601476	-4.048460781287524e-05	0.4776263026963003
3070000.0	1.7522701004564984	-9.636324686627866	0.31259575261454176	2.949644922545152	-6.017188945279222	-5.165867408116624e-06	2.480881733472043	-4.0739646922777836e-05	0.4804452405902559
3080000.0	1.7819024927226566	-9.696539591017347	0.312595712386348	2.9741394865755924	-6.025020889259611	-3.4900348207331296e-06	2.7115042036582886	-4.078413438137902e-05	0.4832707964626982
3090000.0	1.8117724596689309	-9.75682471175073	0.31259567204060174	2.9979858769012666	-6.031642784420762	-3.589989888806919e-06	2.9420291176607454	-4.073917552083219e-05	0.4861030703413869
3100000.0	1.8418800399436455	-9.817178975845888	0.31259563008835134	3.0210214950282555	-6.038217373387558	-5.179554344057764e-06	-3.1081520356993897	-4.099238983592064e-05	0.48894242736451876
3110000.0	1.8722278316426584	-9.87760224199563	0.31259558980018026	3.0458058324882606	-6.045692590640341	-3.4928464961844625e-06	-2.875765527997578	-4.103710256286812e-05	0.49178838531046626
3120000.0	1.902815948317572	-9.938092124919057	0.3125955493943979	3.069932061690903	-6.0519632045326075	-3.5927563011047025e-06	-2.6434822652540038	-4.0991047000979044e-05	0.49464104457898933
3130000.0	1.9336444966769692	-9.998647694150648	0.31259550737347397	3.093240685928374	-6.058199995423736	-5.189678261993176e-06	-2.4086850010061536	-4.124819689975185e-05	0.4975007733701701
3140000.0	1.964716155610668	-10.059268928298769	0.3125954670241899	3.1183205772233653	-6.065329556111725	-3.4965581133359465e-06	-2.1745246697560163	-4.129176230043705e-05	0.500367087363322
3150000.0	1.9960311883216968	-10.119953740238884	0.3125954265576169	3.14275132107285	-6.071296019166046	-3.5959100494608267e-06	-1.9404452896923092	-4.124459082295051e-05	0.5032400860799355
3160000.0	2.027589678481757	-10.180701175860172	0.31259538446135204	3.166358889218902	-6.077238764197274	-5.207598641112555e-06	-1.7038185769649585	-4.150765021991356e-05	0.5061201458675727
3170000.0	2.0593943196201825	-10.241511182079181	0.3125953440533233	3.191762234446596	-6.084071685158557	-3.497799651355329e-06	-1.467842162536361	-4.155277201966575e-05	0.5090067786887017
3180000.0	2.0914451818398545	-10.30238132792329	0.3125953035274397	3.2164854276361803	-6.089706711938234	-3.5979174130246028e-06	-1.2319800228276572	-4.150423476826689e-05	0.5119000865157372
3190000.0	2.123742309211349	-10.363310596793477	0.31259526136324983	3.240342085729447	-6.095266735380516	-5.217874070902182e-06	-0.993580552730259	-4.1767008087015854e-05	0.5148004506582344
3200000.0	2.156288433676169	-10.424298944876153	0.31259522089377934	3.2660362484390926	-6.101739665388836	-3.5015629020506373e-06	-0.7558293170313956	-4.1811016672108216e-05	0.5177073766686257
3210000.0	2.1890837836447115	-10.485344248548353	0.31259518030669803	3.291059716539793	-6.107056126411233	-3.601115700659173e-06	-0.5181696731787971	-4.1761392320090025e-05	0.5206209661244361
3220000.0	2.2221282379689162	-10.546445216351902	0.31259513806726336	3.315196850750009	-6.112281301679222	-5.234583867222785e-06	-0.2779600727786369	-4.202995148406652e-05	0.5235416091190295
3230000.0	2.2554244721470185	-10.607601639616888	0.3125950975405494	3.3411649102141787	-6.118364277199721	-3.5045944864169664e-06	-0.038450522141438556	-4.207074289968993e-05	0.5264688053264591
3240000.0	2.288972115673024	-10.668810362597776	0.312595056893546	3.366367819602463	-6.123143163943129	-3.604737827914113e-06	0.20084623204676857	-4.20115885726644e-05	0.5294026615415108
3250000.0	2.322769777778579	-10.730067832322673	0.31259501459184647	3.390509174030112	-6.1275480850077315	-5.240949139803001e-06	0.442494390451797	-4.2266216710631826e-05	0.5323435648793157
3260000.0	2.356819190456404	-10.791372086497498	0.31259497399988107	3.4164630519429147	-6.132717941117563	-3.5116822979267187e-06	0.6833385465605181	-4.2299863440300476e-05	0.5352909889634869
3270000.0	2.3911194882550935	-10.852719099262142	0.3125949332898347	3.4416375145868603	-6.136583336562341	-3.6103392199870357e-06	0.9239355428617695	-4.2239979846885135e-05	0.538245011257735
3280000.0	2.425669483615	-10.914105775292814	0.3125948909238542	3.465711727365054	-6.140049013993351	-5.2474728755054365e-06	1.1668615609655957	-4.249200851221552e-05	0.5412060043770123
3290000.0	2.4604709352714913	-10.975530228750042	0.3125948502675756	3.4916518361012376	-6.1443261514987135	-3.5187583345806313e-06	1.4089846307459881	-4.252475840026882e-05	0.5441734215154679
3300000.0	2.4955229725857286	-11.036988522270637	0.31259480949524965	3.51681430931142	-6.147330713970354	-3.6157483977547166e-06	1.6508531340452797	-4.2464665778891116e-05	0.5471473258969972
3310000.0	2.530824340908056	-11.098477557837212	0.3125947670663295	3.5408174389917155	-6.14987500541561	-5.253887210611974e-06	1.8950003939263969	-4.271326527826958e-05	0.5501280837144947
3320000.0	2.566376844477906	-11.159995556843509	0.31259472634698127	3.5667406787023035	-6.153278089909986	-3.5256858200336266e-06	2.138349049530235	-4.274489443470355e-05	0.5531151306223111
3330000.0	2.6021796036065403	-11.221538672139394	0.3125946855135832	3.5918874570736707	-6.155439694962594	-3.6210768645648036e-06	2.3814361242558895	-4.2684374772394494e-05	0.5561085198042902
3340000.0	2.63823129421	-11.28310380902629	0.31259464302304857	3.6158168087606235	-6.157085204070546	-5.260148916508717e-06	2.6267536218842	-4.292942725919948e-05	0.5591086145423431
3350000.0	2.6745337612726727	-11.344689293356558	0.31259460224200497	3.641718956622541	-6.159633250762816	-3.5324507667946228e-06	2.8712767422791483	-4.2959770469491314e-05	0.5621148366585659
3360000.0	2.711086112564082	-11.406291368079756	0.31259456134888025	3.666845316103086	-6.160970120427402	-3.6263086435305755e-06	3.1155316522405503	-4.289866664654203e-05	0.56512723244151
3370000.0	2.7478869528361054	-11.46790694677182	0.31259451879817607	3.69069720611769	-6.161739509186559	-5.266248700681593e-06	-2.921214782240294	-4.3140104811118115e-05	0.5681461648775533
3380000.0	2.7849381638207995	-11.529534456560757	0.31259447795692236	3.7165731568060525	-6.1634517126300805	-3.5390431446253222e-06	-2.6755661717142574	-4.3169048558377344e-05	0.5711710448107215
3390000.0	2.8222388379524364	-11.591170229877607	0.31259443700552	3.7416735665852294	-6.163982239649234	-3.631431270688592e-06	-2.4301920346566366	-4.310725136907903e-05	0.5742019140111764
3400000.0	2.8597875077034702	-11.652811192803188	0.3125943943961799	3.765443527188564	-6.1638980767322264	-5.272180022830178e-06	-2.182678582426103	-4.334504722505764e-05	0.5772391370979926
3410000.0	2.8975860882126776	-11.714455870257066	0.31259435349628234	3.791287484527574	-6.164793660513176	-3.5454558714558425e-06	-1.9359513855170618	-4.3372517608995505e-05	0.5802821161343961
3420000.0	2.935633654384094	-11.77610068313897	0.31259431248812636	3.8163557883859482	-6.164536266614478	-3.636435269930874e-06	-1.6895045773094792	-4.33099542027588e-05	0.5833308901611279
3430000.0	2.9739286658167092	-11.837742573658858	0.31259426982174643	3.8400387429660703	-6.163620908454046	-5.2779386563672315e-06	-1.440961350563236	-4.3544110135789664e-05	0.5863858268346593
3440000.0	3.012473068274387	-11.89938016083322	0.3125942288648266	3.865844383003493	-6.163719006273027	-3.5516843306910806e-06	-1.1932004777867482	-4.357006350598948e-05	0.5894463211322506
3450000.0	3.051265917442932	-11.961009952715644	0.31259418780149273	3.8908739529816705	-6.162692030196025	-3.6413136716341637e-06	-0.9457255798274602	-4.350668850512663e-05	0.592512410706369
3460000.0	3.0903055998900646	-12.022628910763824	0.31259414507970934	3.914464364095391	-6.1609675291398425	-5.283522293243246e-06	-0.6961954707236169	-4.3737230269080914e-05	0.5955844672586265
3470000.0	3.129594089695034	-12.084235744260175	0.31259410406742427	3.9402249722874614	-6.16028709200693	-3.5577259401102163e-06	-0.4474439177412599	-4.376164600363566e-05	0.5986618799914806
3480000.0	3.169130422062553	-12.145827046871155	0.31259406295051995	3.9652088375008967	-6.158508702144994	-3.6460615854041067e-06	-0.1989836149163219	-4.369743470499046e-05	0.6017446861697372
3490000.0	3.2089129107321193	-12.20739980199885	0.31259402017499216	3.988700830714902	-6.155996736846424	-5.288930193625619e-06	0.051492319745670076	-4.3924405947143124e-05	0.6048332622475102
3500000.0	3.248943556183571	-12.26895280528376	0.3125939791090165	4.0144094162136845	-6.1545564616840265	-3.563579780090081e-06	0.3011933941710085	-4.394728089109558e-05	0.6079269926704091
3510000.0	3.28922137223117	-12.33048273429965	0.31259393794016516	4.039340369820194	-6.1520445888501145	-3.65067583582263e-06	0.5505982360879513	-4.388222406363541e-05	0.6110259150572084
3520000.0	3.329744600284527	-12.39198659673686	0.31259389511255975	4.062727836423137	-6.148766412676394	-5.29416288762574e-06	0.8019806984148211	-4.410568203983577e-05	0.6141304110948036
3530000.0	3.37051526563746	-12.453463270656515	0.31259385399457246	4.088377226479525	-6.14658468829879	-3.569246276315537e-06	1.0525918956964093	-4.4127026217975923e-05	0.6172398612653802
3540000.0	3.411532360096182	-12.514909515719005	0.31259381277539994	4.1132479137792455	-6.1433569747849965	-3.6551546481348468e-06	1.3029021540165162	-4.4061126124030006e-05	0.6203543040862028
3550000.0	3.452794053477921	-12.576322365951032	0.3125937698973798	4.13652459532101	-6.139333378741324	-5.299221916961153e-06	1.5551535302388408	-4.428113833741478e-05	0.6234741267857056
3560000.0	3.4943023945750267	-12.637700777904284	0.3125937287290529	4.162107512672255	-6.13642824584165	-3.574726930320994e-06	1.8066371370454715	-4.4300971644486474e-05	0.6265987065037005
3570000.0	3.5360563528073277	-12.699041591429404	0.3125936874611774	4.186910503127798	-6.132502007622522	-3.6594973869346876e-06	2.0578153580241123	-4.423423899434857e-05	0.6297280830503159
3580000.0	3.578054027328845	-12.760341868688746	0.3125936445343919	4.2100700605161485	-6.12775329486105	-5.304109624696912e-06	2.31089964581207	-4.4450880551422084e-05	0.632862649374917
3590000.0	3.620297489337908	-12.821600640830507	0.3125936033173811	4.235579186372913	-6.1241424172282795	-3.5800240968295796e-06	2.5632195613365223	-4.446923019282991e-05	0.636001779763298
3600000.0	3.662785685684613	-12.882814825954881	0.3125935620024045	4.2603070320598775	-6.119534616696387	-3.663704335033663e-06	2.8152298882671385	-4.440168181397003e-05	0.6391455155983924
3610000.0	3.705516645940826	-12.943981515948948	0.3125935190284821	4.283343101655821	-6.114080586255477	-5.3088289757444035e-06	3.069112626425333	-4.461503333750807e-05	0.6422942556325762
3620000.0	3.748492462800656	-13.005099812721316	0.3125934777644206	4.308771126601121	-6.109781230973517	-3.5851407978854834e-06	-2.960951015086333	-4.463193184887554e-05	0.6454473716835495
3630000.0	3.7917120605190773	-13.066166710661264	0.31259343640392245	4.33341640929721	-6.104508458090833	-3.6677765122233776e-06	-2.7081429113212314	-4.456358890121474e-05	0.6486049068997971
3640000.0	3.8351734002855853	-13.12717933279129	0.31259339338446473	4.356322648137622	-6.098368395912176	-5.3133834117556e-06	-2.4534947106079867	-4.477373488181932e-05	0.6517672658458781
3650000.0	3.8788785955283673	-13.188136848018742	0.312593352074957	4.381662312944453	-6.0933974206881265	-3.590080570348235e-06	-2.199604378838896	-4.4789218593009166e-05	0.6549338181780534
3660000.0	3.9228265480089983	-13.249036325061077	0.31259331067048846	4.406217681759556	-6.08747588083882	-3.6717155232245493e-06	-1.9460313666299514	-4.4720105206370605e-05	0.6581046089367246
3670000.0	3.9670151518257093	-13.309874919334774	0.3125932676070654	4.428987803735942	-6.0806685565082095	-5.317776730615014e-06	-1.6906492829088429	-4.492713269517538e-05	0.6612800484535474
3680000.0	4.011446540499395	-13.3706518630708	0.3125932262536833	4.4542319318176915	-6.075042402656706	-3.5948473395142877e-06	-1.4360219595839245	-4.494124054130318e-05	0.6644595044684972
3690000.0	4.056119593501523	-13.431364297368367	0.3125931848067641	4.478690132990244	-6.068487909799354	-3.6755234337063526e-06	-1.1817155108090176	-4.487138277532745e-05	0.6676430239898318
3700000.0	4.101032139198891	-13.49200941116609	0.31259314170091135	4.501317937534692	-6.061031577763966	-5.322012989289129e-06	-0.9256297777973126	-4.507538034728536e-05	0.6708310230312118
3710000.0	4.146186330660727	-13.552586496438654	0.31259310030519133	4.526459460482087	-6.054766267629379	-3.5994453176670145e-06	-0.6702957903136223	-4.50881529459715e-05	0.674022867613663
3720000.0	4.191581025352139	-13.613092764746575	0.3125930588173063	4.550813360705482	-6.047594241633123	-3.679202667678871e-06	-0.41528604189263996	-4.501757799998476e-05	0.677218606751064
3730000.0	4.237213987318505	-13.673525439566333	0.3125930156705219	4.573292755287994	-6.039506645862109	-5.326096423914877e-06	-0.1585256072526196	-4.5218634931286414e-05	0.6804186620249103
3740000.0	4.283087388710702	-13.73388386913758	0.312592974233962	4.598324732706151	-6.03261778372774	-3.603878920113805e-06	0.09748600445988204	-4.523011387180461e-05	0.6836223978973467
3750000.0	4.329200065334284	-13.79416533359636	0.31259293270655913	4.622567337128177	-6.024843250986343	-3.6827559236542224e-06	0.35317019164458713	-4.5158849486956544e-05	0.6868298653968935
3760000.0	4.375549718358227	-13.854367091875268	0.3125928895203021	4.644892354661387	-6.016141632277171	-5.330031387416583e-06	0.6105776091522314	-4.535705510320443e-05	0.6900414915379953
3770000.0	4.4221385386101595	-13.914488545105119	0.31259284804436066	4.669807989321305	-6.008644407975568	-3.6081526974287175e-06	0.8672390355698613	-4.536728239506169e-05	0.6932566393548918
3780000.0	4.468965340631631	-13.974527040152825	0.3125928064788497	4.693932455172431	-6.000282004568074	-3.6861861061450774e-06	1.123570020336459	-4.5295356406128486e-05	0.6964753618782791
3790000.0	4.51602776418289	-14.034479872240375	0.31259276325453894	4.7160972672235895	-5.990983109851582	-5.333822296093814e-06	1.3815978762576806	-4.549079956493139e-05	0.6996980914063738
3800000.0	4.56332801841205	-14.09434649212293	0.31259272174063385	4.740889916374899	-5.982892304449005	-3.6122712815442483e-06	1.6388824837556688	-4.549981721623307e-05	0.7029241896537162
3810000.0	4.610864897029226	-14.15412431159945	0.3125926801383849	4.764889563012615	-5.973956281265038	-3.6894962687799014e-06	1.895833790800595	-4.542725721798152e-05	0.7061537116248285
3820000.0	4.658635979866185	-14.21381066294004	0.3125926368773984	4.786888489585685	-5.964076374380217	-5.337473590554455e-06	2.1544566628736264	-4.562002590186349e-05	0.7093870947431408
3830000.0	4.706643494073124	-14.273405043365166	0.31259259532690603	4.81155167312065	-5.955406367445006	-3.616239340524634e-06	2.412338941692047	-4.562787559654371e-05	0.71262369949385
3840000.0	4.754886212988691	-14.332904927856104	0.31259255368924943	4.835419989144283	-5.94591059680739	-3.6926895699030637e-06	2.669885210201593	-4.5554708699537624e-05	0.7158635828153841
3850000.0	4.803361658000849	-14.392307686424088	0.3125925103929238	4.857247505645291	-5.935465470347592	-5.34098970057513e-06	2.9290787486358485	-4.574488969521541e-05	0.7191071870922002
3860000.0	4.852072073972459	-14.451612859703301	0.312592468807179	4.881774911698156	-5.926230248385637	-3.6200615447078507e-06	-3.09565104394966	-4.575161254953042e-05	0.7223538716564825
3870000.0	4.90101621435019	-14.510817984158905	0.31259242713540497	4.9055055596727355	-5.916188231794901	-3.6957692333012197e-06	-2.837534109342359	-4.567786520439625e-05	0.7256036953324015
3880000.0	4.950191543560735	-14.569920468177926	0.31259238380503535	4.927156301580183	-5.905193219683373	-5.344375022322501e-06	-2.5777932292872157	-4.5865543852146384e-05	0.7288571052984901
3890000.0	4.999600323911893	-14.628919892863125	0.31259234218533155	4.951541790031968	-5.8954063854437075	-3.6237425374364153e-06	-2.3187878876061054	-4.587118023140453e-05	0.7321134597991944
3900000.0	5.049241289450972	-14.687813854517682	0.31259230048069014	4.975128609267404	-5.884831262139116	-3.698738519884938e-06	-2.060123563611582	-4.5796878106762325e-05	0.735372819490582
3910000.0	5.099111849118473	-14.746599800487056	0.3125922571175311	4.9965973749298564	-5.873301252684831	-5.347633895905289e-06	-1.7998576868423344	-4.5982138107741946e-05	0.7386356361777127
3920000.0	5.149214282415158	-14.80527734950223	0.31259221546512056	5.020834979213086	-5.862976035065885	-3.627286913312203e-06	-1.5403249450712806	-4.598672749223035e-05	0.7419012670738389
3930000.0	5.199547304489463	-14.86384415611172	0.3125921737288222	5.0442719869642705	-5.8518805911744005	-3.701600702181524e-06	-1.2811355343765667	-4.591189539180171e-05	0.7451697746093577
3940000.0	5.250108270259104	-14.922297707155401	0.312592130334087	5.065553738874186	-5.839830040409596	-5.350770589912853e-06	-1.0203660690754977	-4.6094818661415876e-05	0.7484416150493425
3950000.0	5.3008994761766965	-14.980637656254808	0.31259208865018123	5.089637666398998	-5.82897930476216	-3.6306992007920125e-06	-0.7603274155867628	-4.609839954986655e-05	0.7517161446254705
3960000.0	5.351919618995945	-15.03886171466437	0.3125920468833971	5.112919057790284	-5.817375982838575	-3.704359044119415e-06	-0.500634289425503	-4.602306136257013e-05	0.754993427482686
3970000.0	5.403166001060148	-15.096967409212304	0.31259200345825955	5.134008922625023	-5.804818927963298	-5.353789290170536e-06	-0.23938174814794377	-4.620372792026826e-05	0.7582739241818077
3980000.0	5.45464093553955	-15.154954425773315	0.3125919617440299	5.157933554094714	-5.793455186641808	-3.633983848545153e-06	0.02114222624651064	-4.6206337761949754e-05	0.7615569900170468
3990000.0	5.50634310129747	-15.212820530821217	0.3125919199478926	5.181053701014603	-5.781356095450332	-3.7070167863522513e-06	0.28131858749275396	-4.6130516434968805e-05	0.7648426907870378
4000000.0	5.558269749533476	-15.270563291628408	0.312591876493487	5.201946968682379	-5.768306168274221	-5.3566940905620295e-06	0.5430345486383287	-4.630900432512745e-05	0.7681314911872225
4010000.0	5.61042320990488	-15.328182423783076	0.31259183475006536	5.225706856517966	-5.756441591307138	-3.6371452144981708e-06	0.8040241115308212	-4.6310679477756967e-05	0.7714227456140393
4020000.0	5.662802143886414	-15.385675747544079	0.312591792925669	5.248660305690908	-5.743858515728871	-3.709577131955012e-06	1.0646640796083473	-4.623439700733488e-05	0.7747165214587505
4030000.0	5.7154037529448445	-15.443040871049226	0.31259174944309104	5.269352427578718	-5.730328956009564	-5.359488985753432e-06	1.3268246236060712	-4.641078224516209e-05	0.7780132873940835
4040000.0	5.768230382995036	-15.500277537155364	0.3125917076715708	5.292942293627756	-5.717975381785645	-3.6401875588069317e-06	1.5882608636547593	-4.6411557947831695e-05	0.7813123969548439
4050000.0	5.821280678620168	-15.55738361852342	0.31259166581997283	5.315723764034873	-5.7049197927583695	-3.7120432376597898e-06	1.8493456255014977	-4.6334835383558526e-05	0.7846139190642992
4060000.0	5.874551792943824	-15.614356764546159	0.31259162231028037	5.336210350621867	-5.6909234613561015	-5.362177867100505e-06	2.1119326988112386	-4.6509191920510406e-05	0.7879183262193612
4070000.0	5.928046087907829	-15.671196742996308	0.31259158051171726	5.3596250833086145	-5.6780924072574255	-3.643115037324794e-06	2.373797490131356	-4.6509102283795594e-05	0.7912249711264616
4080000.0	5.981762191694335	-15.727901477604082	0.31259153863393846	5.38222946309097	-5.664575471673577	-3.714418205215578e-06	2.635309012642533	-4.643195974307912e-05	0.7945339241811687
4090000.0	6.035697210450856	-15.78446865937779	0.31259149509815276	5.402506281058607	-5.650124863483538	-5.364764519713496e-06	2.898305311235267	-4.6604359448790946e-05	0.7978456615560162
4100000.0	6.089853521912837	-15.840898078742347	0.3125914532735657	5.425740932096255	-5.636827536398211	-3.645931698543401e-06	-3.1226040277439138	-4.660343745297691e-05	0.8011595351599581
4110000.0	6.144229738344048	-15.89718770921353	0.3125914113705916	5.448163275061347	-5.622860126907631	-3.7167050748151255e-06	-2.860683031330596	-4.652589414243956e-05	0.8044756168024301
4120000.0	6.1988229202596745	-15.953335283749038	0.31259136780969815	5.468226244015318	-5.607967383513557	-5.367252620390097e-06	-2.5972940943665623	-4.669640680047918e-05	0.8077943861877489
4130000.0	6.253635460951374	-16.009340613248522	0.31259132596007044	5.491276024777108	-5.5942146901938115	-3.648641479665316e-06	-2.3346236045823283	-4.669468430449812e-05	0.8111151944563312
4140000.0	6.3086659572382	-16.065201719777246	0.3125912840328517	5.513511546599796	-5.579807394861134	-3.7189068213742583e-06	-2.072309706761288	-4.661675854634477e-05	0.8144381147745677
4150000.0	6.363911425322821	-16.120916378551584	0.31259124044780096	5.533356735492869	-5.564484316893306	-5.36964573620987e-06	-1.8085440321211126	-4.678545186073517e-05	0.8177636302395379
4160000.0	6.419374273810564	-16.17648441885173	0.31259119857408096	5.55621701313307	-5.550286874114663	-3.6512482063559796e-06	-1.5454949878665059	-4.678295961587751e-05	0.8210910912504309
4170000.0	6.475053084539693	-16.231903910102748	0.31259115662353487	5.57826108733122	-5.535450005913232	-3.7210263501497793e-06	-1.2828040774739018	-4.6704668878065835e-05	0.8244205722753607
4180000.0	6.530944830695843	-16.287172670066138	0.3125911130152434	5.5978847106640846	-5.519708065079174	-5.371947325195692e-06	-1.0186769091180452	-4.6871608488217616e-05	0.8277525596700068
4190000.0	6.587051935949543	-16.342290544388902	0.3125910711183455	5.620551004055499	-5.505076209582038	-3.653755591503489e-06	-0.7552646188212203	-4.686837615819931e-05	0.8310864031182468
4200000.0	6.643372967611845	-16.397255648711145	0.3125910291453566	5.6423991578057615	-5.489819815688292	-3.723066494135003e-06	-0.492211930251634	-4.678973708663621e-05	0.8344221783364901
4210000.0	6.6999048571223385	-16.452065843604803	0.3125909855147084	5.661797571672095	-5.473670166473527	-5.374160736768506e-06	-0.22773788353921437	-4.695498658988514e-05	0.8377603748096807
4220000.0	6.756650042961773	-16.506720989147606	0.3125909435955142	5.684265547213913	-5.45861396467462	-3.6561672350118967e-06	0.03602297490326614	-4.695104277298621e-05	0.84110034153111
4230000.0	6.813607078356784	-16.561219246093444	0.3125909016009355	5.70591345706026	-5.442947835546602	-3.7250300131502618e-06	0.2994228338048355	-4.687207122433144e-05	0.8444421554139109
4240000.0	6.870772854247373	-16.61555851807036	0.3125908579487823	5.72508315508073	-5.426401326573486	-5.376289213070223e-06	0.5642297452643107	-4.703569220442954e-05	0.8477863089477342
4250000.0	6.928149823662558	-16.669738677725586	0.3125908160081417	5.747348622431068	-5.410930584016669	-3.658486625413496e-06	0.8283250976114965	-4.703106445937614e-05	0.8511321504589628
4260000.0	6.985736526176334	-16.72375792986768	0.31259077399279517	5.768792109929884	-5.394864262251684	-3.726919591445147e-06	1.092058118917297	-4.695177553547312e-05	0.854479758007775
4270000.0	7.043529813451106	-16.777614221408136	0.3125907303199579	5.787729719126178	-5.377931447286704	-5.378335890741363e-06	1.357184457630307	-4.711382759509044e-05	0.8578296269686566
4280000.0	7.10153215279498	-16.8313074357747	0.31259068835868975	5.809788626895767	-5.362055717848713	-3.660717140240882e-06	1.621600807635585	-4.710854246897005e-05	0.8611811050238353
4290000.0	7.159742070549902	-16.884835820812167	0.3125906463233678	5.831023654235353	-5.3455985068088765	-3.7287378384012965e-06	1.885653557900864	-4.702895054993742e-05	0.864534271332743
4300000.0	7.218156380298407	-16.938197366925685	0.3125906026306373	5.849725930875489	-5.328289655437372	-5.3803038014171515e-06	2.151086438014313	-4.718949134799331e-05	0.8678896240394134
4310000.0	7.276777563351067	-16.991391966604247	0.31259056064953067	5.871574362310127	-5.312018250272412	-3.6628620477632633e-06	2.4158108429193814	-4.7183574403774354e-05	0.8712465102038331
4320000.0	7.335604133227146	-17.044417909749708	0.31259051859499676	5.892597027936453	-5.29517922246679	-3.7304872878709496e-06	2.6801704388878322	-4.710369318177065e-05	0.8746050100387786
4330000.0	7.394632866603026	-17.09727323045514	0.31259047488313535	5.911060853381927	-5.277504330415638	-5.382195875241475e-06	2.9458975028146748	-4.7262778471528264e-05	0.8779656243469971
4340000.0	7.45386625850764	-17.14995782861857	0.3125904328829504	5.932695022069405	-5.260846326629113	-3.664924509384226e-06	-3.0722677572375456	-4.725625431806045e-05	0.8813276995873909
4350000.0	7.51330281003573	-17.20247003525772	0.31259039080994006	5.953501556336621	-5.243634331863646	-3.732170398300969e-06	-2.807613671844073	-4.717609682992813e-05	0.8846913169820084
4360000.0	7.5729392621075755	-17.254807928332838	0.31259034707968153	5.971723932917753	-5.225603130988236	-5.38401494214844e-06	-2.541604275752206	-4.733378050200169e-05	0.8880569798858097
4370000.0	7.632778123178837	-17.306971413563545	0.31259030506115043	5.9931401785323	-5.208567380061652	-3.6669075807165843e-06	-2.2763004913615945	-4.732667282388099e-05	0.8914240341770628
4380000.0	7.692817882306836	-17.358958862178827	0.3125902629703721	6.013726939406633	-5.190991053347004	-3.733789553476965e-06	-2.0113637680215826	-4.7246251482704535e-05	0.8947925620448179
4390000.0	7.753055245782485	-17.410768396171346	0.31259021922242347	6.031704986341917	-5.1726130212902985	-5.385763735624368e-06	-1.7450834068054346	-4.740258560752537e-05	0.8981630692939341
4400000.0	7.813492735189119	-17.462399925557207	0.3125901771862513	6.052899770451386	-5.155208157240583	-3.6688142145589062e-06	-1.4795073037601156	-4.7394917195111684e-05	0.9015349012418379
4410000.0	7.874128827922792	-17.513851860907362	0.3125901350783874	6.073263239278218	-5.137275926460104	-3.7353470640115693e-06	-1.2142993103487858	-4.731424382031849e-05	0.9049081410040579
4420000.0	7.934960196748937	-17.5651223683989	0.31259009131342924	6.090994188659314	-5.118560295984581	-5.387444893493284e-06	-0.9477588868248882	-4.7469278693432145e-05	0.9082832967370947
4430000.0	7.995989376072174	-17.616211360879507	0.3125900492602948	6.111964090602842	-5.100794743272109	-3.670647263499986e-06	-0.6819214178044205	-4.7461071472214694e-05	0.9116597132166983
4440000.0	8.057214831992724	-17.667117287426787	0.3125900071360025	6.13210086795437	-5.082514836619651	-3.7368451668070014e-06	-0.4164530588550991	-4.738015731921805e-05	0.9150374744460519
4450000.0	8.118633204832019	-17.71783835854192	0.31258996335469014	6.149582060804914	-5.063470604625175	-5.389060960149295e-06	-0.14966303109697268	-4.753394150668545e-05	0.9184170908389441
4460000.0	8.180247041502417	-17.768374488497173	0.31258992128524726	6.170323773659525	-5.045352585805211	-3.6724094812417353e-06	0.11642529762751433	-4.7525216566204094e-05	0.9217979066480253
4470000.0	8.242054797163256	-17.81872416407431	0.31258987914515907	6.190230575272175	-5.026733038987976	-3.738286028114277e-06	0.38214356155240814	-4.744407235469303e-05	0.925180006726941
4480000.0	8.30405308075154	-17.86888564022656	0.31258983534812357	6.207459457696062	-5.007368975216006	-5.390614392592337e-06	0.6491731615917279	-4.7596652738387595e-05	0.9285639036561857
4490000.0	8.366244451366848	-17.918858831299683	0.31258979326300146	6.227969784336039	-4.9889065183507615	-3.6741035267332557e-06	0.9155022714949076	-4.758743036245865e-05	0.9319489411833145
4500000.0	8.428627353572368	-17.968642261008675	0.3125897511077266	6.247643437148187	-4.969955181564624	-3.7396717432024867e-06	1.1814604052809425	-4.750606630298782e-05	0.9353352049768243
4510000.0	8.49119836595883	-18.01823422887581	0.3125897072955751	6.2646175565698945	-4.950279837015196	-5.39210755881589e-06	1.448719953964227	-4.765748812784931e-05	0.9387232096969581
4520000.0	8.553960059485792	-18.06763464802312	0.3125896651953796	6.284893405831613	-4.93148078284094	-3.6757319649149698e-06	1.7152801764211785	-4.764778782155785e-05	0.9421122986036333
4530000.0	8.616910868455108	-18.116842078358317	0.31258962302550425	6.304330844122462	-4.912205327527843	-3.741004339045938e-06	1.9814685526871636	-4.7566213641165887e-05	0.9455025581461018
4540000.0	8.680047342128502	-18.165854864079353	0.31258957919882147	6.321047845632975	-4.892227042567118	-5.393542742478469e-06	2.248948817667146	-4.771652056091386e-05	0.94889450498089
4550000.0	8.743372062991769	-18.21467291583922	0.31258953708413545	6.3410862285833725	-4.873099051432657	-3.6772972711420697e-06	2.515730876886401	-4.77063610797293e-05	0.9522874818972038
4560000.0	8.80688345541065	-18.263294829027164	0.31258949490022414	6.3602844902290645	-4.853506976815825	-3.7422857749856003e-06	2.782140259039678	-4.7624586046558026e-05	0.9556815760924119
4570000.0	8.870578040314763	-18.31171899261366	0.3125894510595725	6.37674211303935	-4.833233889020731	-5.394922145632108e-06	3.049832382975521	-4.7773820169176286e-05	0.9590773061392122
4580000.0	8.934458411376198	-18.35994531358743	0.31258940893095705	6.396540139361098	-4.813784447585823	-3.678801832218037e-06	-2.966357927505353	-4.776321954517447e-05	0.9624740143725118
4590000.0	8.998522983340491	-18.407972422136265	0.31258936673355286	6.415496362198908	-4.793883086997122	-3.7435179445067604e-06	-2.699736401479461	-4.768125249107582e-05	0.9658717887065521
4600000.0	9.062768249782259	-18.455798752090764	0.3125893228794736	6.431692436199494	-4.773323138711054	-5.3962478899212445e-06	-2.4318409164985137	-4.782945442630219e-05	0.9692711495533185
4610000.0	9.127196815213994	-18.50342420562844	0.31258928073746867	6.451247310689248	-4.753559566433779	-3.680247950694074e-06	-2.1646415207123137	-4.7818429994477696e-05	0.9726714388093309
