10000.0	0.7860166226015555	1.449996627497073	0.3248310274486686	0.0020676459359225013	0.0003953957429551622	-0.09557362549651412	0.06627514442259955	-2.2335117632979765e-07	-1.1798175228977963e-05
20000.0	0.786034141101223	1.4499955933416266	0.3233695038338282	0.0014512241922563025	-0.0007339561468734157	-0.1863170352355489	0.16559553671374452	-1.051917770750172e-06	-2.45362751504956e-05
30000.0	0.7860454822691447	1.4500007065280776	0.32091787809074934	0.0009311963434280544	0.0014434988136840653	-0.2930271423200186	0.297488899477432	-3.8087206026613854e-06	-3.3585138952790786e-05
40000.0	0.7860514029694774	1.4500047331088641	0.3175112565229071	0.00032965339068670614	0.002042555294696767	-0.3916225969847729	0.38618860566906427	-1.0315750600572853e-05	-3.987171486504113e-05
50000.0	0.7860526124901254	1.4500131320478826	0.31312378285732756	-8.482540905546164e-05	-0.0005532526107935561	-0.47517974491158016	0.4982936040375808	-2.2460159553144878e-05	-4.423522472306881e-05
60000.0	0.7860555687960188	1.449959612659415	0.3126442685121737	0.00036201189208134535	-0.00022620163448154801	-3.4602244474658586e-06	0.6552352352526013	-2.4075717152715474e-05	-4.70765136018995e-05
70000.0	0.7860585239829939	1.44995940934381	0.31263654716071776	0.000229223719199808	0.000994019607237061	-1.4341337395331472e-05	0.7288263420673613	-8.213012632691694e-06	-4.8957930042741685e-05
80000.0	0.7860686032801805	1.4499551131062622	0.31265268678979485	0.0001666993963616364	-0.0006060647265988192	0.002878160491226814	0.8414253242404194	5.135452899439665e-06	-4.994499810266017e-05
90000.0	0.786070169754284	1.4499662535278712	0.3125867414358114	0.000129069230469084	-5.235380672678064e-05	-3.390730385002028e-06	1.0333471691642175	1.061546759271596e-05	-4.991257524884645e-05
100000.0	0.7860706974628525	1.4499600954635867	0.3126276736475661	3.21945582011545e-05	0.007395432593082949	-0.042755225405497574	1.074311313044674	1.0442823588635002e-05	-5.068924520718956e-05
110000.0	0.7860698923908795	1.4499523900796176	0.3127091801151437	-5.8553015724913694e-05	-0.008241680613399808	0.02653559175296132	1.1847247808789967	-5.405349515441235e-05	-5.18387026320209e-05
120000.0	0.7860706863789704	1.4499651817584474	0.31263976235379093	-7.252683949151618e-06	0.0025896599282855502	-2.1923147301150525e-05	1.4385867284607625	-9.606067274354568e-07	-5.043084668809347e-05
130000.0	0.7860884244060522	1.4499643907279192	0.31259345172954944	0.008914070814389956	0.0036854575416525003	-2.7749302616140203e-05	1.4177632600410068	-1.047993012076532e-06	-5.014315361073479e-05
140000.0	0.7860515455699786	1.4499596510865198	0.3125359137437266	-0.007091808007574109	-0.008274377122955267	-1.794646961303935e-07	1.5224218356971888	9.538093556295821e-05	-4.897344470069578e-05
150000.0	0.7860625450592705	1.4499719362515262	0.3126409806334154	-0.007949411425360485	0.004990538684677125	-2.2856239978726045e-05	1.8881377217155406	-1.9161945444047034e-05	-5.135857378213558e-05
160000.0	0.7860773549349594	1.4499625037188681	0.31271215459155194	-0.007660662534616874	0.021995665537280596	-0.11981060123656864	1.752034431839538	-1.266171860924904e-05	-5.0176878190000695e-05
170000.0	0.7860246637507727	1.4499257656126754	0.3129711255857547	0.016411142724271664	-0.011251098592949878	0.07826797774738423	1.8442239786470833	-9.382291046822016e-05	-4.898472059793579e-05
180000.0	0.7860857069354109	1.4500272837740842	0.31251695881002195	-0.006079253505758757	0.014039231961157677	-3.379738074198773e-06	2.412344812956876	-5.3826076878678665e-05	-6.420118928229493e-05
190000.0	0.7860248592286038	1.4499281900544887	0.3132039404742858	-0.006053330776596804	0.019611925555753973	-0.11324247689271422	2.063049768823074	-0.00014393450783349167	-5.123570265934197e-05
200000.0	0.7861864964894526	1.449992752231498	0.3123737511823465	-0.002163211214932532	-0.006559672201147584	-4.4859934313601325e-07	2.1300636586165242	0.0002259119816671554	-3.850190128556981e-05
210000.0	0.7861385924201334	1.4500674813280114	0.31308668863992234	-0.00447509532536074	0.03054583730664558	-0.07410983941443489	3.0613547018179608	-5.6781001872355295e-05	-6.0960452495087934e-05
220000.0	0.7860937956573525	1.44993300395212	0.31395088565778473	-0.004423375140103088	0.04073724167907749	-0.21689184403920408	2.323634198221192	-0.00014588228181687584	-4.957640058343536e-05
230000.0	0.7860490777629613	1.4498671146008772	0.31352812797979723	-0.004563669123940944	-0.06135377229741431	0.17757424024980864	2.345073665111171	-0.0002611962464994791	-4.66118193265806e-05
240000.0	0.7860599783733677	1.450273697911656	0.3120661971707901	0.0005282402049731302	0.0508196049016562	-3.4160505759050456e-06	-2.382811998452183	0.00019923993266068814	-0.00021630200653528547
250000.0	0.786065495077967	1.4499759927777405	0.31545935062507846	0.0005552326093556548	0.069666992727268	-0.18648943571613175	2.4858053064807204	0.00018540914079007221	-7.220187758371691e-05
260000.0	0.786071472261883	1.449803497332398	0.3172406823242707	0.000641267385701185	-0.11794970347272793	0.6178093634061527	2.437195929861639	0.00017458479258291505	-5.2679508029457276e-05
270000.0	0.7860771177941469	1.4498957622815782	0.3167674247457048	0.0005033042925714724	0.10773771772482302	-0.5645359392529892	-1.3300885779823242	0.00017356636555910236	-4.933227192836927e-05
280000.0	0.7860822237918745	1.449481215118384	0.317749215128627	0.0003606627079171435	0.1429481443167271	-0.82572046430639	2.4950948295174245	0.00017720538713262147	-4.8591648979839604e-05
290000.0	0.7860847615846626	1.4499826442345756	0.3165071347756715	0.0003536992353502786	-0.09017467494114155	0.7128529139905274	2.380400381634098	0.00018061778651379864	-4.839091551406867e-05
300000.0	0.7860894845327107	1.451394493384611	0.31186541407837115	0.0005355293603999786	0.3166146146232175	-1.3789521174433836	-0.2279959393372088	0.00018091123595110473	-4.9781915726500714e-05
310000.0	0.7860985404617756	1.4510585759441352	0.3186177607943827	0.0008719872415907424	0.21508679399473613	-0.19987544571248517	2.3590638996846636	0.0001816961345806105	-5.160344469335825e-05
320000.0	0.7861098211582181	1.4503218064452716	0.3302264516123293	0.0014077155330316708	-0.41019566428065296	2.75376766278506	2.2357378026300396	0.00018721871267224878	-5.3722923604010883e-05
330000.0	0.7861224587249093	1.4504689478702983	0.33655219126657093	0.001114083361476662	0.3450680257527568	-1.0117986250205049	0.6456626777875981	0.00019786206213951544	-4.8027618007784765e-05
340000.0	0.7861375421333616	1.4489059305521772	0.35012359106570157	0.0011678515074455976	0.47195234061472724	-1.6635583348525027	2.1903640735835483	0.00021175868677582847	-5.4110816161824954e-05
350000.0	0.7861529754984442	1.4481145995967344	0.35895859883294584	0.0020348232459732017	-0.7189347429037376	3.8481703644269873	2.099998239915553	0.00022743634010199474	-5.4650763651975355e-05
360000.0	0.7861672874249139	1.4490018010997046	0.35893719527987744	0.0008721099093062641	0.712672540841449	-2.984604021652183	1.1959681453607247	0.00024298138022031711	-3.7810040856565776e-05
370000.0	0.786184097966204	1.4466518089400786	0.37307491027769635	0.0006577959012089047	0.9648969209178184	-4.097707254169648	2.0616436648097265	0.0002576739886596324	-4.9229006885566355e-05
380000.0	0.78619888478329	1.4457675843613018	0.3793578344254317	0.0025828880517956287	-1.303464488438108	6.112949569116011	2.0062365203509116	0.00027052131848158547	-4.7048401711062575e-05
390000.0	0.7862090981671178	1.4480596262490948	0.3702098628339294	-0.0003443075371053324	1.400125067849087	-6.358403412941336	1.5067244916814155	0.00028095436541511606	-2.4418921312924154e-05
400000.0	0.7862239010020259	1.4442450120968642	0.3879216443855004	-0.0008889924694110889	1.916509170911558	-8.312121679897725	1.98121479551215	0.0002900424013437741	-3.6076207984766614e-05
410000.0	0.7862334482660889	1.4432042071164979	0.3920390480785372	0.0033555297484730248	-2.409170773828752	10.525158195670443	1.9495564706215927	0.00029695456008094613	-3.119643682770058e-05
420000.0	0.7862333189180426	1.4481468049423367	0.3686315663751415	-0.002852577595705414	2.6686868170697626	-12.31500581330457	1.6763558580224283	0.0003017612069830418	-7.89342036742575e-06
430000.0	0.7862433943558055	1.4416357202881414	0.3954303636992256	-0.0038924978938422866	3.7754262274891883	-15.78630153577744	1.9347596645132834	0.00030604757091467696	-1.6052055138369624e-05
440000.0	0.7862635038871891	1.4523766404348815	0.3955705476006504	0.011123942983077985	-2.152449179024869	18.516152200744802	1.9171021801400632	0.0003087598347915183	-1.3708280101527227e-05
450000.0	0.7863552958864728	1.4734324518629702	0.3427425032108483	0.006068048396281122	3.8754123011682142	-23.927897329312916	1.768113282001533	0.0003119282935721611	-1.571892969291021e-05
460000.0	0.7865678180937451	1.4767865515680132	0.38341124870922544	0.01406527419653254	3.792879432786309	-30.452891205095767	1.9085599566883495	0.00030757751119754356	-7.13196832213807e-05
470000.0	0.7868417124409276	1.4807333961153344	0.3791665979649217	0.04431875576357586	-0.5636089590027071	34.53197680731058	1.8988453863322972	0.0002983174656882665	-0.00013063921908403655
480000.0	0.7871427435741356	1.4746601691279504	0.2827864916802707	0.01578557459175766	-3.9631282149163973	-43.758464864255586	1.8177794768325333	0.00028988487100354096	-0.00017727553654199138
490000.0	0.7875808652996749	1.4746943088329667	0.36132157879844656	0.019587642513901285	-4.197819581943128	-55.423280933324975	1.8941356702476442	0.00025819352276809117	-0.00028188888516957105
500000.0	0.7782467596916615	1.5166324884817601	1.0117619831839015	-0.2509982621008975	-9.539256199088715	98.66899626112924	1.8888852084728793	-0.000527502411115995	-0.004047349992673825
510000.0	0.7617216512358964	1.5188322777490821	1.6805585615897103	-4.590272451268307	22.781452046698504	-13.503206350055684	1.8448362584810896	-0.00023063920703262868	-0.010951161874262906
520000.0	0.7558065445609178	1.2406110669548047	2.5772546811630717	-7.902780957369135	-67.99527360416039	195.69298591459034	1.8863739919665	0.0023927040301715418	-0.019628403596062417
530000.0	0.7662547723517209	1.1308022746928277	2.97372565936561	-20.377492058238268	-110.20384961735351	158.08330058482866	1.8834828472098137	0.005903909403846143	-0.025766779344598364
540000.0	0.6995773768979273	0.9636235765344005	3.534725327073716	-3.5920498852926963	134.1807675888155	-25.723917727858993	1.8594826958471993	0.010845048424528906	-0.030299754836910844
550000.0	0.6491060282336475	0.3566983795304859	4.018480681696734	-22.251291765186394	-9.366540971552524	67.58836872190072	1.8820295713364819	0.015158440472985441	-0.03278948483677309
560000.0	0.6088730352189505	0.14705617122769615	4.313860446302995	-22.90552157218039	-259.11276784271547	26.580794635602757	1.8804537048080239	0.017501829218061697	-0.033479835992079425
570000.0	1.1738549343079028	1.0456836464573716	4.759721621720273	-55.19842365127475	88.82256491328519	-76.86141847099837	1.8674126464152963	0.010241941348408896	-0.03434796042313808
580000.0	0.8874439191991107	-2.188241529782831	3.3745229101970984	-606.0019565105736	-1635.2738955176014	-1273.4801159600288	1.8796962390615086	0.004899072667622056	-0.03130555506395905
590000.0	11.346287325986495	7.900272596837913	4.540780357625199	4393.357132458801	1919.520833736482	-439.7764253878279	1.8788478103364912	0.010998335208469191	-0.03066216666447697
600000.0	1.3418736772241504	-0.5982101461508966	4.828574426119593	-378.7686371121766	315.6928279540903	513.6545833708938	1.871823669233498	0.01912408352441449	-0.02640295401628239
610000.0	-4.19194397448	-1.9550657354873002	2.678508552293682	978.2062267922046	49.54855220100026	980.8734752607098	1.8783453044221858	0.010382697066221535	-0.03683802905338588
620000.0	958.7184658954062	967.3630691529636	3328.7246698711683	1271821.5841289796	1266731.8237419147	3067501.9921220336	2.1752968812999574	0.23278206165711499	1.6369086389202678
630000.0	0.0	0.0	0.0	nan	nan	nan	0.0	-0.0	0.0
640000.0	0.0	0.0	0.0	nan	nan	nan	0.0	-0.0	0.0
650000.0	0.0	0.0	0.0	nan	nan	nan	0.0	-0.0	0.0
660000.0	0.0	0.0	0.0	nan	nan	nan	0.0	-0.0	0.0
670000.0	0.0	0.0	0.0	nan	nan	nan	0.0	-0.0	0.0
680000.0	0.0	0.0	0.0	nan	nan	nan	0.0	-0.0	0.0
690000.0	0.0	0.0	0.0	nan	nan	nan	0.0	-0.0	0.0
700000.0	0.0	0.0	0.0	nan	nan	nan	0.0	-0.0	0.0
710000.0	0.0	0.0	0.0	nan	nan	nan	0.0	-0.0	0.0
720000.0	0.0	0.0	0.0	nan	nan	nan	0.0	-0.0	0.0
730000.0	0.0	0.0	0.0	nan	nan	nan	0.0	-0.0	0.0
740000.0	0.0	0.0	0.0	nan	nan	nan	0.0	-0.0	0.0
750000.0	0.0	0.0	0.0	nan	nan	nan	0.0	-0.0	0.0
760000.0	0.0	0.0	0.0	nan	nan	nan	0.0	-0.0	0.0
770000.0	0.0	0.0	0.0	nan	nan	nan	0.0	-0.0	0.0
780000.0	0.0	0.0	0.0	nan	nan	nan	0.0	-0.0	0.0
790000.0	0.0	0.0	0.0	nan	nan	nan	0.0	-0.0	0.0
800000.0	0.0	0.0	0.0	nan	nan	nan	0.0	-0.0	0.0
810000.0	0.0	0.0	0.0	nan	nan	nan	0.0	-0.0	0.0
820000.0	0.0	0.0	0.0	nan	nan	nan	0.0	-0.0	0.0
830000.0	0.0	0.0	0.0	nan	nan	nan	0.0	-0.0	0.0
840000.0	0.0	0.0	0.0	nan	nan	nan	0.0	-0.0	0.0
850000.0	0.0	0.0	0.0	nan	nan	nan	0.0	-0.0	0.0
860000.0	0.0	0.0	0.0	nan	nan	nan	0.0	-0.0	0.0
870000.0	0.0	0.0	0.0	nan	nan	nan	0.0	-0.0	0.0
880000.0	0.0	0.0	0.0	nan	nan	nan	0.0	-0.0	0.0
890000.0	0.0	0.0	0.0	nan	nan	nan	0.0	-0.0	0.0
900000.0	0.0	0.0	0.0	nan	nan	nan	0.0	-0.0	0.0
910000.0	0.0	0.0	0.0	nan	nan	nan	0.0	-0.0	0.0
920000.0	0.0	0.0	0.0	nan	nan	nan	0.0	-0.0	0.0
930000.0	0.0	0.0	0.0	nan	nan	nan	0.0	-0.0	0.0
940000.0	0.0	0.0	0.0	nan	nan	nan	0.0	-0.0	0.0
950000.0	0.0	0.0	0.0	nan	nan	nan	0.0	-0.0	0.0
960000.0	0.0	0.0	0.0	nan	nan	nan	0.0	-0.0	0.0
970000.0	0.0	0.0	0.0	nan	nan	nan	0.0	-0.0	0.0
980000.0	0.0	0.0	0.0	nan	nan	nan	0.0	-0.0	0.0
990000.0	0.0	0.0	0.0	nan	nan	nan	0.0	-0.0	0.0
1000000.0	0.0	0.0	0.0	nan	nan	nan	0.0	-0.0	0.0
1010000.0	0.0	0.0	0.0	nan	nan	nan	0.0	-0.0	0.0
1020000.0	0.0	0.0	0.0	nan	nan	nan	0.0	-0.0	0.0
1030000.0	0.0	0.0	0.0	nan	nan	nan	0.0	-0.0	0.0
1040000.0	0.0	0.0	0.0	nan	nan	nan	0.0	-0.0	0.0
1050000.0	0.0	0.0	0.0	nan	nan	nan	0.0	-0.0	0.0
1060000.0	0.0	0.0	0.0	nan	nan	nan	0.0	-0.0	0.0
1070000.0	0.0	0.0	0.0	nan	nan	nan	0.0	-0.0	0.0
1080000.0	0.0	0.0	0.0	nan	nan	nan	0.0	-0.0	0.0
1090000.0	0.0	0.0	0.0	nan	nan	nan	0.0	-0.0	0.0
1100000.0	0.0	0.0	0.0	nan	nan	nan	0.0	-0.0	0.0
1110000.0	0.0	0.0	0.0	nan	nan	nan	0.0	-0.0	0.0
1120000.0	0.0	0.0	0.0	nan	nan	nan	0.0	-0.0	0.0
1130000.0	0.0	0.0	0.0	nan	nan	nan	0.0	-0.0	0.0
1140000.0	0.0	0.0	0.0	nan	nan	nan	0.0	-0.0	0.0
1150000.0	0.0	0.0	0.0	nan	nan	nan	0.0	-0.0	0.0
1160000.0	0.0	0.0	0.0	nan	nan	nan	0.0	-0.0	0.0
1170000.0	0.0	0.0	0.0	nan	nan	nan	0.0	-0.0	0.0
1180000.0	0.0	0.0	0.0	nan	nan	nan	0.0	-0.0	0.0
1190000.0	0.0	0.0	0.0	nan	nan	nan	0.0	-0.0	0.0
1200000.0	0.0	0.0	0.0	nan	nan	nan	0.0	-0.0	0.0
1210000.0	0.0	0.0	0.0	nan	nan	nan	0.0	-0.0	0.0
1220000.0	0.0	0.0	0.0	nan	nan	nan	0.0	-0.0	0.0
1230000.0	0.0	0.0	0.0	nan	nan	nan	0.0	-0.0	0.0
1240000.0	0.0	0.0	0.0	nan	nan	nan	0.0	-0.0	0.0
1250000.0	0.0	0.0	0.0	nan	nan	nan	0.0	-0.0	0.0
1260000.0	0.0	0.0	0.0	nan	nan	nan	0.0	-0.0	0.0
1270000.0	0.0	0.0	0.0	nan	nan	nan	0.0	-0.0	0.0
1280000.0	0.0	0.0	0.0	nan	nan	nan	0.0	-0.0	0.0
1290000.0	0.0	0.0	0.0	nan	nan	nan	0.0	-0.0	0.0
1300000.0	0.0	0.0	0.0	nan	nan	nan	0.0	-0.0	0.0
1310000.0	0.0	0.0	0.0	nan	nan	nan	0.0	-0.0	0.0
1320000.0	0.0	0.0	0.0	nan	nan	nan	0.0	-0.0	0.0
1330000.0	0.0	0.0	0.0	nan	nan	nan	0.0	-0.0	0.0
1340000.0	0.0	0.0	0.0	nan	nan	nan	0.0	-0.0	0.0
1350000.0	0.0	0.0	0.0	nan	nan	nan	0.0	-0.0	0.0
1360000.0	0.0	0.0	0.0	nan	nan	nan	0.0	-0.0	0.0
1370000.0	0.0	0.0	0.0	nan	nan	nan	0.0	-0.0	0.0
1380000.0	0.0	0.0	0.0	nan	nan	nan	0.0	-0.0	0.0
1390000.0	0.0	0.0	0.0	nan	nan	nan	0.0	-0.0	0.0
1400000.0	0.0	0.0	0.0	nan	nan	nan	0.0	-0.0	0.0
1410000.0	0.0	0.0	0.0	nan	nan	nan	0.0	-0.0	0.0
1420000.0	0.0	0.0	0.0	nan	nan	nan	0.0	-0.0	0.0
1430000.0	0.0	0.0	0.0	nan	nan	nan	0.0	-0.0	0.0
1440000.0	0.0	0.0	0.0	nan	nan	nan	0.0	-0.0	0.0
1450000.0	0.0	0.0	0.0	nan	nan	nan	0.0	-0.0	0.0
1460000.0	0.0	0.0	0.0	nan	nan	nan	0.0	-0.0	0.0
1470000.0	0.0	0.0	0.0	nan	nan	nan	0.0	-0.0	0.0
1480000.0	0.0	0.0	0.0	nan	nan	nan	0.0	-0.0	0.0
1490000.0	0.0	0.0	0.0	nan	nan	nan	0.0	-0.0	0.0
1500000.0	0.0	0.0	0.0	nan	nan	nan	0.0	-0.0	0.0
1510000.0	0.0	0.0	0.0	nan	nan	nan	0.0	-0.0	0.0
1520000.0	0.0	0.0	0.0	nan	nan	nan	0.0	-0.0	0.0
1530000.0	0.0	0.0	0.0	nan	nan	nan	0.0	-0.0	0.0
1540000.0	0.0	0.0	0.0	nan	nan	nan	0.0	-0.0	0.0
1550000.0	0.0	0.0	0.0	nan	nan	nan	0.0	-0.0	0.0
1560000.0	0.0	0.0	0.0	nan	nan	nan	0.0	-0.0	0.0
1570000.0	0.0	0.0	0.0	nan	nan	nan	0.0	-0.0	0.0
1580000.0	0.0	0.0	0.0	nan	nan	nan	0.0	-0.0	0.0
1590000.0	0.0	0.0	0.0	nan	nan	nan	0.0	-0.0	0.0
1600000.0	0.0	0.0	0.0	nan	nan	nan	0.0	-0.0	0.0
1610000.0	0.0	0.0	0.0	nan	nan	nan	0.0	-0.0	0.0
1620000.0	0.0	0.0	0.0	nan	nan	nan	0.0	-0.0	0.0
1630000.0	0.0	0.0	0.0	nan	nan	nan	0.0	-0.0	0.0
1640000.0	0.0	0.0	0.0	nan	nan	nan	0.0	-0.0	0.0
1650000.0	0.0	0.0	0.0	nan	nan	nan	0.0	-0.0	0.0
1660000.0	0.0	0.0	0.0	nan	nan	nan	0.0	-0.0	0.0
1670000.0	0.0	0.0	0.0	nan	nan	nan	0.0	-0.0	0.0
1680000.0	0.0	0.0	0.0	nan	nan	nan	0.0	-0.0	0.0
1690000.0	0.0	0.0	0.0	nan	nan	nan	0.0	-0.0	0.0
1700000.0	0.0	0.0	0.0	nan	nan	nan	0.0	-0.0	0.0
1710000.0	0.0	0.0	0.0	nan	nan	nan	0.0	-0.0	0.0
1720000.0	0.0	0.0	0.0	nan	nan	nan	0.0	-0.0	0.0
1730000.0	0.0	0.0	0.0	nan	nan	nan	0.0	-0.0	0.0
1740000.0	0.0	0.0	0.0	nan	nan	nan	0.0	-0.0	0.0
1750000.0	0.0	0.0	0.0	nan	nan	nan	0.0	-0.0	0.0
1760000.0	0.0	0.0	0.0	nan	nan	nan	0.0	-0.0	0.0
1770000.0	0.0	0.0	0.0	nan	nan	nan	0.0	-0.0	0.0
1780000.0	0.0	0.0	0.0	nan	nan	nan	0.0	-0.0	0.0
1790000.0	0.0	0.0	0.0	nan	nan	nan	0.0	-0.0	0.0
1800000.0	0.0	0.0	0.0	nan	nan	nan	0.0	-0.0	0.0
1810000.0	0.0	0.0	0.0	nan	nan	nan	0.0	-0.0	0.0
1820000.0	0.0	0.0	0.0	nan	nan	nan	0.0	-0.0	0.0
1830000.0	0.0	0.0	0.0	nan	nan	nan	0.0	-0.0	0.0
1840000.0	0.0	0.0	0.0	nan	nan	nan	0.0	-0.0	0.0
1850000.0	0.0	0.0	0.0	nan	nan	nan	0.0	-0.0	0.0
1860000.0	0.0	0.0	0.0	nan	nan	nan	0.0	-0.0	0.0
1870000.0	0.0	0.0	0.0	nan	nan	nan	0.0	-0.0	0.0
1880000.0	0.0	0.0	0.0	nan	nan	nan	0.0	-0.0	0.0
1890000.0	0.0	0.0	0.0	nan	nan	nan	0.0	-0.0	0.0
1900000.0	0.0	0.0	0.0	nan	nan	nan	0.0	-0.0	0.0
1910000.0	0.0	0.0	0.0	nan	nan	nan	0.0	-0.0	0.0
1920000.0	0.0	0.0	0.0	nan	nan	nan	0.0	-0.0	0.0
1930000.0	0.0	0.0	0.0	nan	nan	nan	0.0	-0.0	0.0
1940000.0	0.0	0.0	0.0	nan	nan	nan	0.0	-0.0	0.0
1950000.0	0.0	0.0	0.0	nan	nan	nan	0.0	-0.0	0.0
1960000.0	0.0	0.0	0.0	nan	nan	nan	0.0	-0.0	0.0
1970000.0	0.0	0.0	0.0	nan	nan	nan	0.0	-0.0	0.0
1980000.0	0.0	0.0	0.0	nan	nan	nan	0.0	-0.0	0.0
1990000.0	0.0	0.0	0.0	nan	nan	nan	0.0	-0.0	0.0
2000000.0	0.0	0.0	0.0	nan	nan	nan	0.0	-0.0	0.0
2010000.0	0.0	0.0	0.0	nan	nan	nan	0.0	-0.0	0.0
2020000.0	0.0	0.0	0.0	nan	nan	nan	0.0	-0.0	0.0
2030000.0	0.0	0.0	0.0	nan	nan	nan	0.0	-0.0	0.0
2040000.0	0.0	0.0	0.0	nan	nan	nan	0.0	-0.0	0.0
2050000.0	0.0	0.0	0.0	nan	nan	nan	0.0	-0.0	0.0
2060000.0	0.0	0.0	0.0	nan	nan	nan	0.0	-0.0	0.0
2070000.0	0.0	0.0	0.0	nan	nan	nan	0.0	-0.0	0.0
2080000.0	0.0	0.0	0.0	nan	nan	nan	0.0	-0.0	0.0
2090000.0	0.0	0.0	0.0	nan	nan	nan	0.0	-0.0	0.0
2100000.0	0.0	0.0	0.0	nan	nan	nan	0.0	-0.0	0.0
2110000.0	0.0	0.0	0.0	nan	nan	nan	0.0	-0.0	0.0
2120000.0	0.0	0.0	0.0	nan	nan	nan	0.0	-0.0	0.0
2130000.0	0.0	0.0	0.0	nan	nan	nan	0.0	-0.0	0.0
2140000.0	0.0	0.0	0.0	nan	nan	nan	0.0	-0.0	0.0
2150000.0	0.0	0.0	0.0	nan	nan	nan	0.0	-0.0	0.0
2160000.0	0.0	0.0	0.0	nan	nan	nan	0.0	-0.0	0.0
2170000.0	0.0	0.0	0.0	nan	nan	nan	0.0	-0.0	0.0
2180000.0	0.0	0.0	0.0	nan	nan	nan	0.0	-0.0	0.0
2190000.0	0.0	0.0	0.0	nan	nan	nan	0.0	-0.0	0.0
2200000.0	0.0	0.0	0.0	nan	nan	nan	0.0	-0.0	0.0
2210000.0	0.0	0.0	0.0	nan	nan	nan	0.0	-0.0	0.0
2220000.0	0.0	0.0	0.0	nan	nan	nan	0.0	-0.0	0.0
2230000.0	0.0	0.0	0.0	nan	nan	nan	0.0	-0.0	0.0
2240000.0	0.0	0.0	0.0	nan	nan	nan	0.0	-0.0	0.0
2250000.0	0.0	0.0	0.0	nan	nan	nan	0.0	-0.0	0.0
2260000.0	0.0	0.0	0.0	nan	nan	nan	0.0	-0.0	0.0
2270000.0	0.0	0.0	0.0	nan	nan	nan	0.0	-0.0	0.0
2280000.0	0.0	0.0	0.0	nan	nan	nan	0.0	-0.0	0.0
2290000.0	0.0	0.0	0.0	nan	nan	nan	0.0	-0.0	0.0
2300000.0	0.0	0.0	0.0	nan	nan	nan	0.0	-0.0	0.0
2310000.0	0.0	0.0	0.0	nan	nan	nan	0.0	-0.0	0.0
2320000.0	0.0	0.0	0.0	nan	nan	nan	0.0	-0.0	0.0
2330000.0	0.0	0.0	0.0	nan	nan	nan	0.0	-0.0	0.0
2340000.0	0.0	0.0	0.0	nan	nan	nan	0.0	-0.0	0.0
2350000.0	0.0	0.0	0.0	nan	nan	nan	0.0	-0.0	0.0
2360000.0	0.0	0.0	0.0	nan	nan	nan	0.0	-0.0	0.0
2370000.0	0.0	0.0	0.0	nan	nan	nan	0.0	-0.0	0.0
2380000.0	0.0	0.0	0.0	nan	nan	nan	0.0	-0.0	0.0
2390000.0	0.0	0.0	0.0	nan	nan	nan	0.0	-0.0	0.0
2400000.0	0.0	0.0	0.0	nan	nan	nan	0.0	-0.0	0.0
2410000.0	0.0	0.0	0.0	nan	nan	nan	0.0	-0.0	0.0
2420000.0	0.0	0.0	0.0	nan	nan	nan	0.0	-0.0	0.0
2430000.0	0.0	0.0	0.0	nan	nan	nan	0.0	-0.0	0.0
2440000.0	0.0	0.0	0.0	nan	nan	nan	0.0	-0.0	0.0
2450000.0	0.0	0.0	0.0	nan	nan	nan	0.0	-0.0	0.0
2460000.0	0.0	0.0	0.0	nan	nan	nan	0.0	-0.0	0.0
2470000.0	0.0	0.0	0.0	nan	nan	nan	0.0	-0.0	0.0
2480000.0	0.0	0.0	0.0	nan	nan	nan	0.0	-0.0	0.0
2490000.0	0.0	0.0	0.0	nan	nan	nan	0.0	-0.0	0.0
2500000.0	0.0	0.0	0.0	nan	nan	nan	0.0	-0.0	0.0
2510000.0	0.0	0.0	0.0	nan	nan	nan	0.0	-0.0	0.0
2520000.0	0.0	0.0	0.0	nan	nan	nan	0.0	-0.0	0.0
2530000.0	0.0	0.0	0.0	nan	nan	nan	0.0	-0.0	0.0
2540000.0	0.0	0.0	0.0	nan	nan	nan	0.0	-0.0	0.0
2550000.0	0.0	0.0	0.0	nan	nan	nan	0.0	-0.0	0.0
2560000.0	0.0	0.0	0.0	nan	nan	nan	0.0	-0.0	0.0
2570000.0	0.0	0.0	0.0	nan	nan	nan	0.0	-0.0	0.0
2580000.0	0.0	0.0	0.0	nan	nan	nan	0.0	-0.0	0.0
2590000.0	0.0	0.0	0.0	nan	nan	nan	0.0	-0.0	0.0
2600000.0	0.0	0.0	0.0	nan	nan	nan	0.0	-0.0	0.0
2610000.0	0.0	0.0	0.0	nan	nan	nan	0.0	-0.0	0.0
2620000.0	0.0	0.0	0.0	nan	nan	nan	0.0	-0.0	0.0
2630000.0	0.0	0.0	0.0	nan	nan	nan	0.0	-0.0	0.0
2640000.0	0.0	0.0	0.0	nan	nan	nan	0.0	-0.0	0.0
2650000.0	0.0	0.0	0.0	nan	nan	nan	0.0	-0.0	0.0
2660000.0	0.0	0.0	0.0	nan	nan	nan	0.0	-0.0	0.0
2670000.0	0.0	0.0	0.0	nan	nan	nan	0.0	-0.0	0.0
2680000.0	0.0	0.0	0.0	nan	nan	nan	0.0	-0.0	0.0
2690000.0	0.0	0.0	0.0	nan	nan	nan	0.0	-0.0	0.0
2700000.0	0.0	0.0	0.0	nan	nan	nan	0.0	-0.0	0.0
2710000.0	0.0	0.0	0.0	nan	nan	nan	0.0	-0.0	0.0
2720000.0	0.0	0.0	0.0	nan	nan	nan	0.0	-0.0	0.0
2730000.0	0.0	0.0	0.0	nan	nan	nan	0.0	-0.0	0.0
2740000.0	0.0	0.0	0.0	nan	nan	nan	0.0	-0.0	0.0
2750000.0	0.0	0.0	0.0	nan	nan	nan	0.0	-0.0	0.0
2760000.0	0.0	0.0	0.0	nan	nan	nan	0.0	-0.0	0.0
2770000.0	0.0	0.0	0.0	nan	nan	nan	0.0	-0.0	0.0
2780000.0	0.0	0.0	0.0	nan	nan	nan	0.0	-0.0	0.0
2790000.0	0.0	0.0	0.0	nan	nan	nan	0.0	-0.0	0.0
2800000.0	0.0	0.0	0.0	nan	nan	nan	0.0	-0.0	0.0
2810000.0	0.0	0.0	0.0	nan	nan	nan	0.0	-0.0	0.0
2820000.0	0.0	0.0	0.0	nan	nan	nan	0.0	-0.0	0.0
2830000.0	0.0	0.0	0.0	nan	nan	nan	0.0	-0.0	0.0
2840000.0	0.0	0.0	0.0	nan	nan	nan	0.0	-0.0	0.0
2850000.0	0.0	0.0	0.0	nan	nan	nan	0.0	-0.0	0.0
2860000.0	0.0	0.0	0.0	nan	nan	nan	0.0	-0.0	0.0
2870000.0	0.0	0.0	0.0	nan	nan	nan	0.0	-0.0	0.0
2880000.0	0.0	0.0	0.0	nan	nan	nan	0.0	-0.0	0.0
2890000.0	0.0	0.0	0.0	nan	nan	nan	0.0	-0.0	0.0
2900000.0	0.0	0.0	0.0	nan	nan	nan	0.0	-0.0	0.0
2910000.0	0.0	0.0	0.0	nan	nan	nan	0.0	-0.0	0.0
2920000.0	0.0	0.0	0.0	nan	nan	nan	0.0	-0.0	0.0
2930000.0	0.0	0.0	0.0	nan	nan	nan	0.0	-0.0	0.0
2940000.0	0.0	0.0	0.0	nan	nan	nan	0.0	-0.0	0.0
2950000.0	0.0	0.0	0.0	nan	nan	nan	0.0	-0.0	0.0
2960000.0	0.0	0.0	0.0	nan	nan	nan	0.0	-0.0	0.0
2970000.0	0.0	0.0	0.0	nan	nan	nan	0.0	-0.0	0.0
2980000.0	0.0	0.0	0.0	nan	nan	nan	0.0	-0.0	0.0
2990000.0	0.0	0.0	0.0	nan	nan	nan	0.0	-0.0	0.0
3000000.0	0.0	0.0	0.0	nan	nan	nan	0.0	-0.0	0.0
3010000.0	0.0	0.0	0.0	nan	nan	nan	0.0	-0.0	0.0
3020000.0	0.0	0.0	0.0	nan	nan	nan	0.0	-0.0	0.0
3030000.0	0.0	0.0	0.0	nan	nan	nan	0.0	-0.0	0.0
3040000.0	0.0	0.0	0.0	nan	nan	nan	0.0	-0.0	0.0
3050000.0	0.0	0.0	0.0	nan	nan	nan	0.0	-0.0	0.0
3060000.0	0.0	0.0	0.0	nan	nan	nan	0.0	-0.0	0.0
3070000.0	0.0	0.0	0.0	nan	nan	nan	0.0	-0.0	0.0
3080000.0	0.0	0.0	0.0	nan	nan	nan	0.0	-0.0	0.0
3090000.0	0.0	0.0	0.0	nan	nan	nan	0.0	-0.0	0.0
3100000.0	0.0	0.0	0.0	nan	nan	nan	0.0	-0.0	0.0
3110000.0	0.0	0.0	0.0	nan	nan	nan	0.0	-0.0	0.0
3120000.0	0.0	0.0	0.0	nan	nan	nan	0.0	-0.0	0.0
3130000.0	0.0	0.0	0.0	nan	nan	nan	0.0	-0.0	0.0
3140000.0	0.0	0.0	0.0	nan	nan	nan	0.0	-0.0	0.0
3150000.0	0.0	0.0	0.0	nan	nan	nan	0.0	-0.0	0.0
3160000.0	0.0	0.0	0.0	nan	nan	nan	0.0	-0.0	0.0
3170000.0	0.0	0.0	0.0	nan	nan	nan	0.0	-0.0	0.0
3180000.0	0.0	0.0	0.0	nan	nan	nan	0.0	-0.0	0.0
3190000.0	0.0	0.0	0.0	nan	nan	nan	0.0	-0.0	0.0
3200000.0	0.0	0.0	0.0	nan	nan	nan	0.0	-0.0	0.0
3210000.0	0.0	0.0	0.0	nan	nan	nan	0.0	-0.0	0.0
3220000.0	0.0	0.0	0.0	nan	nan	nan	0.0	-0.0	0.0
3230000.0	0.0	0.0	0.0	nan	nan	nan	0.0	-0.0	0.0
3240000.0	0.0	0.0	0.0	nan	nan	nan	0.0	-0.0	0.0
3250000.0	0.0	0.0	0.0	nan	nan	nan	0.0	-0.0	0.0
3260000.0	0.0	0.0	0.0	nan	nan	nan	0.0	-0.0	0.0
3270000.0	0.0	0.0	0.0	nan	nan	nan	0.0	-0.0	0.0
3280000.0	0.0	0.0	0.0	nan	nan	nan	0.0	-0.0	0.0
3290000.0	0.0	0.0	0.0	nan	nan	nan	0.0	-0.0	0.0
3300000.0	0.0	0.0	0.0	nan	nan	nan	0.0	-0.0	0.0
3310000.0	0.0	0.0	0.0	nan	nan	nan	0.0	-0.0	0.0
3320000.0	0.0	0.0	0.0	nan	nan	nan	0.0	-0.0	0.0
3330000.0	0.0	0.0	0.0	nan	nan	nan	0.0	-0.0	0.0
3340000.0	0.0	0.0	0.0	nan	nan	nan	0.0	-0.0	0.0
3350000.0	0.0	0.0	0.0	nan	nan	nan	0.0	-0.0	0.0
3360000.0	0.0	0.0	0.0	nan	nan	nan	0.0	-0.0	0.0
3370000.0	0.0	0.0	0.0	nan	nan	nan	0.0	-0.0	0.0
3380000.0	0.0	0.0	0.0	nan	nan	nan	0.0	-0.0	0.0
3390000.0	0.0	0.0	0.0	nan	nan	nan	0.0	-0.0	0.0
3400000.0	0.0	0.0	0.0	nan	nan	nan	0.0	-0.0	0.0
3410000.0	0.0	0.0	0.0	nan	nan	nan	0.0	-0.0	0.0
3420000.0	0.0	0.0	0.0	nan	nan	nan	0.0	-0.0	0.0
3430000.0	0.0	0.0	0.0	nan	nan	nan	0.0	-0.0	0.0
3440000.0	0.0	0.0	0.0	nan	nan	nan	0.0	-0.0	0.0
3450000.0	0.0	0.0	0.0	nan	nan	nan	0.0	-0.0	0.0
3460000.0	0.0	0.0	0.0	nan	nan	nan	0.0	-0.0	0.0
3470000.0	0.0	0.0	0.0	nan	nan	nan	0.0	-0.0	0.0
3480000.0	0.0	0.0	0.0	nan	nan	nan	0.0	-0.0	0.0
3490000.0	0.0	0.0	0.0	nan	nan	nan	0.0	-0.0	0.0
3500000.0	0.0	0.0	0.0	nan	nan	nan	0.0	-0.0	0.0
3510000.0	0.0	0.0	0.0	nan	nan	nan	0.0	-0.0	0.0
3520000.0	0.0	0.0	0.0	nan	nan	nan	0.0	-0.0	0.0
3530000.0	0.0	0.0	0.0	nan	nan	nan	0.0	-0.0	0.0
3540000.0	0.0	0.0	0.0	nan	nan	nan	0.0	-0.0	0.0
3550000.0	0.0	0.0	0.0	nan	nan	nan	0.0	-0.0	0.0
3560000.0	0.0	0.0	0.0	nan	nan	nan	0.0	-0.0	0.0
3570000.0	0.0	0.0	0.0	nan	nan	nan	0.0	-0.0	0.0
3580000.0	0.0	0.0	0.0	nan	nan	nan	0.0	-0.0	0.0
3590000.0	0.0	0.0	0.0	nan	nan	nan	0.0	-0.0	0.0
3600000.0	0.0	0.0	0.0	nan	nan	nan	0.0	-0.0	0.0
3610000.0	0.0	0.0	0.0	nan	nan	nan	0.0	-0.0	0.0
3620000.0	0.0	0.0	0.0	nan	nan	nan	0.0	-0.0	0.0
3630000.0	0.0	0.0	0.0	nan	nan	nan	0.0	-0.0	0.0
3640000.0	0.0	0.0	0.0	nan	nan	nan	0.0	-0.0	0.0
3650000.0	0.0	0.0	0.0	nan	nan	nan	0.0	-0.0	0.0
3660000.0	0.0	0.0	0.0	nan	nan	nan	0.0	-0.0	0.0
3670000.0	0.0	0.0	0.0	nan	nan	nan	0.0	-0.0	0.0
3680000.0	0.0	0.0	0.0	nan	nan	nan	0.0	-0.0	0.0
3690000.0	0.0	0.0	0.0	nan	nan	nan	0.0	-0.0	0.0
3700000.0	0.0	0.0	0.0	nan	nan	nan	0.0	-0.0	0.0
3710000.0	0.0	0.0	0.0	nan	nan	nan	0.0	-0.0	0.0
3720000.0	0.0	0.0	0.0	nan	nan	nan	0.0	-0.0	0.0
3730000.0	0.0	0.0	0.0	nan	nan	nan	0.0	-0.0	0.0
3740000.0	0.0	0.0	0.0	nan	nan	nan	0.0	-0.0	0.0
3750000.0	0.0	0.0	0.0	nan	nan	nan	0.0	-0.0	0.0
3760000.0	0.0	0.0	0.0	nan	nan	nan	0.0	-0.0	0.0
3770000.0	0.0	0.0	0.0	nan	nan	nan	0.0	-0.0	0.0
3780000.0	0.0	0.0	0.0	nan	nan	nan	0.0	-0.0	0.0
3790000.0	0.0	0.0	0.0	nan	nan	nan	0.0	-0.0	0.0
3800000.0	0.0	0.0	0.0	nan	nan	nan	0.0	-0.0	0.0
3810000.0	0.0	0.0	0.0	nan	nan	nan	0.0	-0.0	0.0
3820000.0	0.0	0.0	0.0	nan	nan	nan	0.0	-0.0	0.0
3830000.0	0.0	0.0	0.0	nan	nan	nan	0.0	-0.0	0.0
3840000.0	0.0	0.0	0.0	nan	nan	nan	0.0	-0.0	0.0
3850000.0	0.0	0.0	0.0	nan	nan	nan	0.0	-0.0	0.0
3860000.0	0.0	0.0	0.0	nan	nan	nan	0.0	-0.0	0.0
3870000.0	0.0	0.0	0.0	nan	nan	nan	0.0	-0.0	0.0
3880000.0	0.0	0.0	0.0	nan	nan	nan	0.0	-0.0	0.0
3890000.0	0.0	0.0	0.0	nan	nan	nan	0.0	-0.0	0.0
3900000.0	0.0	0.0	0.0	nan	nan	nan	0.0	-0.0	0.0
3910000.0	0.0	0.0	0.0	nan	nan	nan	0.0	-0.0	0.0
3920000.0	0.0	0.0	0.0	nan	nan	nan	0.0	-0.0	0.0
3930000.0	0.0	0.0	0.0	nan	nan	nan	0.0	-0.0	0.0
3940000.0	0.0	0.0	0.0	nan	nan	nan	0.0	-0.0	0.0
3950000.0	0.0	0.0	0.0	nan	nan	nan	0.0	-0.0	0.0
3960000.0	0.0	0.0	0.0	nan	nan	nan	0.0	-0.0	0.0
3970000.0	0.0	0.0	0.0	nan	nan	nan	0.0	-0.0	0.0
3980000.0	0.0	0.0	0.0	nan	nan	nan	0.0	-0.0	0.0
3990000.0	0.0	0.0	0.0	nan	nan	nan	0.0	-0.0	0.0
4000000.0	0.0	0.0	0.0	nan	nan	nan	0.0	-0.0	0.0
4010000.0	0.0	0.0	0.0	nan	nan	nan	0.0	-0.0	0.0
4020000.0	0.0	0.0	0.0	nan	nan	nan	0.0	-0.0	0.0
4030000.0	0.0	0.0	0.0	nan	nan	nan	0.0	-0.0	0.0
4040000.0	0.0	0.0	0.0	nan	nan	nan	0.0	-0.0	0.0
4050000.0	0.0	0.0	0.0	nan	nan	nan	0.0	-0.0	0.0
4060000.0	0.0	0.0	0.0	nan	nan	nan	0.0	-0.0	0.0
4070000.0	0.0	0.0	0.0	nan	nan	nan	0.0	-0.0	0.0
4080000.0	0.0	0.0	0.0	nan	nan	nan	0.0	-0.0	0.0
4090000.0	0.0	0.0	0.0	nan	nan	nan	0.0	-0.0	0.0
4100000.0	0.0	0.0	0.0	nan	nan	nan	0.0	-0.0	0.0
4110000.0	0.0	0.0	0.0	nan	nan	nan	0.0	-0.0	0.0
4120000.0	0.0	0.0	0.0	nan	nan	nan	0.0	-0.0	0.0
4130000.0	0.0	0.0	0.0	nan	nan	nan	0.0	-0.0	0.0
4140000.0	0.0	0.0	0.0	nan	nan	nan	0.0	-0.0	0.0
4150000.0	0.0	0.0	0.0	nan	nan	nan	0.0	-0.0	0.0
4160000.0	0.0	0.0	0.0	nan	nan	nan	0.0	-0.0	0.0
4170000.0	0.0	0.0	0.0	nan	nan	nan	0.0	-0.0	0.0
4180000.0	0.0	0.0	0.0	nan	nan	nan	0.0	-0.0	0.0
4190000.0	0.0	0.0	0.0	nan	nan	nan	0.0	-0.0	0.0
4200000.0	0.0	0.0	0.0	nan	nan	nan	0.0	-0.0	0.0
4210000.0	0.0	0.0	0.0	nan	nan	nan	0.0	-0.0	0.0
4220000.0	0.0	0.0	0.0	nan	nan	nan	0.0	-0.0	0.0
4230000.0	0.0	0.0	0.0	nan	nan	nan	0.0	-0.0	0.0
4240000.0	0.0	0.0	0.0	nan	nan	nan	0.0	-0.0	0.0
4250000.0	0.0	0.0	0.0	nan	nan	nan	0.0	-0.0	0.0
4260000.0	0.0	0.0	0.0	nan	nan	nan	0.0	-0.0	0.0
4270000.0	0.0	0.0	0.0	nan	nan	nan	0.0	-0.0	0.0
4280000.0	0.0	0.0	0.0	nan	nan	nan	0.0	-0.0	0.0
4290000.0	0.0	0.0	0.0	nan	nan	nan	0.0	-0.0	0.0
4300000.0	0.0	0.0	0.0	nan	nan	nan	0.0	-0.0	0.0
4310000.0	0.0	0.0	0.0	nan	nan	nan	0.0	-0.0	0.0
4320000.0	0.0	0.0	0.0	nan	nan	nan	0.0	-0.0	0.0
4330000.0	0.0	0.0	0.0	nan	nan	nan	0.0	-0.0	0.0
4340000.0	0.0	0.0	0.0	nan	nan	nan	0.0	-0.0	0.0
4350000.0	0.0	0.0	0.0	nan	nan	nan	0.0	-0.0	0.0
4360000.0	0.0	0.0	0.0	nan	nan	nan	0.0	-0.0	0.0
4370000.0	0.0	0.0	0.0	nan	nan	nan	0.0	-0.0	0.0
4380000.0	0.0	0.0	0.0	nan	nan	nan	0.0	-0.0	0.0
4390000.0	0.0	0.0	0.0	nan	nan	nan	0.0	-0.0	0.0
4400000.0	0.0	0.0	0.0	nan	nan	nan	0.0	-0.0	0.0
4410000.0	0.0	0.0	0.0	nan	nan	nan	0.0	-0.0	0.0
4420000.0	0.0	0.0	0.0	nan	nan	nan	0.0	-0.0	0.0
4430000.0	0.0	0.0	0.0	nan	nan	nan	0.0	-0.0	0.0
4440000.0	0.0	0.0	0.0	nan	nan	nan	0.0	-0.0	0.0
4450000.0	0.0	0.0	0.0	nan	nan	nan	0.0	-0.0	0.0
4460000.0	0.0	0.0	0.0	nan	nan	nan	0.0	-0.0	0.0
4470000.0	0.0	0.0	0.0	nan	nan	nan	0.0	-0.0	0.0
4480000.0	0.0	0.0	0.0	nan	nan	nan	0.0	-0.0	0.0
4490000.0	0.0	0.0	0.0	nan	nan	nan	0.0	-0.0	0.0
4500000.0	0.0	0.0	0.0	nan	nan	nan	0.0	-0.0	0.0
4510000.0	0.0	0.0	0.0	nan	nan	nan	0.0	-0.0	0.0
4520000.0	0.0	0.0	0.0	nan	nan	nan	0.0	-0.0	0.0
4530000.0	0.0	0.0	0.0	nan	nan	nan	0.0	-0.0	0.0
4540000.0	0.0	0.0	0.0	nan	nan	nan	0.0	-0.0	0.0
4550000.0	0.0	0.0	0.0	nan	nan	nan	0.0	-0.0	0.0
4560000.0	0.0	0.0	0.0	nan	nan	nan	0.0	-0.0	0.0
4570000.0	0.0	0.0	0.0	nan	nan	nan	0.0	-0.0	0.0
4580000.0	0.0	0.0	0.0	nan	nan	nan	0.0	-0.0	0.0
4590000.0	0.0	0.0	0.0	nan	nan	nan	0.0	-0.0	0.0
4600000.0	0.0	0.0	0.0	nan	nan	nan	0.0	-0.0	0.0
4610000.0	0.0	0.0	0.0	nan	nan	nan	0.0	-0.0	0.0
4620000.0	0.0	0.0	0.0	nan	nan	nan	0.0	-0.0	0.0
4630000.0	0.0	0.0	0.0	nan	nan	nan	0.0	-0.0	0.0
4640000.0	0.0	0.0	0.0	nan	nan	nan	0.0	-0.0	0.0
4650000.0	0.0	0.0	0.0	nan	nan	nan	0.0	-0.0	0.0
4660000.0	0.0	0.0	0.0	nan	nan	nan	0.0	-0.0	0.0
4670000.0	0.0	0.0	0.0	nan	nan	nan	0.0	-0.0	0.0
4680000.0	0.0	0.0	0.0	nan	nan	nan	0.0	-0.0	0.0
4690000.0	0.0	0.0	0.0	nan	nan	nan	0.0	-0.0	0.0
4700000.0	0.0	0.0	0.0	nan	nan	nan	0.0	-0.0	0.0
4710000.0	0.0	0.0	0.0	nan	nan	nan	0.0	-0.0	0.0
4720000.0	0.0	0.0	0.0	nan	nan	nan	0.0	-0.0	0.0
4730000.0	0.0	0.0	0.0	nan	nan	nan	0.0	-0.0	0.0
4740000.0	0.0	0.0	0.0	nan	nan	nan	0.0	-0.0	0.0
4750000.0	0.0	0.0	0.0	nan	nan	nan	0.0	-0.0	0.0
4760000.0	0.0	0.0	0.0	nan	nan	nan	0.0	-0.0	0.0
4770000.0	0.0	0.0	0.0	nan	nan	nan	0.0	-0.0	0.0
4780000.0	0.0	0.0	0.0	nan	nan	nan	0.0	-0.0	0.0
4790000.0	0.0	0.0	0.0	nan	nan	nan	0.0	-0.0	0.0
4800000.0	0.0	0.0	0.0	nan	nan	nan	0.0	-0.0	0.0
4810000.0	0.0	0.0	0.0	nan	nan	nan	0.0	-0.0	0.0
4820000.0	0.0	0.0	0.0	nan	nan	nan	0.0	-0.0	0.0
4830000.0	0.0	0.0	0.0	nan	nan	nan	0.0	-0.0	0.0
4840000.0	0.0	0.0	0.0	nan	nan	nan	0.0	-0.0	0.0
4850000.0	0.0	0.0	0.0	nan	nan	nan	0.0	-0.0	0.0
4860000.0	0.0	0.0	0.0	nan	nan	nan	0.0	-0.0	0.0
4870000.0	0.0	0.0	0.0	nan	nan	nan	0.0	-0.0	0.0
4880000.0	0.0	0.0	0.0	nan	nan	nan	0.0	-0.0	0.0
4890000.0	0.0	0.0	0.0	nan	nan	nan	0.0	-0.0	0.0
4900000.0	0.0	0.0	0.0	nan	nan	nan	0.0	-0.0	0.0
4910000.0	0.0	0.0	0.0	nan	nan	nan	0.0	-0.0	0.0
4920000.0	0.0	0.0	0.0	nan	nan	nan	0.0	-0.0	0.0
4930000.0	0.0	0.0	0.0	nan	nan	nan	0.0	-0.0	0.0
4940000.0	0.0	0.0	0.0	nan	nan	nan	0.0	-0.0	0.0
4950000.0	0.0	0.0	0.0	nan	nan	nan	0.0	-0.0	0.0
4960000.0	0.0	0.0	0.0	nan	nan	nan	0.0	-0.0	0.0
4970000.0	0.0	0.0	0.0	nan	nan	nan	0.0	-0.0	0.0
4980000.0	0.0	0.0	0.0	nan	nan	nan	0.0	-0.0	0.0
4990000.0	0.0	0.0	0.0	nan	nan	nan	0.0	-0.0	0.0
5000000.0	0.0	0.0	0.0	nan	nan	nan	0.0	-0.0	0.0
5010000.0	0.0	0.0	0.0	nan	nan	nan	0.0	-0.0	0.0
5020000.0	0.0	0.0	0.0	nan	nan	nan	0.0	-0.0	0.0
5030000.0	0.0	0.0	0.0	nan	nan	nan	0.0	-0.0	0.0
5040000.0	0.0	0.0	0.0	nan	nan	nan	0.0	-0.0	0.0
5050000.0	0.0	0.0	0.0	nan	nan	nan	0.0	-0.0	0.0
5060000.0	0.0	0.0	0.0	nan	nan	nan	0.0	-0.0	0.0
5070000.0	0.0	0.0	0.0	nan	nan	nan	0.0	-0.0	0.0
5080000.0	0.0	0.0	0.0	nan	nan	nan	0.0	-0.0	0.0
5090000.0	0.0	0.0	0.0	nan	nan	nan	0.0	-0.0	0.0
5100000.0	0.0	0.0	0.0	nan	nan	nan	0.0	-0.0	0.0
5110000.0	0.0	0.0	0.0	nan	nan	nan	0.0	-0.0	0.0
5120000.0	0.0	0.0	0.0	nan	nan	nan	0.0	-0.0	0.0
5130000.0	0.0	0.0	0.0	nan	nan	nan	0.0	-0.0	0.0
5140000.0	0.0	0.0	0.0	nan	nan	nan	0.0	-0.0	0.0
5150000.0	0.0	0.0	0.0	nan	nan	nan	0.0	-0.0	0.0
5160000.0	0.0	0.0	0.0	nan	nan	nan	0.0	-0.0	0.0
5170000.0	0.0	0.0	0.0	nan	nan	nan	0.0	-0.0	0.0
5180000.0	0.0	0.0	0.0	nan	nan	nan	0.0	-0.0	0.0
5190000.0	0.0	0.0	0.0	nan	nan	nan	0.0	-0.0	0.0
5200000.0	0.0	0.0	0.0	nan	nan	nan	0.0	-0.0	0.0
5210000.0	0.0	0.0	0.0	nan	nan	nan	0.0	-0.0	0.0
5220000.0	0.0	0.0	0.0	nan	nan	nan	0.0	-0.0	0.0
5230000.0	0.0	0.0	0.0	nan	nan	nan	0.0	-0.0	0.0
5240000.0	0.0	0.0	0.0	nan	nan	nan	0.0	-0.0	0.0
5250000.0	0.0	0.0	0.0	nan	nan	nan	0.0	-0.0	0.0
5260000.0	0.0	0.0	0.0	nan	nan	nan	0.0	-0.0	0.0
5270000.0	0.0	0.0	0.0	nan	nan	nan	0.0	-0.0	0.0
5280000.0	0.0	0.0	0.0	nan	nan	nan	0.0	-0.0	0.0
5290000.0	0.0	0.0	0.0	nan	nan	nan	0.0	-0.0	0.0
5300000.0	0.0	0.0	0.0	nan	nan	nan	0.0	-0.0	0.0
5310000.0	0.0	0.0	0.0	nan	nan	nan	0.0	-0.0	0.0
5320000.0	0.0	0.0	0.0	nan	nan	nan	0.0	-0.0	0.0
5330000.0	0.0	0.0	0.0	nan	nan	nan	0.0	-0.0	0.0
5340000.0	0.0	0.0	0.0	nan	nan	nan	0.0	-0.0	0.0
5350000.0	0.0	0.0	0.0	nan	nan	nan	0.0	-0.0	0.0
5360000.0	0.0	0.0	0.0	nan	nan	nan	0.0	-0.0	0.0
5370000.0	0.0	0.0	0.0	nan	nan	nan	0.0	-0.0	0.0
5380000.0	0.0	0.0	0.0	nan	nan	nan	0.0	-0.0	0.0
5390000.0	0.0	0.0	0.0	nan	nan	nan	0.0	-0.0	0.0
5400000.0	0.0	0.0	0.0	nan	nan	nan	0.0	-0.0	0.0
5410000.0	0.0	0.0	0.0	nan	nan	nan	0.0	-0.0	0.0
5420000.0	0.0	0.0	0.0	nan	nan	nan	0.0	-0.0	0.0
5430000.0	0.0	0.0	0.0	nan	nan	nan	0.0	-0.0	0.0
5440000.0	0.0	0.0	0.0	nan	nan	nan	0.0	-0.0	0.0
5450000.0	0.0	0.0	0.0	nan	nan	nan	0.0	-0.0	0.0
5460000.0	0.0	0.0	0.0	nan	nan	nan	0.0	-0.0	0.0
5470000.0	0.0	0.0	0.0	nan	nan	nan	0.0	-0.0	0.0
5480000.0	0.0	0.0	0.0	nan	nan	nan	0.0	-0.0	0.0
5490000.0	0.0	0.0	0.0	nan	nan	nan	0.0	-0.0	0.0
5500000.0	0.0	0.0	0.0	nan	nan	nan	0.0	-0.0	0.0
5510000.0	0.0	0.0	0.0	nan	nan	nan	0.0	-0.0	0.0
5520000.0	0.0	0.0	0.0	nan	nan	nan	0.0	-0.0	0.0
5530000.0	0.0	0.0	0.0	nan	nan	nan	0.0	-0.0	0.0
5540000.0	0.0	0.0	0.0	nan	nan	nan	0.0	-0.0	0.0
5550000.0	0.0	0.0	0.0	nan	nan	nan	0.0	-0.0	0.0
5560000.0	0.0	0.0	0.0	nan	nan	nan	0.0	-0.0	0.0
5570000.0	0.0	0.0	0.0	nan	nan	nan	0.0	-0.0	0.0
5580000.0	0.0	0.0	0.0	nan	nan	nan	0.0	-0.0	0.0
5590000.0	0.0	0.0	0.0	nan	nan	nan	0.0	-0.0	0.0
5600000.0	0.0	0.0	0.0	nan	nan	nan	0.0	-0.0	0.0
5610000.0	0.0	0.0	0.0	nan	nan	nan	0.0	-0.0	0.0
5620000.0	0.0	0.0	0.0	nan	nan	nan	0.0	-0.0	0.0
5630000.0	0.0	0.0	0.0	nan	nan	nan	0.0	-0.0	0.0
5640000.0	0.0	0.0	0.0	nan	nan	nan	0.0	-0.0	0.0
5650000.0	0.0	0.0	0.0	nan	nan	nan	0.0	-0.0	0.0
5660000.0	0.0	0.0	0.0	nan	nan	nan	0.0	-0.0	0.0
5670000.0	0.0	0.0	0.0	nan	nan	nan	0.0	-0.0	0.0
5680000.0	0.0	0.0	0.0	nan	nan	nan	0.0	-0.0	0.0
5690000.0	0.0	0.0	0.0	nan	nan	nan	0.0	-0.0	0.0
5700000.0	0.0	0.0	0.0	nan	nan	nan	0.0	-0.0	0.0
5710000.0	0.0	0.0	0.0	nan	nan	nan	0.0	-0.0	0.0
5720000.0	0.0	0.0	0.0	nan	nan	nan	0.0	-0.0	0.0
5730000.0	0.0	0.0	0.0	nan	nan	nan	0.0	-0.0	0.0
5740000.0	0.0	0.0	0.0	nan	nan	nan	0.0	-0.0	0.0
5750000.0	0.0	0.0	0.0	nan	nan	nan	0.0	-0.0	0.0
5760000.0	0.0	0.0	0.0	nan	nan	nan	0.0	-0.0	0.0
5770000.0	0.0	0.0	0.0	nan	nan	nan	0.0	-0.0	0.0
5780000.0	0.0	0.0	0.0	nan	nan	nan	0.0	-0.0	0.0
5790000.0	0.0	0.0	0.0	nan	nan	nan	0.0	-0.0	0.0
5800000.0	0.0	0.0	0.0	nan	nan	nan	0.0	-0.0	0.0
5810000.0	0.0	0.0	0.0	nan	nan	nan	0.0	-0.0	0.0
5820000.0	0.0	0.0	0.0	nan	nan	nan	0.0	-0.0	0.0
5830000.0	0.0	0.0	0.0	nan	nan	nan	0.0	-0.0	0.0
5840000.0	0.0	0.0	0.0	nan	nan	nan	0.0	-0.0	0.0
5850000.0	0.0	0.0	0.0	nan	nan	nan	0.0	-0.0	0.0
5860000.0	0.0	0.0	0.0	nan	nan	nan	0.0	-0.0	0.0
5870000.0	0.0	0.0	0.0	nan	nan	nan	0.0	-0.0	0.0
5880000.0	0.0	0.0	0.0	nan	nan	nan	0.0	-0.0	0.0
5890000.0	0.0	0.0	0.0	nan	nan	nan	0.0	-0.0	0.0
5900000.0	0.0	0.0	0.0	nan	nan	nan	0.0	-0.0	0.0
5910000.0	0.0	0.0	0.0	nan	nan	nan	0.0	-0.0	0.0
5920000.0	0.0	0.0	0.0	nan	nan	nan	0.0	-0.0	0.0
5930000.0	0.0	0.0	0.0	nan	nan	nan	0.0	-0.0	0.0
5940000.0	0.0	0.0	0.0	nan	nan	nan	0.0	-0.0	0.0
5950000.0	0.0	0.0	0.0	nan	nan	nan	0.0	-0.0	0.0
5960000.0	0.0	0.0	0.0	nan	nan	nan	0.0	-0.0	0.0
5970000.0	0.0	0.0	0.0	nan	nan	nan	0.0	-0.0	0.0
5980000.0	0.0	0.0	0.0	nan	nan	nan	0.0	-0.0	0.0
5990000.0	0.0	0.0	0.0	nan	nan	nan	0.0	-0.0	0.0
6000000.0	0.0	0.0	0.0	nan	nan	nan	0.0	-0.0	0.0
6010000.0	0.0	0.0	0.0	nan	nan	nan	0.0	-0.0	0.0
6020000.0	0.0	0.0	0.0	nan	nan	nan	0.0	-0.0	0.0
6030000.0	0.0	0.0	0.0	nan	nan	nan	0.0	-0.0	0.0
6040000.0	0.0	0.0	0.0	nan	nan	nan	0.0	-0.0	0.0
6050000.0	0.0	0.0	0.0	nan	nan	nan	0.0	-0.0	0.0
6060000.0	0.0	0.0	0.0	nan	nan	nan	0.0	-0.0	0.0
6070000.0	0.0	0.0	0.0	nan	nan	nan	0.0	-0.0	0.0
6080000.0	0.0	0.0	0.0	nan	nan	nan	0.0	-0.0	0.0
6090000.0	0.0	0.0	0.0	nan	nan	nan	0.0	-0.0	0.0
6100000.0	0.0	0.0	0.0	nan	nan	nan	0.0	-0.0	0.0
6110000.0	0.0	0.0	0.0	nan	nan	nan	0.0	-0.0	0.0
6120000.0	0.0	0.0	0.0	nan	nan	nan	0.0	-0.0	0.0
6130000.0	0.0	0.0	0.0	nan	nan	nan	0.0	-0.0	0.0
6140000.0	0.0	0.0	0.0	nan	nan	nan	0.0	-0.0	0.0
6150000.0	0.0	0.0	0.0	nan	nan	nan	0.0	-0.0	0.0
6160000.0	0.0	0.0	0.0	nan	nan	nan	0.0	-0.0	0.0
6170000.0	0.0	0.0	0.0	nan	nan	nan	0.0	-0.0	0.0
6180000.0	0.0	0.0	0.0	nan	nan	nan	0.0	-0.0	0.0
6190000.0	0.0	0.0	0.0	nan	nan	nan	0.0	-0.0	0.0
6200000.0	0.0	0.0	0.0	nan	nan	nan	0.0	-0.0	0.0
6210000.0	0.0	0.0	0.0	nan	nan	nan	0.0	-0.0	0.0
6220000.0	0.0	0.0	0.0	nan	nan	nan	0.0	-0.0	0.0
6230000.0	0.0	0.0	0.0	nan	nan	nan	0.0	-0.0	0.0
6240000.0	0.0	0.0	0.0	nan	nan	nan	0.0	-0.0	0.0
6250000.0	0.0	0.0	0.0	nan	nan	nan	0.0	-0.0	0.0
6260000.0	0.0	0.0	0.0	nan	nan	nan	0.0	-0.0	0.0
6270000.0	0.0	0.0	0.0	nan	nan	nan	0.0	-0.0	0.0
6280000.0	0.0	0.0	0.0	nan	nan	nan	0.0	-0.0	0.0
6290000.0	0.0	0.0	0.0	nan	nan	nan	0.0	-0.0	0.0
6300000.0	0.0	0.0	0.0	nan	nan	nan	0.0	-0.0	0.0
6310000.0	0.0	0.0	0.0	nan	nan	nan	0.0	-0.0	0.0
6320000.0	0.0	0.0	0.0	nan	nan	nan	0.0	-0.0	0.0
6330000.0	0.0	0.0	0.0	nan	nan	nan	0.0	-0.0	0.0
6340000.0	0.0	0.0	0.0	nan	nan	nan	0.0	-0.0	0.0
6350000.0	0.0	0.0	0.0	nan	nan	nan	0.0	-0.0	0.0
6360000.0	0.0	0.0	0.0	nan	nan	nan	0.0	-0.0	0.0
6370000.0	0.0	0.0	0.0	nan	nan	nan	0.0	-0.0	0.0
6380000.0	0.0	0.0	0.0	nan	nan	nan	0.0	-0.0	0.0
6390000.0	0.0	0.0	0.0	nan	nan	nan	0.0	-0.0	0.0
6400000.0	0.0	0.0	0.0	nan	nan	nan	0.0	-0.0	0.0
6410000.0	0.0	0.0	0.0	nan	nan	nan	0.0	-0.0	0.0
6420000.0	0.0	0.0	0.0	nan	nan	nan	0.0	-0.0	0.0
6430000.0	0.0	0.0	0.0	nan	nan	nan	0.0	-0.0	0.0
6440000.0	0.0	0.0	0.0	nan	nan	nan	0.0	-0.0	0.0
6450000.0	0.0	0.0	0.0	nan	nan	nan	0.0	-0.0	0.0
6460000.0	0.0	0.0	0.0	nan	nan	nan	0.0	-0.0	0.0
6470000.0	0.0	0.0	0.0	nan	nan	nan	0.0	-0.0	0.0
6480000.0	0.0	0.0	0.0	nan	nan	nan	0.0	-0.0	0.0
6490000.0	0.0	0.0	0.0	nan	nan	nan	0.0	-0.0	0.0
6500000.0	0.0	0.0	0.0	nan	nan	nan	0.0	-0.0	0.0
6510000.0	0.0	0.0	0.0	nan	nan	nan	0.0	-0.0	0.0
6520000.0	0.0	0.0	0.0	nan	nan	nan	0.0	-0.0	0.0
6530000.0	0.0	0.0	0.0	nan	nan	nan	0.0	-0.0	0.0
6540000.0	0.0	0.0	0.0	nan	nan	nan	0.0	-0.0	0.0
6550000.0	0.0	0.0	0.0	nan	nan	nan	0.0	-0.0	0.0
6560000.0	0.0	0.0	0.0	nan	nan	nan	0.0	-0.0	0.0
6570000.0	0.0	0.0	0.0	nan	nan	nan	0.0	-0.0	0.0
6580000.0	0.0	0.0	0.0	nan	nan	nan	0.0	-0.0	0.0
6590000.0	0.0	0.0	0.0	nan	nan	nan	0.0	-0.0	0.0
6600000.0	0.0	0.0	0.0	nan	nan	nan	0.0	-0.0	0.0
6610000.0	0.0	0.0	0.0	nan	nan	nan	0.0	-0.0	0.0
6620000.0	0.0	0.0	0.0	nan	nan	nan	0.0	-0.0	0.0
6630000.0	0.0	0.0	0.0	nan	nan	nan	0.0	-0.0	0.0
6640000.0	0.0	0.0	0.0	nan	nan	nan	0.0	-0.0	0.0
6650000.0	0.0	0.0	0.0	nan	nan	nan	0.0	-0.0	0.0
6660000.0	0.0	0.0	0.0	nan	nan	nan	0.0	-0.0	0.0
6670000.0	0.0	0.0	0.0	nan	nan	nan	0.0	-0.0	0.0
6680000.0	0.0	0.0	0.0	nan	nan	nan	0.0	-0.0	0.0
6690000.0	0.0	0.0	0.0	nan	nan	nan	0.0	-0.0	0.0
6700000.0	0.0	0.0	0.0	nan	nan	nan	0.0	-0.0	0.0
6710000.0	0.0	0.0	0.0	nan	nan	nan	0.0	-0.0	0.0
6720000.0	0.0	0.0	0.0	nan	nan	nan	0.0	-0.0	0.0
6730000.0	0.0	0.0	0.0	nan	nan	nan	0.0	-0.0	0.0
6740000.0	0.0	0.0	0.0	nan	nan	nan	0.0	-0.0	0.0
6750000.0	0.0	0.0	0.0	nan	nan	nan	0.0	-0.0	0.0
6760000.0	0.0	0.0	0.0	nan	nan	nan	0.0	-0.0	0.0
6770000.0	0.0	0.0	0.0	nan	nan	nan	0.0	-0.0	0.0
6780000.0	0.0	0.0	0.0	nan	nan	nan	0.0	-0.0	0.0
6790000.0	0.0	0.0	0.0	nan	nan	nan	0.0	-0.0	0.0
6800000.0	0.0	0.0	0.0	nan	nan	nan	0.0	-0.0	0.0
6810000.0	0.0	0.0	0.0	nan	nan	nan	0.0	-0.0	0.0
6820000.0	0.0	0.0	0.0	nan	nan	nan	0.0	-0.0	0.0
6830000.0	0.0	0.0	0.0	nan	nan	nan	0.0	-0.0	0.0
6840000.0	0.0	0.0	0.0	nan	nan	nan	0.0	-0.0	0.0
6850000.0	0.0	0.0	0.0	nan	nan	nan	0.0	-0.0	0.0
6860000.0	0.0	0.0	0.0	nan	nan	nan	0.0	-0.0	0.0
6870000.0	0.0	0.0	0.0	nan	nan	nan	0.0	-0.0	0.0
6880000.0	0.0	0.0	0.0	nan	nan	nan	0.0	-0.0	0.0
6890000.0	0.0	0.0	0.0	nan	nan	nan	0.0	-0.0	0.0
6900000.0	0.0	0.0	0.0	nan	nan	nan	0.0	-0.0	0.0
6910000.0	0.0	0.0	0.0	nan	nan	nan	0.0	-0.0	0.0
6920000.0	0.0	0.0	0.0	nan	nan	nan	0.0	-0.0	0.0
6930000.0	0.0	0.0	0.0	nan	nan	nan	0.0	-0.0	0.0
6940000.0	0.0	0.0	0.0	nan	nan	nan	0.0	-0.0	0.0
6950000.0	0.0	0.0	0.0	nan	nan	nan	0.0	-0.0	0.0
6960000.0	0.0	0.0	0.0	nan	nan	nan	0.0	-0.0	0.0
6970000.0	0.0	0.0	0.0	nan	nan	nan	0.0	-0.0	0.0
6980000.0	0.0	0.0	0.0	nan	nan	nan	0.0	-0.0	0.0
6990000.0	0.0	0.0	0.0	nan	nan	nan	0.0	-0.0	0.0
7000000.0	0.0	0.0	0.0	nan	nan	nan	0.0	-0.0	0.0
7010000.0	0.0	0.0	0.0	nan	nan	nan	0.0	-0.0	0.0
7020000.0	0.0	0.0	0.0	nan	nan	nan	0.0	-0.0	0.0
7030000.0	0.0	0.0	0.0	nan	nan	nan	0.0	-0.0	0.0
7040000.0	0.0	0.0	0.0	nan	nan	nan	0.0	-0.0	0.0
7050000.0	0.0	0.0	0.0	nan	nan	nan	0.0	-0.0	0.0
7060000.0	0.0	0.0	0.0	nan	nan	nan	0.0	-0.0	0.0
7070000.0	0.0	0.0	0.0	nan	nan	nan	0.0	-0.0	0.0
7080000.0	0.0	0.0	0.0	nan	nan	nan	0.0	-0.0	0.0
7090000.0	0.0	0.0	0.0	nan	nan	nan	0.0	-0.0	0.0
7100000.0	0.0	0.0	0.0	nan	nan	nan	0.0	-0.0	0.0
7110000.0	0.0	0.0	0.0	nan	nan	nan	0.0	-0.0	0.0
7120000.0	0.0	0.0	0.0	nan	nan	nan	0.0	-0.0	0.0
7130000.0	0.0	0.0	0.0	nan	nan	nan	0.0	-0.0	0.0
7140000.0	0.0	0.0	0.0	nan	nan	nan	0.0	-0.0	0.0
7150000.0	0.0	0.0	0.0	nan	nan	nan	0.0	-0.0	0.0
7160000.0	0.0	0.0	0.0	nan	nan	nan	0.0	-0.0	0.0
7170000.0	0.0	0.0	0.0	nan	nan	nan	0.0	-0.0	0.0
7180000.0	0.0	0.0	0.0	nan	nan	nan	0.0	-0.0	0.0
7190000.0	0.0	0.0	0.0	nan	nan	nan	0.0	-0.0	0.0
7200000.0	0.0	0.0	0.0	nan	nan	nan	0.0	-0.0	0.0
7210000.0	0.0	0.0	0.0	nan	nan	nan	0.0	-0.0	0.0
7220000.0	0.0	0.0	0.0	nan	nan	nan	0.0	-0.0	0.0
7230000.0	0.0	0.0	0.0	nan	nan	nan	0.0	-0.0	0.0
7240000.0	0.0	0.0	0.0	nan	nan	nan	0.0	-0.0	0.0
7250000.0	0.0	0.0	0.0	nan	nan	nan	0.0	-0.0	0.0
7260000.0	0.0	0.0	0.0	nan	nan	nan	0.0	-0.0	0.0
7270000.0	0.0	0.0	0.0	nan	nan	nan	0.0	-0.0	0.0
7280000.0	0.0	0.0	0.0	nan	nan	nan	0.0	-0.0	0.0
7290000.0	0.0	0.0	0.0	nan	nan	nan	0.0	-0.0	0.0
7300000.0	0.0	0.0	0.0	nan	nan	nan	0.0	-0.0	0.0
7310000.0	0.0	0.0	0.0	nan	nan	nan	0.0	-0.0	0.0
7320000.0	0.0	0.0	0.0	nan	nan	nan	0.0	-0.0	0.0
7330000.0	0.0	0.0	0.0	nan	nan	nan	0.0	-0.0	0.0
7340000.0	0.0	0.0	0.0	nan	nan	nan	0.0	-0.0	0.0
7350000.0	0.0	0.0	0.0	nan	nan	nan	0.0	-0.0	0.0
7360000.0	0.0	0.0	0.0	nan	nan	nan	0.0	-0.0	0.0
7370000.0	0.0	0.0	0.0	nan	nan	nan	0.0	-0.0	0.0
7380000.0	0.0	0.0	0.0	nan	nan	nan	0.0	-0.0	0.0
7390000.0	0.0	0.0	0.0	nan	nan	nan	0.0	-0.0	0.0
7400000.0	0.0	0.0	0.0	nan	nan	nan	0.0	-0.0	0.0
7410000.0	0.0	0.0	0.0	nan	nan	nan	0.0	-0.0	0.0
7420000.0	0.0	0.0	0.0	nan	nan	nan	0.0	-0.0	0.0
7430000.0	0.0	0.0	0.0	nan	nan	nan	0.0	-0.0	0.0
7440000.0	0.0	0.0	0.0	nan	nan	nan	0.0	-0.0	0.0
7450000.0	0.0	0.0	0.0	nan	nan	nan	0.0	-0.0	0.0
7460000.0	0.0	0.0	0.0	nan	nan	nan	0.0	-0.0	0.0
7470000.0	0.0	0.0	0.0	nan	nan	nan	0.0	-0.0	0.0
7480000.0	0.0	0.0	0.0	nan	nan	nan	0.0	-0.0	0.0
7490000.0	0.0	0.0	0.0	nan	nan	nan	0.0	-0.0	0.0
7500000.0	0.0	0.0	0.0	nan	nan	nan	0.0	-0.0	0.0
7510000.0	0.0	0.0	0.0	nan	nan	nan	0.0	-0.0	0.0
7520000.0	0.0	0.0	0.0	nan	nan	nan	0.0	-0.0	0.0
7530000.0	0.0	0.0	0.0	nan	nan	nan	0.0	-0.0	0.0
7540000.0	0.0	0.0	0.0	nan	nan	nan	0.0	-0.0	0.0
7550000.0	0.0	0.0	0.0	nan	nan	nan	0.0	-0.0	0.0
7560000.0	0.0	0.0	0.0	nan	nan	nan	0.0	-0.0	0.0
7570000.0	0.0	0.0	0.0	nan	nan	nan	0.0	-0.0	0.0
7580000.0	0.0	0.0	0.0	nan	nan	nan	0.0	-0.0	0.0
7590000.0	0.0	0.0	0.0	nan	nan	nan	0.0	-0.0	0.0
7600000.0	0.0	0.0	0.0	nan	nan	nan	0.0	-0.0	0.0
7610000.0	0.0	0.0	0.0	nan	nan	nan	0.0	-0.0	0.0
7620000.0	0.0	0.0	0.0	nan	nan	nan	0.0	-0.0	0.0
7630000.0	0.0	0.0	0.0	nan	nan	nan	0.0	-0.0	0.0
7640000.0	0.0	0.0	0.0	nan	nan	nan	0.0	-0.0	0.0
7650000.0	0.0	0.0	0.0	nan	nan	nan	0.0	-0.0	0.0
7660000.0	0.0	0.0	0.0	nan	nan	nan	0.0	-0.0	0.0
7670000.0	0.0	0.0	0.0	nan	nan	nan	0.0	-0.0	0.0
7680000.0	0.0	0.0	0.0	nan	nan	nan	0.0	-0.0	0.0
7690000.0	0.0	0.0	0.0	nan	nan	nan	0.0	-0.0	0.0
7700000.0	0.0	0.0	0.0	nan	nan	nan	0.0	-0.0	0.0
7710000.0	0.0	0.0	0.0	nan	nan	nan	0.0	-0.0	0.0
7720000.0	0.0	0.0	0.0	nan	nan	nan	0.0	-0.0	0.0
7730000.0	0.0	0.0	0.0	nan	nan	nan	0.0	-0.0	0.0
7740000.0	0.0	0.0	0.0	nan	nan	nan	0.0	-0.0	0.0
7750000.0	0.0	0.0	0.0	nan	nan	nan	0.0	-0.0	0.0
7760000.0	0.0	0.0	0.0	nan	nan	nan	0.0	-0.0	0.0
7770000.0	0.0	0.0	0.0	nan	nan	nan	0.0	-0.0	0.0
7780000.0	0.0	0.0	0.0	nan	nan	nan	0.0	-0.0	0.0
7790000.0	0.0	0.0	0.0	nan	nan	nan	0.0	-0.0	0.0
7800000.0	0.0	0.0	0.0	nan	nan	nan	0.0	-0.0	0.0
7810000.0	0.0	0.0	0.0	nan	nan	nan	0.0	-0.0	0.0
7820000.0	0.0	0.0	0.0	nan	nan	nan	0.0	-0.0	0.0
7830000.0	0.0	0.0	0.0	nan	nan	nan	0.0	-0.0	0.0
7840000.0	0.0	0.0	0.0	nan	nan	nan	0.0	-0.0	0.0
7850000.0	0.0	0.0	0.0	nan	nan	nan	0.0	-0.0	0.0
7860000.0	0.0	0.0	0.0	nan	nan	nan	0.0	-0.0	0.0
7870000.0	0.0	0.0	0.0	nan	nan	nan	0.0	-0.0	0.0
7880000.0	0.0	0.0	0.0	nan	nan	nan	0.0	-0.0	0.0
7890000.0	0.0	0.0	0.0	nan	nan	nan	0.0	-0.0	0.0
7900000.0	0.0	0.0	0.0	nan	nan	nan	0.0	-0.0	0.0
7910000.0	0.0	0.0	0.0	nan	nan	nan	0.0	-0.0	0.0
7920000.0	0.0	0.0	0.0	nan	nan	nan	0.0	-0.0	0.0
7930000.0	0.0	0.0	0.0	nan	nan	nan	0.0	-0.0	0.0
7940000.0	0.0	0.0	0.0	nan	nan	nan	0.0	-0.0	0.0
7950000.0	0.0	0.0	0.0	nan	nan	nan	0.0	-0.0	0.0
7960000.0	0.0	0.0	0.0	nan	nan	nan	0.0	-0.0	0.0
7970000.0	0.0	0.0	0.0	nan	nan	nan	0.0	-0.0	0.0
7980000.0	0.0	0.0	0.0	nan	nan	nan	0.0	-0.0	0.0
7990000.0	0.0	0.0	0.0	nan	nan	nan	0.0	-0.0	0.0
8000000.0	0.0	0.0	0.0	nan	nan	nan	0.0	-0.0	0.0
8010000.0	0.0	0.0	0.0	nan	nan	nan	0.0	-0.0	0.0
8020000.0	0.0	0.0	0.0	nan	nan	nan	0.0	-0.0	0.0
8030000.0	0.0	0.0	0.0	nan	nan	nan	0.0	-0.0	0.0
8040000.0	0.0	0.0	0.0	nan	nan	nan	0.0	-0.0	0.0
8050000.0	0.0	0.0	0.0	nan	nan	nan	0.0	-0.0	0.0
8060000.0	0.0	0.0	0.0	nan	nan	nan	0.0	-0.0	0.0
8070000.0	0.0	0.0	0.0	nan	nan	nan	0.0	-0.0	0.0
8080000.0	0.0	0.0	0.0	nan	nan	nan	0.0	-0.0	0.0
8090000.0	0.0	0.0	0.0	nan	nan	nan	0.0	-0.0	0.0
8100000.0	0.0	0.0	0.0	nan	nan	nan	0.0	-0.0	0.0
8110000.0	0.0	0.0	0.0	nan	nan	nan	0.0	-0.0	0.0
8120000.0	0.0	0.0	0.0	nan	nan	nan	0.0	-0.0	0.0
8130000.0	0.0	0.0	0.0	nan	nan	nan	0.0	-0.0	0.0
8140000.0	0.0	0.0	0.0	nan	nan	nan	0.0	-0.0	0.0
8150000.0	0.0	0.0	0.0	nan	nan	nan	0.0	-0.0	0.0
8160000.0	0.0	0.0	0.0	nan	nan	nan	0.0	-0.0	0.0
8170000.0	0.0	0.0	0.0	nan	nan	nan	0.0	-0.0	0.0
8180000.0	0.0	0.0	0.0	nan	nan	nan	0.0	-0.0	0.0
8190000.0	0.0	0.0	0.0	nan	nan	nan	0.0	-0.0	0.0
8200000.0	0.0	0.0	0.0	nan	nan	nan	0.0	-0.0	0.0
8210000.0	0.0	0.0	0.0	nan	nan	nan	0.0	-0.0	0.0
8220000.0	0.0	0.0	0.0	nan	nan	nan	0.0	-0.0	0.0
8230000.0	0.0	0.0	0.0	nan	nan	nan	0.0	-0.0	0.0
8240000.0	0.0	0.0	0.0	nan	nan	nan	0.0	-0.0	0.0
8250000.0	0.0	0.0	0.0	nan	nan	nan	0.0	-0.0	0.0
8260000.0	0.0	0.0	0.0	nan	nan	nan	0.0	-0.0	0.0
8270000.0	0.0	0.0	0.0	nan	nan	nan	0.0	-0.0	0.0
8280000.0	0.0	0.0	0.0	nan	nan	nan	0.0	-0.0	0.0
8290000.0	0.0	0.0	0.0	nan	nan	nan	0.0	-0.0	0.0
8300000.0	0.0	0.0	0.0	nan	nan	nan	0.0	-0.0	0.0
8310000.0	0.0	0.0	0.0	nan	nan	nan	0.0	-0.0	0.0
8320000.0	0.0	0.0	0.0	nan	nan	nan	0.0	-0.0	0.0
8330000.0	0.0	0.0	0.0	nan	nan	nan	0.0	-0.0	0.0
8340000.0	0.0	0.0	0.0	nan	nan	nan	0.0	-0.0	0.0
8350000.0	0.0	0.0	0.0	nan	nan	nan	0.0	-0.0	0.0
8360000.0	0.0	0.0	0.0	nan	nan	nan	0.0	-0.0	0.0
8370000.0	0.0	0.0	0.0	nan	nan	nan	0.0	-0.0	0.0
8380000.0	0.0	0.0	0.0	nan	nan	nan	0.0	-0.0	0.0
8390000.0	0.0	0.0	0.0	nan	nan	nan	0.0	-0.0	0.0
8400000.0	0.0	0.0	0.0	nan	nan	nan	0.0	-0.0	0.0
8410000.0	0.0	0.0	0.0	nan	nan	nan	0.0	-0.0	0.0
8420000.0	0.0	0.0	0.0	nan	nan	nan	0.0	-0.0	0.0
8430000.0	0.0	0.0	0.0	nan	nan	nan	0.0	-0.0	0.0
8440000.0	0.0	0.0	0.0	nan	nan	nan	0.0	-0.0	0.0
8450000.0	0.0	0.0	0.0	nan	nan	nan	0.0	-0.0	0.0
8460000.0	0.0	0.0	0.0	nan	nan	nan	0.0	-0.0	0.0
8470000.0	0.0	0.0	0.0	nan	nan	nan	0.0	-0.0	0.0
8480000.0	0.0	0.0	0.0	nan	nan	nan	0.0	-0.0	0.0
8490000.0	0.0	0.0	0.0	nan	nan	nan	0.0	-0.0	0.0
8500000.0	0.0	0.0	0.0	nan	nan	nan	0.0	-0.0	0.0
8510000.0	0.0	0.0	0.0	nan	nan	nan	0.0	-0.0	0.0
8520000.0	0.0	0.0	0.0	nan	nan	nan	0.0	-0.0	0.0
8530000.0	0.0	0.0	0.0	nan	nan	nan	0.0	-0.0	0.0
8540000.0	0.0	0.0	0.0	nan	nan	nan	0.0	-0.0	0.0
8550000.0	0.0	0.0	0.0	nan	nan	nan	0.0	-0.0	0.0
8560000.0	0.0	0.0	0.0	nan	nan	nan	0.0	-0.0	0.0
8570000.0	0.0	0.0	0.0	nan	nan	nan	0.0	-0.0	0.0
8580000.0	0.0	0.0	0.0	nan	nan	nan	0.0	-0.0	0.0
8590000.0	0.0	0.0	0.0	nan	nan	nan	0.0	-0.0	0.0
8600000.0	0.0	0.0	0.0	nan	nan	nan	0.0	-0.0	0.0
8610000.0	0.0	0.0	0.0	nan	nan	nan	0.0	-0.0	0.0
8620000.0	0.0	0.0	0.0	nan	nan	nan	0.0	-0.0	0.0
8630000.0	0.0	0.0	0.0	nan	nan	nan	0.0	-0.0	0.0
8640000.0	0.0	0.0	0.0	nan	nan	nan	0.0	-0.0	0.0
8650000.0	0.0	0.0	0.0	nan	nan	nan	0.0	-0.0	0.0
8660000.0	0.0	0.0	0.0	nan	nan	nan	0.0	-0.0	0.0
8670000.0	0.0	0.0	0.0	nan	nan	nan	0.0	-0.0	0.0
8680000.0	0.0	0.0	0.0	nan	nan	nan	0.0	-0.0	0.0
8690000.0	0.0	0.0	0.0	nan	nan	nan	0.0	-0.0	0.0
8700000.0	0.0	0.0	0.0	nan	nan	nan	0.0	-0.0	0.0
8710000.0	0.0	0.0	0.0	nan	nan	nan	0.0	-0.0	0.0
8720000.0	0.0	0.0	0.0	nan	nan	nan	0.0	-0.0	0.0
8730000.0	0.0	0.0	0.0	nan	nan	nan	0.0	-0.0	0.0
8740000.0	0.0	0.0	0.0	nan	nan	nan	0.0	-0.0	0.0
8750000.0	0.0	0.0	0.0	nan	nan	nan	0.0	-0.0	0.0
8760000.0	0.0	0.0	0.0	nan	nan	nan	0.0	-0.0	0.0
8770000.0	0.0	0.0	0.0	nan	nan	nan	0.0	-0.0	0.0
8780000.0	0.0	0.0	0.0	nan	nan	nan	0.0	-0.0	0.0
8790000.0	0.0	0.0	0.0	nan	nan	nan	0.0	-0.0	0.0
8800000.0	0.0	0.0	0.0	nan	nan	nan	0.0	-0.0	0.0
8810000.0	0.0	0.0	0.0	nan	nan	nan	0.0	-0.0	0.0
8820000.0	0.0	0.0	0.0	nan	nan	nan	0.0	-0.0	0.0
8830000.0	0.0	0.0	0.0	nan	nan	nan	0.0	-0.0	0.0
8840000.0	0.0	0.0	0.0	nan	nan	nan	0.0	-0.0	0.0
8850000.0	0.0	0.0	0.0	nan	nan	nan	0.0	-0.0	0.0
8860000.0	0.0	0.0	0.0	nan	nan	nan	0.0	-0.0	0.0
8870000.0	0.0	0.0	0.0	nan	nan	nan	0.0	-0.0	0.0
8880000.0	0.0	0.0	0.0	nan	nan	nan	0.0	-0.0	0.0
8890000.0	0.0	0.0	0.0	nan	nan	nan	0.0	-0.0	0.0
8900000.0	0.0	0.0	0.0	nan	nan	nan	0.0	-0.0	0.0
8910000.0	0.0	0.0	0.0	nan	nan	nan	0.0	-0.0	0.0
8920000.0	0.0	0.0	0.0	nan	nan	nan	0.0	-0.0	0.0
8930000.0	0.0	0.0	0.0	nan	nan	nan	0.0	-0.0	0.0
8940000.0	0.0	0.0	0.0	nan	nan	nan	0.0	-0.0	0.0
8950000.0	0.0	0.0	0.0	nan	nan	nan	0.0	-0.0	0.0
8960000.0	0.0	0.0	0.0	nan	nan	nan	0.0	-0.0	0.0
8970000.0	0.0	0.0	0.0	nan	nan	nan	0.0	-0.0	0.0
8980000.0	0.0	0.0	0.0	nan	nan	nan	0.0	-0.0	0.0
8990000.0	0.0	0.0	0.0	nan	nan	nan	0.0	-0.0	0.0
9000000.0	0.0	0.0	0.0	nan	nan	nan	0.0	-0.0	0.0
9010000.0	0.0	0.0	0.0	nan	nan	nan	0.0	-0.0	0.0
9020000.0	0.0	0.0	0.0	nan	nan	nan	0.0	-0.0	0.0
9030000.0	0.0	0.0	0.0	nan	nan	nan	0.0	-0.0	0.0
9040000.0	0.0	0.0	0.0	nan	nan	nan	0.0	-0.0	0.0
9050000.0	0.0	0.0	0.0	nan	nan	nan	0.0	-0.0	0.0
9060000.0	0.0	0.0	0.0	nan	nan	nan	0.0	-0.0	0.0
9070000.0	0.0	0.0	0.0	nan	nan	nan	0.0	-0.0	0.0
9080000.0	0.0	0.0	0.0	nan	nan	nan	0.0	-0.0	0.0
9090000.0	0.0	0.0	0.0	nan	nan	nan	0.0	-0.0	0.0
9100000.0	0.0	0.0	0.0	nan	nan	nan	0.0	-0.0	0.0
9110000.0	0.0	0.0	0.0	nan	nan	nan	0.0	-0.0	0.0
9120000.0	0.0	0.0	0.0	nan	nan	nan	0.0	-0.0	0.0
9130000.0	0.0	0.0	0.0	nan	nan	nan	0.0	-0.0	0.0
9140000.0	0.0	0.0	0.0	nan	nan	nan	0.0	-0.0	0.0
9150000.0	0.0	0.0	0.0	nan	nan	nan	0.0	-0.0	0.0
9160000.0	0.0	0.0	0.0	nan	nan	nan	0.0	-0.0	0.0
9170000.0	0.0	0.0	0.0	nan	nan	nan	0.0	-0.0	0.0
9180000.0	0.0	0.0	0.0	nan	nan	nan	0.0	-0.0	0.0
9190000.0	0.0	0.0	0.0	nan	nan	nan	0.0	-0.0	0.0
9200000.0	0.0	0.0	0.0	nan	nan	nan	0.0	-0.0	0.0
9210000.0	0.0	0.0	0.0	nan	nan	nan	0.0	-0.0	0.0
9220000.0	0.0	0.0	0.0	nan	nan	nan	0.0	-0.0	0.0
9230000.0	0.0	0.0	0.0	nan	nan	nan	0.0	-0.0	0.0
9240000.0	0.0	0.0	0.0	nan	nan	nan	0.0	-0.0	0.0
9250000.0	0.0	0.0	0.0	nan	nan	nan	0.0	-0.0	0.0
9260000.0	0.0	0.0	0.0	nan	nan	nan	0.0	-0.0	0.0
9270000.0	0.0	0.0	0.0	nan	nan	nan	0.0	-0.0	0.0
9280000.0	0.0	0.0	0.0	nan	nan	nan	0.0	-0.0	0.0
9290000.0	0.0	0.0	0.0	nan	nan	nan	0.0	-0.0	0.0
9300000.0	0.0	0.0	0.0	nan	nan	nan	0.0	-0.0	0.0
9310000.0	0.0	0.0	0.0	nan	nan	nan	0.0	-0.0	0.0
9320000.0	0.0	0.0	0.0	nan	nan	nan	0.0	-0.0	0.0
9330000.0	0.0	0.0	0.0	nan	nan	nan	0.0	-0.0	0.0
9340000.0	0.0	0.0	0.0	nan	nan	nan	0.0	-0.0	0.0
9350000.0	0.0	0.0	0.0	nan	nan	nan	0.0	-0.0	0.0
9360000.0	0.0	0.0	0.0	nan	nan	nan	0.0	-0.0	0.0
