10000.0	-1.4499964458674914	-0.7860166222732166	-0.324831905384785	-0.00035328978250778606	-0.0020675619276665923	0.09536998106981356	2.2480852288618027e-07	-0.06422212875283885	1.179802435079492e-05
20000.0	-1.4499951443063037	-0.7860341396340899	-0.3233716855855628	0.0007445991827465674	-0.001451079209304842	0.18626347631944082	1.0553800862830581e-06	-0.16049409011119106	2.4535594197331256e-05
30000.0	-1.4499999241481538	-0.7860454787503482	-0.32092169576235263	-0.001390890522044854	-0.0009309471210616056	0.2927701596666957	3.815158008257792e-06	-0.2885618287291643	3.358331144160343e-05
40000.0	-1.4500037173548475	-0.7860513965082353	-0.31751624432242515	-0.0019835449515337705	-0.0003292892960948295	0.391332971489626	1.03255698094436e-05	-0.3745243297054527	3.9868439895259655e-05
50000.0	-1.4500118404443085	-0.7860526021441373	-0.31313016042502506	0.000544500183408079	8.523330083945579e-05	0.47521518036533794	2.2474512705176412e-05	-0.4833779461773862	4.4230087185709114e-05
60000.0	-1.4494253670034432	-0.7860529040871513	-0.3126449882398927	0.06836963207057607	-0.00010307654939466431	3.369644124423482e-06	2.4084626503162674e-05	-0.484200599367143	4.901692425013593e-05
70000.0	-1.4485272293520919	-0.786053357316542	-0.312644952792228	0.10653700204491791	-3.279588443366813e-05	3.972016612479417e-06	2.4085452011173713e-05	-0.5033062785285234	5.101225097412307e-05
80000.0	-1.4472659280996383	-0.7860541272916365	-0.3126449181488227	0.14322353240425528	-3.660296922664868e-05	3.145601304170981e-06	2.4087237393510738e-05	-0.521143954094543	4.9104975877280877e-05
90000.0	-1.4456492188687715	-0.7860554033506639	-0.3126448832483344	0.17642693499570042	-0.00022832493579242553	3.382119010827046e-06	2.4089238120602916e-05	-0.5390372082911932	4.1659862995274284e-05
100000.0	-1.443677069727423	-0.7860569527686371	-0.31264484773186224	0.21330415115661935	-0.00015118221078993423	3.982316678152361e-06	2.4094553881195764e-05	-0.5612152879569448	2.6889086171476455e-05
110000.0	-1.4413543577908712	-0.7860588765299202	-0.31264481303335495	0.24882705599883695	-0.0001464951079116992	3.1477060925462325e-06	2.4099002909498954e-05	-0.5820821111403289	3.4241214641894896e-06
120000.0	-1.4386882568901103	-0.7860614900915212	-0.3126447780789759	0.28084812973094414	-0.00039978595122042404	3.390507357662741e-06	2.4102436670096885e-05	-0.6030154971060093	-2.9771840506794664e-05
130000.0	-1.4356782761719702	-0.786065114897186	-0.3126447425199768	0.3165953483206866	-0.00038463434605220687	3.981327779455233e-06	2.4113806557085457e-05	-0.6280670976029499	-7.372256169500275e-05
140000.0	-1.4323289577895741	-0.7860695721352662	-0.312644707777558	0.35101391852398034	-0.0004188003098656138	3.149546534509183e-06	2.4120367033048956e-05	-0.6517600789213206	-0.00012943777223794567
150000.0	-1.428647668362079	-0.7860754605575925	-0.31264467277848607	0.3818452347299509	-0.000745228875575341	3.401891852729543e-06	2.4125079573238207e-05	-0.6758783564926079	-0.0001975639239360143
160000.0	-1.424632707078629	-0.7860824419266026	-0.31264463717096275	0.4166161362307668	-0.0007226718659772339	3.988574258587239e-06	2.414351056932323e-05	-0.7040257062422511	-0.0002789124040605548
170000.0	-1.420287749734683	-0.786090391068048	-0.3126446023864398	0.4502247557779815	-0.0007864434799810905	3.1540386436217903e-06	2.4151457079258184e-05	-0.7307220668980663	-0.0003740080036139478
180000.0	-1.4156192517320667	-0.7860995148301623	-0.3126445673240563	0.4801688548594991	-0.0010441488444455959	3.410008358710223e-06	2.4156245482566926e-05	-0.7576553618105578	-0.0004831116853932599
190000.0	-1.4106252644353394	-0.7861095977516563	-0.3126445316660935	0.5141482928385716	-0.0010235173800923186	3.9921090391993e-06	2.4181524314556975e-05	-0.7885245449481648	-0.0006067591228501069
200000.0	-1.4053093131249426	-0.78612090756214	-0.31264449682746936	0.5469982145655446	-0.0011525623057516577	3.1595027179403916e-06	2.4190755817836053e-05	-0.8179619360704118	-0.0007450830690517961
210000.0	-1.3996770093733255	-0.7861337319624253	-0.31264446172306765	0.5762648865681593	-0.0014228403806021402	3.4106999666950247e-06	2.4195485239039387e-05	-0.8476444648310656	-0.000898148509479315
220000.0	-1.3937264397694942	-0.7861479832998882	-0.3126444260223793	0.6094766251046738	-0.0014463940155963798	3.994779025658247e-06	2.422681966911161e-05	-0.8810912643115808	-0.0010662575604566801
230000.0	-1.387460771256294	-0.7861640073962145	-0.31264439113631026	0.6416524195384563	-0.001674884657238536	3.166767705000851e-06	2.4236483311237226e-05	-0.9131796832525179	-0.0012493650337446133
240000.0	-1.3808852939614749	-0.7861820674396606	-0.3126443559897875	0.670273670689694	-0.001961759859999749	3.413631365536945e-06	2.42409608048211e-05	-0.9455533662482658	-0.001447453593817988
250000.0	-1.3739981226447446	-0.7862021358031391	-0.3126443202512726	0.7028921918410754	-0.0020438394066523823	3.993555374845757e-06	2.4278628708102147e-05	-0.9816319715825341	-0.0016607047964214796
260000.0	-1.3668019918487981	-0.7862246697165981	-0.31264428531866734	0.7344396799674752	-0.0023883001440288994	3.1750216880516123e-06	2.428797856383356e-05	-1.016296278233384	-0.0018889348824297082
270000.0	-1.359302381668425	-0.7862498516910105	-0.3126442501294095	0.7624031906834842	-0.002693077809747316	3.4166534046624143e-06	2.429218902670503e-05	-1.0512748912078664	-0.0021321336015719867
280000.0	-1.3514969115384607	-0.7862777344968945	-0.31264421434553863	0.7944480492891676	-0.0028471532439903035	4.001664127963699e-06	2.4336225151950407e-05	-1.0899661113832657	-0.002390406630138003
290000.0	-1.343388260857722	-0.7863088490556615	-0.31264417937521477	0.8254120458674965	-0.003303695747774383	3.1814448211853465e-06	2.4344702589362384e-05	-1.1271449730245409	-0.0026634918430956623
300000.0	-1.3349819746875196	-0.7863433218311154	-0.31264414414686614	0.8528043562907667	-0.0036452751988968963	3.4212391198802994e-06	2.4348518809103566e-05	-1.1647133915315881	-0.0029514053040982607
310000.0	-1.3262753727688312	-0.7863812812008723	-0.31264410832335165	0.8842980480958389	-0.003878265217798911	4.005399260048352e-06	2.439830181300914e-05	-1.2059411853578121	-0.0032542046330478777
320000.0	-1.3172713254729278	-0.7864233081144312	-0.312644073308771	0.9147193121272174	-0.004442729435514132	3.185039170848869e-06	2.440738229965962e-05	-1.2456788692418035	-0.0035715850068774183
330000.0	-1.3079748586393622	-0.786469508635876	-0.3126440380454169	0.9416209569464509	-0.004848942130283779	3.4213715171525374e-06	2.4410806727091096e-05	-1.285807623071909	-0.003903590581525692
340000.0	-1.298383535277734	-0.786520062156667	-0.3126440021842928	0.9725127068968121	-0.005164498800899129	4.008694781254597e-06	2.4464914705836297e-05	-1.329441645854223	-0.004250249580324809
350000.0	-1.2885000596989884	-0.7865755892467566	-0.3126439671295845	1.0024123928171773	-0.005853222591265718	3.1905519896198043e-06	2.4473705533911297e-05	-1.371677574106874	-0.004611245586270235
360000.0	-1.2783293303491048	-0.7866361665411881	-0.3126439318305608	1.0288016365063835	-0.006321364257704654	3.4229212910597854e-06	2.4477235652148676e-05	-1.414368268738098	-0.004986662146012041
370000.0	-1.267869202887399	-0.786701992655491	-0.31264389593728587	1.0592085647096063	-0.0067308995902755995	4.007973257878965e-06	2.453741298635861e-05	-1.4606068500720093	-0.005376544850291306
380000.0	-1.257122156317953	-0.7867737721381757	-0.3126438608397882	1.0884922515645807	-0.007525138665060802	3.201570335929284e-06	2.4546814009944836e-05	-1.5055193204785668	-0.005780548265353195
390000.0	-1.2460929489400407	-0.7868515978063458	-0.3126438255105381	1.114426902221518	-0.008091526538891676	3.4219691087486172e-06	2.4550301647128974e-05	-1.5509250032759032	-0.0061987658762560575
400000.0	-1.2347792596040417	-0.7869357210863602	-0.3126437895782603	1.144342561069604	-0.008607340019556778	4.016417558939452e-06	2.46160554458797e-05	-1.5998634422241858	-0.006631228180676249
410000.0	-1.2231836902409015	-0.7870268578979455	-0.3126437544476828	1.1730550035665415	-0.009509300082430519	3.209739155385444e-06	2.462500066224847e-05	-1.6474375490475213	-0.007077587552999172
420000.0	-1.2113112745952912	-0.7871250971010185	-0.31264371909031635	1.198533507601785	-0.010182072898561491	3.420518249417795e-06	2.4628070313067945e-05	-1.695498766525392	-0.007537947511445728
430000.0	-1.199159219953593	-0.7872307445396883	-0.3126436831251145	1.2279646910814344	-0.010806333609430452	4.020197007435773e-06	2.4698225066038096e-05	-1.7470548712906009	-0.00801232942183216
440000.0	-1.1867303713248383	-0.7873445251556778	-0.31264364795727273	1.2561781571101713	-0.011830969845608892	3.2130278917204977e-06	2.4708536232558633e-05	-1.7973124386362989	-0.008500387011674888
450000.0	-1.1740293020382453	-0.787466550727576	-0.31264361257393014	1.2811836233000955	-0.01261240165511904	3.4190936438919387e-06	2.4710126821859582e-05	-1.847959055806997	-0.009002222692141331
460000.0	-1.161053662513674	-0.7875971285692086	-0.31264357657699643	1.3101177117972012	-0.013349123411757716	4.023896872541408e-06	2.478448024870561e-05	-1.9020696992149504	-0.009517872053447516
470000.0	-1.1478061851175128	-0.7877370212010153	-0.3126435413745942	1.3377881722062663	-0.014497823768865903	3.2198753389839414e-06	2.4795225860755485e-05	-1.9549185034347594	-0.010046977396544489
480000.0	-1.1342912578575433	-0.7878863574721586	-0.3126435059655237	1.3623724070989915	-0.015399189712745991	3.4176204379045838e-06	2.479626480372364e-05	-2.008134842573244	-0.010589642276400229
490000.0	-1.120506525895337	-0.7880454630831841	-0.3126434699378211	1.3908292157103297	-0.016254327223804942	4.027848287552166e-06	2.4874581903176614e-05	-2.064760372943055	-0.011145908357229154
500000.0	-1.1064543335285089	-0.7882151626572957	-0.31264343470251543	1.4180161788067858	-0.017536035306322924	3.2259243531683872e-06	2.4885762368381155e-05	-2.1201829610551415	-0.011715398114514287
510000.0	-1.0921391395013829	-0.7883955748575308	-0.31264339926882345	1.4422746040459284	-0.018571230716663466	3.41514605845471e-06	2.488729209753822e-05	-2.17598109926393	-0.012298227339746571
520000.0	-1.0775582655700366	-0.7885870539350209	-0.3126433632142424	1.4702983379281356	-0.019546767384757354	4.0288799724749876e-06	2.4968449520147893e-05	-2.235084881484715	-0.01289444090165984
530000.0	-1.0627144299432558	-0.7887904216836573	-0.31264332794438476	1.4969484651425438	-0.020963313116500733	3.2316169552720504e-06	2.497993772687594e-05	-2.293013416337296	-0.013503667713922161
540000.0	-1.0476115999228226	-0.789005849718951	-0.31264329248707234	1.5208515885624228	-0.022133298444524996	3.4135434676273798e-06	2.4981012074755187e-05	-2.351329828391302	-0.014126011938586048
550000.0	-1.0322475613912945	-0.7892336520474575	-0.3126432564031551	1.5484298314448863	-0.023235457188195852	4.033379539240029e-06	2.5065686108990597e-05	-2.4128767539770557	-0.014761547232367214
560000.0	-1.0166246770945677	-0.7894747286837676	-0.31264322110435594	1.5746441986565296	-0.024796560090577353	3.2392242326912933e-06	2.507753437537984e-05	-2.4733032595441697	-0.01540987707660972
570000.0	-1.0007469634606894	-0.7897292295220624	-0.3126431856237394	1.5981654251680495	-0.026105009270391725	3.4119196144677033e-06	2.5078190135890345e-05	-2.5340776078766702	-0.01607112187870466
580000.0	-0.9846118290214346	-0.7899975321334604	-0.3126431495065574	1.6253617210837137	-0.027348707537269687	4.042811937421442e-06	2.516756703226117e-05	-2.5980998923535905	-0.016745346357832713
590000.0	-0.9682217169019829	-0.7902805306588403	-0.31264311418417373	1.6511420702398514	-0.02905221796315581	3.244003048105304e-06	2.5178476749320023e-05	-2.660950005383054	-0.01743216056994017
600000.0	-0.9515806785312618	-0.7905783891507722	-0.3126430786821428	1.6743305832927005	-0.0305062956313741	3.4108695541155367e-06	2.5178575165903415e-05	-2.724170846372936	-0.018131687495704034
610000.0	-0.9346859292952981	-0.7908915061447975	-0.3126430425366638	1.7011488267766972	-0.03188952155014876	4.048184957845907e-06	2.5271351247201415e-05	-2.790600271456338	-0.018843998855047936
620000.0	-0.9175398175899836	-0.7912208224710603	-0.3126430071866459	1.7265934712195103	-0.03375794206967626	3.2440828573206667e-06	2.5284201824848325e-05	-2.8559341394755435	-0.01956869244972541
630000.0	-0.9001458367467277	-0.791566540618388	-0.3126429716650515	1.7495129673038983	-0.03536647664752346	3.408101370422922e-06	2.5283620811643173e-05	-2.9216005093792012	-0.020305886979895313
640000.0	-0.8825017997274514	-0.7919289848270521	-0.3126429354952408	1.7759546933638077	-0.036884450824734835	4.050312787074323e-06	2.5378397588275782e-05	-2.9903818334200656	-0.02105569529107857
650000.0	-0.8646099973476905	-0.7923091513792658	-0.31264290011705176	1.8009773199756176	-0.03891098100096951	3.2502691052440587e-06	2.5391427878739928e-05	-3.058112254180204	-0.021817699012394373
660000.0	-0.846473771521853	-0.7927072574290326	-0.312642864575052	1.8235814007803723	-0.04067517108104368	3.4069352827726963e-06	2.539032163479214e-05	-3.126166206808322	-0.022592018971287015
670000.0	-0.8280904875502749	-0.7931236958029395	-0.3126428283736241	1.8497161229545398	-0.04235189108917298	4.060676216006962e-06	2.5489776574380664e-05	3.085819802190742	-0.02337875899246692
680000.0	-0.8094624432095353	-0.793559466376746	-0.3126427929748314	1.8744543133450575	-0.04454800954683778	3.2497429322783806e-06	2.550342406671445e-05	3.0156774520974303	-0.024177504395860472
690000.0	-0.7905933118673083	-0.7940147346701164	-0.3126427574148467	1.8967745548749153	-0.046472230009458514	3.4040627200527223e-06	2.550163678845021e-05	2.945258477980415	-0.02498840114019534
700000.0	-0.7714804651168953	-0.7944899059876201	-0.312642721190211	1.922558745098304	-0.04829064656025523	4.06329367005469e-06	2.5602804359283596e-05	2.8717569845665722	-0.02581156164431361
710000.0	-0.7521261979440127	-0.7949860245638287	-0.312642685765684	1.9469051117697955	-0.05065456266684402	3.2551095043031376e-06	2.5616585508574523e-05	2.7992725991102936	-0.026646558006731512
720000.0	-0.7325339451486669	-0.7955032788044261	-0.3126426501867763	1.9689365608442742	-0.05274522047847554	3.4020268325558757e-06	2.5614441445438468e-05	2.726515200448926	-0.02749353491850387
730000.0	-0.7127011789332593	-0.7960420633304959	-0.3126426139367319	1.9943889149434861	-0.05471562550085449	4.068950874997497e-06	2.571837013467352e-05	2.6507139576569414	-0.02835262127108661
740000.0	-0.6926306416577509	-0.796603391194195	-0.3126425784897478	2.018355581254329	-0.05725017722988646	3.2577338755543313e-06	2.5732623259160255e-05	2.5759329276604013	-0.029223399476449502
750000.0	-0.6723252582365474	-0.7971875423082446	-0.31264254289407656	2.040109235641049	-0.05951194269470513	3.400624920123113e-06	2.5729838227552243e-05	2.500868184614905	-0.030105987967264606
760000.0	-0.6517827464585353	-0.7977948681472076	-0.31264250661453297	2.065224471135796	-0.0616477429200415	4.0793072208270984e-06	2.583842664067382e-05	2.4227738526452796	-0.031000542290688417
770000.0	-0.6310053627614478	-0.7984264861435884	-0.31264247115048044	2.088914890516168	-0.06436510648680524	3.2564301363361703e-06	2.58532659129978e-05	2.3456852484056823	-0.031906611465061165
780000.0	-0.609996064708827	-0.7990826594738377	-0.312642435539719	2.110419533024216	-0.06680408697905554	3.3974466263360385e-06	2.5849764973442168e-05	2.2683323578140064	-0.032824325858555534
790000.0	-0.5887525055522371	-0.7997637346854644	-0.31264239923523285	2.13517873185268	-0.06909106883511962	4.086087096935056e-06	2.595931440659719e-05	2.1880151778090364	-0.03375385630089411
800000.0	-0.5672770487886026	-0.8004708578713249	-0.31264236375155896	2.158556374601702	-0.07199255263846613	3.258114707406151e-06	2.5974641497510852e-05	2.108653827763321	-0.03469474358080871
810000.0	-0.5455729171518516	-0.8012042295695342	-0.3126423281252769	2.179770990630464	-0.07460681067143042	3.3952047403979597e-06	2.5970595334717075e-05	2.0290672080881675	-0.03564714313845322
820000.0	-0.523637522526051	-0.8019642633993911	-0.3126422918003172	2.2042709005675096	-0.07705946639726904	4.089575135269279e-06	2.6083068524240787e-05	1.9465126730532778	-0.0366112147173791
830000.0	-0.5014733029096335	-0.802752098231424	-0.312642256294511	2.2272741817947073	-0.08014410908536654	3.2597034495669924e-06	2.6098469949278582e-05	1.8649363040432105	-0.03758650251757455
840000.0	-0.4790831161978073	-0.8035680153732581	-0.3126422206538038	2.24824689158287	-0.08294479714804374	3.3927794175227516e-06	2.6093977547393956e-05	1.7831107952299017	-0.03857314041899585
850000.0	-0.4564644049097257	-0.8044124032077694	-0.31264218430587715	2.2724589564717177	-0.08556416980940196	4.0959589306929205e-06	2.6208878352003642e-05	1.6983490272423247	-0.03957130997280284
860000.0	-0.4336197902441271	-0.805286402711904	-0.31264214878305674	2.2951738908964257	-0.08884138621514738	3.263252837453063e-06	2.622462201834995e-05	1.6145485876896994	-0.040580554200167276
870000.0	-0.4105521358130399	-0.8061902747214419	-0.31264211312745693	2.3158716059875046	-0.09182721581791273	3.390337725065918e-06	2.6219702302794727e-05	1.5305335841908438	-0.04160101871071406
880000.0	-0.38725863433369084	-0.8071244880505477	-0.31264207675254985	2.33981480527287	-0.09463165217689133	4.107356116398166e-06	2.6339161197835912e-05	1.44354313608592	-0.04263287059542336
890000.0	-0.363741693229669	-0.8080902524888126	-0.31264204121731604	2.3623030267225915	-0.0981113609288982	3.260818403053394e-06	2.6355442435957877e-05	1.3575271077911315	-0.043675627902655396
900000.0	-0.3400039899197513	-0.8090879385655169	-0.3126420055513233	2.382815647528917	-0.10130592130346844	3.3873364305649485e-06	2.6349475708713254e-05	1.2712899951301029	-0.04472939749131889
910000.0	-0.3160430414844278	-0.8101180492561075	-0.31264196915669046	2.4064509432101455	-0.10432748867882578	4.113240069408719e-06	2.6469663059675816e-05	1.1821501701859354	-0.045794330727820035
920000.0	-0.2918611754134159	-0.8111818790405446	-0.31264193360697967	2.428652816384042	-0.10801187698270194	3.259320341693856e-06	2.648582639430887e-05	1.0939540143637163	-0.04686992840370009
930000.0	-0.26746104012354593	-0.8122797748062126	-0.3126418979311256	2.4489483395094003	-0.1114146794153627	3.3842757347740507e-06	2.6479183149964834e-05	1.0055400706961524	-0.04795631558986547
940000.0	-0.24284065006360417	-0.8134121649745708	-0.3126418615144738	2.4722511951442767	-0.11465484651017596	4.121951210264018e-06	2.6601416455476798e-05	0.9142761591100961	-0.049053663827531166
950000.0	-0.21800191537364214	-0.8145803390604696	-0.31264182595337586	2.494213793421465	-0.11853762775856604	3.259555670370367e-06	2.661775568523149e-05	0.8239151783140651	-0.05016150203115465
960000.0	-0.19294733785303161	-0.8157846487963591	-0.3126417902665824	2.5142892963412318	-0.12214066119223663	3.3818219045319314e-06	2.6610361311107387e-05	0.7333471397741443	-0.05127995258329321
970000.0	-0.16767452271998518	-0.8170255809636341	-0.3126417538244793	2.5373667137754343	-0.12560229624224936	4.13402610392087e-06	2.67372607678474e-05	0.6398778858988036	-0.05240918218115719
980000.0	-0.14218573964323045	-0.8183043532200899	-0.31264171825370823	2.5591299540760923	-0.1296915184538075	3.2559445295760994e-06	2.6754154124069405e-05	0.5473570479638326	-0.05354874158656525
990000.0	-0.11648348047346858	-0.8196213067806097	-0.31264168255709174	2.5790096660000468	-0.13349859222598834	3.378169097635686e-06	2.674596726269222e-05	0.45464488727986185	-0.05469876372592214
1000000.0	-0.09056565994201131	-0.8209769162462075	-0.31264164609265466	2.6017261147797686	-0.13716550271197417	4.142791130807818e-06	2.6872704754048945e-05	0.35911522513573974	-0.05585941069228501
1010000.0	-0.06443425646059688	-0.8223724043716536	-0.31264161050999945	2.6232602746176177	-0.14145286458372933	3.2543610604632367e-06	2.6890085089692513e-05	0.26446234015708003	-0.05703026149142224
1020000.0	-0.03809167133759037	-0.8238081381145005	-0.31264157480329235	2.6429391537068847	-0.14546306846479287	3.3751828563472576e-06	2.688131743540492e-05	0.16962812379101094	-0.058211434283322844
1030000.0	-0.011536083183556877	-0.825284581117366	-0.31264153831938934	2.665406297497957	-0.14935470914181975	4.149387284728697e-06	2.701053622113493e-05	0.0719919479245995	-0.05940309254648586
1040000.0	0.015230813800877806	-0.8268029763415232	-0.31264150272393354	2.686693224458829	-0.1538354283502038	3.2543742682098727e-06	2.7027646957611053e-05	-0.024765222685488388	-0.06060482553126273
1050000.0	0.042205955691278614	-0.8283636010783635	-0.3126414670066172	2.7061031760912506	-0.15803988633002822	3.372284084471646e-06	2.7018264549064866e-05	-0.12164741091209373	-0.06181676427242975
1060000.0	0.06939195790785943	-0.8299670660242888	-0.31264143050187204	2.7283092402446623	-0.16215361533135697	4.157889080698359e-06	2.7149693150432756e-05	-0.22137145414152065	-0.06303904773498589
1070000.0	0.09678659920793763	-0.831614521019027	-0.3126413948954915	2.749345119306274	-0.1668334057824127	3.2527883850502093e-06	2.7167116005037298e-05	-0.3201952980060215	-0.06427129047429239
1080000.0	0.12438736522084733	-0.8333063290296565	-0.31264135916916935	2.7685689336291066	-0.17124807496019828	3.369221757006361e-06	2.715728472839957e-05	-0.41916613399162417	-0.06551360875686084
1090000.0	0.15219638333640192	-0.835043053671766	-0.31264132264086575	2.790507414515411	-0.17557681668739	4.169443552640312e-06	2.7293152427288996e-05	-0.520968529446018	-0.06676614819102249
1100000.0	0.1802119527383457	-0.8368259202877646	-0.3126412870274676	2.811308164357194	-0.18046554802564566	3.2512327289470426e-06	2.73082676646853e-05	-0.621829745996474	-0.06802851274271346
1110000.0	0.2084313787370083	-0.8386552520465413	-0.3126412512927974	2.8303440078774895	-0.18509005385704658	3.3667094827591636e-06	2.7297639712689735e-05	-0.7228665504917091	-0.06930083788237307
1120000.0	0.2368565928502643	-0.8405316164625435	-0.31264121474419276	2.8520024164073075	-0.18963940441088425	4.177998180082512e-06	2.743584536505213e-05	-0.8266984685829647	-0.07058325789612273
1130000.0	0.2654860083520229	-0.8424562354911208	-0.31264117912066236	2.872632023038457	-0.1947451793473171	3.2470872093736045e-06	2.7454232754110583e-05	-0.9296478790827473	-0.07187540016735494
1140000.0	0.29431720568300296	-0.8444294959126312	-0.3126411433785766	2.891425050684639	-0.19957331328964104	3.363698015519332e-06	2.7439884045993822e-05	-1.0326832776536203	-0.0731773693504539
1150000.0	0.32335199969514433	-0.846451957582307	-0.3126411068102528	2.912837378822862	-0.2043477605123774	4.187047627584306e-06	2.7580323531122323e-05	-1.1385547044621103	-0.07448931578338491
1160000.0	0.35258863124962175	-0.8485248062271223	-0.3126410711779612	2.9332396754710985	-0.20966375401714699	3.245248797899646e-06	2.7598904000854025e-05	-1.2435217176072795	-0.0758108765076222
1170000.0	0.3820247032641212	-0.8506484321009252	-0.31264103542824023	2.951826811946539	-0.21470372959240638	3.3606060700699504e-06	2.7583875715599448e-05	-1.3485675150222698	-0.07714215869538156
1180000.0	0.4116619942047457	-0.8528234190609811	-0.3126409988408865	2.9729688143722224	-0.21970042515400942	4.195559313317012e-06	2.772638605923493e-05	-1.4564348642433742	-0.07848330387521225
1190000.0	0.4414991703133042	-0.8550510159360382	-0.31264096320033075	2.9931829605137716	-0.22523632304289978	3.2430598999508583e-06	2.7745422373100274e-05	-1.5634346771133347	-0.07983395100776904
1200000.0	0.4715336565782673	-0.8573315825285968	-0.3126409274439097	3.0116444225290997	-0.230505804724014	3.3566560899972486e-06	2.7732404664655742e-05	-1.670533193465065	-0.08119421109859305
1210000.0	0.5017674523481013	-0.8596657691367112	-0.3126408908402089	3.032536978961876	-0.2357291707973654	4.2020211655870575e-06	2.7874676798353947e-05	-1.7803862556917756	-0.08256420500638625
1220000.0	0.532198943556397	-0.8620547511426158	-0.3126408551894462	3.0525063425444654	-0.2414729498035114	3.241011075472221e-06	2.7893359229962524e-05	-1.8893670966977079	-0.08394360413929021
1230000.0	0.5628255112933611	-0.8644988847558057	-0.31264081942633143	3.0707704947188	-0.24695928241869655	3.353495369054765e-06	2.787970646661331e-05	-1.9984467187052224	-0.08533251926282756
1240000.0	0.5936491143218018	-0.8669988399249523	-0.31264078280449165	3.0914042321836606	-0.25240710982899495	4.210495171615874e-06	2.8023985317563704e-05	-2.110268686136146	-0.08673106497643181
1250000.0	0.6246684662558377	-0.8695558487745163	-0.31264074714735174	3.111197932121286	-0.25837660289269	3.240355885351959e-06	2.8042822155771157e-05	-2.221251031274436	-0.08813891350231463
1260000.0	0.6558811769732141	-0.8721703078239759	-0.31264071137751337	3.1293016513571903	-0.264090189249993	3.3502093265223185e-06	2.8028797467285336e-05	-2.3323304462670853	-0.08955616541508596
1270000.0	0.6872894037643472	-0.8748429436977153	-0.31264067473542884	3.149769302443254	-0.2697764070764393	4.222093656197971e-06	2.817779245773809e-05	-2.446202974875563	-0.09098293189707135
1280000.0	0.718891607685672	-0.8775749307948748	-0.31264063907388384	3.1694222749409935	-0.2759830507244658	3.236014663892207e-06	2.8197232315424084e-05	-2.559190068866596	-0.09241889571157881
1290000.0	0.750685504323899	-0.8803666772780002	-0.3126406032990838	3.187331934794121	-0.28191336077787965	3.3475950392984455e-06	2.81788725184075e-05	-2.672223208354114	-0.09386416065062117
1300000.0	0.7826726784703302	-0.8832188146783334	-0.3126405666391767	3.20755339608921	-0.28782766099723756	4.230523744629442e-06	2.833031514953546e-05	-2.788047260760373	-0.0953188588637743
1310000.0	0.8148516760488257	-0.8861325284882867	-0.3126405309709085	3.2269998360907906	-0.2942568149788118	3.2337687264460583e-06	2.8350072755070646e-05	-2.9029858104325608	-0.09678268065308802
1320000.0	0.8472204189244421	-0.8891082796084265	-0.3126404951910671	3.2447986107473694	-0.3004285205996079	3.3434961152887678e-06	2.83342178938972e-05	-3.0180242054216784	-0.09825572118070501
1330000.0	0.8797804733187858	-0.8921467183387052	-0.31264045851394523	3.2647300171463662	-0.3065592351159334	4.2389946868602e-06	2.8484446580843557e-05	-3.1357499156601216	-0.09973809479448406
1340000.0	0.9125305716102721	-0.8952490624082895	-0.3126404228397824	3.2840093853316934	-0.3132224668595242	3.2311794707075566e-06	2.8504735027531553e-05	3.0305267658649138	-0.10122950824361296
1350000.0	0.9454683188744063	-0.8984157052783426	-0.31264038705497954	3.301621732066905	-0.31961906965378706	3.340209469348136e-06	2.8487954471782088e-05	2.9135589891465794	-0.10273005949383986
1360000.0	0.9785954746106295	-0.9016473635994837	-0.31264035036382454	3.321370367477529	-0.32599366766663485	4.245332420471337e-06	2.8640962223157456e-05	2.7938732548730503	-0.10423985587087815
1370000.0	1.0119109751176125	-0.9049452929473432	-0.3126403146828622	3.34046179060317	-0.332885799632342	3.2301928997024946e-06	2.8660636038724998e-05	2.675017892630876	-0.1057586019342533
1380000.0	1.0454125337091271	-0.9083099081640319	-0.31264027889291734	3.3579248007539952	-0.3395191759592682	3.3367849474833976e-06	2.8643513783462135e-05	2.5560959680775968	-0.10728639309842608
1390000.0	1.0791017937145477	-0.9117419147509486	-0.3126402421832911	3.377491925402918	-0.34613393542381976	4.256175661066764e-06	2.880130273015842e-05	2.4344319948828974	-0.1088233428864643
1400000.0	1.1129776546071513	-0.9152425576794126	-0.3126402064997502	3.396390981322067	-0.3532580366423688	3.2278666690464074e-06	2.8818096106549596e-05	2.313670925465891	-0.11036915647798169
1410000.0	1.1470377340693148	-0.9188122237076936	-0.3126401707059295	3.4137011576572815	-0.3601258506891979	3.333987074909566e-06	2.8800044357814607e-05	2.1928135516740404	-0.11192394587055032
1420000.0	1.1812838063694273	-0.9224516738268509	-0.31264013398008617	3.43306751459042	-0.3669809625800523	4.2651260742285544e-06	2.8960354115184093e-05	2.069211743665717	-0.11348780950393376
1430000.0	1.2157145584316003	-0.9261620959931981	-0.31264009829158235	3.4518365307405263	-0.3743542823257505	3.2230846896288643e-06	2.8980958882980935e-05	1.9464889654796758	-0.11506047309022939
1440000.0	1.2503278340850892	-0.9299439314631117	-0.31264006249446974	3.468938944847896	-0.3814449259773288	3.330660176428598e-06	2.8958392158933798e-05	1.823757797538408	-0.11664202934375864
1450000.0	1.2851249871409955	-0.9337978587067187	-0.3126400257530648	3.4880733020873596	-0.38853296148339117	4.2734787937650786e-06	2.9120876983126146e-05	1.6982614573548829	-0.11823260054753174
1460000.0	1.3201051782585635	-0.9377251854432267	-0.312639990060394	3.506685960087532	-0.3961513284419951	3.2201997857294843e-06	2.914203163618576e-05	1.5736100739829224	-0.11983189712761212
1470000.0	1.3552660703394739	-0.9417263086363572	-0.3126399542604275	3.5236858091619054	-0.40349596043460845	3.3263758694113997e-06	2.9121963942858163e-05	1.4489296451724791	-0.12144001682337877
1480000.0	1.3906090095027188	-0.945801914694864	-0.31263991750361914	3.542547594883858	-0.4108047699143612	4.281887521142938e-06	2.9282917392697028e-05	1.3215821643394057	-0.12305707373859631
1490000.0	1.426132992071434	-0.9499532748579166	-0.31263988180701496	3.56097232664855	-0.418661862377646	3.2175173322915774e-06	2.9304371678096747e-05	1.195044071444114	-0.12468280007347049
1500000.0	1.4618357343898094	-0.9541807998262455	-0.3126398460040456	3.577798719936792	-0.4262439078507918	3.322899951505243e-06	2.928358775315318e-05	1.0684837280390822	-0.12631728679978135
1510000.0	1.4977187598292725	-0.9584852468714717	-0.3126398092352003	3.596492319621854	-0.433804315496478	4.288178016591771e-06	2.9447440289478942e-05	0.9392244968003768	-0.1279606361135074
1520000.0	1.5337809999640186	-0.9628678597426564	-0.31263977353286176	3.614706493629253	-0.44189563243952257	3.2147260072943748e-06	2.94682314587402e-05	0.8108185806433871	-0.12961258769602982
1530000.0	1.5700204612213045	-0.9673291323863269	-0.3126397377276646	3.631396985716383	-0.44972747836369303	3.319283244852832e-06	2.9447014897779168e-05	0.6823553943902433	-0.1312732214891017
1540000.0	1.6064385980978613	-0.9718698139641464	-0.3126397009449905	3.6498976492673507	-0.4575315554843563	4.296302245221485e-06	2.961255322004797e-05	0.5512046088147875	-0.13294263985982868
1550000.0	1.6430341838983376	-0.976491102064235	-0.3126396652404355	3.6679606622082868	-0.4658733328783225	3.213330335113657e-06	2.9633498734630758e-05	0.42090385048566864	-0.13462059899279039
1560000.0	1.6798054340635655	-0.9811935454343819	-0.31263962943268214	3.6845037901975135	-0.4739519082246789	3.3163064502804922e-06	2.9611244945782368e-05	0.29055327196768105	-0.1363071690624424
1570000.0	1.7167537867186236	-0.9859779054057554	-0.3126395926331305	3.702842872888855	-0.4820110739160995	4.307717203529824e-06	2.978267950863208e-05	0.15747120193338154	-0.13800245473042966
1580000.0	1.7538781678837265	-0.9908454190475562	-0.3126395569286521	3.7207907786628813	-0.49061747419864365	3.2084439648454e-06	2.980431273739332e-05	0.025266000995777964	-0.13970620537590944
1590000.0	1.7911765067426482	-0.9957965417617778	-0.3126395211192542	3.737133691932348	-0.4989269314460648	3.3128134029099654e-06	2.977725660557007e-05	-0.10691221910782342	-0.14141850870064085
1600000.0	1.8286499284529893	-1.0008319680002393	-0.3126394843057527	3.755252280832567	-0.5072240487944913	4.316030136435463e-06	2.9950931895738117e-05	-0.24184502671178434	-0.14313948757404812
1610000.0	1.8662974762243492	-1.0059529743365312	-0.31263944859876913	3.773017939927516	-0.5160772967223859	3.205517429859883e-06	2.9972841059499597e-05	-0.37590147843791866	-0.1448688865428164
1620000.0	1.9041170999707095	-1.0111600258861482	-0.3126394127877277	3.78919175601049	-0.5246312888072663	3.309199962997347e-06	2.9944978984417428e-05	-0.5099244219984176	-0.1466067889370453
1630000.0	1.942109883257907	-1.0164538227770545	-0.31263937596086144	3.807092236177544	-0.5331686909841118	4.324317050227356e-06	3.0120760871724593e-05	-0.6466979128314841	-0.14835331561295065
1640000.0	1.980275254397218	-1.0218357641598104	-0.31263934025225	3.824711786092428	-0.5422830128698647	3.2022167229664272e-06	3.0143253777725128e-05	-0.782628948499896	-0.15010819701149655
1650000.0	2.0186109808789516	-1.0273062577664511	-0.3126393044407469	3.8407888338938583	-0.5511069138443547	3.3046779651212162e-06	3.0118161241270405e-05	-0.9185472892933302	-0.1518715239283556
1660000.0	2.0571181362559177	-1.0328659997590868	-0.3126392676004817	3.8584305581208405	-0.5598700807431741	4.332683747168287e-06	3.0292042167106152e-05	-1.0571204296407484	-0.15364341405932022
1670000.0	2.0957959802603954	-1.038516353120148	-0.3126392318902953	3.875871080960498	-0.5692366361326053	3.199153499608906e-06	3.0314818642025393e-05	-1.1948852602636029	-0.1554236160063357
1680000.0	2.1346426982611164	-1.0442578552821988	-0.31263919607837354	3.891816282683732	-0.5783217993083517	3.3008660739608874e-06	3.0289327598107327e-05	-1.3326653931652812	-0.15721219731716407
1690000.0	2.173659511268906	-1.05009126065526	-0.3126391592286229	3.90932888000097	-0.5873519115716213	4.3387648141406705e-06	3.04659025326212e-05	-1.473129254583861	-0.1590092664989486
1700000.0	2.21284540470226	-1.0560178320411888	-0.31263912351578105	3.9265979653660086	-0.5969725344543166	3.1974045665813385e-06	3.0487786103039916e-05	-1.6127399379614715	-0.16081459407542897
1710000.0	2.252198377194789	-1.0620380472992998	-0.31263908770224713	3.942371506289174	-0.6063074608393122	3.2971394470194134e-06	3.0461627460714404e-05	-1.752342662779438	-0.16262825820507548
1720000.0	2.291719562902453	-1.068152651555096	-0.31263905083755006	3.9596943565828195	-0.6155890085856206	4.349381925456813e-06	3.06438406927414e-05	-1.8946636058319835	-0.1644503743634651
1730000.0	2.3314083508545886	-1.0743630448266444	-0.3126390151265203	3.9767904891629287	-0.6254645319885669	3.1943981249625185e-06	3.066228486719625e-05	-2.036084568133981	-0.16628068605754917
1740000.0	2.3712625399903344	-1.0806696374153133	-0.31263897931326134	3.9924214047064606	-0.6350579744934671	3.293967855838705e-06	3.063500357484168e-05	-2.1775258868080614	-0.1681192902532117
1750000.0	2.411283393159191	-1.0870732298998889	-0.3126389424360211	4.009564650992657	-0.6445954263588827	4.358343206915627e-06	3.0819974715355985e-05	-2.321694922255382	-0.16996629097024474
1760000.0	2.451470081307161	-1.0935751540886	-0.3126389067244513	4.026542062003378	-0.6547498228488778	3.1890614095048106e-06	3.08428523450619e-05	-2.464983531279212	-0.17182144945228084
1770000.0	2.491820604480098	-1.100175876294303	-0.3126388709117077	4.041976394606207	-0.6645838684062483	3.2902526905149475e-06	3.081022023096767e-05	-2.6082053854340783	-0.17368484732346318
1780000.0	2.5323358218427865	-1.1068760812064444	-0.3126388340223796	4.058906489089292	-0.6743656203842987	4.366635506446066e-06	3.0997503413882e-05	-2.7541806770998996	-0.1755566154300372
1790000.0	2.57301534364149	-1.1136772641772086	-0.3126387983108214	4.0757382689958135	-0.6847912303480893	3.1854709216421786e-06	3.102105162859614e-05	-2.8993083234179133	-0.17743649144162754
1800000.0	2.613856989853444	-1.1205798278067765	-0.31263876249921824	4.091073539916098	-0.6949058687538068	3.285547451325929e-06	3.099143387798433e-05	-3.0443900501744503	-0.17932456455570608
1810000.0	2.6548618189547706	-1.127584526842229	-0.31263872560052075	4.107803777150855	-0.7049336477225555	4.373046398323698e-06	3.117770401424794e-05	3.0910149471806374	-0.18122095309744468
1820000.0	2.6960291641039618	-1.1346927658452561	-0.3126386898866382	4.12443279310655	-0.7156124592618027	3.182102653803325e-06	3.120039011551702e-05	2.9440968631640123	-0.1831254173424433
1830000.0	2.7373571377305206	-1.1419050594298723	-0.31263865407609376	4.139633416062422	-0.7259968304185214	3.2815522832583928e-06	3.1170405853580216e-05	2.797187023205625	-0.18503802889583698
1840000.0	2.7788467362926887	-1.1492221427066245	-0.3126386171665241	4.156179623637543	-0.7362785354915495	4.3811386538744885e-06	3.135837051577992e-05	2.647586829434502	-0.18695890938927523
1850000.0	2.8204971270319508	-1.1566453689823581	-0.312638581453936	4.172659453431347	-0.7472284946476665	3.1800876729468007e-06	3.138122113036723e-05	2.4988475156996617	-0.18888783257370023
1860000.0	2.8623063478768285	-1.1641752190169579	-0.3126385456433005	4.187686458698715	-0.7578714501400048	3.277631796446684e-06	3.1350550952963234e-05	2.3501481015944363	-0.1908248733619951
1870000.0	2.9042753064902906	-1.171812415364811	-0.3126385087202659	4.204044030774341	-0.7684109326313381	4.3916362708161375e-06	3.1544396232493466e-05	2.1987233109504016	-0.1927701600562509
1880000.0	2.9464035524231083	-1.1795584664901457	-0.31263847301142167	4.2203467769074905	-0.7796258816642724	3.1766525616295985e-06	3.156413824020755e-05	2.0481993907142857	-0.19472343756218108
1890000.0	2.9886889204335128	-1.1874138097517422	-0.3126384372033366	4.235227503415127	-0.7905411790137187	3.2741943896475556e-06	3.153252110263995e-05	1.8976821724598414	-0.19668478930669725
1900000.0	3.03113244225287	-1.1953792386932598	-0.3126384002700832	4.251404332360694	-0.801347286572044	4.400577559473343e-06	3.172936964937729e-05	1.744423065111683	-0.19865432867792768
1910000.0	3.07373377704869	-1.203456336521834	-0.3126383645635575	4.2676170477432604	-0.8128702296464673	3.17101172507573e-06	3.175374734664838e-05	1.5920124978764847	-0.20063179212774052
1920000.0	3.116491118475946	-1.2116456597405298	-0.31263832875984227	4.282397703276064	-0.8240797787072892	3.2694058118883063e-06	3.1721032022913154e-05	1.4396267784326635	-0.20261724186021382
1930000.0	3.1594048973199262	-1.2199478999588713	-0.312638291818547	4.2983857578924045	-0.8351619753447718	4.408994885669778e-06	3.19212237427807e-05	1.2844889755008058	-0.2046107994568435
1940000.0	3.202475215176021	-1.2283647918040106	-0.31263825611898094	4.314421381391147	-0.846979674679648	3.167964317955627e-06	3.194360173838289e-05	1.1302043092649348	-0.20661218292155495
1950000.0	3.245699813275481	-1.2368968229146042	-0.3126382203201829	4.329051046583241	-0.8584830591254996	3.2657219703065635e-06	3.190936686459158e-05	0.9759370581104212	-0.20862144927093584
1960000.0	3.2890792632476846	-1.2455446981889247	-0.31263818337219645	4.344834738093677	-0.8698431263239724	4.416332897140604e-06	3.211267726140374e-05	0.8188983157240518	-0.21063872874545894
1970000.0	3.332613263665887	-1.2543100613814218	-0.31263814767580367	4.36075210315152	-0.8819684653332331	3.162666206538384e-06	3.213734802116646e-05	0.6627116988116807	-0.21266374484240716
1980000.0	3.376299822837341	-1.263193422951791	-0.31263811188338175	4.375169107338691	-0.8937452647704566	3.2617754041065855e-06	3.209890303653652e-05	0.5065940038460718	-0.2146965623520619
1990000.0	3.420139443618137	-1.2721954601858754	-0.3126380749279932	4.390743456237018	-0.9053760823024173	4.424548136632305e-06	3.230528815220616e-05	0.34766131778454223	-0.21673732094331494
2000000.0	3.464131617631869	-1.2813177662425854	-0.3126380392364376	4.4064767263126345	-0.9177898942514869	3.15882234932708e-06	3.2329757605497544e-05	0.18960735162014447	-0.21878574804418696
2010000.0	3.5082745287925206	-1.2905608774228512	-0.3126380034474551	4.4207868451762655	-0.9298621056379818	3.257219372691401e-06	3.229217828241862e-05	0.03159866011884291	-0.22084190873508475
2020000.0	3.5525685883163094	-1.2999254291162783	-0.3126379664858327	4.436077531916604	-0.9417430072456415	4.4321960814909905e-06	3.249903484068712e-05	-0.1291877592443389	-0.22290595625313547
2030000.0	3.5970135280738926	-1.309413083730313	-0.31263793079821883	4.451659121581092	-0.954450084090132	3.154844809416993e-06	3.252358411868988e-05	-0.28912049359131414	-0.22497761038853864
2040000.0	3.641607160716028	-1.3190242730700719	-0.31263789501380296	4.4657848145718155	-0.966798171701965	3.2533076544425098e-06	3.248426194282291e-05	-0.4489797888905298	-0.2270569450694123
2050000.0	3.6863498651734012	-1.3287596201748688	-0.31263785804511296	4.480833814035615	-0.9789373843424356	4.439771319400277e-06	3.269410611442779e-05	-0.6116311726479796	-0.22914411913264424
2060000.0	3.7312414317736637	-1.3386208123166077	-0.31263782236184373	4.496229028543956	-0.9919294337649827	3.1510229734703224e-06	3.2718572167564536e-05	-0.7734187629352994	-0.23123884771838135
2070000.0	3.77628005896323	-1.3486083607219714	-0.31263778658150504	4.5102058999769685	-1.0045608536139912	3.2493271202279163e-06	3.267781951151097e-05	-0.9351409656102403	-0.23334120341335712
2080000.0	3.8214658327806204	-1.3587228137438512	-0.31263774960727003	4.525054072560051	-1.0169668682955164	4.444825943427325e-06	3.289139069548469e-05	-1.099672312623682	-0.235451354517803
2090000.0	3.86679878347694	-1.3689659270141115	-0.3126377139272419	4.5402803710740915	-1.0302477684378408	3.148064453541498e-06	3.2915082126601986e-05	-1.263320738868595	-0.23756901184927504
2100000.0	3.912277096202242	-1.379338201787661	-0.31263767815074756	4.554097409943945	-1.0431604058565138	3.2458161334888726e-06	3.287248547930979e-05	-1.4268976322481208	-0.23969425010075524
2110000.0	3.9579012581271074	-1.3898402823596536	-0.312637641165367	4.56881305409167	-1.0558512632128436	4.455955249335824e-06	3.3091604685843287e-05	-1.5933405104948497	-0.24182724085900764
2120000.0	4.003670893623124	-1.4004738374496735	-0.3126376054911878	4.5838967000783795	-1.069428531793516	3.1429298952752473e-06	3.311577286741967e-05	-1.758861632578418	-0.24396769738165802
2130000.0	4.049584165597668	-1.4112393591994326	-0.3126375697196321	4.59756447491827	-1.0826256674383359	3.24130601907151e-06	3.307158675219416e-05	-1.9242980443389475	-0.24611569508700765
2140000.0	4.09564124323946	-1.4221374069454662	-0.31263753272837036	4.611992584992416	-1.0955615734314934	4.463498568198017e-06	3.329113398044474e-05	-2.0925755003250903	-0.24827141569656022
2150000.0	4.141842036823484	-1.4331697471457727	-0.31263749705845495	4.626915036729917	-1.1094316056825297	3.138931887393864e-06	3.331548087267887e-05	-2.2599577956739427	-0.250434561331105
2160000.0	4.18818472384826	-1.4443368653013688	-0.3126374612915274	4.640423230884309	-1.1229122266114835	3.2373069892901687e-06	3.326973591560505e-05	-2.427245645774529	-0.2526052105391752
2170000.0	4.234669621417094	-1.4556393609666634	-0.3126374242951417	4.654676168970277	-1.1361225204954177	4.468132118212906e-06	3.349319933503628e-05	-2.5974109584151424	-0.2547835485044216
2180000.0	4.281296362839013	-1.467078941288987	-0.312637388628776	4.669418949478358	-1.15028204083953	3.1359498817489075e-06	3.351673723521634e-05	-2.7666441269948177	-0.25696927771919265
2190000.0	4.328062933061849	-1.47865603759139	-0.3126373528661133	4.682731621365181	-1.16403867460966	3.233362692031893e-06	3.34692821346111e-05	-2.935762037536695	-0.25916247832316575
2200000.0	4.374969529958499	-1.4903712224014363	-0.3126373158635642	4.696734451135262	-1.1775053439115195	4.475501686339256e-06	3.369585460200489e-05	-3.107771710035034	-0.26136333889232544
2210000.0	4.422015838267172	-1.5022262335243928	-0.3126372802023542	4.7112776465371855	-1.1919508625598334	3.1320826185265655e-06	3.3719337641143634e-05	3.0043459545965976	-0.26357155539286253
2220000.0	4.469199843369173	-1.5142214959260405	-0.3126372444450141	4.724394398789208	-1.205984327870755	3.229408539117043e-06	3.3670240332171435e-05	2.833403462563788	-0.26578720770286757
2230000.0	4.516521727025421	-1.526357578278178	-0.31263720743334455	4.73818953120512	-1.2197207973932218	4.486083461017502e-06	3.390223451358956e-05	2.659534712359781	-0.2680104883633676
2240000.0	4.563981634308981	-1.538636361851995	-0.312637171778735	4.752581490497707	-1.234466773585642	3.1268828488290294e-06	3.392633038215031e-05	2.4866105870395527	-0.2702410849062214
2250000.0	4.611577535361499	-1.5510582573148433	-0.31263713602858784	4.765494169276169	-1.2487740806800878	3.225899451072553e-06	3.387241903560375e-05	2.3138465310773295	-0.2724790805996418
2260000.0	4.659309386582893	-1.5636237716464099	-0.31263709901020204	4.779072492495826	-1.2627774849813878	4.494123465395805e-06	3.410795334132351e-05	2.1381228266035333	-0.2747246752267107
2270000.0	4.707177420371804	-1.5763348329798044	-0.31263706336110364	4.793291996131102	-1.2778199512284947	3.122811122350966e-06	3.413215681383813e-05	1.9633538802653274	-0.27697755073819197
2280000.0	4.755179401523656	-1.589191790506619	-0.3126370276157264	4.806071469223392	-1.2924255076094553	3.2212685580742277e-06	3.407939177070528e-05	1.7887375076993963	-0.2792377916201637
2290000.0	4.803315447442953	-1.6021951906263863	-0.31263699059427447	4.819397970829226	-1.3066854052569463	4.498813544475402e-06	3.4316138892899773e-05	1.6111767160756316	-0.28150560353232
2300000.0	4.851585542967238	-1.6153469120211261	-0.3126369549493647	4.833396334743758	-1.3220124866927003	3.118871995859725e-06	3.4339325264330163e-05	1.4345914951882885	-0.28378066552055664
2310000.0	4.899987741330134	-1.6286473868096414	-0.31263691920965136	4.846004575358281	-1.3369060198987086	3.217178823559823e-06	3.428514382686106e-05	1.2581419765526993	-0.28606305771383894
2320000.0	4.948522067037657	-1.6420971293432058	-0.31263688218308766	4.8591020834934895	-1.3514310478912428	4.50574510020171e-06	3.452490533296829e-05	1.078736243401919	-0.288352993878405
2330000.0	4.997188352715565	-1.6556979979130926	-0.31263684654468177	4.872919039405455	-1.3670549114672208	3.1158207662996434e-06	3.454818713825427e-05	0.9003138484206593	-0.2906501477308854
2340000.0	5.0459848298672805	-1.669450467854946	-0.31263681081052574	4.885343929845958	-1.3822346540451613	3.213580238549749e-06	3.449201028772669e-05	0.7220386204819825	-0.29295460025030556
2350000.0	5.094911206483357	-1.6833549588551442	-0.3126367737754406	4.8982275420575565	-1.397032248880033	4.516197619477577e-06	3.473762301562414e-05	0.5407845411269709	-0.2952665724394501
2360000.0	5.143967616422893	-1.6974134410816846	-0.3126367381465121	4.911818572844277	-1.4129402803600715	3.111954517081575e-06	3.475839792439907e-05	0.36054958846736584	-0.29758573011252043
2370000.0	5.193151857362122	-1.7116262545957983	-0.3126367024188172	4.9240319261873084	-1.4283996061550832	3.2095459462124066e-06	3.470055737432747e-05	0.1804676192995963	-0.2999121571903603
2380000.0	5.242463968798241	-1.7259939193213487	-0.31263666537848656	4.93668401500111	-1.4434633407881676	4.524160641496133e-06	3.494953031714394e-05	-0.0026257554271541346	-0.302246075998135
2390000.0	5.291904261787374	-1.7405184816920394	-0.3126366297541723	4.950150004408694	-1.4596908053323923	3.106397483148268e-06	3.497362428568803e-05	-0.18472435024653477	-0.30458714679669424
2400000.0	5.341470475349315	-1.7552002517876253	-0.3126365940338737	4.9621850474457325	-1.4754411356367694	3.204879817611983e-06	3.491382518487666e-05	-0.36663215771199026	-0.3069354571241772
2410000.0	5.391162279611406	-1.7700396302394332	-0.3126365569901289	4.9745330286658795	-1.49074842472659	4.531353214967461e-06	3.516287066962272e-05	-0.551524932212802	-0.3092912384057552
2420000.0	5.440979915917347	-1.7850386745062226	-0.31263652137275527	4.9877770075303625	-1.5072661013085984	3.102399626905118e-06	3.518696608021819e-05	-0.7354330220112606	-0.31165414194730384
2430000.0	5.490921501540122	-1.8001978056934798	-0.31263648565908014	4.999627533532534	-1.523307216260824	3.2007113086612135e-06	3.512572252034281e-05	-0.9191615677622894	-0.31402425319278554
2440000.0	5.54098643300269	-1.8155173329482714	-0.3126364486129205	5.011747680121009	-1.5388835068813784	4.535662950060347e-06	3.5378858918076765e-05	-1.1058923065577468	-0.3164018109197011
2450000.0	5.591174924103283	-1.8309993212962101	-0.3126364130009027	5.024753741533078	-1.5556877976965535	3.098359684869578e-06	3.540181055028035e-05	-1.2915994564435949	-0.31878646384852255
2460000.0	5.641484993140129	-1.8466441624344223	-0.31263637729455895	5.036382388573174	-1.572009649421809	3.196622386491329e-06	3.533882688860477e-05	-1.4771246058100793	-0.32117829491613026
2470000.0	5.691915985267267	-1.8624521408091443	-0.31263634024470005	5.048233303489215	-1.5878427259023842	4.542666426974439e-06	3.559518141882549e-05	-1.6656658704991643	-0.3235775482744824
2480000.0	5.7424683905226255	-1.8784254398126743	-0.3126363046406837	5.061041977692417	-1.604947444018277	3.0952180201589713e-06	3.561825609976731e-05	-1.8531935549948417	-0.32598386378586386
2490000.0	5.793140039363822	-1.8945643727544066	-0.3126362689409964	5.072445513689674	-1.6215506150544068	3.1925039964451484e-06	3.555336125770953e-05	-2.0405106918438403	-0.32839732971238134
2500000.0	5.843930590151649	-1.910869331951345	-0.3126362318842094	5.084095288830355	-1.6376650646825284	4.552700357556656e-06	3.581567505232365e-05	-2.230900059743616	-0.3308181901567334
2510000.0	5.894840378302189	-1.927342466914125	-0.3126361962908299	5.096660428497562	-1.6550553039085083	3.091258160744378e-06	3.5835990543429044e-05	-2.4202224821958107	-0.3332460845000858
2520000.0	5.9458671589614935	-1.9439840639862247	-0.3126361605989773	5.10786005834978	-1.6719471603334444	3.1888257189053255e-06	3.576915042959262e-05	-2.609345763593369	-0.33568109953302766
2530000.0	5.997010686238959	-1.960794539418681	-0.3126361235377958	5.119269343897614	-1.6883296683593756	4.5605085102803674e-06	3.6035167336826446e-05	-2.8015615440639463	-0.33812348629005445
2540000.0	6.048271088844192	-1.9777759998793452	-0.31263608795073505	5.13165666459813	-1.7060327724185191	3.085801091275822e-06	3.605880937529823e-05	-2.9927129779119244	-0.34057287916677675
2550000.0	6.099646424807658	-1.994928827961659	-0.3126360522673044	5.142662317530085	-1.723218629221009	3.18405835651709e-06	3.59901897125947e-05	3.0995369386639218	-0.34302936395938133
2560000.0	6.151136278351968	-2.0122533744862854	-0.31263601520559237	5.15379705554058	-1.7398565550169605	4.564668203304146e-06	3.625729829735068e-05	2.9055122415821426	-0.3454931998191974
2570000.0	6.202740903175351	-2.0297518142228848	-0.31263597962428397	5.165963131869928	-1.7578572714791463	3.0814761134770525e-06	3.628003409104156e-05	2.7125528631550013	-0.3479640155910956
2580000.0	6.254457919945156	-2.0474243705527817	-0.31263594394938116	5.176728526697141	-1.7753230754879255	3.1799087464118884e-06	3.6209346305950704e-05	2.519833375481691	-0.3504418995693202
2590000.0	6.3062868780877235	-2.065271378994268	-0.31263590688498066	5.187581359164789	-1.792215975040359	4.571523627255386e-06	3.647977296005819e-05	2.3240085471684746	-0.35292711473855254
2600000.0	6.35822830354898	-2.08329514115163	-0.31263587131265086	5.1995330156331665	-1.8105179970263419	3.078265714490164e-06	3.650265773049706e-05	2.1292383719615766	-0.3554192811424076
2610000.0	6.410279990293331	-2.1014959245949334	-0.3126358356448409	5.210090448817283	-1.8282765863611363	3.1756100786413302e-06	3.6430346320267537e-05	1.9347151848736364	-0.3579184902676776
2620000.0	6.462441373777644	-2.1198740245117103	-0.31263579857460216	5.220722982657614	-1.8454488736071704	4.581451767563941e-06	3.6706648396932524e-05	1.737052743400286	-0.3604250097403534
2630000.0	6.514712883476471	-2.138431729746467	-0.31263576301388984	5.23241443250744	-1.8640359263449437	3.074238454242546e-06	3.672664300484378e-05	1.5404967464429282	-0.3629384572682756
2640000.0	6.5670922378949985	-2.157169278260301	-0.31263572735485545	5.242750339533257	-1.8820831510403855	3.1718729160327413e-06	3.6652321479371506e-05	1.3441759414066707	-0.36545892247861317
2650000.0	6.619578968952688	-2.176086990425986	-0.31263569028116234	5.25312797192123	-1.8995218406141066	4.589172551002368e-06	3.6932439799723635e-05	1.1446951112362445	-0.3679866799269002
2660000.0	6.672173298743085	-2.195187107898313	-0.3126356547276805	5.264622558493734	-1.918422665523106	3.0687126144486557e-06	3.69559678383245e-05	0.9463179712321272	-0.37052134189088476
2670000.0	6.724873079566771	-2.2144699050690972	-0.31263561907940335	5.274679859569286	-1.9367373459902983	3.16771911890358e-06	3.687603013200806e-05	0.7482332872799649	-0.37306299945139026
2680000.0	6.777677493743501	-2.233935569609495	-0.31263558200371566	5.284765270624277	-1.95442921492648	4.595934503909634e-06	3.715960991305252e-05	0.5469587097553524	-0.37561193173517615
2690000.0	6.8305873903772705	-2.2535866154049087	-0.31263554645935726	5.2960630908599775	-1.9736429671320757	3.065230151614698e-06	3.7183670096149196e-05	0.34675525093548165	-0.37816774029127564
2700000.0	6.883600612995356	-2.2734232952746734	-0.31263551081769136	5.305962674241575	-1.9922762536929437	3.1626759403000112e-06	3.710559662701129e-05	0.1468329810384634	-0.38073052173550814
2710000.0	6.936716392680211	-2.2934458084087415	-0.3126354737429079	5.315780729563309	-2.010229285658725	4.599468107230288e-06	3.73898717577654e-05	-0.056258760049509804	-0.3833005620962294
2720000.0	6.989934916253319	-2.313656437484049	-0.3126354382057534	5.326800486735295	-2.0297274663159146	3.0610162597886273e-06	3.741257570533304e-05	-0.258239234837678	-0.38587746251399996
2730000.0	7.043254284419382	-2.334055542583114	-0.31263540257370814	5.336463345071426	-2.048648331749179	3.158895483180762e-06	3.733239897680355e-05	-0.45995483505327545	-0.3884613131423749
2740000.0	7.0966735032152	-2.354643216662706	-0.3126353654935045	5.346022956634908	-2.066871188287803	4.609598207741619e-06	3.762328977578817e-05	-0.6648634351842904	-0.3910524094306067
2750000.0	7.150193024390589	-2.375421878192682	-0.31263532996913684	5.356765263790082	-2.0866530816146245	3.0569229101166866e-06	3.764301919516254e-05	-0.868623711393037	-0.39365034454278236
2760000.0	7.203810535881677	-2.396391714775317	-0.31263529434662957	5.366163719302846	-2.1058527264523224	3.154629395825948e-06	3.756101889839727e-05	-1.072113260424222	-0.3962552103151261
2770000.0	7.257525354240072	-2.417552939262842	-0.31263525726440095	5.375447032348004	-2.1243364025449276	4.617282493158029e-06	3.785552929790916e-05	-1.2788305102579325	-0.3988673042775058
2780000.0	7.3113377770276875	-2.4389079329202827	-0.3126352217482195	5.385972229604985	-2.144431870140664	3.0513269846201043e-06	3.787897507109452e-05	-1.4844052594484765	-0.4014862159245526
2790000.0	7.365245614259635	-2.4604569193413792	-0.3126351861374699	5.395074306013386	-2.163896275350533	3.1504058741461736e-06	3.779107430604375e-05	-1.6896509548665728	-0.40411203840682675
2800000.0	7.419247839720522	-2.482199968044133	-0.31263514905425244	5.404049701391628	-2.182629082999309	4.623903517753251e-06	3.808911545447634e-05	-1.898154561043827	-0.4067450735408041
2810000.0	7.473344822275176	-2.5041395177634387	-0.3126351135481083	5.41429739629684	-2.2030128561362035	3.0470804479289295e-06	3.8112525099478205e-05	-2.105506128197897	-0.4093849041809847
2820000.0	7.527534523946577	-2.526275851506713	-0.31263507794608225	5.423192168589789	-2.2227836787977036	3.145404462970972e-06	3.8026758276451406e-05	-2.312561377603158	-0.41203162086939366
2830000.0	7.5818158538603	-2.5486089864194135	-0.31263504086325233	5.431819219016348	-2.2417469965484274	4.630632019321837e-06	3.832415081941142e-05	-2.5228261984670213	-0.4146855364286945
2840000.0	7.636189349336331	-2.5711414758973477	-0.31263500536682676	5.441816155558704	-2.2624312186037656	3.0425768963859484e-06	3.834793901316177e-05	-2.731974115046415	-0.4173462225682408
2850000.0	7.690652647990005	-2.5938734473834653	-0.31263496977549876	5.4504306926794275	-2.2824779552860157	3.141091957942067e-06	3.825987613617455e-05	-2.9407931931569395	-0.420013774600949
2860000.0	7.745204818580783	-2.616804984807953	-0.31263493269385595	5.458783211435054	-2.3017046832497807	4.634126929844526e-06	3.8562188642757564e-05	3.1303189183792384	-0.4226885065158752
2870000.0	7.799846314107099	-2.6399386219669614	-0.3126348972059679	5.468481566828375	-2.322670647740744	3.0382559523211382e-06	3.858450081558793e-05	2.9194068108304645	-0.4253699896712118
2880000.0	7.854575010050863	-2.663274591970143	-0.31263486162480075	5.47684620379797	-2.343007056615846	3.1366243568231115e-06	3.849493453552326e-05	2.7088013203466743	-0.4280583145841663
2890000.0	7.909389531092615	-2.68681276551089	-0.31263482454317126	5.48487523649469	-2.3624767954127677	4.6406517618982845e-06	3.880026773373927e-05	2.4949528083745935	-0.4307538051257579
2900000.0	7.9642906226657315	-2.71055584514017	-0.3126347890667165	5.494310949904578	-2.383740546497171	3.0348643305214715e-06	3.882277915727199e-05	2.2822501730546314	-0.4334560226811557
2910000.0	8.019275990798917	-2.7345039666171287	-0.3126347534953549	5.5023888112853	-2.4043524400147294	3.132249059660093e-06	3.873108753475435e-05	2.0698838524903924	-0.4361650631145514
2920000.0	8.07434454801082	-2.758657128613652	-0.31263471641018376	5.51015940715559	-2.424096039620269	4.6502698075501306e-06	3.9043133815818e-05	1.8542148385602064	-0.43888125059755206
2930000.0	8.129496888437787	-2.7830179887896027	-0.31263468094779784	5.519289289776798	-2.4456381963900133	3.0306567214441626e-06	3.906233480503295e-05	1.6397477401876315	-0.4416041459451822
2940000.0	8.184730637647881	-2.807586643598622	-0.31263464538758134	5.527097716672643	-2.46653310090237	3.1283557915058856e-06	3.8968425241598624e-05	1.4256043191928969	-0.4443338428321101
2950000.0	8.240044805236959	-2.8323631190186362	-0.3126346083012946	5.534573665963819	-2.4865335882398494	4.657785920327543e-06	3.92845620134756e-05	1.2081360595953106	-0.44707067304630105
2960000.0	8.295440077845056	-2.857350154356926	-0.3126345728477571	5.543485548381612	-2.5083996150346697	3.0247048547374668e-06	3.930823566029968e-05	0.9918434589000128	-0.4498141901967516
2970000.0	8.350914370043435	-2.8825479648438237	-0.3126345372990263	5.551062320797678	-2.5295968441884797	3.1231946150192637e-06	3.921250733402839e-05	0.7758910433325461	-0.4525644904778355
2980000.0	8.406466159899562	-2.9079563129490342	-0.3126345002160564	5.558205534263338	-2.5498350384185	4.661240821930665e-06	3.952906786306319e-05	0.5566428601693626	-0.4553219156315863
2990000.0	8.462095988977257	-2.933577905566534	-0.3126344647719563	5.566796981685822	-2.5719773232893184	3.020313546333906e-06	3.95512450817245e-05	0.33859062593653366	-0.4580860134528639
3000000.0	8.51780168460996	-2.959412916876887	-0.3126344292347673	5.574069755946202	-2.593445219338514	3.118785735880893e-06	3.9453536392483486e-05	0.12087962472567397	-0.46085687690537563
3010000.0	8.573581682396815	-2.9854610705024336	-0.3126343921525873	5.580875351092714	-2.613920879353713	4.667620568661534e-06	3.977359691478815e-05	-0.1001415247275367	-0.4636348533142631
3020000.0	8.629436754559752	-3.011725222577671	-0.3126343567208242	5.589181596814193	-2.6363563711465074	3.0168529618095143e-06	3.9795983417082035e-05	-0.31997975931467115	-0.4664194820409537
3030000.0	8.685364802000537	-3.038205563666596	-0.3126343211945107	5.596168178984079	-2.658104019381841	3.114828375511349e-06	3.9695755547387145e-05	-0.5394647219754186	-0.4692108596087705
3040000.0	8.741364344797542	-3.064901845522848	-0.3126342841091437	5.602700546306819	-2.678850992957025	4.6770625570165765e-06	4.0023139429817104e-05	-0.7623067094799574	-0.4720093382945194
3050000.0	8.797435949092941	-3.0918168569320312	-0.3126342486923215	5.610678775094763	-2.7015587563478727	3.0125781799757387e-06	4.0042080061824995e-05	-0.9839053432580586	-0.47481445415291423
3060000.0	8.853577204650863	-3.118950629444801	-0.3126342131778192	5.617351283654184	-2.723574192113153	3.1103806361036933e-06	3.993990782042236e-05	-1.2051457319202945	-0.47762630296316694
3070000.0	8.90978692454932	-3.1463030487347976	-0.31263417609276095	5.623563905324195	-2.7445675639685083	4.684572824637337e-06	4.027111890351235e-05	-1.429779369830405	-0.48044523990046384
3080000.0	8.966065816741638	-3.173877007713743	-0.31263414068567374	5.631299934802642	-2.767595625036448	3.0065490217639214e-06	4.029476952100932e-05	-1.653200296400125	-0.4832707961140422
3090000.0	9.022411421005563	-3.20167249501021	-0.312634105184122	5.6376862406054205	-2.789893557163682	3.1052819622844774e-06	4.019019416042795e-05	-1.876221319786431	-0.4861030706140343
3100000.0	9.078822224470494	-3.229689213636109	-0.3126340681015718	5.64351331161	-2.811099180716151	4.691036983721525e-06	4.052051443831327e-05	-2.102602673504684	-0.4889424266592828
3110000.0	9.135298839839633	-3.257930057496166	-0.31263403270686574	5.650918633775339	-2.8344028525788363	3.0021148328353384e-06	4.0544178387618476e-05	-2.327784807678605	-0.49178838495333527
3120000.0	9.191838813622976	-3.2863950026410045	-0.3126339972177371	5.656980131694066	-2.8569651223391084	3.100799451447682e-06	4.043755811954115e-05	-2.5525582157733684	-0.4946410448589362
3130000.0	9.248440774880093	-3.3150838140231254	-0.31263396013860595	5.6624903117412435	-2.87841951939845	4.6940625686864146e-06	4.07731437091209e-05	-2.7807362893668803	-0.4975007726496427
3140000.0	9.305105457665013	-3.3439994744098556	-0.3126339247551065	5.6695760962559625	-2.902004691757682	2.998543061757301e-06	4.079540177854056e-05	-3.0076915195057556	-0.5003670869983234
3150000.0	9.361830709845588	-3.3731421095475858	-0.3126338892772208	5.675359828566958	-2.9248559631674254	3.0966292295486577e-06	4.068671861470392e-05	3.0489262541152304	-0.5032400863681303
3160000.0	9.418615129293585	-3.4025114512672565	-0.31263385219498274	5.680598009791429	-2.94658551389549	4.704651612131857e-06	4.102964308130294e-05	2.818911444944666	-0.5061201451283078
3170000.0	9.475459422090355	-3.4321105063897988	-0.31263381682495794	5.6874133823308775	-2.9704801967722223	2.9925878281019974e-06	4.105330569302604e-05	2.5901374590784885	-0.5090067783129607
3180000.0	9.532361090920492	-3.4619392050468782	-0.31263378136053094	5.692892194328001	-2.993608500631035	3.091472906085211e-06	4.094225432176417e-05	2.3617897185816457	-0.5119000868100547
3190000.0	9.589318668295785	-3.491997231648064	-0.3126337442831856	5.6977677759010685	-3.01556208482834	4.707752842086388e-06	4.128595839565947e-05	2.1299980070482163	-0.5148004499036203
3200000.0	9.646332876655892	-3.5222876429098786	-0.3126337089248427	5.704249351312483	-3.0397336536309405	2.9889881571993473e-06	4.130823920699929e-05	1.899448429894289	-0.5177073762848861
3210000.0	9.703401528704537	-3.5528105269754615	-0.31263367347204296	5.709436140212951	-3.0631468389447147	3.087265088362584e-06	4.119514040187329e-05	1.6693036207394294	-0.5206209664273471
3220000.0	9.760522874018049	-3.583565392066711	-0.31263363639300185	5.71399975861893	-3.08535718921679	4.717045938428734e-06	4.154602299897102e-05	1.4356947602897356	-0.523541608345183
3230000.0	9.817697476728052	-3.6145552498847624	-0.31263360105096455	5.720117009255209	-3.1097884264392635	2.9846143632668953e-06	4.156465306385289e-05	1.2033866707093552	-0.5264688049342409
3240000.0	9.874922112310434	-3.6457795848041887	-0.3126335656140103	5.724792843151477	-3.133365704901722	3.0831336142868184e-06	4.1440363743229686e-05	0.971616613090902	-0.5294026618559913
3250000.0	9.932192777125929	-3.6772366336686697	-0.3126335285515629	5.728558413982707	-3.1555559737112784	4.7154233814720555e-06	4.1777321796578645e-05	0.7365892316874224	-0.5323435641015408
3260000.0	9.989508314813191	-3.7089284922087606	-0.3126334932261513	5.73379491710418	-3.1799628088138445	2.9834435302527773e-06	4.178796641155525e-05	0.5029791607526307	-0.5352909885717473
3270000.0	10.046864672525462	-3.7408541732242853	-0.3126334578088077	5.737593841827624	-3.2035022989585906	3.080565851195094e-06	4.166209542046833e-05	0.26994662615060605	-0.5382450115835745
3280000.0	10.104258327782171	-3.773012125193895	-0.31263342076406847	5.740452810179729	-3.2256073133462353	4.713746979659532e-06	4.1997338401993084e-05	0.033673821817273034	-0.5412060035926136
3290000.0	10.16168822529589	-3.8054044950608903	-0.3126333854562755	5.744836373664809	-3.2499950195946585	2.982330455526831e-06	4.200692108342608e-05	-0.2011807202801393	-0.5441734211216678
3300000.0	10.219150421263622	-3.8380303029188645	-0.31263335005843246	5.747816886233274	-3.2735172445084384	3.077806911159835e-06	4.1880117272619965e-05	-0.4354482009710193	-0.5471473262337624
3310000.0	10.276641402625957	-3.870887932887568	-0.31263331303233866	5.7497931629420345	-3.2955371217240677	4.712012829770618e-06	4.2212791598654134e-05	-0.6729090444523099	-0.5501280829235049
3320000.0	10.334160241410135	-3.9039796005514136	-0.312633277742821	5.7533472762951865	-3.319906293532285	2.9811339235830094e-06	4.222111013897667e-05	-0.9089542532766619	-0.5531151302263424
3330000.0	10.391703098448717	-3.9373043267893877	-0.3126332423649652	5.755531503482466	-3.343410984837293	3.075044884051821e-06	4.2093190258161234e-05	-1.14440352854001	-0.5561085201515981
3340000.0	10.44926647109921	-3.9708604266859564	-0.3126332053579979	5.756651925120827	-3.3653463024143138	4.7102157805099955e-06	4.2423177740365276e-05	-1.3830012359136281	-0.5591086137447902
3350000.0	10.506849550369616	-4.00465017743286	-0.3126331700871716	5.759398839044112	-3.389695715628756	2.9798757120238936e-06	4.2430085526006936e-05	-1.6201860148498242	-0.5621148362603628
3360000.0	10.564448597037336	-4.038672595154533	-0.3126331347295841	5.760807810718452	-3.4131809464852547	3.0722970527508186e-06	4.2300924275598886e-05	-1.8567665758590695	-0.5651272327990057
3370000.0	10.622060120138022	-4.072925922346498	-0.31263309774202513	5.761097931188007	-3.4350306985145713	4.708377361973661e-06	4.2628149842273774e-05	-2.096452508592246	-0.5681461640735207
3380000.0	10.679683422176437	-4.107412492010722	-0.31263306249012146	5.76305887736846	-3.459357699707283	2.978574323609686e-06	4.263354846151123e-05	-2.334728265884139	-0.5711710444102593
3390000.0	10.737314859809837	-4.142131311112912	-0.3126330271529131	5.763712705451037	-3.482820232891918	3.0695773270687865e-06	4.25030660450355e-05	-2.5723920520839694	-0.5742019143785275
3400000.0	10.794950955298088	-4.1770805470210535	-0.3126329901848808	5.76319697297436	-3.504582162329978	4.706515331384214e-06	4.282748850705952e-05	-2.8131199245910063	-0.5772391362876022
3410000.0	10.852591115823625	-4.212262583778961	-0.3126329549519793	5.764392311332617	-3.528882976771687	2.9772450281776524e-06	4.283131643104817e-05	-3.052440396635169	-0.580282115731681
3420000.0	10.910231790327297	-4.2476764157306315	-0.31263291963512313	5.7643103195647285	-3.552318553037382	3.066896759226676e-06	4.269946738196136e-05	2.9920436798318772	-0.5833308905380193
3430000.0	10.96786951600029	-4.283320133412428	-0.31263288268660255	5.763012208501388	-3.573989426615271	4.704644240987596e-06	4.302107197751067e-05	2.7503179595717877	-0.5863858260180629
3440000.0	11.025503798410643	-4.3191961679901265	-0.3126328474726599	5.7634615348753595	-3.598259412089955	2.975900353397193e-06	4.302329577821234e-05	2.5099968622936157	-0.589446320727311
3450000.0	11.08313117554047	-4.355303498496539	-0.3126328121760174	5.762662353311258	-3.621662987153513	3.0642640007514867e-06	4.289006037958421e-05	2.270301835266635	-0.5925124110925009
3460000.0	11.140748201293743	-4.391640137612667	-0.3126327752468864	5.760604462827981	-3.6432388208949336	4.702775944765674e-06	4.3208852913182244e-05	2.027620305763079	-0.5955844664359945
3470000.0	11.198354473758087	-4.428208560401968	-0.3126327400517601	5.760326688217243	-3.667472675384937	2.9745505192602624e-06	4.3209460494071713e-05	1.7863406345918111	-0.5986618795843609
3480000.0	11.255946616986213	-4.465007728528758	-0.3126327047751036	5.758828322567953	-3.6908386134380895	3.061685702736626e-06	4.307483820703161e-05	1.5456934574842216	-0.6017446865648205
3490000.0	11.313521203391979	-4.502035576345954	-0.3126326678651532	5.756032451635756	-3.7123148566233723	4.700920036688672e-06	4.339084044832684e-05	1.3020962281839468	-0.6048332614190273
3500000.0	11.371077918069169	-4.539294620158299	-0.3126326326886219	5.755045861359595	-3.736506787354743	2.9732038177127316e-06	4.3389835830978825e-05	1.0598981174817834	-0.6079269922611659
3510000.0	11.428613468383649	-4.576783802718802	-0.3126325974316531	5.752865744670153	-3.759829018311461	3.059166864343735e-06	4.325384027554855e-05	0.8183385513573284	-0.6110259154609644
3520000.0	11.486124447033193	-4.614500980023387	-0.31263256054060645	5.7493529502860845	-3.781200702900809	4.699084228279471e-06	4.3567086342749165e-05	0.5738639143486162	-0.6141304102606616
3530000.0	11.543610620903365	-4.652448707423814	-0.31263252538238584	5.747675249074077	-3.805344563366726	2.9718669355250057e-06	4.356448564936445e-05	0.33078569063957897	-0.6172398608540769
3540000.0	11.601068778087575	-4.690625907636288	-0.31263249014475114	5.744830281091515	-3.8286167101241637	3.0567111268175323e-06	4.342714076597701e-05	0.08835171689569615	-0.620354304498362
3550000.0	11.658495533293953	-4.72903035862644	-0.3126324532722777	5.740620924666353	-3.8498785716893993	4.697274667639576e-06	4.373767427163399e-05	-0.15696375192771445	-0.6234741259461007
3560000.0	11.715890730245082	-4.767664652973859	-0.3126324181320346	5.738269271951045	-3.873967972309285	2.970545229786234e-06	4.373350262601146e-05	-0.40088547083125575	-0.6265987060904062
3570000.0	11.773251235318783	-4.806527692569973	-0.3126323829133381	5.734775849954044	-3.897183453380817	3.054321023431476e-06	4.3594839744119784e-05	-0.6441575543740738	-0.6297280834706148
3580000.0	11.830573686897482	-4.845617177960204	-0.3126323460590656	5.729889635330386	-3.918330028645804	4.695496207336613e-06	4.390271153859868e-05	-0.8902789029829746	-0.6328626485300473
3590000.0	11.887858000816308	-4.884935737436482	-0.3126323109364292	5.726880673715204	-3.9423584258264026	2.9692429573036784e-06	4.3897000671411965e-05	-1.1350091172811496	-0.6360017793480848
3600000.0	11.945101119415892	-4.924482251549704	-0.3126322757362427	5.722754717430784	-3.965510537802287	3.0519981861084415e-06	4.375705626983609e-05	-1.3790846082443962	-0.6391455160265761
3610000.0	12.002299706346122	-4.9642543442596	-0.3126322388997677	5.717210722964124	-3.986536243054376	4.693752629876361e-06	4.40623226487092e-05	-1.625978423644622	-0.6422942547826379
3620000.0	12.059453745038237	-5.004254678300319	-0.3126322037943388	5.7135606019496175	-4.010497010594609	2.9679634669608467e-06	4.4055109045502084e-05	-1.8714836680353173	-0.6454473712664912
3630000.0	12.11656025158042	-5.0444821125853325	-0.3126321686122109	5.708817574371387	-4.0335789941468425	3.0497435181833647e-06	4.3913923044489704e-05	-2.1163293781552612	-0.6486049073356163
3640000.0	12.1736159164086	-5.084934195499692	-0.3126321317931065	5.702634280751001	-4.054478188029961	4.6920468331156396e-06	4.421664432015096e-05	-2.363963708006706	-0.6517672649910657
3650000.0	12.230620786224426	-5.125613623147325	-0.31263209670446485	5.698358677131184	-4.078364674140875	2.9667093594991757e-06	4.4207967788969215e-05	-2.6102119743713654	-0.6549338177592235
3660000.0	12.287571948743715	-5.1665192326828056	-0.3126320615399272	5.6930136024904865	-4.1013697666109845	3.0475573360777137e-06	4.406558225066581e-05	-2.8557961540691723	-0.6581046093799365
3670000.0	12.344466122631461	-5.207648498065	-0.3126320247377499	5.686208917475371	-4.122136800194875	4.690380986199304e-06	4.436582161148465e-05	-3.104140433914101	-0.6612800475940511
3680000.0	12.40130341371109	-5.249004147854029	-0.3126319896654609	5.681323053399941	-4.145942372797344	2.9654826197254807e-06	4.435572417380349e-05	2.932084207762706	-0.6644595040479688
3690000.0	12.458080979293142	-5.290584997464072	-0.31263195451803444	5.675390533144068	-4.168863849870024	3.045439486872352e-06	4.421218231615225e-05	2.6857919396442727	-0.6676430244401987
3700000.0	12.514795567640153	-5.332388447682194	-0.3126319177323299	5.667981814029159	-4.189493106354221	4.6887566580883904e-06	4.4510004912239634e-05	2.4367669542206865	-0.670831022167217
3710000.0	12.571447339714524	-5.374417258738283	-0.31263188267594927	5.662500473387212	-4.21321118884826	2.964284725237922e-06	4.449852994751462e-05	2.1891231942577996	-0.6740228671915081
3720000.0	12.628033520469353	-5.4166702244358165	-0.3126318475451489	5.655994700745678	-4.236042397350756	3.0433894435977743e-06	4.4353875401045334e-05	1.942151916144676	-0.6772186072083554
3730000.0	12.684550889060725	-5.459144673724666	-0.31263181077545577	5.647998775105159	-4.256528323339255	4.687174923020158e-06	4.464934761121862e-05	1.6924742129743078	-0.680418661156598
3740000.0	12.740999657763732	-5.501843397819423	-0.31263177573453393	5.641936318699066	-4.280152422627139	2.963116737582172e-06	4.463653919456004e-05	1.4441754079425742	-0.6836223974736357
3750000.0	12.79737711729758	-5.544765169130297	-0.3126317406198719	5.634871092238664	-4.302886806112052	3.0414063841534448e-06	4.4490815445529015e-05	1.1965529571345674	-0.6868298658608835
3760000.0	12.853680078938329	-5.587907246164036	-0.31263170386572636	5.626304277343609	-4.323223936032809	4.685636449307845e-06	4.478400428792921e-05	0.9462493270032936	-0.6900414906655404
3770000.0	12.909908802595895	-5.6312724505152385	-0.31263166883981164	5.6196746571601155	-4.346747664243163	2.9619793761271955e-06	4.476990668320745e-05	0.6973223300570426	-0.6932566389296927
3780000.0	12.966060642950893	-5.674859533486939	-0.3126316337408011	5.612063393588135	-4.36937878271916	3.039489255840583e-06	4.462315666244031e-05	0.44907536065325226	-0.6964753623487474
3790000.0	13.022132444559357	-5.718665684579507	-0.31263159700173915	5.602941514768461	-4.3895617576702355	4.6841415723896294e-06	4.49141293207982e-05	0.19817145329614505	-0.6996980905299456
3800000.0	13.078124511429575	-5.762693755226095	-0.3126315619903806	5.595758287552405	-4.412978848777268	2.96087307953882e-06	4.4898786592314087e-05	-0.051358023056090066	-0.7029241892270952
3810000.0	13.134034260467155	-5.806942475961826	-0.3126315269065375	5.587614033940517	-4.435500393682246	3.0376368265832507e-06	4.475105237300999e-05	-0.30020398557048	-0.706153712101561
3820000.0	13.189858570605082	-5.851408968746528	-0.31263149018209757	5.57795244206736	-4.455523975748405	4.682690353904442e-06	4.5039875816797205e-05	-0.5516836086934866	-0.7093870938629022
3830000.0	13.245597786548599	-5.896096114359762	-0.31263145518484714	5.570228782341754	-4.478828298039449	2.959798055843281e-06	4.5023331534767656e-05	-0.8017909401489146	-0.7126236990658706
3840000.0	13.301249385757306	-5.941002622948595	-0.3126314201156928	5.561564227903879	-4.501234103359206	3.035847728956153e-06	4.48746541191144e-05	-1.0512114473644976	-0.7158635832981716
3850000.0	13.356810282578481	-5.986125550416272	-0.3126313834054177	5.5513778161367435	-4.521093186254164	4.68128263266501e-06	4.516139479828757e-05	-1.3032432632373907	-0.7191071862083093
3860000.0	13.412280859142182	-6.031467806434612	-0.3126313484218321	5.543126528757236	-4.544278751435325	2.9587543260829725e-06	4.514369181714791e-05	-1.5539048641468873	-0.7223538712272058
3870000.0	13.467658651853778	-6.077028081172817	-0.31263131336689415	5.533954016245334	-4.566562801694318	3.0341204937946194e-06	4.4994110987121874e-05	-1.8038764959915181	-0.7256036958210399
3880000.0	13.522940611455878	-6.1228033659708085	-0.31263127667033264	5.5232572361127845	-4.586252418418242	4.679918065419763e-06	4.527883458878954e-05	-2.0564379729181557	-0.7288571044110971
3890000.0	13.578127154355146	-6.168796598967276	-0.3126312416999745	5.514490768425622	-4.609313387992729	2.957741756644853e-06	4.526001488324127e-05	-2.307631249394169	-0.7321134593686794
3900000.0	13.633215874354917	-6.215006450785802	-0.3126312066587888	5.504822305189266	-4.631469823717315	3.032453579422445e-06	4.5109569104018005e-05	-2.55813156797769	-0.7353728199848729
3910000.0	13.68820375952105	-6.261429849698441	-0.31263116997549684	5.493629182087776	-4.6509851517963	4.67859616190971e-06	4.5392340358234796e-05	-2.8112011209580205	-0.7386356352869632
3920000.0	13.743091257507604	-6.30806976190665	-0.31263113501793627	5.484359635724638	-4.673915841244163	2.9567600891497387e-06	4.537244490399731e-05	-3.0629044264433745	-0.7419012666421414
3930000.0	13.797876018026267	-6.354924838935946	-0.312631099990047	5.47420690447786	-4.6959389623763705	3.030845393438423e-06	4.522117126437455e-05	2.969273374883345	-0.7451697751091092
3940000.0	13.852555067344035	-6.4019919474824825	-0.3126310633195885	5.462531052633734	-4.715275327146214	4.6773163119879255e-06	4.550205379070842e-05	2.715716426458264	-0.7484416141553767
3950000.0	13.907128881447425	-6.449274081421583	-0.31263102837440365	5.4527701949675125	-4.7380702083155315	2.9558089643058797e-06	4.548112248157141e-05	2.4635238333360565	-0.7517161441926444
3960000.0	13.961595164523017	-6.49676987363813	-0.31263099335936506	5.4421445642728985	-4.759954475983314	3.0292943120637804e-06	4.5329056667183443e-05	2.212029742797666	-0.7549934279877097
3970000.0	14.015950981869642	-6.544476130736307	-0.31263095670131286	5.429999201177096	-4.779107352291025	4.676077810465282e-06	4.5608112855089106e-05	1.9580052152931002	-0.7582739232847593
3980000.0	14.070196835001223	-6.592395873886683	-0.31263092176809043	5.419758476466129	-4.801761054359684	2.9548879403882267e-06	4.558618444615937e-05	1.7053432107380087	-0.7615569895831432
3990000.0	14.124330481199907	-6.640527717796405	-0.3126308867654668	5.408671010950017	-4.823501091315034	3.0277986951488407e-06	4.543336073027836e-05	1.4533822806697936	-0.7648426912971515
4000000.0	14.178349025582635	-6.688868410449975	-0.31263085011940306	5.396068971326361	-4.842466103948403	4.674879877326047e-06	4.571065164697654e-05	1.1989091643408814	-0.7681314902872196
4010000.0	14.232252992491345	-6.737420999940897	-0.3126308151977394	5.385359511546673	-4.864973413238216	2.953996510890911e-06	4.568776372013615e-05	0.9457967974144837	-0.7714227451791074
4020000.0	14.286040190976665	-6.786184083263418	-0.3126307802071055	5.373820981852342	-4.886564003231697	3.026356897955114e-06	4.553421497707653e-05	0.6933879530579526	-0.7747165219737772
4030000.0	14.339707766718051	-6.835154351240145	-0.31263074357262244	5.360774731155963	-4.905336926330833	4.67372167252784e-06	4.5809800296610714e-05	0.43848444829863253	-0.7780132864912493
4040000.0	14.393256264287704	-6.884334878518318	-0.31263070866212317	5.34960736653472	-4.927692785192917	2.9531341170121144e-06	4.5785989243124716e-05	0.1849399770819489	-0.7813123965189304
4050000.0	14.4466835432281	-6.93372424484322	-0.3126306736830646	5.3376282590232345	-4.94912887150625	3.02496728087035e-06	4.563174696876188e-05	-0.06789864054442715	-0.784613919584067
4060000.0	14.499986790486082	-6.983319085316634	-0.3126306370597645	5.324149906488084	-4.967705627156924	4.672602310098793e-06	4.590568492212154e-05	-0.3232150887200983	-0.787918325313814
4070000.0	14.553166568364185	-7.033122500770877	-0.3126306021600455	5.312535175749865	-4.989905132133093	2.9523001596842103e-06	4.58809859377113e-05	-0.5771741627150088	-0.7912249706896107
4080000.0	14.606220785668764	-7.083133054163036	-0.3126305671921591	5.300125701937597	-5.01118181543443	3.0236282174286333e-06	4.57260802825385e-05	-0.8304251628375966	-0.7945339247055105
4090000.0	14.659146671281638	-7.133347326296704	-0.3126305305796547	5.286227013204871	-5.029558471618815	4.671520872110705e-06	4.5998427620855246e-05	-1.0861378319753212	-0.7978456606478689
4100000.0	14.711944802829949	-7.1837684438191305	-0.31263049569034196	5.274175173515923	-5.051596871027228	2.951494008503344e-06	4.597287471077771e-05	-1.3404947310401718	-0.8011595347222125
4110000.0	14.764613137202875	-7.234394953355015	-0.3126304607332356	5.261345279273883	-5.07270940670534	3.022338100346121e-06	4.5817334517570394e-05	-1.5941414407649277	-0.8044756173311843
4120000.0	14.81714894584964	-7.285223382812666	-0.3126304241311501	5.2470376885887875	-5.090882174744052	4.670476413598577e-06	4.608814648871993e-05	-1.8502342997141108	-0.8077943852771095
4130000.0	14.869552819406861	-7.336256884281001	-0.3126303892518798	5.234558725237338	-5.1127548658128985	2.9507150099562287e-06	4.606177248122917e-05	-2.1049729387304055	-0.8111151940177315
4140000.0	14.921822761710818	-7.387493988501784	-0.31263035430517233	5.2213180997213975	-5.133698660899444	3.021095346895324e-06	4.590562532731668e-05	-2.3589993721983946	-0.814438115307577
4150000.0	14.97395608737729	-7.438931171870239	-0.31263031771313937	5.206612721740243	-5.151663892503642	4.669467975872309e-06	4.617495566428929e-05	-2.615457051330598	-0.8177636293265104
4160000.0	15.025953397824573	-7.490571611539327	-0.31263028284355787	5.193716357514369	-5.1733664181638375	2.949962493703921e-06	4.614779222839996e-05	-2.8705620080192924	-0.8210910908110155
4170000.0	15.077812742743989	-7.542413822809899	-0.3126302479068797	5.180074441868709	-5.194137027947603	3.0198984020469998e-06	4.599106447131481e-05	-3.12495283699846	-0.8244205728124729
4180000.0	15.12953148048561	-7.594454231924906	-0.3126302113245437	5.1649820830603375	-5.211891211969428	4.668494588997135e-06	4.625896538720411e-05	2.9014247073613375	-0.8277525587546903
4190000.0	15.181110221105643	-7.646696040718398	-0.31263017646430774	5.151677787367517	-5.233419257386539	2.949235778493549e-06	4.6231043056866596e-05	2.645968220807273	-0.8310864026780528
4200000.0	15.232547059100547	-7.69913774948406	-0.3126301415373	5.137643783170393	-5.25401238179701	3.018745741818752e-06	4.607375988064772e-05	2.391227694972537	-0.8344221788775575
4210000.0	15.283839397092672	-7.751775735651553	-0.31263010496431565	5.122174952842058	-5.271552140760576	4.66755527952434e-06	4.634028207359658e-05	2.134083978900701	-0.8377603738921707
4220000.0	15.334987851713363	-7.804613225347004	-0.312630070113092	5.108471950550766	-5.2929015296815525	2.9485341759202994e-06	4.6311630273148875e-05	1.878290142875765	-0.8411003410901722
4230000.0	15.385990561254928	-7.857648704281818	-0.312630035195407	5.09405482802453	-5.3133130095057375	3.017635875466079e-06	4.6153815735446276e-05	1.623214016029776	-0.8444421559587912
4240000.0	15.436844973121836	-7.910878502389232	-0.3126299986314394	5.078219748977375	-5.330635095977843	4.6666490750387185e-06	4.641900839574407e-05	1.3657478969091867	-0.8477863080281214
4250000.0	15.487551708535767	-7.964305869691838	-0.31262996378890523	5.0641270289896525	-5.351801786943528	2.9478569955536687e-06	4.638965546936044e-05	1.1096303102163783	-0.8511321500173146
4260000.0	15.538108948614774	-8.01792927773435	-0.312629928880206	5.049335534970497	-5.372027599935182	3.016567347508072e-06	4.6231332548654384e-05	0.8542321009398509	-0.8544797585563297
4270000.0	15.588514186028618	-8.071745010248225	-0.31262989232493077	5.033144153792269	-5.389128892789256	4.665775007217798e-06	4.6495243375312526e-05	0.5964565733897003	-0.8578296260470282
4280000.0	15.638768044679685	-8.125756340749968	-0.31262985749077304	5.018670477362979	-5.41010897526763	2.947203547128518e-06	4.646521661593868e-05	0.34002827788798673	-0.8611811045815079
4290000.0	15.688868747579406	-8.179961727023603	-0.3126298225907333	5.003513143038707	-5.430145232185749	3.015538738388858e-06	4.6306407258368556e-05	0.08432095189108237	-0.8645342718848388
4300000.0	15.738813833120718	-8.23435740787124	-0.312629786043836	4.986975140053073	-5.447022732804725	4.6649321160072346e-06	4.656908247618882e-05	-0.1737515215237185	-0.8678896231158528
4310000.0	15.788603926049527	-8.288946679893538	-0.31262975121775133	4.972129048853644	-5.467812423279139	2.946573143562934e-06	4.653840815725266e-05	-0.43047801738508173	-0.8712465097608574
4320000.0	15.838237290374636	-8.3437279875101	-0.3126297163260553	4.956614197267353	-5.48765536389857	3.014548665593808e-06	4.637913332183081e-05	-0.6864820239652607	-0.8746050105942862
4330000.0	15.887711510646112	-8.398697525844007	-0.31262967978723155	4.939738996143736	-5.504306192346733	4.664119452142602e-06	4.664061770352653e-05	-0.9448394902651532	-0.8779656234215846
4340000.0	15.937027210685917	-8.453858614163016	-0.3126296449689264	4.924528820066735	-5.524901830392725	2.945965103190637e-06	4.6609321110468484e-05	-1.2018521889687406	-0.8813276991437949
4350000.0	15.986182694639336	-8.509209683908756	-0.3126296100852686	4.908664573401001	-5.5445478195127444	3.0135957841456158e-06	4.6449600813544615e-05	-1.4581409473110902	-0.8846913175408024
4360000.0	16.035175593624714	-8.564746887753698	-0.3126295735542238	4.891461350436564	-5.560969210709774	4.663336078637646e-06	4.670993770433212e-05	-1.71677194164002	-0.8880569789586215
4370000.0	16.084006528839954	-8.620473567208274	-0.31262953874341415	4.8758952151665245	-5.5813672550832525	2.9453787519106836e-06	4.667804316624651e-05	-1.9740593351257258	-0.8914240337328748
4380000.0	16.132673843739664	-8.676388141112815	-0.31262950386749916	4.859689501804426	-5.600812778560444	3.012678786893689e-06	4.6517896524584404e-05	-2.2306214024566233	-0.8947925626067773
4390000.0	16.181175216400064	-8.732486720895928	-0.31262946734394853	4.842167194893137	-5.617002078480491	4.662581074256915e-06	4.677712786868956e-05	-2.48951492757702	-0.8981630683650436
4400000.0	16.22951126375965	-8.78877266987902	-0.3126294325403596	4.826253029235058	-5.63719910324725	2.9448134244690387e-06	4.674465879035452e-05	-2.7470659767211965	-0.9015349007970834
4410000.0	16.277680367787802	-8.845244394668072	-0.3126293976719017	4.809713590602888	-5.656440764071901	3.0117964037700125e-06	4.6584104061988166e-05	-3.0038903759859963	-0.904908141569066
4420000.0	16.325680253887615	-8.901897966633248	-0.31262936115556955	4.791880907890666	-5.672395425983114	4.661853532854298e-06	4.6842270430856876e-05	3.0201494244964966	-0.908283295806572
4430000.0	16.37351153316546	-8.958736770468013	-0.31262932635893564	4.7756264508720445	-5.692388116695002	2.944268465946835e-06	4.680924932378594e-05	2.7623453094953	-0.9116597127714028
4440000.0	16.42117262534221	-9.015759200901371	-0.31262929149765883	4.758760848074467	-5.711422631125215	3.0109474032360795e-06	4.6648303948542724e-05	2.5052691090667554	-0.9150374750139959
4450000.0	16.46866130349738	-9.072961290409502	-0.3126292549882787	4.740626276327583	-5.727140211892444	4.661152566886986e-06	4.690544457188401e-05	2.2458817407156717	-0.9184170899068569
4460000.0	16.51597817139274	-9.130346444611941	-0.312629220198343	4.724039084063555	-5.746925361837753	2.9437432323391363e-06	4.68718930852735e-05	1.9878347190883525	-0.9217979062022119
4470000.0	16.563121685767612	-9.187913046708719	-0.31262918534398054	4.7068547043124775	-5.765749555606335	3.010130590257186e-06	4.6710573722355267e-05	1.7305168205652044	-0.9251800072977112
4480000.0	16.610089667708852	-9.245657091425873	-0.31262914884129517	4.688426516992059	-5.781227712065505	4.660477306340611e-06	4.6966726517293805e-05	1.4708972990987876	-0.9285639027225975
4490000.0	16.656882712179343	-9.303582004856194	-0.3126291140578095	4.671513969346005	-5.800802218589562	2.943237091877848e-06	4.6932665468290374e-05	1.2126171174363418	-0.9319489407370065
4500000.0	16.703499312232886	-9.361686159009533	-0.31262907921010386	4.654018032183963	-5.819413023196057	3.0093448069225534e-06	4.6770988032633175e-05	0.9550672139599271	-0.9353352055503162
4510000.0	16.749937337276958	-9.419965511985483	-0.3126290427138644	4.635304297244363	-5.834649508605319	4.659826901333713e-06	4.7026189635945944e-05	0.6952248536573017	-0.9387232087619309
4520000.0	16.796197372077337	-9.478423509890625	-0.31262900793658904	4.6180736042596635	-5.854010369525003	2.9427494261065726e-06	4.6991639040260925e-05	0.436720863059732	-0.942112298156852
4530000.0	16.842277945326334	-9.537058513874477	-0.3126289730952917	4.60027316759913	-5.872404818616676	3.008588931453147e-06	4.682961873833974e-05	0.1789482548450899	-0.9455025587222138
4540000.0	16.888176975048463	-9.595866446514188	-0.312628936605258	4.581281755021006	-5.887397479202292	4.659200520712156e-06	4.7083904539058736e-05	-0.08110800789545383	-0.9488945040444834
4550000.0	16.933895034468357	-9.654850773464238	-0.31262890183396136	4.563739963155363	-5.906541789312313	2.9422796293018346e-06	4.704888363865433e-05	-0.3398268354148872	-0.95228748144997
4560000.0	16.979430687267794	-9.71400984533502	-0.3126288669988322	4.545641929110912	-5.924717015161216	3.007861877664246e-06	4.688653500037426e-05	-0.5978132248130525	-0.955681576671045
4570000.0	17.02478190036871	-9.77333955026594	-0.31262883051477247	4.526380518168192	-5.939463786760808	4.6585973542815174e-06	4.713993917223278e-05	-0.8580748158060201	-0.9590773052014818
4580000.0	17.06994923416274	-9.83284337298739	-0.31262879574923125	4.508534516320353	-5.9583887344384125	2.9418271098373267e-06	4.7104466464659727e-05	-1.1169998716262508	-0.9624740139248446
4590000.0	17.11493128669808	-9.892519653883408	-0.31262876092003866	4.490145636869131	-5.976341964521459	3.007162594800079e-06	4.694180337588548e-05	-1.3751914797486173	-0.9658717892876124
4600000.0	17.159726074059126	-9.952364247721594	-0.31262872444172907	4.470621723150373	-5.990840869322339	4.658016612641736e-06	4.719435891005581e-05	-1.635650172030564	-0.9692711486143197
4610000.0	17.204334142563102	-10.012380657830406	-0.31262868968172736	4.452478248492613	-6.009543733237893	2.9413912901012305e-06	4.715845217511259e-05	-1.8947731959045477	-0.9726714383612498
