1662.19970703125	0.0	-0.786	0.0	0.0011602232777163561	0.0	-8.507754976817967e-05	0.0	-0.0	0.0
1671.73828125	-1.4501220207586618	-0.7859854420199445	-0.298341671896083	-0.012509755934257728	0.0014558022597358122	0.1656603548829893	1.0827915822350362e-06	5.148753573600828e-05	1.476113828191351e-05
1684.2236328125	-1.450239783161028	-0.7859796727833732	-0.2956990959661985	-0.012006719612403979	0.0005769240521795139	0.26397052819963	4.359695392040639e-06	5.550393421318152e-05	2.56078957806195e-05
1694.137451171875	-1.4507063439091394	-0.7859801143608851	-0.2863073619819735	-0.03538325625382981	0.0002589198657308469	0.5766054980102492	2.5431217479934595e-05	0.00020616804853232712	3.864498026212626e-05
1708.434326171875	-1.4507063439091394	-0.7859801143608851	-0.2863073619819735	-0.035499872084413825	0.00025892950082521987	0.5760494452095737	2.5431217479934595e-05	0.00020616804853232712	3.864498026212626e-05
1718.694091796875	-1.4510545280341456	-0.7859863674810907	-0.2795584119375668	-0.03478756545955778	-0.0006253701311871834	0.6765590537430193	4.664799811766209e-05	0.0001985613692395999	4.228289795148531e-05
1727.716552734375	-1.4512568308911882	-0.7860147965978866	-0.2727856172436858	-0.02051439528213872	-0.0028429242000252352	0.6772795414071852	4.66936677031191e-05	0.00019858958501980478	4.630926260458922e-05
1740.816650390625	-1.450915434535233	-0.786040540152705	-0.2660056679304457	0.03374142442855687	-0.0025743740803689337	0.6779950204329791	4.673842102200352e-05	0.00019862206278360416	4.67210015966401e-05
1750.742919921875	-1.450140963847764	-0.7860720229324878	-0.25921868050702584	0.07703922546863755	-0.003148294283169196	0.6786988204197386	4.678204057659951e-05	0.0001986488082084015	4.206644025273266e-05
1760.34619140625	-1.4492481832272617	-0.786128616437952	-0.2524244809269011	0.08859153518518359	-0.00565936886112087	0.6794201089440784	4.682466663590089e-05	0.00019867718343456162	3.222303300005453e-05
1772.852294921875	-1.4459699223595779	-0.786240673886486	-0.23881472496550735	0.1853302214467708	-0.005813826288504322	0.6808397938727283	4.690393268807492e-05	0.00019873672858702343	-1.4602255344558438e-05
1782.863525390625	-1.4459699223595779	-0.786240673886486	-0.23881472496550735	0.1846269623365586	-0.005813816019638063	0.6808399400927987	4.690393268807492e-05	0.00019873672858702343	-1.4602255344558438e-05
1794.9892578125	-1.444018153539077	-0.786327722957456	-0.23199911091254313	0.1942344194765352	-0.008704803911203375	0.6815616058086775	4.694063201424071e-05	0.00019876539612514354	-5.179701497821197e-05
1802.178955078125	-1.4386462655188081	-0.7864990827886124	-0.21834652727264633	0.289865222170907	-0.008714325750604678	0.6829810413091078	4.700610391663348e-05	0.00019882541351360253	-0.0001627864894222977
1814.841796875	-1.4386462655188081	-0.7864990827886124	-0.21834652727264633	0.2889655228669551	-0.008714179292287547	0.682981232432938	4.700610391663348e-05	0.00019882541351360253	-0.0001627864894222977
1823.880126953125	-1.4356685597988772	-0.7866149545855333	-0.21150949604710964	0.29664359576688343	-0.01158670281400703	0.6837033596321115	4.70349948475783e-05	0.00019885437196920063	-0.00023603714247568842
1836.70751953125	-1.4282690199720853	-0.7868471766257447	-0.19781406969538434	0.39085070798236443	-0.011943893920805965	0.6851235033456367	4.708357144038388e-05	0.0001989149544939661	-0.0004254199846017744
1846.593017578125	-1.4282690199720853	-0.7868471766257447	-0.19781406969538434	0.3898163302520455	-0.011943453876484354	0.685123723181063	4.708357144038388e-05	0.0001989149544939661	-0.0004254199846017744
1853.20263671875	-1.4242933221066636	-0.7869910626383985	-0.19095560783760054	0.3963488570826549	-0.014387422179520942	0.6858464409511149	4.710347485466028e-05	0.00019894421954829314	-0.0005403740760531468
1865.873291015625	-1.4149201104008908	-0.7872827502778911	-0.17721732339182675	0.48915144507914293	-0.015106778506946058	0.6872662599376328	4.713346800400889e-05	0.00019900548151123378	-0.0008161375947265744
1874.707275390625	-1.4149201104008908	-0.7872827502778911	-0.17721732339182675	0.48805346315476666	-0.01510588240326808	0.6872664964292294	4.713346800400889e-05	0.00019900548151123378	-0.0008161375947265744
1888.285400390625	-0.6972714935420657	-2.381717487455294	-2.4325070665444932	0.4962670853060648	0.008948694088354591	-0.11563064230961878	0.00012003648610069149	0.0009091739297028059	-0.0009548732319875725
1895.650146484375	-0.6917974649686806	-2.3816249075920255	-2.4336565896502553	0.5462446689139369	0.009260502258950212	-0.11495122610263109	0.00011991900789639078	0.0009092205080537408	-0.001130125647163035
1906.594970703125	-0.6859238144483842	-2.381547845542239	-2.434799361806356	0.5862326554854844	0.007709118415191892	-0.1142761674495446	0.00011978772845424309	0.0009092623999554204	-0.0013201133230797692
1917.87353515625	-0.6799899345182661	-2.381489123369764	-2.435934967089746	0.5921206952087571	0.005875791100232351	-0.11355937021859959	0.0001196431091808198	0.0009093071361723866	-0.0015245081268090792
1928.59814453125	-0.6735638987052855	-2.38142759140055	-2.437063762851535	0.6414757551884155	0.006157076099036338	-0.11287851518879288	0.0001194837501420544	0.0009093572434934088	-0.0017450263742621534
1938.554931640625	-0.6667486598394315	-2.3813873223332314	-2.438185800361212	0.6803709547161434	0.004031357308561495	-0.1122026807471181	0.00011931088728233991	0.0009094026654019842	-0.001979893629811058
1948.466796875	-0.6598777295105682	-2.3813621089102854	-2.4393006650325693	0.6858326940119298	0.0025265992746019944	-0.1114853200127081	0.00011912440249029652	0.0009094508389404156	-0.002229429323087391
1960.373046875	-0.6525195693158929	-2.3813347596374754	-2.4404087191494495	0.734722749852719	0.0027404267377253676	-0.11080437788129857	0.00011892331625763983	0.0009095044210633874	-0.002494999981487383
1967.91259765625	-0.6447803122059823	-2.381333376084682	-2.4415100060361525	0.7727662411573083	0.00014464190862631057	-0.11012761242062993	0.0001187090705666882	0.0009095531969786957	-0.0027744800632862636
1980.672119140625	-0.6369920220464723	-2.3813431366889235	-2.4426041127401548	0.7775814665229827	-0.0009688297357543883	-0.10940953846489662	0.00011848112466190167	0.0009096047531969676	-0.0030687118433914405
1988.20654296875	-0.6287218647634825	-2.381351445414665	-2.4436914042286686	0.8259537004520872	-0.0008235048824871702	-0.10872814204357167	0.00011823876882962264	0.0009096616966235589	-0.003378815969501933
2001.749755859375	-0.6200753486008419	-2.3813888721406133	-2.44477192667648	0.8634999095515802	-0.003734292649173877	-0.1080511733748446	0.00011798359542842752	0.0009097137530567208	-0.0037024321472085915
2012.410400390625	-0.611380352730397	-2.3814361729016813	-2.4458452705307594	0.8682664638969118	-0.004720596418767993	-0.1073332683610183	0.00011771478176166473	0.0009097684801456083	-0.0040407013828984125
2021.205810546875	-0.6022087966493731	-2.3814827535562535	-2.4469117949174453	0.9161314774418501	-0.004648640928651742	-0.10665146241841147	0.0001174317455236064	0.0009098285856525265	-0.00439465957345194
2033.19091796875	-0.5926679787050345	-2.381562811738957	-2.4479715448954895	0.9529326025934894	-0.007995053190029673	-0.10597393228111728	0.00011713627879453296	0.0009098837285036698	-0.004761647821863584
2045.73193359375	-0.5830814169569571	-2.3816511245505514	-2.44902411021871	0.9574367334181456	-0.00881928603696491	-0.10525543004442194	0.0001168272448776147	0.000909941507852401	-0.005143257321883104
2052.88330078125	-0.5730241321502116	-2.3817392113977958	-2.4500698440828548	1.004725128289478	-0.008796927704713934	-0.10457242854472226	0.00011650417466281287	0.000910004569953154	-0.0055403819260810856
2061.918212890625	-0.5626133461650579	-2.3818623481178647	-2.4511087882682245	1.0399459587018736	-0.012300329500324966	-0.10389336280140977	0.00011616890601366935	0.0009100626716563063	-0.0059502724619142095
2074.99072265625	-0.5521561236273735	-2.381994560189646	-2.452140550548924	1.0445180743913693	-0.013206455556953782	-0.1031751450388116	0.00011582019286987725	0.0009101232710147625	-0.006374573928999389
2082.5263671875	-0.5412324955337002	-2.382127644746174	-2.453165480799343	1.0913784351437408	-0.013294152227914998	-0.10249207956029693	0.00011545768632474082	0.0009101891903681381	-0.006814196628781222
2093.53271484375	-0.5105333988954047	-2.4095345157823878	-2.487592974345049	1.1609181605903214	0.01322952368896618	-0.07174073890227202	0.00045935591661037023	0.0003896872858139673	-0.007144245391435433
2104.9921875	-0.4988649181730904	-2.4094120708233473	-2.4883031857602527	1.165657970075496	0.012262099954479909	-0.07102068689342819	0.0004592108777208464	0.0003899111434501539	-0.007610573749662693
2114.11376953125	-0.4867344574849369	-2.4092909311998403	-2.489006315813361	1.212083137527484	0.012130865175972134	-0.07031257498339917	0.0004590599990443672	0.00039014564412775466	-0.008092044604581003
2124.6962890625	-0.474267585120579	-2.40920776786082	-2.489702476694925	1.2455894568090649	0.008335339629255374	-0.06961563640108553	0.0004589035884799266	0.0003903793987133035	-0.008585767817721322
2134.3095703125	-0.4617515845228947	-2.4091353563339424	-2.490391434152838	1.2504232081868232	0.0072619846590468475	-0.06889529995796417	0.0004587413699606208	0.0003906203070600392	-0.00909345923421523
2144.125732421875	-0.4487784794052102	-2.4090650287773805	-2.4910733061559722	1.296367344950988	0.00705256197489034	-0.06818677257627355	0.0004585734142477606	0.000390871847775384	-0.009616125085077348
2155.92431640625	-0.4354796212875935	-2.4090344014459353	-2.4917482011074905	1.328806366550542	0.003084925969228027	-0.06748904684503391	0.00045839995031105577	0.0003911224525681615	-0.010150792361918338
2163.85888671875	-0.42213079049097074	-2.409015695759623	-2.492415895085863	1.3337193856129514	0.001894839687525869	-0.06676896282110135	0.00045822071279936376	0.0003913801006526096	-0.010699195171682066
2176.889892578125	-0.40832959906829797	-2.4089998456675628	-2.493076504347112	1.379196428074129	0.0016078685882130663	-0.06606049906486884	0.00045803586591582453	0.0003916483347270706	-0.0112624056768119
2185.230712890625	-0.3942123986894449	-2.40902552575253	-2.493730138453934	1.4106611152605484	-0.0025424807566192574	-0.0653629651440903	0.0004578455095959626	0.0003919155640284906	-0.01183735805300676
2196.865234375	-0.3800431231526101	-2.4090644403679886	-2.494376575692114	1.415775573712942	-0.0038635379845312753	-0.06464329336401402	0.0004576494049377219	0.00039218963011174634	-0.01242578559644039
2205.739990234375	-0.3654266805840447	-2.409106479183778	-2.4950159289989298	1.460740277998833	-0.0041778079424975465	-0.0639349115428761	0.0004574477386861989	0.0003924741640827289	-0.013028872621192244
2218.05126953125	-0.3505036809752045	-2.4091919542636964	-2.495648304823821	1.4912596417781399	-0.008518467689186526	-0.06323714552352705	0.0004572406534972413	0.00039275760745287173	-0.013643463962026155
2226.269287109375	-0.335527933262084	-2.409292027229678	-2.4962734863897826	1.4964342144121137	-0.009975525740209303	-0.0625177360504906	0.00045702791860600185	0.0003930476930066673	-0.014271294685396382
2237.901123046875	-0.3201095552146172	-2.4093959001232466	-2.496891579629301	1.540953501533516	-0.010357882925927146	-0.06180889727843757	0.00045680973745538167	0.00039334822831136316	-0.014913640558928947
2250.17431640625	-0.30439690854808166	-2.409545067952003	-2.497502690368666	1.5702420690053969	-0.014884071812273943	-0.06111064915940051	0.00045658603079234424	0.00039364753400244047	-0.015567241397252725
2259.242431640625	-0.2886310236509902	-2.4097103030064457	-2.4981066091235866	1.575461454189239	-0.016487741384760477	-0.06039145571283621	0.00045635681863803805	0.00039395331617541994	-0.01623385723956913
2266.947021484375	-0.27242612609056727	-2.4098807055321148	-2.498703438509126	1.6196224681857314	-0.017007354902106593	-0.059682520055282	0.00045612215882035405	0.00039426957032968467	-0.016914817402387376
2279.35498046875	-0.25593555203037144	-2.4100984597553134	-2.4992932816163895	1.6480525305616294	-0.021738905581504063	-0.058983885227866656	0.0004558820663666979	0.0003945844270787139	-0.01760681721376396
2291.228515625	-0.23939221322674498	-2.410333803514865	-2.4998759306868217	1.653217800243168	-0.02349441167534261	-0.05826450050896005	0.00045563644798252	0.0003949055966189112	-0.01831160784332236
2301.79150390625	-0.20761734117466882	-2.3947786271471974	-2.4973277286655113	1.8808765382936918	0.10165735065707729	0.06426503354517274	0.003908560355057552	-0.005562816409114623	-0.017870978680578162
2313.06298828125	-0.18851068401773358	-2.3938085184362685	-2.496676469989446	1.909678790646193	0.09705016386467907	0.06512047884006694	0.0039126510728384285	-0.005559964795941388	-0.018600753470168433
2323.360107421875	-0.14974063732692533	-2.3919023141684126	-2.49534928034682	1.9602937073024678	0.09522607625322552	0.06684434524036487	0.003921044318327762	-0.005554093405881331	-0.02009954361961333
2334.10595703125	-0.14974063732692533	-2.3919023141684126	-2.49534928034682	1.9594641811075224	0.095242751288514	0.06683981560243059	0.003921044318327762	-0.005554093405881331	-0.02009954361961333
2345.0087890625	-0.12985915288583513	-2.3909984754452083	-2.4946723492123417	1.9871779210239218	0.09042725139066086	0.06768783055565403	0.003925334710997306	-0.005551087997383583	-0.020866551501971538
2356.336181640625	-0.10991787502730957	-2.390112268373039	-2.4939879424449773	1.9930310573842338	0.08866832702861574	0.06843463162833313	0.003929691132808389	-0.005548030135959741	-0.02164591600507987
2365.5791015625	-0.08954404143753285	-2.389229722465614	-2.4932938614295166	2.036572375671582	0.0882975311867912	0.06940378001425433	0.003934123235021845	-0.005544909732894625	-0.02243924383468451
2378.20751953125	-0.04818123557737331	-2.38758550783269	-2.49188127309462	2.0712102333145834	0.08126273446695643	0.07100345323295223	0.003943159397897682	-0.005538540977286702	-0.024058715263287976
2388.229248046875	-0.04818123557737331	-2.38758550783269	-2.49188127309462	2.0701183518614927	0.08128900902824639	0.07099734650740953	0.003943159397897682	-0.005538540977286702	-0.024058715263287976
2399.7734375	-0.0270412535610478	-2.38677664144194	-2.49116159182819	2.113203172359919	0.0809334925813926	0.07196391501457708	0.00394778476454231	-0.0055352677266619224	-0.02488842713116476
2406.086181640625	-0.005634510477260855	-2.386020706326029	-2.4904335052030016	2.1397350275675664	0.07564541087542222	0.07280359006888547	0.003952462332368875	-0.005531956854687356	-0.02572826569108461
2416.8271484375	0.01583381540182538	-2.385286163494934	-2.489697949423656	2.1457479265097676	0.0735116447077891	0.07354962436717741	0.00395720301141408	-0.005528594231546656	-0.02658006754892693
2429.55859375	0.05987840205923868	-2.3838803621625075	-2.488199227024502	2.215241896998239	0.06755023500388721	0.07535426380741303	0.003966883625643378	-0.005521705400558417	-0.02832123432528426
2437.512451171875	0.05987840205923868	-2.3838803621625075	-2.488199227024502	2.214317331614871	0.06757642675393102	0.07534917819039551	0.003966883625643378	-0.005521705400558417	-0.02832123432528426
2448.463623046875	0.08209150484850147	-2.3832285028440836	-2.4874382272250104	2.220234578287015	0.06524831541838613	0.07609409417891293	0.003971810917535007	-0.0055181908872200675	-0.029208552670250458
2460.76318359375	0.10472537187147725	-2.3825821524758326	-2.486667626067506	2.262623890715506	0.06468993037094527	0.07705612485895363	0.003976811488532688	-0.005514613010029017	-0.03010957424858412
2469.9990234375	0.15057340026738641	-2.3814312205787673	-2.4851022788497033	2.295511362952915	0.05630674451052948	0.07864026468097611	0.00398697112928297	-0.00550733244569169	-0.03194263261819776
2482.53857421875	0.15057340026738641	-2.3814312205787673	-2.4851022788497033	2.294438064209279	0.05634104043688571	0.07863428195431921	0.00398697112928297	-0.00550733244569169	-0.03194263261819776
2490.180419921875	0.17394552209581043	-2.3808746000020697	-2.484306300587021	2.336465078540657	0.05572107663899467	0.07959394369258571	0.003992153742316519	-0.005503602742988139	-0.03287861015756156
2502.307373046875	0.19757116208174877	-2.380378770270283	-2.4835020250127595	2.3616696755661324	0.04964838684994893	0.08042278723890958	0.003997383979982853	-0.005499836587465001	-0.03382411243051841
2513.476318359375	0.13011768331389484	-2.417554015462061	-2.5489359758560894	2.089658590817213	-0.19840956830932735	-0.21500481945236527	-0.008294760038866441	0.011846347579133415	-0.03860790837003951
2525.93701171875	0.17295307363734091	-2.421636653149998	-2.553226597502646	2.1532856846799984	-0.20788244582756388	-0.21429260869197814	-0.008317791853845824	0.011830129996620227	-0.040558296837748906
2531.60302734375	0.17295307363734091	-2.421636653149998	-2.553226597502646	2.152405429121655	-0.20784672445917177	-0.21428217250396542	-0.008317791853845824	0.011830129996620227	-0.040558296837748906
2544.975830078125	0.1945305993665108	-2.4237572927174944	-2.555362661060782	2.1566912016547204	-0.2119812017529047	-0.21359418410102474	-0.00832948451358626	0.011821869367072867	-0.04154937298484663
2554.04541015625	0.21649970250143705	-2.4258967952254986	-2.557496202340364	2.19619306880637	-0.21388001466102577	-0.21334584828307335	-0.00834132784652477	0.011813488822508798	-0.0425539857097265
2562.51123046875	0.2386906023287654	-2.428114597987129	-2.559624847495215	2.218224975632369	-0.22170214194534535	-0.21285459043365143	-0.008353272246536576	0.0118050134868772	-0.04356775394774188
2576.710205078125	0.28355042616798587	-2.432658416055791	-2.563865811706805	2.2624392998734053	-0.22818360879114502	-0.21192010763782054	-0.008377553315952944	0.011787734605983695	-0.04563080465885809
2584.08642578125	0.28355042616798587	-2.432658416055791	-2.563865811706805	2.2617363691185175	-0.2281515102545778	-0.21191169818384814	-0.008377553315952944	0.011787734605983695	-0.04563080465885809
2594.773681640625	0.30639635837341733	-2.435021981105821	-2.5659800825581254	2.2837467481003992	-0.23627382477063416	-0.21141742547572073	-0.008389865954758583	0.011778940787222521	-0.04667800149903051
2607.528076171875	0.32928758790524854	-2.4374314807393294	-2.568087464102695	2.2880936643071816	-0.2408567557045695	-0.21072646833689032	-0.008402296808137956	0.011770043687973221	-0.04773600572861245
2617.301025390625	0.3525588873384918	-2.4398645312649974	-2.57019215011312	2.326440316926406	-0.24322622632630203	-0.21046071376506292	-0.008414871537098943	0.011761027650963903	-0.04880714781645317
2626.64404296875	0.3760504263793727	-2.4423800488357945	-2.572291895198186	2.3483233716922376	-0.25146440161800876	-0.20996507939498318	-0.008427541717070811	0.011751917339088062	-0.04988710264291077
2637.955810546875	0.39958826645835527	-2.444943191646198	-2.5743847521275227	2.3527774336501066	-0.2562161278903067	-0.20927432387850653	-0.00844032686112742	0.011742704260577377	-0.050977666914693236
2647.597900390625	0.42349823262483693	-2.447533369402117	-2.5764747843626514	2.390315407926396	-0.2589343552377084	-0.20899546894771784	-0.00845325152744963	0.011733373464987417	-0.05208108530358953
2659.94091796875	0.44762484003580283	-2.4502063335987807	-2.578559824208682	2.4118421505856253	-0.26720416362170507	-0.20849474118755365	-0.008466269634400144	0.011723948052759005	-0.053193214298467496
2668.283447265625	0.4717979347891341	-2.4529283236277655	-2.5806379650194895	2.4163204067810904	-0.2720956343515566	-0.2078029680065127	-0.008479400018300845	0.011714419881779353	-0.054315806142526186
2679.997802734375	0.4963386302248042	-2.4556804833881936	-2.582713201223756	2.4533994594860107	-0.275128059487078	-0.20751603788408168	-0.008492666340608156	0.011704774661265552	-0.05545103515716414
2691.493896484375	0.5210977131200095	-2.458517544669095	-2.584783451863528	2.475102282532274	-0.2836089704777506	-0.20701601431506314	-0.00850602358564683	0.01169503474791408	-0.05659483857056108
2700.381591796875	0.5459051788695432	-2.4614055945201843	-2.5868468157306537	2.4797742920009793	-0.2886963464402304	-0.20632552095322756	-0.008519490310810026	0.011685192192362727	-0.05774895049907657
2712.614990234375	0.6452778510656678	-2.357774628835549	-2.4921094375058233	2.6887342685812836	-0.06695024211654091	-0.05360791510444048	0.008090775655366155	-0.0026363274990183097	-0.054239678900283195
2723.543701171875	0.6995949756558851	-2.359292082060322	-2.493159991349967	2.7190738295492927	-0.07766980656696305	-0.05217268724105779	0.008097023718019127	-0.0026172641341265716	-0.05659981482769776
2733.928466796875	0.6995949756558851	-2.359292082060322	-2.493159991349967	2.71811901273086	-0.07761570543630232	-0.052175300305068735	0.008097023718019127	-0.0026172641341265716	-0.05659981482769776
2741.568603515625	0.727151411069274	-2.360088815210304	-2.4936735002086485	2.7549807073972468	-0.07957852792267739	-0.05135202907542835	0.008100177150657285	-0.0026075818360232613	-0.057797139156084074
2754.993408203125	0.754936821553285	-2.360955993359869	-2.494179777950047	2.7777528160827876	-0.08661401037508379	-0.05062935585088787	0.008103339275820375	-0.002597833775675682	-0.05900295152671321
2761.61376953125	0.7827871416052781	-2.361861902489975	-2.4946789716674016	2.784098312937651	-0.09047640947661005	-0.04992144325639926	0.008106515570768276	-0.0025879997013112657	-0.06021885208225734
2771.9755859375	0.8109959949760946	-2.3627903361907743	-2.4951699883860066	2.8202269478489135	-0.09274350199629476	-0.04910276244672083	0.008109712143221327	-0.002578059658880747	-0.06144669707942189
2783.09033203125	0.8394324836854327	-2.3637906590822944	-2.49565379179403	2.8428712701932257	-0.09992329730638123	-0.04838184708808797	0.00811291643109622	-0.002568054134635273	-0.06268298018103033
2793.70849609375	0.867934678574761	-2.3648315323436537	-2.496130527420249	2.8492970132750886	-0.10396710737176987	-0.0476755564208302	0.008116133620081605	-0.002557963424199291	-0.06392922318803473
2804.271728515625	0.8967914651964818	-2.3658978813048144	-2.4965991208654557	2.8850299840450147	-0.1065302177839358	-0.046860361162522006	0.008119369786702762	-0.0025477675006268597	-0.0651872755032695
2812.619384765625	0.9258744851190936	-2.3670375910577652	-2.4970605213447983	2.9075335673786986	-0.11385666891625613	-0.04614148315962308	0.008122612415955015	-0.002537506873229431	-0.06645364935674566
2825.14453125	0.9550231630934967	-2.36821943780634	-2.4975148620932277	2.9139609614908224	-0.11805900125999265	-0.04543598628346929	0.008125866728622456	-0.0025271616685459187	-0.06772987390649535
2835.19287109375	1.0142443948906186	-2.3707160873322795	-2.498400179462107	2.9724807030566183	-0.12857003947413384	-0.04390643700541464	0.00813241590586377	-0.002506198993717619	-0.07031381599913224
2845.400390625	1.044035368278358	-2.372046421968251	-2.4988322043167317	2.9791021034675533	-0.13296661561115813	-0.043201939569297326	0.008135703668203723	-0.00249560154237724	-0.0716196631749611
2855.903564453125	1.044035368278358	-2.372046421968251	-2.4988322043167317	2.9782052384650712	-0.1329022713479744	-0.04320431136799442	0.008135703668203723	-0.00249560154237724	-0.0716196631749611
2865.976806640625	1.0741676815816386	-2.3734082250247215	-2.499256172464171	3.012593702034356	-0.1360653388852846	-0.04239770873030598	0.008139007638016853	-0.0024849011721627587	-0.07293694975678941
2875.359130859375	1.1045270630386337	-2.374847827267887	-2.499672978159633	3.03518705900547	-0.14383510510514821	-0.0416818656677572	0.008142315872943987	-0.002474136810878717	-0.07426243303454677
2886.616943359375	1.1349532428496243	-2.3763333260747963	-2.5000827525049596	3.0417396934405736	-0.14841309885623793	-0.04097917262912319	0.008145633381456812	-0.0024632890962504486	-0.07559756314248572
2897.098388671875	1.1657142961958695	-2.377853128054083	-2.500484514378918	3.0754740126276823	-0.15186007026103515	-0.040177021388005926	0.008148965656798103	-0.0024523395345092554	-0.07694396607001255
2905.301513671875	1.1967015934184662	-2.37945273969165	-2.5008791386613654	3.0979894848259186	-0.15983075662748128	-0.03946365025865325	0.008152301109224236	-0.0024413264319581673	-0.07829849412817132
2917.55615234375	1.2277574654381223	-2.3811005684257744	-2.5012667451230186	3.104724350277987	-0.1646406325614872	-0.03876230109472661	0.008155644566487062	-0.002430230752343818	-0.07966254010930837
2927.50146484375	1.2627896763523871	-2.406337729082078	-2.543990457838642	3.227822820111968	-0.2883515797979076	-0.1143591090501611	-0.0010567683780083846	-0.007483939631042212	-0.08449639823990977
2937.080078125	1.2627896763523871	-2.406337729082078	-2.543990457838642	3.2270846629246677	-0.2882890592973815	-0.1143646393830337	-0.0010567683780083846	-0.007483939631042212	-0.08449639823990977
2948.839599609375	1.2951410158037295	-2.409281748322364	-2.545126266579881	3.2342837481435596	-0.29425221106368016	-0.11358753046882232	-0.0010463237423007769	-0.007485432286348171	-0.08588915052285982
2958.423583984375	1.3278169726457436	-2.412275311885176	-2.5462523857118313	3.26697264738943	-0.2992241043588385	-0.11261656422384826	-0.001035793381846779	-0.007486915973561633	-0.08729284329993624
2967.74267578125	1.3607190020694513	-2.4153617953394044	-2.5473696523899476	3.2894803258429755	-0.3085054477390227	-0.11173222320195195	-0.0010252028038378708	-0.007488400430904424	-0.088704579266444
2979.877685546875	1.3936948387540116	-2.4185101534008053	-2.5484791307058745	3.2967429639813006	-0.31468015020499773	-0.11095442837043433	-0.0010145404992478568	-0.007489879008706822	-0.0901256338259011
2988.232666015625	1.4269923043170951	-2.421710994867305	-2.54957894047821	3.329133199295672	-0.3199469205473436	-0.1099855642936099	-0.0010037932176809056	-0.007491347434931705	-0.09155751938274882
2999.865234375	1.4605178326867356	-2.4250077835796082	-2.5506698781469277	3.351836984158726	-0.3295302855630822	-0.10909928156024847	-0.0009929865231085022	-0.007492815734580123	-0.09299733537297335
3011.6416015625	1.4941168058768384	-2.4283682394113733	-2.5517530230146455	3.359067836956851	-0.3358841220287898	-0.10832101340214309	-0.0009821086114193856	-0.007494277150223909	-0.09444639515584713
3019.375244140625	1.5280314548889953	-2.431783725922003	-2.552826535050751	3.3908556972517037	-0.34140591845091955	-0.10735576840057554	-0.0009711466080065377	-0.007495727285817717	-0.09590615498542035
3029.56298828125	1.5621731051676377	-2.4352973268989144	-2.5538911836705194	3.413459231517315	-0.35120610348732084	-0.10647030939107827	-0.0009601254684303637	-0.007497176436275774	-0.09737380371449121
3043.849609375	1.5963898729716262	-2.438877106129574	-2.5549480268260685	3.4208555853545914	-0.3578103584023131	-0.10569080007480187	-0.0009490339622020343	-0.007498617665588049	-0.09885057999991508
3051.237060546875	1.6309164897040636	-2.442514446979807	-2.5559952764391816	3.4520582861099416	-0.36358595983653863	-0.10472948874869714	-0.000937858895759664	-0.007500046439565327	-0.10033796356457014
3063.3271484375	1.665669432413845	-2.446252318296574	-2.557033663056786	3.4745952405738696	-0.37362738630149617	-0.10384406787825828	-0.0009266251648963568	-0.007501473391618972	-0.10183317387927208
3074.904541015625	1.7004978668810817	-2.450058544466398	-2.5580642370487743	3.482036171339708	-0.38044949672385	-0.10306379434626599	-0.0009153215902990501	-0.007502891442897225	-0.10333743823204308
3081.36572265625	1.7356286297804349	-2.453924355733273	-2.5590852657631498	3.5124757365238004	-0.3864272650688053	-0.10210738224974868	-0.0009039355913927753	-0.007504295841420844	-0.10485214575211463
3095.252685546875	1.7709827753164766	-2.457892335804164	-2.560097450038155	3.5347236994348368	-0.396632627574083	-0.1012237842653277	-0.000892491139217923	-0.007505697530799966	-0.10637465668790294
3102.369873046875	1.8064129199322305	-2.461930960507077	-2.5611018110214707	3.5422143681100904	-0.4036830900163333	-0.10044245527556682	-0.0008809774719574938	-0.007507089272416435	-0.10790613078484937
3113.7646484375	1.8421425781730163	-2.4660319305579015	-2.5620966413299735	3.572372450787444	-0.40993781701803134	-0.09948749160019217	-0.0008693818684049068	-0.0075084662612114	-0.10944797081017817
3127.00830078125	1.8780944634586954	-2.4702373571755927	-2.5630826336407737	3.5945043417345577	-0.42037146101823103	-0.09860455317735373	-0.0008577284513707075	-0.0075098396431099185	-0.11099753600344027
3133.237060546875	1.8468947086496927	-2.3367619820971575	-2.5340185529198807	3.560231121514436	-0.17450270356826894	-0.05242679707254262	0.0232808019881233	-0.0017528700377205718	-0.10746399087999195
3144.588623046875	1.8827964230536978	-2.338548177479605	-2.5345354466739134	3.5895832130683822	-0.17845789380015228	-0.051687970079517864	0.023283541879089778	-0.0017163799126474004	-0.10903223814731323
3154.51513671875	1.9189199785069677	-2.3404171523288806	-2.5350464489468827	3.611676002761736	-0.1867237871888701	-0.05109909916089205	0.02328623509653187	-0.0016797148672654822	-0.11060814577935812
3162.9873046875	1.9551166010632732	-2.34233661746272	-2.5355513283411013	3.6188792336958384	-0.19175894048478678	-0.05048711425865222	0.023288884838286998	-0.0016428394866894356	-0.11219288679574063
3176.850830078125	1.9915993205421574	-2.344297761756691	-2.5360488993899133	3.6476893619524975	-0.19594720944700608	-0.049755541357772194	0.023291494574420167	-0.001605716850924496	-0.11378779066936318
3186.1162109375	2.028303283290315	-2.3463444067245582	-2.53654064267736	3.669725891929506	-0.204485170078859	-0.04917303435180489	0.023294054631571658	-0.0015684207721785486	-0.11539029740243696
3195.56689453125	2.102141217024653	-2.3505880958925944	-2.537504761508274	3.705948693133697	-0.21428063883589957	-0.04784191965786777	0.023299038352816933	-0.0014931668593217017	-0.11862288176591024
3206.73046875	2.102141217024653	-2.3505880958925944	-2.537504761508274	3.705358308231047	-0.21421027983162536	-0.04784261562020458	0.023299038352816933	-0.0014931668593217017	-0.11862288176591024
3217.8349609375	2.1394208571098337	-2.3528200291267876	-2.5379774398940422	3.7273001079077197	-0.22300803850173728	-0.04726638266852375	0.023301455964190334	-0.001455244585799025	-0.12025179006027947
3227.169189453125	2.17677532902929	-2.355107563079929	-2.538444103819299	3.7346814206595855	-0.228553382075488	-0.04666521383447258	0.0233038239308106	-0.0014171160908676408	-0.121889363407162
3236.0234375	2.214403639269235	-2.3574407162805917	-2.5389036035207306	3.7622546336433746	-0.23313623002336878	-0.04594810431772851	0.023306145389476375	-0.0013787447250707796	-0.12353691269760206
3248.50927734375	2.2522512804465675	-2.359864666275655	-2.5393574049353376	3.7841083591029046	-0.2422039370063087	-0.04537851528222819	0.0233084113110856	-0.0013402013924675822	-0.1251920172330545
3260.43115234375	2.3283655867925446	-2.364876443127394	-2.540245997484999	3.8191617351262797	-0.25286267038485205	-0.04407189910770852	0.023312787736626202	-0.0012624657081510338	-0.12852927422608887
3267.93212890625	2.3283655867925446	-2.364876443127394	-2.540245997484999	3.8185765097832385	-0.2527870395192583	-0.044072445173775315	0.023312787736626202	-0.0012624657081510338	-0.12852927422608887
3279.551513671875	2.3667735505841483	-2.3674989813666576	-2.540681107374769	3.8401468867728967	-0.2620567311713981	-0.04350919931009197	0.02331489246835107	-0.0012233068404222719	-0.1302103543075726
3291.836669921875	2.4052561071387104	-2.370181823790761	-2.541110317496796	3.8475040593989065	-0.2680713193983332	-0.04291948322175616	0.02331694127694086	-0.0011839455136741295	-0.1318999499577436
3301.095703125	2.4440053004189095	-2.3729153877817337	-2.541532505030223	3.8743572770516232	-0.273166312472842	-0.042216565595604445	0.023318937082397163	-0.0011443448427052461	-0.13359937727803015
3308.8447265625	2.4829728805526283	-2.3757454674118565	-2.5419491341891116	3.8961129823885443	-0.2828045709732248	-0.04166096521460684	0.02332087121349664	-0.0011045761610448672	-0.135306210937152
3320.416259765625	2.522015069244969	-2.378638290682996	-2.5423599129133803	3.903473315216216	-0.2890627643352928	-0.04107616734354363	0.023322746345425714	-0.0010646061008833165	-0.1370215218093263
3329.88671875	2.5613189328507713	-2.381583909617023	-2.5427637382760238	3.929828313525075	-0.2943658501173897	-0.04038019652605272	0.023324565202504116	-0.001024398110893841	-0.13874660690943258
3340.601806640625	2.5316444606760173	-2.4494780002081584	-2.617416909589557	3.8639950515204284	-0.3081508274023885	-0.1510008165621996	0.0222151034278539	0.00993615688066441	-0.1412510197751737
3349.96728515625	2.5703547563118714	-2.4526265350982035	-2.618922181415358	3.870290424878885	-0.3146266988582591	-0.15051710015150213	0.022197785395718362	0.009974780659573221	-0.14299203015223902
3362.59228515625	2.6093111399404845	-2.455829694006158	-2.6204235203342203	3.8950865995778994	-0.3201137223272002	-0.15012524494879181	0.022180305214296578	0.010013596609839371	-0.1447427587195315
3371.6015625	2.648473580457608	-2.4591350746282066	-2.6219219825831668	3.9156142286597975	-0.3303223286955715	-0.1498369366075781	0.022162680886716236	0.010052535786216898	-0.1465008047044399
3380.328857421875	2.6877013233790685	-2.462508369812561	-2.6234156992003537	3.922038604168483	-0.3370956327042172	-0.14936143552058675	0.022144903959784253	0.010091628724372782	-0.14826717812558288
3393.352294921875	2.727170351786485	-2.4659383077066908	-2.624905494554802	3.9463555244647135	-0.34278565596223554	-0.14897077985132004	0.022126962147152332	0.01013091165670978	-0.1500432475750748
3403.093017578125	2.766844438354318	-2.4694734370416347	-2.6263924776972396	3.966786721044633	-0.3532913156066515	-0.14868893894998977	0.02210887389828693	0.010170315292397149	-0.15182659792411227
3412.939697265625	2.806584011580862	-2.4730791899227595	-2.627874775364773	3.973231732327972	-0.36033526779811753	-0.14821947218918002	0.022090631036185995	0.010209869181268937	-0.15361819602081495
3421.553466796875	2.8465583310086813	-2.476742614922569	-2.6293531349239774	3.996887117424993	-0.36612806655709246	-0.14782706541542517	0.022072221512865906	0.010249608928359156	-0.15541938341775874
3433.878662109375	2.8867348868337768	-2.4805135476819204	-2.630828714898537	4.017038930477052	-0.3768653602463436	-0.14754850414517068	0.02205366293005139	0.010289467414302646	-0.15722784124324418
3442.1318359375	2.926976907571094	-2.4843577655368434	-2.6322996746525553	4.023480101348754	-0.3841746017457714	-0.14708553950514222	0.02203494732529103	0.010329473362130682	-0.15904450150349986
3454.3505859375	2.967451702368473	-2.488262530666871	-2.6337667447975	4.046941055592392	-0.3902563441866821	-0.14669803216493404	0.022016062352068145	0.010369662923579511	-0.16087072868131164
3463.037353515625	3.0081275221398722	-2.49227775442122	-2.635231097829027	4.066971182854297	-0.4012882180451459	-0.14642571180915923	0.021997026242757303	0.010409968113636744	-0.1627041663860999
3475.126220703125	3.048867946040353	-2.496368657455149	-2.6366908810500314	4.073326780983738	-0.4088363476153502	-0.14596777530782218	0.021977830956065782	0.010450417826873767	-0.16454575474471392
3484.484375	3.0898368118229915	-2.5005222012162474	-2.6381467955351896	4.096354750885408	-0.41512849303734745	-0.1455823648222963	0.021958463981400982	0.010491048070504546	-0.16639685327304352
3495.19189453125	3.1310085954102846	-2.5047903660101927	-2.639600101458208	4.116571519739981	-0.4265757336156151	-0.14532087344327252	0.021938943673497194	0.010531790699155764	-0.16825510077365918
3504.853759765625	3.172244754142202	-2.5091368770540243	-2.6410488973593997	4.122904709427344	-0.4343900165789861	-0.14486890982751574	0.021919261657695047	0.010572675454623781	-0.17012147262117597
3513.901123046875	3.2137048122888094	-2.5135478310450963	-2.6424938373254414	4.145479737350793	-0.4408636390683145	-0.14448481322712553	0.021899405346022485	0.010613738153988991	-0.17199732363721879
3526.88623046875	3.2553671295570368	-2.5180767975460894	-2.64393624657885	4.165633576245524	-0.45265009358990604	-0.14423112988566172	0.021879393524244613	0.010654910216669788	-0.17388027389458513
3536.242431640625	3.297094975921007	-2.522687301453991	-2.645374229879776	4.172078651801912	-0.46078225325152444	-0.14378752458151708	0.021859218113255693	0.010696220614506665	-0.1757712620718871
3546.569580078125	3.3382008685684177	-2.687787194613193	-2.585250492857342	4.202627400873778	-0.651837797639164	-0.1018798284092843	0.0041046424283367735	0.0059729066150897014	-0.18044970795914916
3558.24267578125	3.380434701852883	-2.6944476617139412	-2.5862640895827234	4.222792953144962	-0.6657923793001153	-0.10135533521091133	0.004093250599272374	0.005980677039633258	-0.18235759939716703
3568.03369140625	3.4227352704527068	-2.701210607993504	-2.587271425153942	4.229356172974584	-0.6760172952224821	-0.10072874967997059	0.00408179611244292	0.005988458616983544	-0.18427346351198548
3576.196044921875	3.465250338209899	-2.7080588518605393	-2.5882730766863116	4.2509878229955085	-0.6845783963695604	-0.1001610016216399	0.004070272927405337	0.005996263900256957	-0.18619873707667461
3590.967041015625	3.5079648046769463	-2.71504931427058	-2.589269484928437	4.270861394450139	-0.6987854439015666	-0.09963647669882987	0.004058689362123129	0.006004066950817641	-0.18813107763106549
3596.98388671875	3.5507457675372383	-2.7221451040027866	-2.590259645897734	4.277398452961682	-0.7092940530509168	-0.0990112746976532	0.004047042883713863	0.006011880065319117	-0.19007135255660926
3607.7724609375	3.59373946537364	-2.7293290747910253	-2.5912441305590597	4.298857089680642	-0.7181452220773209	-0.09844431233745021	0.004035327393669305	0.006019715943437961	-0.19202102995850248
3619.484130859375	3.636931414161031	-2.736658618390144	-2.592223384159396	4.318616524373692	-0.7326874064261208	-0.09792101585904914	0.004023551371675692	0.006027548406253597	-0.19397772106055106
3631.61669921875	3.6801889085369606	-2.7440961367144205	-2.593196399983994	4.3250580812425286	-0.7434599712609573	-0.09729676330805166	0.004011712356203575	0.006035389771051383	-0.1959422862583045
3639.72021484375	3.723655113369398	-2.7516236616968532	-2.5941637216418703	4.346117549407462	-0.752495469658631	-0.09672803348830711	0.003999804246371594	0.006043252761723195	-0.19791620114994787
3653.477783203125	3.767321433743215	-2.7593012085539548	-2.5951258448601697	4.3660637339735535	-0.7674822164058528	-0.09620800083252248	0.003987835757875039	0.006051110941736174	-0.19989703196973418
3662.64404296875	3.8110542815075963	-2.7670900182426297	-2.596081756411488	4.372600129764943	-0.7785822076650508	-0.09558633679971192	0.003975804452109799	0.0060589766656035104	-0.20188563664294754
3674.1650390625	3.85499193355628	-2.7749707983623058	-2.5970319661944807	4.393272845588084	-0.7878160313618269	-0.09501687245893678	0.003963703944684988	0.00606686291521992	-0.20388353624500194
3685.01318359375	3.899128084316721	-2.7830052571536648	-2.597976991041442	4.413058319146688	-0.803168257881403	-0.0944981986318573	0.003951543279338542	0.006074742918703637	-0.20588824424095634
3694.630859375	3.943330314749643	-2.7911539457453687	-2.5989158144745153	4.419545264264011	-0.8145632345621044	-0.0938775239280929	0.00393932012696784	0.006082629083782171	-0.2079006072613752
3704.63916015625	3.98773126088393	-2.7993961901065467	-2.5998489118028307	4.439613536240002	-0.823957723820297	-0.0933056643387251	0.003927027646458788	0.006090534617512125	-0.20992220942502895
3716.04736328125	4.032332303821722	-2.8077964228274426	-2.6007768532765145	4.459556513296022	-0.8397400241794404	-0.09278987724746568	0.003914675371977336	0.006098432454104843	-0.21195050402335092
3724.038330078125	4.076999393740021	-2.8163139089266482	-2.6016986054371585	4.46603639846537	-0.8514357600529399	-0.09217038712252903	0.003902260703643616	0.0061063351220411325	-0.21398636905535165
3735.48046875	4.121859829143157	-2.824926593562682	-2.6026146118661333	4.485571682581208	-0.860996641099092	-0.09159658960462462	0.0038897764767189128	0.006114256124884901	-0.21603144039065852
3746.273193359375	4.1669199350461	-2.833701141343107	-2.603525482183253	4.505472061402208	-0.8771659994246251	-0.09108278460375076	0.0038772325422202106	0.006122168051483697	-0.21808311584261186
3754.407470703125	4.170977971922744	-2.8489563600254852	-2.592254898939262	4.467501747721551	-0.9118116327259909	-0.05344589366007551	0.0006968185817555849	0.009047948900753883	-0.22097609544191157
3765.48583984375	4.215843740575933	-2.8581768914253436	-2.592783888787988	4.486113758803165	-0.9217757037806825	-0.052893994147841156	0.0006781137519492422	0.009049323384064296	-0.22304450937091042
3777.710693359375	4.260905276753856	-2.867565748616964	-2.593307869548366	4.505623259283489	-0.9385906995897626	-0.05239268602363616	0.0006593439967504458	0.009050654281366172	-0.2251194492252304
3786.461181640625	4.306030075732715	-2.8770804537751538	-2.5938254384603896	4.511814990319158	-0.9511418999376385	-0.051750479762607916	0.0006405042661823895	0.009051951383572086	-0.22720180342352775
3797.0341796875	4.351333262365632	-2.8866957994951443	-2.5943374290492405	4.529863638898636	-0.9612518453597458	-0.051194120565425834	0.0006215815852124377	0.009053222927044842	-0.22929334063527057
3805.434326171875	4.396831696289681	-2.8964833479590375	-2.5948444120139307	4.54932075487343	-0.9784540034796745	-0.05069295706018404	0.0006025947395194583	0.009054449482016998	-0.23139133211538146
3819.359619140625	4.44239334832574	-2.906399764047144	-2.595344989404591	4.555503950893022	-0.9913052999253235	-0.05005134263837218	0.0005835386584492294	0.009055640901271901	-0.23349667261254034
3828.82861328125	4.488124983683098	-2.916417428684328	-2.5958399185824774	4.572716270273233	-1.0014783940048573	-0.049488025190552024	0.0005643999163773914	0.009056805354098734	-0.23561118694224295
3838.010009765625	4.53405012677607	-2.926610883821836	-2.5963298405920487	4.591999051340794	-1.0190387781608043	-0.04898691718703507	0.0005451976920299945	0.00905792348429091	-0.23773208905109097
3849.67919921875	4.580037767946423	-2.9369360840250716	-2.596813362306829	4.598106900467814	-1.0321760571972465	-0.04834578885694544	0.0005259270432094812	0.009059005114784429	-0.23986028033048498
3858.710693359375	4.626194372925319	-2.9473651334140003	-2.5972912297346498	4.615220765569207	-1.0426114913338465	-0.047781902444181144	0.0005065740142349125	0.00906005849868784	-0.2419976325574779
3870.600830078125	4.718960155241194	-2.968718448674149	-2.5982306093924543	4.64149080200801	-1.0742367190437716	-0.04664946046959117	0.0004676747324931708	0.009062032000696956	-0.24629222316115354
3881.03125	4.718960155241194	-2.968718448674149	-2.5982306093924543	4.640791697483896	-1.0740609667701961	-0.04664315798021886	0.0004676747324931708	0.009062032000696956	-0.24629222316115354
3892.020263671875	4.765538053531004	-2.9795677695688	-2.5986913991653875	4.657357356974741	-1.0846332081194598	-0.046074185895081624	0.0004481089473336868	0.009062970259848492	-0.24845230830484735
3903.701416015625	4.812310166262618	-2.990601203008066	-2.5991472128190094	4.676709960361757	-1.1030246370770334	-0.04557616722981873	0.0004284811897280338	0.009063859368787203	-0.25061866067333377
3911.7587890625	4.859145230138844	-3.0017726432680676	-2.5995966521250526	4.6828545407966145	-1.116783899963637	-0.044937554347893066	0.0004087863241108793	0.009064709279639685	-0.25279219636152966
3923.18359375	4.90613525961401	-3.0130496995984077	-2.6000403157512633	4.698577533320207	-1.1274012761381014	-0.04436162014660426	0.0003890093908190309	0.009065528251848637	-0.25497490668656686
3933.220947265625	4.953317577974022	-3.0245144976590215	-2.600478997296048	4.717737386500668	-1.146155084131234	-0.043862998847582435	0.00036917122930902013	0.009066296749594381	-0.2571638299348791
3944.5625	5.000562524932856	-3.0361203599666804	-2.6009113017111565	4.723845758869777	-1.1602179712881706	-0.043224072450068346	0.0003492666246440826	0.009067024726677475	-0.2593598866597395
3953.98388671875	5.047956975496194	-3.047833104038281	-2.6013377839766703	4.739026868147897	-1.1709646271389103	-0.042643526498790475	0.00032928017037283264	0.009067720391722479	-0.26156512403369564
3962.508544921875	5.033079078709952	-3.0582311637099866	-2.577296742360183	4.674082610578175	-1.207540261077192	-0.004273369025504542	-0.0032579877051553087	0.015090345685610174	-0.26555658170618307
3975.272216796875	5.0798801312303175	-3.0704559002709395	-2.577333010889818	4.679460835639344	-1.2220963012656796	-0.003616853785588051	-0.0032914525795305826	0.01508301936665345	-0.26777520829411405
3982.889404296875	5.1268226400568455	-3.0827920696339004	-2.5773639255416576	4.6938408178740065	-1.2333011079701033	-0.0030846406773743238	-0.0033250364954992757	0.015075596794756906	-0.2700030112521891
3995.2666015625	5.173950613965587	-3.0953265271534622	-2.57739049262615	4.712317010446518	-1.2531080719912948	-0.002649026900765656	-0.0033586989175941077	0.015068069136739429	-0.27223691300909664
4008.689208984375	5.2211328780197555	-3.1080099091294473	-2.577410505324017	4.717585215768745	-1.267952661812768	-0.0019913191857279513	-0.0033924506143484653	0.015060442889647516	-0.2744778556684739
4014.05322265625	5.268451639872619	-3.1208060945024334	-2.577425083936718	4.731473441986305	-1.2792973492162552	-0.0014511417470486954	-0.0034263203117444858	0.015052718086211588	-0.27672797958500245
4027.6826171875	5.3159551379562515	-3.133804641257714	-2.5774353042285614	4.749877115966388	-1.2995112220516036	-0.0010144599891443633	-0.003460266752639825	0.015044886355587383	-0.27898414776689207
4037.361572265625	5.3635133740339285	-3.1469554499831562	-2.577438972133093	4.7551850282905095	-1.314686909641906	-0.00035687199033213523	-0.0034943006076387333	0.015036954076348402	-0.28124729961292144
4048.041259765625	5.411200104113218	-3.160219369251066	-2.577437083885622	4.7682774806131585	-1.326065361582472	0.00019543505384433425	-0.0035284516182276858	0.015028920959770374	-0.2835196472609215
4058.235107421875	5.459070594645088	-3.173689688390639	-2.5774308284420955	4.786583430151728	-1.3466825165552851	0.0006330035093833077	-0.003562677542417585	0.015020778993738368	-0.28579798711180354
4066.495361328125	5.5069953808594025	-3.1873154207156995	-2.5774180187274256	4.791843260426665	-1.3621709408354152	0.0012908460070835625	-0.0035969890361474267	0.015012534545453515	-0.2880832627217396
4079.850341796875	5.555043114851642	-3.2010553703379387	-2.5773995680536803	4.8043851023466395	-1.3736630356972732	0.0018515754495037375	-0.003631416676937067	0.015004186965657177	-0.29037774217010304
4086.3466796875	5.603272363038172	-3.2150053995357184	-2.5773767180512794	4.822466254591574	-1.3946475773913563	0.002292356652881635	-0.003665917476788209	0.014995728663847855	-0.2926781626642988
4099.68896484375	5.651554734068257	-3.2291138024911774	-2.5773472976697143	4.827605660808928	-1.4104298148172252	0.0029518543045346105	-0.0037005020809074266	0.014987165976773268	-0.29498547233046263
4110.318603515625	5.699958802400687	-3.243338901302084	-2.57731221184912	4.840025244280046	-1.4221724465787626	0.0035149952776576056	-0.003735201625900806	0.01497849788750914	-0.2973019861192619
4119.86767578125	5.748543134533434	-3.257778095432741	-2.5772727111440625	4.857981757741735	-1.4435581431073388	0.0039573210215071795	-0.0037699726555556518	0.014969717132909696	-0.29962439785490447
4130.54541015625	5.797179924450355	-3.2723788046050406	-2.5772266323489705	4.863050889356462	-1.459652003501798	0.004617652898231822	-0.0038048256702771415	0.014960830039094868	-0.3019536527102205
4139.046142578125	5.8459336101064725	-3.2870975032192904	-2.577174821940733	4.87499508038003	-1.4715273599191876	0.005187327580933151	-0.003839792604702053	0.014951835286171332	-0.30429212124567556
4152.484130859375	5.894868529810106	-3.302035053234415	-2.5771186198647875	4.893047655923512	-1.4933878190117502	0.005627356557662501	-0.003874828933476494	0.01494272600121857	-0.3066364271691176
4161.2421875	5.943856083020214	-3.3171375262535485	-2.5770558460750275	4.898129928211195	-1.5098196820074674	0.00628711640705919	-0.003909945469642271	0.014933508480978706	-0.3089875309290223
4170.130615234375	5.991088850448447	-3.304923684970346	-2.6612828370369734	4.8876970821602415	-1.4919070002864456	-0.0759435879227551	-0.0011440052280627154	0.01839480025063674	-0.3124429246084539
4182.1630859375	6.040146890831368	-3.320065839063103	-2.6620398060585075	4.905367397458751	-1.5138418755919854	-0.07568739583186329	-0.0011875236356619285	0.018391973810279294	-0.31480920392141176
4191.56884765625	6.08925440458909	-3.335372641366494	-2.662791540943768	4.910130043846881	-1.53024341935452	-0.07516065013697186	-0.0012311595628366583	0.01838903655807204	-0.31718223672697543
4203.0673828125	6.138463314617563	-3.3507951991749434	-2.663538619302614	4.92053266232156	-1.5419023515980903	-0.07469956894986009	-0.001274955269417678	0.01838599294507513	-0.31956451404356895
4211.215576171875	6.187848337824862	-3.366441490974606	-2.664283141495908	4.938072986879381	-1.5642498000162026	-0.07444281513991202	-0.001318852429574843	0.01838282719008887	-0.3219525316075469
4223.772216796875	6.237281988857308	-3.3822556165421136	-2.6650224229157686	4.942747416530491	-1.5809671861387082	-0.07391532816069422	-0.0013628653683156978	0.018379547914964746	-0.324347257711709
4230.840087890625	6.286811845829229	-3.3981865204451243	-2.6657569590655665	4.952634894833133	-1.5927317763800204	-0.07344545977087123	-0.0014070373261623327	0.018376159283462198	-0.32675123890209073
4246.268798828125	6.336515253389986	-3.4143448878748273	-2.666488914778824	4.969918940205674	-1.6154515949954236	-0.07318627717126013	-0.0014513088627609871	0.0183726459026133	-0.3291609107939612
4252.213134765625	6.386266407159513	-3.4306742961616825	-2.667215628735527	4.97450206597159	-1.6324870767526023	-0.0726586234462444	-0.0014956943191425799	0.01836901635551662	-0.3315772446821684
4265.756103515625	6.436112291079078	-3.447122876770052	-2.667937581040445	4.984244577894296	-1.6444940915567583	-0.07218717417823046	-0.001540237800144298	0.018365274416969453	-0.3340028361043634
4273.2802734375	6.486130137094696	-3.4638030223620637	-2.668656942525551	5.001370128756272	-1.6676235921173674	-0.07192695840682715	-0.0015848791308384644	0.01836140508574688	-0.33643407724114505
4286.093505859375	6.586348248633005	-3.4976317419296366	-2.6700803146309364	5.015485342404637	-1.69723083778987	-0.07092704312100107	-0.0016745431281952811	0.018353313348307414	-0.3413190668673559
4296.1318359375	6.586348248633005	-3.4976317419296366	-2.6700803146309364	5.015071225776507	-1.6970837341064395	-0.07091870995120003	-0.0016745431281952811	0.018353313348307414	-0.3413190668673559
4307.180908203125	6.636674648806289	-3.5148426541934903	-2.670787016060836	5.032232934266951	-1.7206944650344482	-0.07066106009420088	-0.0017195494948771188	0.018349079795279215	-0.3437717890388644
4314.683349609375	6.687047142209357	-3.5322311254493126	-2.671488479032274	5.036643055398663	-1.738375798319049	-0.07013357361148244	-0.0017646661228921346	0.018344724693019798	-0.3462310879721094
4327.35693359375	6.737502020265832	-3.549739849129269	-2.6721849647883276	5.045159719129865	-1.7504983474768703	-0.06964075351367037	-0.0018099391723900998	0.018340251148713776	-0.34869967778908745
4336.906982421875	6.788127909687615	-3.5674892620015077	-2.6728788834254544	5.062189279401139	-1.774538747227983	-0.06938288565558197	-0.0018553060965075551	0.018335644978661005	-0.35117381530440644
4346.951171875	6.838798804016582	-3.5854194668511985	-2.6735675578387266	5.066486984801792	-1.7925403666843494	-0.0688547476409666	-0.0019007814359195845	0.018330914666663888	-0.3536544881757053
4359.99951171875	6.9404632887283615	-3.621766620937086	-2.6749321778113604	5.09171855576521	-1.8293502410414972	-0.06810180461327009	-0.001992135157792681	0.01832107574917562	-0.3586399485897455
4367.24169921875	6.9404632887283615	-3.621766620937086	-2.6749321778113604	5.091240815478307	-1.829171159645104	-0.06809244742303594	-0.001992135157792681	0.01832107574917562	-0.3586399485897455
4381.34619140625	7.157705975774894	-3.6293388284153965	-2.6430044644476722	5.224298724829647	-1.8294788540520477	-0.04930550984194836	0.0026225287000242376	0.010581070686372013	-0.35942267848565473
4388.475830078125	7.157705975774894	-3.6293388284153965	-2.6430044644476722	5.22389655366651	-1.829327741449077	-0.04930069612872905	0.0026225287000242376	0.010581070686372013	-0.35942267848565473
4401.116943359375	7.262593915577455	-3.666610752734832	-2.643977678606066	5.247068654436914	-1.8726262739359454	-0.04838983168013874	0.0025691755668353707	0.010594002719858211	-0.3644620756975384
4408.127685546875	7.262593915577455	-3.666610752734832	-2.643977678606066	5.246383599332075	-1.8723649208248516	-0.04838230874933235	0.0025691755668353707	0.010594002719858211	-0.3644620756975384
4422.0986328125	7.315143971612413	-3.685461928339268	-2.6444559194764343	5.254698670790648	-1.8847296207270285	-0.047818669566488295	0.002542344670387886	0.010600409574612155	-0.3669943313943121
4429.037353515625	7.367870135193169	-3.704564249602987	-2.6449304394233994	5.27223679378128	-1.9098137378994304	-0.04744599812832568	0.0025154368203147517	0.010606751238863343	-0.3695320013725133
4441.8876953125	7.420646614556349	-3.723855072801107	-2.645399561542552	5.277055897532756	-1.928578254581246	-0.04690403372895281	0.002488444694400565	0.010613041029060934	-0.3720760953825176
4451.525390625	7.473498235532683	-3.7432693102863284	-2.6458629790021893	5.284862709637402	-1.9410307258759465	-0.046336363653753515	0.0024613405519368485	0.01061929476945425	-0.37462953638622154
4463.991943359375	7.5265231774077215	-3.762938577588328	-2.6463226733737746	5.302122872035801	-1.9665028878741122	-0.045963477274789034	0.0024341600340868283	0.010625481443162896	-0.3771883502466128
4472.727783203125	7.579598242044062	-3.78280004097115	-2.6467769904330254	5.306917878771046	-1.9856330093366974	-0.045423505915725464	0.002406895841703321	0.010631614296001889	-0.37975354051083954
4482.014892578125	7.632740694667432	-3.8027845304405967	-2.6472255343253828	5.313953364163197	-1.9980508349532882	-0.04484903955138944	0.002379519493117415	0.010637709205623506	-0.3823281051463467
4495.887451171875	7.739416531140985	-3.843467301605899	-2.6481098234076073	5.336297397854837	-2.0436562710234583	-0.04394493799518943	0.0023245320308356316	0.010649705517497672	-0.3874942432213006
4503.408447265625	7.739416531140985	-3.843467301605899	-2.6481098234076073	5.335614488765062	-2.0433775555334415	-0.043937336507931815	0.0023245320308356316	0.010649705517497672	-0.3874942432213006
4514.130615234375	7.792844468438403	-3.864031675648814	-2.6485434976716453	5.342508911911557	-2.056034049457521	-0.04336210871460939	0.0022968845999974106	0.010655635962885816	-0.3900898686768128
4525.931396484375	7.8464416300776305	-3.8848595237650865	-2.6489734668590725	5.359359903445596	-2.082349518365794	-0.04299102326839808	0.002269161910280312	0.010661495581454376	-0.3926907951264114
4533.4345703125	7.900085465990351	-3.9058858844408393	-2.6493980691925576	5.363804012098928	-2.1021047917519144	-0.04245200575179477	0.002241356667082595	0.010667297641147877	-0.39529802659278945
4545.8505859375	7.953790676778918	-3.9270385720106122	-2.649816859702462	5.370244747797121	-2.1148607545234004	-0.04187378015598676	0.0022134392255151124	0.010673057882614276	-0.39791466447921
4554.55419921875	8.00766485362319	-3.9484597502523817	-2.6502319775466696	5.387068608376676	-2.1416766688601343	-0.041505921409957264	0.0021854472850285477	0.010678745416335495	-0.4005365528447773
4568.333251953125	8.115559623340916	-3.991832649833559	-2.651045627843274	5.397660234389561	-2.174744578680974	-0.040389106991033444	0.002129187190729366	0.010689957758002404	-0.40580230787117727
4575.326416015625	8.115559623340916	-3.991832649833559	-2.651045627843274	5.397284149341782	-2.174582994514531	-0.04038446028661797	0.002129187190729366	0.010689957758002404	-0.40580230787117727
4585.803955078125	8.0810979813183	-4.009646024240444	-2.64483548784876	5.313753300973037	-2.2032401747583634	-0.056411946070992064	3.938913428001871e-05	0.017122609350669	-0.4134423593598787
4595.732666015625	8.134275787398197	-4.031887914236171	-2.6453947883136513	5.317212443572498	-2.2236364570968257	-0.05591758325348236	-5.973007502777695e-06	0.017122574477496884	-0.41609163096614254
4606.91552734375	8.187497673178044	-4.054257105903453	-2.6459486279626607	5.321930299134454	-2.2365002252893715	-0.055376756738931346	-5.149356615725e-05	0.01712242897616796	-0.4187503553582867
4615.4853515625	8.240876404650983	-4.076903652176035	-2.646500109643816	5.337543034230441	-2.2642011131970485	-0.05513986136493942	-9.710549612942473e-05	0.01712215065025683	-0.4214142475679786
4626.7626953125	8.294290348330458	-4.099758494564704	-2.6470466853446877	5.340831067611846	-2.284922594733834	-0.05464512135395876	-0.0001428226127940844	0.017121750388733113	-0.4240843310862706
4635.97119140625	8.347740974652758	-4.122740021787061	-2.6475876761597656	5.34481249177124	-2.2977290954404386	-0.05409196865362191	-0.00018869746669622654	0.017121236369713362	-0.4267638862665338
4648.883056640625	8.401346122203128	-4.146003199190793	-2.6481263042774663	5.360192784171515	-2.3258588390815746	-0.053854594248854755	-0.00023466197812368138	0.01712058686599486	-0.42944856770104944
4658.836181640625	8.454984877516688	-4.169478042251908	-2.6486600245194296	5.36331724825636	-2.3469135486272013	-0.05335959319187562	-0.0002807300337274348	0.01711981268581444	-0.4321394029682014
4667.348388671875	8.508655287704983	-4.193080111599052	-2.649188086089339	5.366798969439472	-2.3597786262375076	-0.052799132969964045	-0.000326955086741225	0.01711892165302251	-0.4348397287777728
4677.353271484375	8.562476644638227	-4.2169675563930245	-2.6497137555866304	5.381822100631885	-2.3882803156999852	-0.05255882785926683	-0.0003732681466875286	0.01711789248189478	-0.43754514125800326
4690.696533203125	8.616329820302333	-4.241069969388405	-2.650234509302416	5.384764900568342	-2.4096616294524664	-0.05206297165764463	-0.0004196830073689208	0.01711673592529929	-0.4402566682235778
4697.989013671875	8.67021288287602	-4.265301756858662	-2.6507495890388784	5.388071871885094	-2.422745580314224	-0.05150103880379928	-0.00046625393632451203	0.01711545937622438	-0.4429776983517163
4709.712890625	8.724244218938416	-4.289823120624115	-2.6512622689793304	5.4028281387187755	-2.4516668485358877	-0.05125995690395838	-0.0005129111977477261	0.017114042005600356	-0.4457037829082712
4720.164794921875	8.778304889723062	-4.314562452720749	-2.651770017026402	5.405519595581226	-2.473344344036855	-0.05076242236339573	-0.0005596686358819555	0.017112494520676497	-0.44843594760909294
4732.030029296875	8.832390895641483	-4.339431881498752	-2.652272020977429	5.408375011947325	-2.486505418448112	-0.050193570819878235	-0.0006065813652755465	0.01711082386404948	-0.45117763639763736
4739.734375	8.886624663766165	-4.364596156884821	-2.6527716489553708	5.423079472621813	-2.515952661374472	-0.04995485449455832	-0.0006535784608409194	0.017109009715526494	-0.45392433264294496
4751.48583984375	8.995167117351667	-4.415497428546739	-2.65375520873091	5.4281586470977174	-2.551258296179781	-0.04888537181350403	-0.0007479241599622083	0.017104989299496772	-0.4594393759798877
4762.45703125	8.995167117351667	-4.415497428546739	-2.65375520873091	5.427808517657197	-2.5510850691548965	-0.04887841230752616	-0.0007479241599622083	0.017104989299496772	-0.4594393759798877
4771.248779296875	9.049592479529478	-4.441311846766885	-2.6542416733893712	5.442247162831141	-2.5809616815885628	-0.04863862024838189	-0.0007952569657874076	0.0171027698132126	-0.4622066470785833
4782.92138671875	9.104044235231825	-4.467351282764295	-2.6547232095694175	5.444637965542561	-2.603335837560163	-0.048141261855495006	-0.0008426863594524363	0.0171004147195704	-0.4649799318229087
4793.126953125	9.358545431065577	-4.477697013758681	-2.6099757823764924	5.60603676475621	-2.5964891398805867	-0.01882164396852825	0.005050697511522138	0.010049961311894444	-0.4631919793949594
4804.69140625	9.414638559959496	-4.503890213447999	-2.6101590505945684	5.609450423682616	-2.61904588969136	-0.01832527630877954	0.005022599733568528	0.010063945328664227	-0.46598545934450925
4812.856689453125	9.414638559959496	-4.503890213447999	-2.6101590505945684	5.608776797152783	-2.6187071041415257	-0.018317941994300594	0.005022599733568528	0.010063945328664227	-0.46598545934450925
4822.770263671875	9.470752479905512	-4.530212744161496	-2.610336256199439	5.611187186562821	-2.631803249480223	-0.01771485127774187	0.004994369531631507	0.010077909260075953	-0.4687885339946159
4836.066162109375	9.527015588406126	-4.556839024947043	-2.6105101573433114	5.626035025625559	-2.6621396060167246	-0.01738384533797809	0.00496604730351799	0.010091806577804474	-0.4715965166734141
4843.21826171875	9.583310670914251	-4.583694167159634	-2.610679110662886	5.62897755222254	-2.684891905025718	-0.016886407338824322	0.004937625955548182	0.010105654119041576	-0.47441044666542315
4856.848388671875	9.639622037465301	-4.610679249430822	-2.610841979969569	5.630940813591708	-2.698054263478662	-0.01628124470507488	0.004909071665558664	0.010119479489589847	-0.4772339977096598
4868.693359375	9.752572100114657	-4.665500153735057	-2.6111562676048243	5.649181794827496	-2.752393656867094	-0.015466732030665682	0.004851680751382966	0.010146940601243364	-0.4828967429500181
4876.698486328125	9.752572100114657	-4.665500153735057	-2.6111562676048243	5.648509844882011	-2.7520413532634147	-0.015459289471934826	0.004851680751382966	0.010146940601243364	-0.4828967429500181
4884.78173828125	9.809073742315093	-4.693157131656098	-2.611304832576243	5.6499768588942905	-2.765239467838084	-0.014850829305533868	0.004822802227558055	0.010160620951616819	-0.4857407276533856
4898.314208984375	9.922396051696603	-4.749333679718712	-2.6115905674519055	5.6676838116888915	-2.820337306395165	-0.014039864025898834	0.0047647637751243276	0.010187785462282857	-0.49144423499467826
4906.922607421875	9.97907544106262	-4.77766901715562	-2.6117248028334603	5.668091635206223	-2.833249784561424	-0.013422005078956517	0.0047355611101319185	0.010201314243301967	-0.4943086089031895
4917.41845703125	9.97907544106262	-4.77766901715562	-2.6117248028334603	5.667760017419618	-2.833071065483428	-0.013417888749234533	0.0047355611101319185	0.010201314243301967	-0.4943086089031895
4931.126953125	10.092742117529735	-4.835212677692251	-2.6119818978460474	5.684766616400018	-2.8888423255634157	-0.012608144607283787	0.0046768751830744675	0.010228169077864717	-0.5000527967559407
4939.384033203125	10.092742117529735	-4.835212677692251	-2.6119818978460474	5.684097682279512	-2.8884768379444603	-0.012600607441789854	0.0046768751830744675	0.010228169077864717	-0.5000527967559407
4950.528076171875	10.149590773937982	-4.864235317353764	-2.612101824463788	5.6846951352041835	-2.9017969442276392	-0.01198702799245064	0.004647348530180581	0.010241539738875066	-0.5029375163093971
4960.469482421875	10.206579303955946	-4.893580292301374	-2.612218551965463	5.698611372718257	-2.93398860304429	-0.011666525543798083	0.004617731111900074	0.010254835053797838	-0.505826997928315
4970.99072265625	10.263591816400089	-4.923167859747094	-2.6123304030363728	5.700743054619754	-2.958096159865915	-0.011175987825234301	0.004588015457288178	0.010268071889712705	-0.5087223032733628
4981.844482421875	10.320599703994052	-4.952885581341714	-2.6124360259609527	5.700626562939551	-2.971300754147018	-0.010556678698197226	0.004558164717800653	0.010281277974821855	-0.5116273465720993
4996.644775390625	10.37774311188089	-4.98292927096419	-2.6125384556851303	5.714107607050138	-3.0038549374519827	-0.010236760896590117	0.004528223574803316	0.01029440651988747	-0.5145371229507891
5004.27587890625	10.350408522818972	-5.083929294069147	-2.5249799592236934	5.630777209817961	-3.1022777070710754	0.059626837079948994	-0.002938373401783896	0.011958387425642947	-0.518977635595541
5016.027587890625	10.406709262482407	-5.115096069000633	-2.5243756071833743	5.629920416649462	-3.116201261113024	0.060438888951092125	-0.002973346399640901	0.011949662019357906	-0.5219030398857324
5024.21875	10.463136432439029	-5.146598473397352	-2.523765729773786	5.642492992268568	-3.149720907519684	0.06099213882720186	-0.00300835346924593	0.011940807873169593	-0.524833153952873
5035.46142578125	10.519575816000167	-5.178354757521664	-2.523148518702107	5.643443895651598	-3.174948139497773	0.06172898061523106	-0.0030434034810170414	0.011931834052765388	-0.5277690421731283
5046.021728515625	10.575989765249881	-5.21024348666368	-2.5225229671268203	5.641252608203472	-3.18839405016806	0.06255871819498361	-0.0030785404334377955	0.011922738309263358	-0.5307147202615149
5056.097412109375	10.632522118528506	-5.242469605096327	-2.5218918026779873	5.653024642797557	-3.222090082828164	0.06312068922854343	-0.0031137092389158416	0.011913512374712257	-0.5336650391991521
5068.073486328125	10.689061130295268	-5.2749513445508365	-2.5212532427296828	5.653418019856262	-3.2474870347667752	0.06386375907758542	-0.0031489183914049524	0.011904165274978562	-0.536621038367983
5076.299072265625	10.745561901275572	-5.307560931267953	-2.5206061737574483	5.649949667961646	-3.260479497454817	0.06471028290675535	-0.0031842124473332157	0.01189469414349276	-0.5395867846027617
5087.13525390625	10.802173042297605	-5.340509543635232	-2.519953403553634	5.6609195982782605	-3.2943391582435777	0.06528107378586409	-0.0032195354786060102	0.011885091518539163	-0.5425570493817454
5099.2900390625	10.858785503031154	-5.373715604418364	-2.5192931814491777	5.660777212613612	-3.319914437387891	0.06602982316398329	-0.0032548957727552685	0.011875366535114366	-0.5455328584996668
5110.109375	10.972011962690084	-5.4407150709992695	-2.5179496185120804	5.666630721330514	-3.3667056028500113	0.06746636341092607	-0.0033258065760044682	0.011855532138718814	-0.5515081600538935
5119.61669921875	10.972011962690084	-5.4407150709992695	-2.5179496185120804	5.6662707595578405	-3.366484160736771	0.06747138288372158	-0.0033258065760044682	0.011855532138718814	-0.5515081600538935
5127.712646484375	11.02867245346311	-5.474644344064053	-2.5172674329164924	5.665596585678579	-3.392232416948946	0.06822598646502762	-0.003361308567983506	0.011845425062614818	-0.5545033681657086
5140.3681640625	11.085270773940787	-5.508692563723619	-2.516576423208365	5.659740719855319	-3.4043469422561676	0.06910391061865286	-0.0033968898395182346	0.011835190328445964	-0.5575081213675401
5148.84912109375	11.141963814867973	-5.54308298154725	-2.515879536605818	5.669147532906837	-3.438523479589384	0.0696922521410784	-0.003432493076090023	0.011824822133606958	-0.5605170531783695
5160.478271484375	11.198647627744561	-5.577734327145407	-2.5151750891976707	5.667946601089012	-3.4644376058040973	0.07045196084511621	-0.0034681263602042572	0.011814329322137388	-0.5635311729195758
5172.10546875	11.311955586122039	-5.647609915815137	-2.5137423033477573	5.669946143577945	-3.510660993072851	0.07193609367475438	-0.0035395630143359074	0.011792951078237001	-0.5695822075288421
5181.796142578125	11.311955586122039	-5.647609915815137	-2.5137423033477573	5.669616176529141	-3.5104496889694254	0.07194072545392238	-0.0035395630143359074	0.011792951078237001	-0.5695822075288421
5190.81640625	11.368638671040328	-5.6829821114798085	-2.513015309725211	5.667892539416413	-3.5365214830266187	0.072706365406126	-0.003575316562208521	0.011782069335130756	-0.5726146997840927
5201.948486328125	11.42523765796691	-5.718464600951895	-2.512279205320946	5.65984762857835	-3.5477823908871873	0.07361287602474732	-0.0036111426260653483	0.01177105690158817	-0.5756564477817673
5213.2685546875	11.537067901550323	-5.768388586362908	-2.511837771308085	5.718361879846247	-3.6031882662510113	0.08295074818380377	-0.004136215110289434	0.008924809743416372	-0.5727801637222123
5220.417724609375	11.594236741265327	-5.804691641140457	-2.5110001274641025	5.716483162504013	-3.629609360888486	0.08376895722762714	-0.0041634268558749755	0.008912057001146941	-0.5758303611020495
5233.37158203125	11.651313921243004	-5.841103156865492	-2.5101532224981082	5.707684837456048	-3.640690517109018	0.08469169883446144	-0.004190677263619502	0.00889919429423122	-0.5788896531467747
5241.419677734375	11.708467417732441	-5.877862609490666	-2.509299352475554	5.715252649846906	-3.6754401517989157	0.08538861681819429	-0.004217923256464329	0.00888622108652198	-0.5819525020513273
5252.131103515625	11.76559983085247	-5.914889603707903	-2.508437280600554	5.712860074953146	-3.702003403650095	0.08621157098305934	-0.004245169894494102	0.008873145611647459	-0.5850199087843582
5263.435302734375	11.822630739439788	-5.952020874725568	-2.507565845802005	5.703078366629125	-3.7126717712861517	0.08714447329569408	-0.004272452178845222	0.00885995961241787	-0.5880962441280874
5272.11279296875	11.879730690404909	-5.98950140426081	-2.5066873777811756	5.709919162894018	-3.7475530875783343	0.08784820344817454	-0.00429972678501347	0.008846663148935573	-0.5911759199520037
5283.93408203125	11.936804480274649	-6.027250853525783	-2.5058006527010876	5.707017389829521	-3.77424948380027	0.088676701494584	-0.00432699871687041	0.008833264390475172	-0.5942599368335207
5292.088134765625	11.993767335258903	-6.06510041661973	-2.5049044648483525	5.696293482358692	-3.7845071229996656	0.08961956472385131	-0.00435430326871318	0.00881975460892903	-0.5973527141562698
5305.78759765625	12.050792071138076	-6.1033004657831444	-2.5040011727459808	5.702418487395128	-3.8195106847582556	0.09033040720633058	-0.004381596811071017	0.008806134532498292	-0.6004486161292123
5316.029296875	12.107785609289579	-6.141770698208487	-2.5030895812047094	5.6990117850282305	-3.8463287698578363	0.09116314830274899	-0.004408884470021037	0.008792412282735536	-0.6035486436315997
5323.23193359375	12.164659192136922	-6.180336889362013	-2.502168437266104	5.687386424666727	-3.8561764100914107	0.09211497667209419	-0.004436201602736102	0.008778578583199137	-0.6066572632799071
5335.248291015625	12.221587601920689	-6.219254712020058	-2.501240121907951	5.692806354167559	-3.8912939758909335	0.09283251489755476	-0.00446350461424624	0.008764634833850402	-0.6097687941337819
5348.44384765625	12.278479827512804	-6.258443886192474	-2.500303460327671	5.688899903663511	-3.9182242329990604	0.09366996384962539	-0.004490798360559042	0.008750589073466658	-0.6128842380274059
5355.910888671875	12.335243461225213	-6.297724878522431	-2.4993571538744823	5.6764112455504385	-3.927663274018696	0.09463102306683648	-0.004518118572811817	0.008736431421315732	-0.6160081073696037
5369.912109375	12.448825344586917	-6.377264640277764	-2.497441669747323	5.677261774435214	-3.9902955464302887	0.09619220332145803	-0.004572711886892236	0.008707794904140984	-0.6222649540249345
5376.686767578125	12.448825344586917	-6.377264640277764	-2.497441669747323	5.676734116165714	-3.9899170407261875	0.09619760098991344	-0.004572711886892236	0.008707794904140984	-0.6222649540249345
5388.380859375	12.505458871671081	-6.4172583969464005	-2.496469997532894	5.663419833078218	-3.9989466684213286	0.09716740105637468	-0.004600025784579776	0.008693313515023091	-0.6254034912747641
5400.724365234375	12.56213342431856	-6.4576057901625195	-2.495491022910736	5.667460237238448	-4.034263618836271	0.09789804204885628	-0.004627319209580913	0.00867872278756972	-0.62854452535587
5409.036376953125	12.618761945686554	-6.498226542699843	-2.494503609774159	5.662567339233167	-4.061385377930519	0.09874474690584958	-0.004654597069202272	0.008664030564475868	-0.6316890607879743
5417.944580078125	12.765508163411452	-6.603099256220496	-2.5602955070283158	5.739226772732857	-4.142666813072379	0.06213347925985275	-0.006857653345188457	0.003682828033778508	-0.6206648162380288
5431.413330078125	12.822941727352545	-6.644888898101262	-2.559666196959564	5.74337371378582	-4.178494739275975	0.06292925572480601	-0.00686924847544727	0.0036610747057127585	-0.623819614163609
5440.88427734375	12.88033108205088	-6.6869582010308655	-2.5590284159977013	5.738659325526043	-4.206246203599389	0.06377739190768777	-0.006880787015650162	0.0036392626310868996	-0.6269777160154741
5451.6298828125	12.937572051708896	-6.729113803763494	-2.558381947397389	5.724195070930497	-4.215144236788833	0.06464499832435196	-0.006892282071575115	0.0036173706702343055	-0.63014376316467
5459.422119140625	12.994848479168885	-6.771629007711422	-2.5577274677713313	5.727678616657407	-4.251057363632234	0.06544610193898645	-0.0069037187948639105	0.003595415741758238	-0.6333119146898705
5472.609619140625	13.05207589788287	-6.8144246869120035	-2.557064480831175	5.7224837465558105	-4.278885668097121	0.06629787227199184	-0.00691509707406163	0.003573403634361749	-0.6364831785964675
5479.6533203125	13.109147648337276	-6.8573026288779175	-2.556392773249248	5.707290840827736	-4.287385287451325	0.06716878823228264	-0.0069264299158560035	0.0035513127088525054	-0.6396622365166855
5493.71875	13.166248309679116	-6.9005409392298525	-2.555713007297515	5.710119986222207	-4.323374532199337	0.06797463547433216	-0.006937702593204845	0.0035291604865823976	-0.6428432116622947
5502.620849609375	13.223295198164644	-6.9440604326274435	-2.5550247015738656	5.704448336880489	-4.351269063278487	0.06882963647810565	-0.00694891511580385	0.003506952625349338	-0.6460271139235768
5512.761474609375	13.280179460609506	-6.987658147714529	-2.5543276391435694	5.688559142420776	-4.3593698166557635	0.06970418064653933	-0.006960080300331811	0.0034846671251608187	-0.6492186637117138
5525.289306640625	13.337086184886697	-7.031616906211221	-2.553622472937672	5.690743684441915	-4.395425963418648	0.07051455686128606	-0.006971183699974917	0.003462321848906295	-0.6524119500345573
5530.8505859375	13.39393442701725	-7.075857454627522	-2.552908732110053	5.684600892268669	-4.423376654465649	0.07137302916338871	-0.006982225180626624	0.003439922497413667	-0.6556079846276966
5542.059326171875	13.450613387626404	-7.120172177074932	-2.5521862003065166	5.6680454826476385	-4.431077848583061	0.07225103023531439	-0.006993217387176486	0.0034174466975007765	-0.6588115253228874
5552.23779296875	13.507308446940186	-7.164848526960289	-2.5514555163341455	5.669594013770222	-4.467191787834829	0.07306624445822296	-0.007004146258231338	0.003394912736426031	-0.662016628218391
5564.78857421875	13.563940356753482	-7.209807170911307	-2.5507162199457634	5.662984435312596	-4.495188402452056	0.07392847318907281	-0.007015011646784687	0.0033723262411471206	-0.6652243070394235
5572.510498046875	13.620396633812117	-7.254835939920915	-2.5499681046589413	5.645793065977826	-4.5024898560285855	0.0748092897931381	-0.007025825907426377	0.0033496645026084163	-0.6684393555240072
5583.703857421875	13.676862735217583	-7.300226827073266	-2.5492117913222243	5.646714484116943	-4.538652261938434	0.07562908564495358	-0.0070365752789111535	0.003326946176986416	-0.6716557983831801
5593.493896484375	13.733261066809176	-7.345900413294835	-2.548446837195294	5.639642963085516	-4.566684908525364	0.07649414544572787	-0.007047259535621654	0.0033041768386904914	-0.6748746511368513
5604.0712890625	13.789477699407637	-7.391640071650035	-2.547673033758984	5.621843994528158	-4.573586195122544	0.07737802153287089	-0.007057890953542055	0.0032813333653236854	-0.6781007422715929
5616.049072265625	13.84569797038829	-7.437742248253257	-2.5468909872968597	5.622147136413028	-4.609787995944532	0.07820231272826328	-0.007068456009423712	0.0032584349274489798	-0.6813280661706823
5623.675048828125	13.897621057817528	-7.343237023764785	-2.589384518698779	5.629772724138691	-4.513521363137786	0.05436292055920691	0.0011646438485488871	0.005568548672827212	-0.6983522124446863
5634.75390625	13.953735451234907	-7.388430733297488	-2.5888331855224327	5.611640019573125	-4.519001488221325	0.05513454635458309	0.0011466053270058959	0.005572197888634508	-0.7015890119653201
5645.03125	14.009845712413327	-7.433979539764243	-2.5882764411291523	5.611167146655857	-4.5544597203002875	0.05567584141722273	0.001128545689581567	0.005575777810713901	-0.7048268896901796
5654.6240234375	14.06587853423885	-7.479802814252938	-2.5877134849651675	5.603132721273972	-4.581656401623928	0.0562988994899393	0.001110462817055655	0.005579302035231392	-0.7080668648282394
5666.84521484375	14.12172090254856	-7.525673710409919	-2.587142757132439	5.584451667686564	-4.586727813864234	0.057073924554617926	0.001092332829841418	0.005582786561710803	-0.7113138314613984
5675.731201171875	14.177553116845987	-7.571899842748569	-2.586566595729734	5.58337697594156	-4.622199365044859	0.057617461396719194	0.00107418308965085	0.005586201131880099	-0.7145617270183555
5687.01708984375	14.233303409803847	-7.618400499846271	-2.5859842084291462	5.574894933618784	-4.649397364536701	0.05824194411899363	0.0010560113968235314	0.0055895592384153986	-0.7178115724952752
5698.161865234375	14.288858038021587	-7.664944640164854	-2.5853940088695353	5.555691281869846	-4.654059905280483	0.059021016790259964	0.0010377937225417983	0.00559287665862878	-0.7210682929090513
5707.459716796875	14.344396570672167	-7.711844076421892	-2.584798355974305	5.554022808784199	-4.689536830522419	0.05956652751653081	0.0010195575755495426	0.005596123474528507	-0.7243257989042228
5715.74609375	14.399848741658023	-7.759018006116976	-2.584196464064054	5.545097449601743	-4.716727379994994	0.06019234732318452	0.0010013007921146643	0.005599313109216205	-0.7275851131512581
5730.565185546875	14.455100295027972	-7.806231284636719	-2.5835867284116882	5.525396902825051	-4.720981409037024	0.06097454399396672	0.000982999023051839	0.005602461153951627	-0.730851190449236
5737.1103515625	14.510329886328108	-7.853799839503307	-2.5829715144945156	5.5231421633202595	-4.756455772794505	0.061522551636015055	0.0009646800880076301	0.005605537986683583	-0.7341179156982949
5749.34521484375	14.565468729572261	-7.901642764399583	-2.582350040048155	5.513779013094913	-4.783629704104222	0.062150532898836694	0.0009463417741198548	0.005608556963189809	-0.7373863132304539
5760.58740234375	14.620402235137124	-7.949520905275872	-2.5817206828183035	5.4936047247979065	-4.787475330565484	0.06293662138559131	0.000927959606879184	0.005611533443347315	-0.7406613664750737
5768.776123046875	14.67530800131064	-7.997754216188037	-2.5810858267246193	5.490772649129555	-4.822938462687007	0.06348669175967474	0.0009095615641741184	0.005614438165002478	-0.7439369355855838
5779.625	14.73011868062784	-8.04626169069328	-2.5804446928489337	5.4809765976515274	-4.85008751651971	0.06411642002175669	0.0008911453987411853	0.00561728441171596	-0.7472140465001537
5790.7421875	14.78471953283662	-8.094800256896834	-2.5797956415459717	5.460351506240332	-4.853525548917141	0.06490594766714602	0.0008726863621102628	0.005620087276760247	-0.7504977101330672
5798.286376953125	14.83928694069462	-8.143693807160403	-2.5791410750685513	5.4569493400846	-4.888969482622161	0.06545765392394366	0.0008542127545108421	0.005622817815631183	-0.7537817628649177
5811.57666015625	14.948008911737091	-8.242055607012192	-2.577811410939432	5.425687372766933	-4.919129363357378	0.06688113632757914	0.0008171900243761241	0.00562811658022658	-0.7603591556075672
5823.449951171875	14.948008911737091	-8.242055607012192	-2.577811410939432	5.425672147523831	-4.919114882389357	0.06688151889281113	0.0008171900243761241	0.00562811658022658	-0.7603591556075672
5829.962158203125	15.004061652153444	-8.25948927358463	-2.6416181412960222	5.442037360304826	-4.922050281290491	0.021801675171943934	0.003916880882442956	0.0058916134891097895	-0.7677096890340778
5843.28662109375	15.058376939440922	-8.308984407647115	-2.6413956304925343	5.431466963778367	-4.948859046517877	0.022255471481390746	0.003897443692100282	0.0059043765076994045	-0.7710031577010171
5852.133544921875	15.112475870044234	-8.358499298206343	-2.6411665426902147	5.410183463204663	-4.951174520277947	0.022910813006565278	0.0038779302029816436	0.005917111429475788	-0.7743029860452519
5863.210205078125	15.16653059519476	-8.408366185229509	-2.640933766917261	5.405706262783901	-4.986318271332836	0.023279817615195958	0.0038583705436241113	0.005929770388716262	-0.7776029656596555
5873.900146484375	15.220478258492005	-8.458503462774944	-2.640696469739087	5.394717513520907	-5.01307641812558	0.023734071301931742	0.0038387621646848087	0.005942369728373358	-0.7809041270236908
5883.173095703125	15.274205740525852	-8.508656370901626	-2.640452558567159	5.373049321308537	-5.014983976750739	0.02439307593605264	0.0038190781903169593	0.005954939548616557	-0.7842115573174863
5894.44921875	15.327883534481229	-8.559160840063742	-2.640204949224047	5.368024309086868	-5.050083601320281	0.024763108350554182	0.0037993492147520252	0.005967432335173215	-0.7875190270729092
5904.8671875	15.381450112633901	-8.609935143809555	-2.6399528076718823	5.356621631555898	-5.076782094536813	0.025218466945715105	0.003779572593010046	0.005979864310075247	-0.7908275680720099
5914.45068359375	15.434792887665441	-8.66072096344418	-2.6396940200971906	5.334588915279209	-5.078282815695475	0.025880650248423877	0.0037597211408094107	0.0059922652955927865	-0.7941422910484702
5925.203857421875	15.488080559042212	-8.711857837551824	-2.6394315247773243	5.329022801804967	-5.113331197880851	0.026251638147429177	0.003739825763157144	0.006004588159426824	-0.7974569461888327
5935.417236328125	15.541252911733318	-8.763263921184462	-2.639164484645811	5.317211418342072	-5.139963176428417	0.026708282017954908	0.0037198838422566514	0.006016849085281298	-0.8007725666299309
5945.577392578125	15.59419803094922	-8.814677415551959	-2.6388907639418018	5.294833214776766	-5.141057956413058	0.027373894337524997	0.0036998678789226997	0.006029077676224332	-0.8040942856474123
5956.834716796875	15.647082701302432	-8.866441394899276	-2.638613321847848	5.2887330533686825	-5.176048812074266	0.027746253634367044	0.0036798091114408106	0.006041227047171266	-0.8074158339856914
5965.693603515625	15.699847998416386	-8.91847388679962	-2.638331322678966	5.2765179024113795	-5.202607129263884	0.028204146649712922	0.0036597048366939903	0.006053313382237959	-0.8107382459912426
5977.673828125	15.752382821798804	-8.970509694644596	-2.638042615139964	5.253813118884835	-5.203296954419738	0.028872508991982973	0.003639527268506075	0.006065366065547645	-0.8140666766286468
5985.6982421875	15.80485191615345	-9.022895341465789	-2.637750176501714	5.247185419979543	-5.238222631225676	0.029245846220962633	0.003619308026058014	0.006077338533656197	-0.8173948379257551
5997.195068359375	15.909309807976742	-9.128201341047404	-2.6371494269094153	5.211538725056596	-5.264964349528331	0.030376357998579386	0.003578708085086251	0.006101120289467807	-0.8240586352040906
6006.11865234375	15.909309807976742	-9.128201341047404	-2.6371494269094153	5.211558185274943	-5.264985377133863	0.030376445498921406	0.003578708085086251	0.006101120289467807	-0.8240586352040906
6019.62890625	15.96135104547698	-9.181203086629234	-2.6368419301299744	5.204409332533361	-5.299839564736104	0.03075159513414871	0.0035583312758643523	0.00611291249442209	-0.8273931409496422
6029.572998046875	16.01326493442601	-9.234471726375896	-2.6365298555112884	5.191400326304008	-5.326228246513659	0.031211611251120465	0.0035379110973835703	0.00612463952104745	-0.8307283194977333
6040.45068359375	16.07629035916137	-9.22667680528675	-2.6171072419021755	5.141031095624899	-5.255037043152566	0.04531000340451972	0.008912196645844033	0.008529511409834331	-0.8554244058888412
6052.75439453125	16.127563756441038	-9.279488197643252	-2.616650495794655	5.127671538835792	-5.280852261025728	0.04567856473637217	0.008883636412259314	0.00855913374695571	-0.8587655291850047
6060.2158203125	16.127563756441038	-9.279488197643252	-2.616650495794655	5.127373798944204	-5.280507278189674	0.04568220481054466	0.008883636412259314	0.00855913374695571	-0.8587655291850047
6070.959228515625	16.178600663101022	-9.332280966376866	-2.6161866271458463	5.104052325759172	-5.279022374281571	0.0463907164510599	0.008854930854731371	0.008588723178373775	-0.8621124519490907
6082.312255859375	16.22955257309207	-9.385414294306733	-2.6157202087772755	5.0955004578525775	-5.313017415878617	0.046646115766696	0.008826127782114382	0.00861819958608913	-0.865458834327582
6090.17529296875	16.280367017946595	-9.43880471774282	-2.6152500978157938	5.081489474726328	-5.33841382817335	0.04701866538928346	0.008797221904683647	0.008647584286298601	-0.8688057152398156
6102.76025390625	16.330942498124156	-9.49217242215744	-2.6147728179690986	5.057917577215431	-5.336523643401943	0.04773174961137858	0.008768171336508448	0.00867693367059125	-0.8721583282160263
6113.053466796875	16.381427979308967	-9.545879690643305	-2.6142929794369016	5.048866014549515	-5.370418628065793	0.047988055126679155	0.008739024677761902	0.00870616803068633	-0.8755103174022384
6123.86767578125	16.43177218847127	-9.599842942928868	-2.613809438622574	5.034476579934986	-5.395700176312659	0.048361618825637255	0.008709776521241575	0.008735308608368925	-0.87886272266684
6134.526123046875	16.48187512386738	-9.653779406545569	-2.6133186788834135	5.010670670054522	-5.393407235328819	0.049079654728339486	0.008680384412235832	0.008764411469035982	-0.8822207954414938
6144.52294921875	16.531883115692374	-9.708054376686697	-2.6128253525674565	5.001125188397655	-5.427195915288076	0.04933675208785925	0.008650897620779627	0.008793397389152515	-0.8855781644031566
6154.093505859375	16.58174607664027	-9.76258415447303	-2.612328310008875	4.986362205165992	-5.4523562191379344	0.04971176337850599	0.008621310709946232	0.00882228751603353	-0.8889358705018752
6165.86328125	16.63136560526309	-9.8170830930175	-2.611823996800578	4.9623372408631	-5.449662362887734	0.05043491254646762	0.008591580574797635	0.008851137608606134	-0.8922991821460858
6173.169921875	16.680885309169298	-9.871919427474161	-2.6113171089414924	4.9523042030541	-5.483339448778084	0.050692828014122886	0.008561757243383752	0.008879868902368726	-0.8956617133068775
6186.805908203125	16.730256263990462	-9.927009333138985	-2.6108064959450252	4.93717181078993	-5.508372517860308	0.051068775793906625	0.008531835147200004	0.00890850243644224	-0.8990245057797954
6196.090576171875	16.77938177664367	-9.982064365572212	-2.6102885703783736	4.912942585209084	-5.505279355100554	0.051796061974532244	0.008501770588588826	0.008937093670478667	-0.9023928444942236
6207.666748046875	16.877271105862327	-10.09309915854443	-2.6092438205838913	4.887196906232221	-5.564079316266431	0.052428079160261695	0.008441360568360952	0.008993935143440202	-0.9091280024914452
6215.170654296875	16.877271105862327	-10.09309915854443	-2.6092438205838913	4.886931892926186	-5.563739020580427	0.052431704875684236	0.008441360568360952	0.008993935143440202	-0.9091280024914452
6229.530029296875	16.925892251992096	-10.148703807719166	-2.6087122173243182	4.862512577645797	-5.560248600291723	0.0531637434301926	0.008410965150091149	0.009022261523804266	-0.9125011651297543
6237.8857421875	16.974403992080525	-10.204643456996017	-2.6081780253037152	4.851522544747282	-5.5936850460898295	0.05342308785861019	0.00838047950086766	0.009050465498285675	-0.9158734031698549
6249.749755859375	17.045665315899832	-10.24366156457761	-2.6522126575422598	4.869026392350031	-5.593173244417971	0.027752385271483906	0.011079176052693209	0.008777075942006817	-0.9225519837462224
6261.361328125	17.142437612968028	-10.355779084848951	-2.6516437230281764	4.833325417877951	-5.622205754381358	0.02851871117127451	0.01101961856899033	0.008851503732488927	-0.9293063792669468
6270.01513671875	17.142437612968028	-10.355779084848951	-2.6516437230281764	4.833323048689042	-5.622202582121444	0.028518742408933474	0.01101961856899033	0.008851503732488927	-0.9293063792669468
6279.165771484375	17.19060907632687	-10.412251451765831	-2.6513560771771267	4.817254066211875	-5.64662969067446	0.02877309845488286	0.010989654014278044	0.00888855593171256	-0.9326831337341518
6292.3330078125	17.238532313568697	-10.468674776763901	-2.65106202428274	4.792734783924499	-5.642132594796391	0.029409814528909888	0.010959519654668598	0.008925577085526867	-0.936065271057736
6300.77685546875	17.286337940847353	-10.52542871703011	-2.6507666307797577	4.780925745986529	-5.675129359343121	0.029544331371495314	0.010929266459015874	0.008962472566347513	-0.9394463517679608
6312.318359375	17.33398184133816	-10.582428808108801	-2.65046872218831	4.764507170438051	-5.699405744217702	0.029799353079912452	0.010898888800381578	0.00899926590529861	-0.9428274209485327
6321.9208984375	17.381376065643092	-10.639375899897495	-2.6501643553729	4.739839278294466	-5.694516762540191	0.030441122033977017	0.010868341946562565	0.009036025625649672	-0.9462138229084917
6333.525634765625	17.428648090376903	-10.696652203088632	-2.6498586435375646	4.727571880850156	-5.7273726322968805	0.030576090975607113	0.010837677700668269	0.009072657547856758	-0.9495991059891841
6343.4375	17.475754896239483	-10.754173123742474	-2.649550404310693	4.710806914966383	-5.751492365542378	0.030832401211987888	0.010806890301244819	0.009109185159991503	-0.9529843160320367
6352.131103515625	17.52261070218112	-10.811637114993985	-2.649235656870043	4.68600296695012	-5.7462141561726225	0.03147910176133904	0.010775934281328253	0.009145676559577761	-0.9563748107903357
6363.416748046875	17.56933977249344	-10.869428858392101	-2.6489195584494984	4.67328257495911	-5.778923600128282	0.03161467552962733	0.010744862306046772	0.009182038168914618	-0.9597641270292798
6373.819580078125	17.615900185325525	-10.927463637820075	-2.648600923804185	4.656176639599972	-5.802881929647918	0.03187192204539274	0.010713668506490116	0.009218293328325803	-0.9631533112866664
6385.51708984375	17.708385401993194	-11.043737741296072	-2.64794918602213	4.618073142113731	-5.82976130886634	0.03265940933242061	0.010650830467313941	0.00929059457837224	-0.9699409212558646
6396.116943359375	17.708385401993194	-11.043737741296072	-2.64794918602213	4.618081619572959	-5.829773677609945	0.032659269625370795	0.010650830467313941	0.00929059457837224	-0.9699409212558646
6405.67236328125	17.754390347786074	-11.102279324259118	-2.647620093998414	4.600638788580912	-5.853565991020104	0.03291764172276111	0.010619233693860024	0.009326570738863704	-0.9733339198216465
6416.8779296875	17.80014201864317	-11.160756175088968	-2.6472843941130515	4.575599773040737	-5.847514911366469	0.033574182965093284	0.010587469601118532	0.009362505820188771	-0.976732112858763
6424.755859375	17.84575805730567	-11.219557707265452	-2.6469473362571447	4.561990968150392	-5.8799162882536935	0.033710467540986944	0.010555592442127363	0.009398307150211583	-0.9801290151293756
6436.2548828125	17.89119868043157	-11.278598964717489	-2.646607721011967	4.544215206179612	-5.9035371692992245	0.03396994793566542	0.01052359620790811	0.00943399791436074	-0.9835256745555182
6446.466064453125	17.936385059140303	-11.3375716216443	-2.6462614530876505	4.5190753597347095	-5.897102864808374	0.03463089814952526	0.010491433280682673	0.0094696451731629	-0.9869274861360507
