10000.0	-1.4500149916027092	0.7859833776257134	-0.32483150862231075	-0.0026747992431079746	-0.0020675875655315175	0.0954294348437995	2.2695165766950416e-07	-0.059236728892787166	1.1797997132080573e-05
20000.0	-1.4500337116447297	0.7859658598979071	-0.32336998557874985	-0.0009615575503952751	-0.0014511206965135241	0.18648786501786963	1.0574133000179037e-06	-0.14800261571638357	2.4535471225900156e-05
30000.0	-1.4500526987105766	0.7859545203557723	-0.3209156503057514	-0.0026361250237437075	-0.0009309909251159466	0.293423512444824	3.8175439845254465e-06	-0.2660896445941387	3.358241069032992e-05
40000.0	-1.4500663628638977	0.78594860216301	-0.3174999874018485	-0.002789478408219296	-0.00032933460181733563	0.39269614225435157	1.0326823475155163e-05	-0.3453850390436399	3.986708429845689e-05
50000.0	-1.450081332194464	0.785947395929773	-0.3130948145522638	-2.8080180462388338e-05	8.515659831837071e-05	0.4776136616793946	2.2475321695801454e-05	-0.445826836612618	4.4228248279552866e-05
60000.0	-1.4495024184612195	0.7859470935702484	-0.3126071246209444	0.06773564316653781	-0.0001031077688073501	3.336247493634043e-06	2.4084819444244592e-05	-0.4460922749104509	4.9016776080586534e-05
70000.0	-1.448607420272444	0.7859466401824085	-0.3126070893403774	0.1064712252581099	-3.279930988269547e-05	3.955132809414736e-06	2.4085565337741333e-05	-0.46171462843516514	5.101223499965323e-05
80000.0	-1.447343121083138	0.785945870357474	-0.31260705486398876	0.14395416805405356	-3.656680363429255e-05	3.137998266076957e-06	2.408698131501191e-05	-0.4760305715454624	4.91049736834756e-05
90000.0	-1.4457147081656998	0.7859445948319166	-0.31260702015378566	0.17797326027471916	-0.00022825947972535457	3.3551046075934844e-06	2.408864339551721e-05	-0.490872282905093	4.165986215864825e-05
100000.0	-1.4437193393583003	0.7859430462166267	-0.31260698481791926	0.21622352609778628	-0.00015109999655444142	3.965017757438454e-06	2.4093216386018652e-05	-0.5094825333712222	2.68890843189888e-05
110000.0	-1.4413597404962497	0.7859411230282572	-0.31260695029347346	0.2532664949146456	-0.0001464716441099838	3.1357918985065504e-06	2.40966718383679e-05	-0.5267647382413125	3.4241192933182828e-06
120000.0	-1.4386414555440397	0.785938508801409	-0.3126069155185025	0.28669409168706145	-0.0003999469339663679	3.369690246158951e-06	2.409990756233313e-05	-0.5446257134905992	-2.9771842471750623e-05
130000.0	-1.4355623842739045	0.7859348804537823	-0.31260688012365734	0.32432623041411773	-0.0003851812295594406	3.9667658483164884e-06	2.4109996840473636e-05	-0.5661367777536446	-7.3722566138642e-05
140000.0	-1.4321254815836564	0.7859304143662403	-0.31260684553834484	0.3607284711444354	-0.0004200217584404065	3.1338730141501704e-06	2.4115030890441753e-05	-0.5862883842933683	-0.00012943777654914144
150000.0	-1.4283370978525103	0.7859245084949131	-0.31260681068045076	0.3933591773165218	-0.0007474555488497308	3.3827619677077102e-06	2.4119577499762272e-05	-0.6071284309965904	-0.00019756392734819982
160000.0	-1.4241942567294696	0.7859174967385769	-0.31260677521802677	0.430384029222815	-0.000726442688843465	3.977794899748228e-06	2.4135999508550556e-05	-0.6314934005259437	-0.0002789124117470818
170000.0	-1.419699809121069	0.7859094988913046	-0.3126067405842388	0.4662257250464108	-0.0007923353833214964	3.1386180976010184e-06	2.4142335094705968e-05	-0.6545520421410232	-0.00037400801052240174
180000.0	-1.4148598001590469	0.785900301739548	-0.3126067056765282	0.4982385808854685	-0.001052763779530558	3.389510612259418e-06	2.414826460553133e-05	-0.6784642498542628	-0.000483111690068821
190000.0	-1.4096714390706453	0.7858901130306759	-0.3126066701559119	0.5346598695591328	-0.001035814235654725	3.985721218645285e-06	2.4171210282705812e-05	-0.7058998006113099	-0.0006067591348493348
200000.0	-1.4041380425835306	0.7858786563971951	-0.3126066354591581	0.5698345319595945	-0.0011693946153701282	3.1433995966825286e-06	2.417907245679156e-05	-0.732176403497054	-0.0007450830795181922
210000.0	-1.3982651200621756	0.7858656344699047	-0.31260660049672073	0.6012971659534199	-0.0014451075223661867	3.390362928949345e-06	2.418582766076546e-05	-0.7592483177898585	-0.0008981485162253784
220000.0	-1.3920502830920214	0.7858511237588721	-0.3126065649148388	0.6370252243152178	-0.0014755053571420063	3.993894058437911e-06	2.4214421363930136e-05	-0.7896929965886421	-0.0010662575770677399
230000.0	-1.3854967698502854	0.7858347666010889	-0.31260653015656764	0.671517391666979	-0.0017118913267180564	3.149895165238914e-06	2.4223340750689646e-05	-0.819102446448391	-0.0012493650478285793
240000.0	-1.378609897652953	0.7858162868941054	-0.3126064951365128	0.7024034297937206	-0.0020079162726699597	3.393428190403836e-06	2.4230699727675453e-05	-0.8492741206434117	-0.001447453602621658
250000.0	-1.371387495766195	0.7857956978016596	-0.31260645949490573	0.737556539427668	-0.0021009971791449344	3.998196597890348e-06	2.4264657562094598e-05	-0.882718780219078	-0.0016607048185739162
260000.0	-1.3638325878777986	0.7857725273840462	-0.31260642467475364	0.7713596723686081	-0.002457579911953871	3.157163073389018e-06	2.427446584090253e-05	-0.9151965182892455	-0.001888934899866895
270000.0	-1.3559506701231125	0.7857465770431455	-0.31260638959525583	0.801629035823567	-0.002776196503432622	3.3967214544082446e-06	2.428231794929959e-05	-0.948390327543796	-0.0021321336125197207
280000.0	-1.3477391957227176	0.78571777644892	-0.31260635388480107	0.8361945634403295	-0.0029463569801295615	4.012593371118004e-06	2.432161300201514e-05	-0.9848142725668247	-0.0023904066588030575
290000.0	-1.339201256509128	0.7856855774079391	-0.3126063190105408	0.8693450842113228	-0.0034200672555647774	3.1629892640564976e-06	2.4331815193242985e-05	-1.0202678095450084	-0.0026634918648171723
300000.0	-1.3303423722131693	0.7856498343093786	-0.31260628387365397	0.8990563194000021	-0.0037810717096014197	3.401740115850729e-06	2.4340052642824223e-05	-1.056446390883249	-0.0029514053168074377
310000.0	-1.32115977191036	0.7856103983522742	-0.3126062480992753	0.9330450840243024	-0.004036103697358741	4.022400132612277e-06	2.4383860963622214e-05	-1.0957612455173091	-0.003254204668567494
320000.0	-1.3116568056329387	0.7855666690306768	-0.3126062131619729	0.9655903818493473	-0.004623563369321575	3.166727984965121e-06	2.439546848659336e-05	-1.1341943630928975	-0.003571585032791853
330000.0	-1.301838429743557	0.7855185181912746	-0.31260617797048873	0.9947954020229002	-0.005055578756872972	3.402576339074145e-06	2.440400334734912e-05	-1.1733057560513813	-0.003903590596908567
340000.0	-1.2917021628139382	0.785465743360052	-0.31260614213467475	1.028153356031434	-0.005399957448210675	4.031654306540429e-06	2.4451390382360756e-05	-1.215415152824262	-0.004250249623268145
350000.0	-1.2812512071574218	0.7854077022920257	-0.3126061071376989	1.0601012525512212	-0.006118146309944386	3.17201353233659e-06	2.4463890689641948e-05	-1.2567503417489296	-0.004611245616201357
360000.0	-1.270490329844049	0.7853442932987307	-0.31260607188897027	1.0887888315801104	-0.006619317313992661	3.4050728242055274e-06	2.4472814705802962e-05	-1.298741623557094	-0.004986662163515887
370000.0	-1.2594173148264332	0.78527529185365	-0.3126060359925459	1.1216345726409482	-0.007065249594762433	4.036039742756475e-06	2.452400239105084e-05	-1.3436467442360518	-0.005376544900536822
380000.0	-1.2480351848562052	0.7851999699332742	-0.31260600092827184	1.1529248906829064	-0.007896237494978994	3.184069446985339e-06	2.453736070290525e-05	-1.3878275268890348	-0.005780548299238666
390000.0	-1.2363485512720638	0.7851182069176644	-0.3126059656236283	1.1811247332564618	-0.008503516473913453	3.4053040400196957e-06	2.4546673949317027e-05	-1.4326478253827815	-0.006198765894847085
400000.0	-1.2243550449804752	0.7850297230335149	-0.3126059296569604	1.2134486574275751	-0.009064031228389391	4.050985575166605e-06	2.4602107040352045e-05	-1.4803367054985288	-0.006631228237789197
410000.0	-1.2120578152696262	0.7849337771612714	-0.31260589453447574	1.2441297448600461	-0.01001069508642423	3.1936453822802907e-06	2.4615617397298055e-05	-1.5272807342322772	-0.007077587590214661
420000.0	-1.1994617331898245	0.7848302499742245	-0.3126058591752875	1.271837206415662	-0.010732885413957822	3.4052983741769863e-06	2.4625347215396573e-05	-1.5748620641100044	-0.007537947530577226
430000.0	-1.1865639725014123	0.7847188049695577	-0.3126058231446495	1.3036484381571978	-0.01141086817617302	4.060310450815717e-06	2.4683957453117458e-05	-1.625251820659923	-0.008012329485172975
440000.0	-1.1733679235987966	0.7845986904474052	-0.31260578795662847	1.333787600404229	-0.012488732733729259	3.1985849075148653e-06	2.4699283757223348e-05	-1.6749707216787282	-0.008500387052815129
450000.0	-1.15987799894589	0.7844697617185787	-0.31260575254482337	1.3609884458556483	-0.013328764437049404	3.4055777896967793e-06	2.4708488475331488e-05	-1.7252409754447071	-0.009002222711479515
460000.0	-1.1460917931304406	0.7843316783362184	-0.31260571645088614	1.392276026293916	-0.014128908119056982	4.06923245962711e-06	2.4770042674612025e-05	-1.7782667350081438	-0.009517872123142361
470000.0	-1.1320126020505004	0.7841836498216843	-0.3126056811997337	1.4218325936950285	-0.015339947276308422	3.2073834551490484e-06	2.4786333567636694e-05	-1.830668449563922	-0.010046977440980166
480000.0	-1.1176446511395712	0.7840255120436351	-0.312605645733291	1.4485754687500343	-0.01630966496178379	3.4060987981804197e-06	2.4795871265216365e-05	-1.8836053786726286	-0.010589642295680044
490000.0	-1.1029855202648344	0.7838569038789343	-0.3126056095761431	1.4793593812460584	-0.01723855549869552	4.078193004845405e-06	2.486010717633412e-05	-1.9392236325339174	-0.011145908433367805
500000.0	-1.0880381486143436	0.7836769719612096	-0.3126055742619211	1.50839146763622	-0.018592214703521615	3.2156398258308687e-06	2.487735284829575e-05	-1.994284127390011	-0.011715398162151338
510000.0	-1.0728068132229984	0.7834855598945214	-0.3126055387394164	1.5347673989864652	-0.01970600667997798	3.405822579451018e-06	2.4888185496056937e-05	-2.0498908920008443	-0.0122982273592811
520000.0	-1.0572887656365766	0.7832822758646426	-0.3126055025233787	1.5650947179656938	-0.020766249877679013	4.082709867098192e-06	2.4954036874002646e-05	-2.108061032319361	-0.012894440984046069
530000.0	-1.0414873090204089	0.7830662683082624	-0.31260546714374843	1.593552397787876	-0.022264874935658974	3.2238005705862896e-06	2.497212777270142e-05	-2.165711373309466	-0.013503667764730836
540000.0	-1.025406247384692	0.7828373259305604	-0.3126054315660872	1.6195357202615766	-0.02352424619038263	3.406705310720871e-06	2.4983411087287103e-05	-2.223922742607563	-0.01412601195747961
550000.0	-1.009043251267745	0.7825950945319324	-0.3126053952873585	1.6493945957044367	-0.024722641457373937	4.09160393135468e-06	2.5051458360285536e-05	-2.2846063402484336	-0.014761547321340709
560000.0	-0.9924013085755505	0.7823386441545537	-0.3126053598464898	1.6773770464835276	-0.02637636958481681	3.2341270626227808e-06	2.50704261426633e-05	-2.344831856257534	-0.015409877130316703
570000.0	-0.9754842470438464	0.7820677827698094	-0.3126053242130805	1.7029429094784854	-0.027785490625059805	3.4078429452441416e-06	2.5082215074685263e-05	-2.405586035003396	-0.016071121896687357
580000.0	-0.9582893740469435	0.7817820908454954	-0.31260528786472497	1.7323926624565547	-0.029137419567630152	4.107081690465099e-06	2.5153502201427102e-05	-2.468805862217184	-0.016745346454616884
590000.0	-0.940819747798985	0.7814806436483414	-0.3126052523688601	1.7599069246126775	-0.03094459140264561	3.241886025030364e-06	2.5172156014532506e-05	-2.5315318178805772	-0.017432160626672435
600000.0	-0.9230792271278311	0.7811632328718124	-0.3126052166804296	1.785104475251921	-0.03251106403532062	3.4097890757441572e-06	2.5184338005889853e-05	-2.5948116874898797	-0.018131687512270126
610000.0	-0.9050649154196354	0.7808294159384792	-0.31260518026849365	1.8141541171114515	-0.0340150967947841	4.116710172685754e-06	2.5257635186138244e-05	-2.6604991890523424	-0.0188439989586014
620000.0	-0.8867797956686713	0.7804782214404866	-0.31260514470868533	1.8412902302397334	-0.03599844495339675	3.245094040486273e-06	2.5278590361387974e-05	-2.7257739028523327	-0.019568692510517505
630000.0	-0.8682271755340201	0.7801094008169149	-0.31260510896574	1.866182630882579	-0.03773148492138887	3.4101408712097244e-06	2.5291063623586375e-05	-2.7915718633263045	-0.02030588699568493
640000.0	-0.8494046915093122	0.7797225826592824	-0.31260507249594655	1.8948406666972017	-0.039383460725012136	4.120895307950006e-06	2.5365079456656185e-05	-2.85967118584758	-0.021055695401179686
650000.0	-0.8303152946814445	0.779316740430863	-0.31260503687281044	1.9215203767957552	-0.04153668071330166	3.2547058979707807e-06	2.53867385167721e-05	-2.9274093824634377	-0.021817699075930782
660000.0	-0.8109621381581401	0.7788916089018193	-0.3126050010739225	1.9460643486232	-0.04343793548030007	3.412427700781721e-06	2.539966648880572e-05	-2.995667026940659	-0.02259201898505313
670000.0	-0.7913424251337027	0.7784467464871122	-0.3126049645335785	1.9743912837243573	-0.04526213275510201	4.137267288494075e-06	2.5476803467533708e-05	-3.0662326351009686	-0.023378759110854103
680000.0	-0.7714591081614282	0.7779811229987493	-0.31260492885338237	2.000750135206387	-0.04759697814429517	3.2577152675472516e-06	2.5499542591809225e-05	-3.1364420427029005	-0.02417750446349671
690000.0	-0.7513156325160246	0.7774945220087326	-0.31260489300046634	2.0249788881432065	-0.04967121582323432	3.4131195964583388e-06	2.5512797361714117e-05	3.0760522127932592	-0.02498840115278398
700000.0	-0.7309091944042984	0.7769864872207648	-0.3126048564025692	2.052944104563912	-0.051651335387020984	4.14125795126069e-06	2.5590333667595104e-05	3.0031307442832733	-0.02581156176945136
710000.0	-0.7102427646435169	0.7764559447325471	-0.31260482065956	2.0788789667400196	-0.05416642995877587	3.2669684127976386e-06	2.5613724338923192e-05	2.930518741839983	-0.02664655807706395
720000.0	-0.6893195521834351	0.7759026533332506	-0.3126047847500977	2.1027873081808037	-0.05642040191047087	3.4149786543339e-06	2.5627610554556542e-05	2.857424015350073	-0.02749353492875462
730000.0	-0.6681368281993922	0.7753261648498225	-0.3126047480901798	2.1304072084453973	-0.05856714301026717	4.149759814324472e-06	2.5706480084120177e-05	2.7821537602317465	-0.028352621403365384
740000.0	-0.6466979949807506	0.7747254363801834	-0.3126047122871428	2.155931450146142	-0.0612656585085243	3.273746069903017e-06	2.5730822861573208e-05	2.7071856488082813	-0.029223399549866597
750000.0	-0.6250057931279221	0.7741001344560312	-0.312604676322374	2.179530576185756	-0.06370436455481107	3.4177494928022735e-06	2.5745095432100256e-05	2.6317205133320614	-0.030105987974664784
760000.0	-0.603057697747215	0.7734498509232308	-0.31260463959293033	2.206795117102425	-0.0660314292846582	4.165793147906656e-06	2.582700830576285e-05	2.5541121776976645	-0.031000542432076186
770000.0	-0.5808566780448912	0.7727734405271488	-0.31260460373350907	2.2320089667150826	-0.06892570927814802	3.276700110452372e-06	2.585238276372569e-05	2.4767834985596586	-0.03190661154290596
780000.0	-0.5584054887783959	0.7720705842356691	-0.3126045677141213	2.255327480112775	-0.07155553830548245	3.4188264021428877e-06	2.5866978374224538e-05	2.39897070679454	-0.03282432586418236
790000.0	-0.5357015167928849	0.7713408761081368	-0.3126045309235724	2.2822287090599214	-0.07404946226872386	4.175585478988546e-06	2.594854072987262e-05	2.3190931016570793	-0.03375385644972594
800000.0	-0.5127478515964967	0.7705831433499779	-0.3126044950045362	2.3070980025534427	-0.07714113120180022	3.2829360984342143e-06	2.5974866510755742e-05	2.2394402039437615	-0.03469474366173562
810000.0	-0.4895474740463328	0.7697971264086014	-0.3126044589301911	2.3300985703948216	-0.07996055407415535	3.4211728509948833e-06	2.5989969718627068e-05	2.159333704938285	-0.03564714314105299
820000.0	-0.4660975473508216	0.7689823508448294	-0.3126044220808062	2.3567284647354714	-0.08263609994329255	4.179159147860563e-06	2.6072938377133176e-05	2.077177911775772	-0.0366112148734257
830000.0	-0.44240123048856994	0.7681376517219298	-0.31260438609904156	2.3811942295067876	-0.08592452503388184	3.2893282242911717e-06	2.6099842735225427e-05	1.995257781085634	-0.03758650260164569
840000.0	-0.41846117369400515	0.7672626881252201	-0.312604349968707	2.40392194084289	-0.08894485137928253	3.4235420125755003e-06	2.6115536791307777e-05	1.9128577937457532	-0.03857314041828344
850000.0	-0.39427453687201053	0.7663570076651334	-0.3126043130575464	2.4302541801303517	-0.0918035422969185	4.1875164415743976e-06	2.6199456317270568e-05	1.8284553430656323	-0.03957131013647521
860000.0	-0.3698446644122714	0.7654194443210377	-0.31260427701702864	2.4544007937767516	-0.09529829099272263	3.2978821275674527e-06	2.6227166674915143e-05	1.7442642098613523	-0.04058055428691332
870000.0	-0.3451741941791755	0.7644496751412285	-0.31260424083022476	2.4768256113089824	-0.09851859383564542	3.426106319928256e-06	2.6243491608036004e-05	1.6596199217678562	-0.041601018706460706
880000.0	-0.3202600593412539	0.7634471662270387	-0.3126042038488129	2.5028721124521196	-0.10157887101869137	4.204827352286385e-06	2.633030064263605e-05	1.5729545140900425	-0.042632870769022
890000.0	-0.29510543012304813	0.7624106855772779	-0.31260416775281397	2.526759087770644	-0.10528994896906933	3.3004551404795396e-06	2.6359228273653655e-05	1.4864856083339708	-0.043675627994482345
900000.0	-0.26971281941167796	0.761339801651125	-0.31260413150989846	2.5489612583459693	-0.10873359095274943	3.4280096480792284e-06	2.6376689760535933e-05	1.399503756787193	-0.04472939748330078
910000.0	-0.2440795097765522	0.7602339459808717	-0.31260409446466497	2.574651630237033	-0.11202637104592078	4.21302251740786e-06	2.6466322933622982e-05	1.3104807319501661	-0.04579433089673979
920000.0	-0.218208618937918	0.7590918049395456	-0.3126040583059001	2.5982289690319944	-0.11595646937884041	3.3036656734179986e-06	2.6496854787222566e-05	1.2215845057038208	-0.0468699284912021
930000.0	-0.19210260256316183	0.7579129682698545	-0.31260402200629506	2.620181638794187	-0.119623261809782	3.429573874810078e-06	2.6514069031340513e-05	1.1321775879768285	-0.04795631557777897
940000.0	-0.16575920927139476	0.7566969391924513	-0.31260398489391505	2.645493593755717	-0.12315014477015832	4.2260759440616725e-06	2.6606024467102676e-05	1.0407365339097423	-0.04905366399630128
950000.0	-0.13918109563874353	0.7554424087841722	-0.3126039486784633	2.6688142689240517	-0.1272933903069012	3.308435041249815e-06	2.663678233896573e-05	0.9494271906246331	-0.05016150211425595
960000.0	-0.11237057531339717	0.7541489608173085	-0.31260391232280454	2.690522462632644	-0.13117582167134023	3.4316568902172138e-06	2.6653416613889475e-05	0.8576239467861049	-0.05127995256504611
970000.0	-0.0853249956683306	0.7528160389682976	-0.3126038751375561	2.715573381906109	-0.13494025945669372	4.244682137243374e-06	2.6748476398191887e-05	0.7637599090384329	-0.05240918235650474
980000.0	-0.05804733891925804	0.7514424061999442	-0.3126038388682455	2.7386718378366823	-0.13930458236715781	3.3092251843485667e-06	2.6779616041475362e-05	0.6700582405139154	-0.05354874167585039
990000.0	-0.030539892616687395	0.7500276545527832	-0.31260380245852615	2.760158452978771	-0.14340653524281172	3.432402943824016e-06	2.679567619078574e-05	0.5758800310240563	-0.05469876371011693
1000000.0	-0.002800321292858884	0.7485712386379605	-0.31260376520910266	2.7848141967703306	-0.14739251221441013	4.257561872857326e-06	2.689225352897037e-05	0.4796600105587534	-0.05585941086710165
1010000.0	0.025168728060469332	0.747071915534198	-0.3126037288833738	2.807671543473491	-0.15197035241252493	3.3121615439497194e-06	2.6923683683820413e-05	0.3835951398214548	-0.05703026157931146
1020000.0	0.05336503480461024	0.7455292513543189	-0.312603692419033	2.828935368417587	-0.15629127866135198	3.433962267841293e-06	2.693923124993443e-05	0.28706831343440403	-0.05821143426429587
1030000.0	0.08179067225851273	0.7439427099084662	-0.31260365510640015	2.853298819325641	-0.1605178433148632	4.2664136263060275e-06	2.7038281934073002e-05	0.18849508978869514	-0.05940309271805048
1040000.0	0.11044329332499095	0.7423110287312276	-0.3126036187230571	2.875904113339003	-0.16530504748255553	3.3167736709378037e-06	2.7069778123627077e-05	0.09009401444309925	-0.06060482561382374
1050000.0	0.13932003450506394	0.7406338609587847	-0.31260358220431256	2.8968829264702887	-0.16983659050114866	3.4357192860348544e-06	2.7084788326995517e-05	-0.008736687135125386	-0.06181676425140193
1060000.0	0.16842372419076493	0.7389105240330766	-0.31260354482619485	2.92094845839536	-0.17430152388881387	4.278714859997286e-06	2.7186073709580964e-05	-0.10963609092755802	-0.06303904790517904
1070000.0	0.1977515275610729	0.7371398477691772	-0.31260350838712686	2.9432929974294235	-0.17930375450065603	3.3198930773858463e-06	2.721782481662616e-05	-0.21034117442340092	-0.06427129055605688
1080000.0	0.22730110700446493	0.7353213996392132	-0.31260347181361536	2.964063575625942	-0.18406166905969698	3.4373799805954804e-06	2.7232290755062126e-05	-0.3114720431896814	-0.06551360873291441
1090000.0	0.2570748128649219	0.7334545419885445	-0.31260343436522836	2.987838238656374	-0.1887588551169192	4.296735543641153e-06	2.7336699809603065e-05	-0.41467721835067295	-0.06676614837161185
1100000.0	0.28707031363213387	0.7315380318432786	-0.3126033978757674	3.0099273573911374	-0.19398547689730572	3.323118987606571e-06	2.736774186686496e-05	-0.5176588856478475	-0.06802851282237225
1110000.0	0.3172851210751017	0.7295714731113963	-0.3126033612479962	3.030490725021595	-0.19896971526056947	3.439699117363945e-06	2.7381615238428594e-05	-0.6210667670238069	-0.06930083785196677
1120000.0	0.3477213714078972	0.727554223920164	-0.3126033237344387	3.0539531088795275	-0.20390426693480654	4.309212986019353e-06	2.7488286020689255e-05	-0.7265418658021782	-0.07058325807649647
1130000.0	0.37837688350427334	0.7254850438127467	-0.3126032871865854	3.075858712068456	-0.20936405833971225	3.3237515261879244e-06	2.7520643368148118e-05	-0.831801492629284	-0.07187540025628067
1140000.0	0.40924939535143373	0.7233634750919764	-0.3126032505073383	3.0961608863895482	-0.2145686141286211	3.4415846391390554e-06	2.7532799752752433e-05	-0.9374451461887721	-0.0731773693165358
1150000.0	0.4403409512344026	0.721188880306527	-0.31260321292809135	3.11934674130691	-0.21974521253729654	4.322564814660913e-06	2.764167860822837e-05	-1.0451782954287152	-0.07448931596235284
1160000.0	0.47164921229452944	0.7189600557671368	-0.31260317632547896	3.1410133825034268	-0.22543156781595963	3.326858978444582e-06	2.767426484333948e-05	-1.1526750261992582	-0.07581087659580982
1170000.0	0.5031719423961201	0.7166765387150151	-0.31260313959225183	3.161091390199578	-0.23086480531930118	3.4434775655653708e-06	2.7685792785236137e-05	-1.2605425637573753	-0.0771421586591705
1180000.0	0.5349111350959517	0.7143376671844095	-0.3126031019484355	3.1839782554934057	-0.23628080974665766	4.334977692217118e-06	2.7796839780766417e-05	-1.37050158559705	-0.07848330405435648
1190000.0	0.566864879470801	0.711942175852497	-0.3126030652898144	3.205443063453814	-0.2422034203009184	3.3296997395285876e-06	2.7829647360910463e-05	-1.4802249901628584	-0.07983395109474747
1200000.0	0.5990307669363533	0.709489630686501	-0.3126030285005917	3.225372621169012	-0.24788276768132436	3.4444652976703262e-06	2.7841620943984216e-05	-1.590318149691297	-0.08119421106752932
1210000.0	0.6314109789215773	0.7069793044692745	-0.31260299079594417	3.2479780538918237	-0.2535423798091995	4.343202538864502e-06	2.7953983906788276e-05	-1.7024856398360395	-0.0825642051812469
1220000.0	0.6640033746661779	0.7044100029402562	-0.3126029540797914	3.2691938844559596	-0.25969014376105043	3.3327481972875644e-06	2.7986726613513437e-05	-1.8144023014116366	-0.08394360422529272
1230000.0	0.6968055006855398	0.7017812943654864	-0.31260291723667155	3.2889087876593406	-0.2656034917756054	3.446435548426861e-06	2.7998104387476756e-05	-1.926680146221206	-0.08533251922974514
1240000.0	0.7298194874574375	0.6990924313247974	-0.3126028794677817	3.311229592251884	-0.27150507564660575	4.355445517932386e-06	2.8112574650547112e-05	-2.0410341848086158	-0.08673106515141545
1250000.0	0.7630435226895518	0.6963421643149657	-0.31260284269700617	3.332255641973119	-0.27789518206426894	3.337292893553619e-06	2.8145523948239185e-05	-2.155139429521146	-0.08813891358249684
1260000.0	0.7964753651674482	0.6935300214657306	-0.3126028057981303	3.3517904630667585	-0.2840528456648146	3.448338071014706e-06	2.8156264605065607e-05	-2.2695942212272118	-0.08955616537895084
1270000.0	0.830117337964926	0.6906551979397733	-0.3126027679580765	3.3739249708334946	-0.29021089747724244	4.374056965927334e-06	2.827392207876871e-05	-2.386154917804905	-0.09098293208080055
1280000.0	0.8639673922258878	0.6877165022180577	-0.31260273113470505	3.3947896817712166	-0.29685430410922364	3.338054662361584e-06	2.830728707279623e-05	-2.5024387963057655	-0.09241889580036806
1290000.0	0.8980233968514778	0.6847134491780159	-0.31260269418468706	3.4141156491737963	-0.3032462894854591	3.4509788308241145e-06	2.8316025626780874e-05	-2.619045282742368	-0.09386416060571184
1300000.0	0.9322871347316718	0.6816453246903958	-0.31260265628025624	3.435980226500189	-0.30965027389540956	4.386170386276218e-06	2.8435916868336785e-05	-2.737761175033335	-0.09531885904717577
1310000.0	0.9667566531023662	0.6785109265686742	-0.3126026194020869	3.4566287860004286	-0.31653346803775373	3.3411190162278523e-06	2.8469530161464715e-05	-2.8561906093837357	-0.09678268074159573
1320000.0	1.0014300130290115	0.6753097169333224	-0.31260258239578387	3.475822402921751	-0.32318394220980945	3.4520862412288182e-06	2.847889219308909e-05	-2.974955486576152	-0.09825572114231779
1330000.0	1.0363089502822054	0.6720409641822417	-0.3126025444292178	3.4973789828526476	-0.32982284321591054	4.39840033344279e-06	2.8599593981947166e-05	-3.0957954689957434	-0.0997380949773078
1340000.0	1.0713917238455763	0.6687034329995916	-0.31260250749537466	3.5178474323622213	-0.33695720954356095	3.3439185286269752e-06	2.8633461281327654e-05	3.06681964444224	-0.10122950833099813
1350000.0	1.1066760817076884	0.6652966513043673	-0.3126024704354727	3.536839676425725	-0.34385041251336973	3.454218180961567e-06	2.8642168851017628e-05	2.945936969843715	-0.10273005945325306
1360000.0	1.142163941273289	0.661819820930179	-0.3126024324070036	3.5581841851306293	-0.35075064446760645	4.406016889735752e-06	2.87652978837798e-05	2.822960663662425	-0.10423985604999247
1370000.0	1.1778537615182387	0.6582716706850967	-0.31260239541619167	3.5784575581806846	-0.3581317447358039	3.348410928369208e-06	2.879901966457511e-05	2.7002692322962507	-0.10575860201465152
1380000.0	1.2137433940311266	0.6546517063947135	-0.31260235830048483	3.597282610344022	-0.36527935797234257	3.4562603767180943e-06	2.880709288332863e-05	2.577271427875275	-0.10728639305481075
1390000.0	1.2498346490791648	0.6509591387814989	-0.31260232020219414	3.6184297209254765	-0.3724386583940711	4.423538722977827e-06	2.893351795415517e-05	2.452160928967575	-0.1088233430768994
1400000.0	1.2861259491734471	0.6471927088478234	-0.3126022831618875	3.6384948166785493	-0.38006877695499397	3.3516069041849144e-06	2.8966188170507168e-05	2.3273741525372973	-0.11036915655569458
1410000.0	1.3226150755816635	0.6433519464586024	-0.3126022459921331	3.65715212259813	-0.3874688862750574	3.4590303246692e-06	2.8973574552058862e-05	2.2022753553857775	-0.11192394581915485
1420000.0	1.3593039452493214	0.6394360081394523	-0.31260220782847	3.6780772107603856	-0.3948869679366016	4.436582775181734e-06	2.9102188520478024e-05	2.0750586388980348	-0.11348780969251869
1430000.0	1.3961907996940222	0.6354436899484606	-0.31260217073043495	3.6979986286062148	-0.402783706848995	3.352296673754678e-06	2.913660818571542e-05	1.9481633642061984	-0.11506047318000132
1440000.0	1.4332736153731642	0.6313744694049229	-0.31260213350983507	3.716435364942585	-0.41042506364773157	3.461325387899254e-06	2.9141772740960068e-05	1.8209991443551399	-0.11664202928853049
1450000.0	1.4705539254270905	0.6272275799654945	-0.312602095282536	3.737110283387035	-0.41809494281233744	4.448495238087817e-06	2.92725273946072e-05	1.6917029795383143	-0.11823260073648988
1460000.0	1.5080304206347377	0.6230017022804495	-0.3126020581287339	3.756862282944632	-0.4262543166099065	3.355097925521367e-06	2.9307199081887127e-05	1.562723087750991	-0.11983189721652321
1470000.0	1.5457009036748486	0.6186963560611372	-0.31260202085183025	3.7751763398832363	-0.43416733407814295	3.4625991168976418e-06	2.9313137783781816e-05	1.4334710921721356	-0.12144001677550878
1480000.0	1.5835668864067363	0.6143107669970738	-0.3126019825629019	3.7955655991995836	-0.44207757874474246	4.460500962978448e-06	2.9444461649059195e-05	1.3021230611366703	-0.12305707392701613
1490000.0	1.6216269287852776	0.6098436497534149	-0.3126019453543903	3.815119075468055	-0.45049369132585504	3.358192165053247e-06	2.947938181016437e-05	1.171084674958683	-0.12468280016222154
1500000.0	1.6598788755703247	0.6052945103488176	-0.31260190802343907	3.833244807258376	-0.4586625266650867	3.464924034952881e-06	2.948465922132842e-05	1.0397840260959919	-0.126317286750177
1510000.0	1.6983243965392174	0.600662504608573	-0.31260186967285897	3.8534406963164685	-0.46684257149912245	4.467648381440961e-06	2.9618453670095465e-05	0.9063674904413485	-0.12796063629813184
1520000.0	1.7369619980290554	0.5959463748491692	-0.31260183240681433	3.87277800179718	-0.4755116982298821	3.3612584044679063e-06	2.9653129612118376e-05	0.7732888864581295	-0.12961258778404264
1530000.0	1.7757897968846925	0.591145544970259	-0.31260179502088686	3.8907495813016073	-0.48394839673908685	3.4671669410597665e-06	2.965777765508585e-05	0.6399390569192689	-0.13127322143711476
1540000.0	1.8148093935315366	0.586259177713996	-0.3126017566066336	3.9107345815014622	-0.49239128728556053	4.478897295450782e-06	2.979355267631062e-05	0.5044707436049176	-0.13294264004221823
1550000.0	1.8540191611739583	0.5812860597929906	-0.31260171928602815	3.929908266282699	-0.5013289248644295	3.365787940202141e-06	2.982848096496365e-05	0.36934598259047097	-0.134620599073457
1560000.0	1.893417409686582	0.5762255613116924	-0.3126016818447136	3.94771786688689	-0.5100309738234344	3.470131184571071e-06	2.9832306199241664e-05	0.2339602902386503	-0.13630716900153114
1570000.0	1.933005725958608	0.5710768311493039	-0.3126016433589491	3.9675267578690967	-0.5187486918766234	4.4980400513585445e-06	2.997171679316075e-05	0.09643230514249669	-0.1380024549257192
1580000.0	1.9727826246197462	0.5658386196197727	-0.31260160598603515	3.986564950086573	-0.5279680038871797	3.366708947229236e-06	3.0007142253036037e-05	-0.040735336292014555	-0.13970620546756843
1590000.0	2.012746155795854	0.560510385427119	-0.31260156849384757	4.004163247469811	-0.5369201491550086	3.472608594791992e-06	3.0008526967551983e-05	-0.17812440106682337	-0.14141850863545502
1600000.0	2.0528976210078946	0.555091338941341	-0.31260152994475887	4.023737357728519	-0.545895716699763	4.509706998898713e-06	3.0150101683463896e-05	-0.31767105974046356	-0.14313948776987517
1610000.0	2.0932356438860062	0.5495801935387611	-0.31260149251708313	4.042583065357093	-0.555380442666708	3.3698416357739313e-06	3.01857746470299e-05	-0.45685027658114025	-0.14486888663451294
1620000.0	2.1337582876353745	0.5439763979814718	-0.3126014549707636	4.059998275284871	-0.5645960782945578	3.4750814729595457e-06	3.0186440678178487e-05	-0.5962417579197717	-0.14660678886996115
1630000.0	2.1744668081925873	0.5382791559308542	-0.3126014163582592	4.079339616131565	-0.5738319156563786	4.521356895893737e-06	3.0330117543664715e-05	-0.737794472912742	-0.1483533158095528
1640000.0	2.2153601917502352	0.5324870631522358	-0.31260137887453116	4.098024768095004	-0.5835957928938582	3.3726901813895523e-06	3.0366046909630457e-05	-0.8789870766991308	-0.15010819710263287
1650000.0	2.2564363298871752	0.5265996229994393	-0.3126013412713843	4.115322619524809	-0.5930993951173342	3.4765528060532174e-06	3.0367698099560566e-05	-1.02039719058373	-0.15187152386995756
1660000.0	2.297696462637826	0.5206160424773023	-0.31260130259763025	4.134395909534125	-0.6025819154631971	4.5331205507911585e-06	3.051166146857013e-05	-1.1639303363036586	-0.15364341425546815
1670000.0	2.33913943534549	0.5145349509912335	-0.31260126505907926	4.152890712507815	-0.612616682079169	3.375854332787398e-06	3.0547847314387555e-05	-1.3071120547343238	-0.15542361609744706
1680000.0	2.3807635204240065	0.5083557266796054	-0.31260122740058377	4.170038502473672	-0.6224000184583312	3.4789689382833438e-06	3.0548849314615496e-05	-1.450517465455358	-0.15721219725662208
1690000.0	2.422570090216031	0.5020775192993578	-0.3126011886652621	4.18895999140775	-0.6321684404547846	4.539168120411775e-06	3.0695290980791854e-05	-1.5960672204265967	-0.15900926668805443
1700000.0	2.4645577492137187	0.49569905485700566	-0.3126011510693265	4.207275866742006	-0.6424766463841562	3.3803804458867003e-06	3.0731203250669795e-05	-1.7412379867728682	-0.16081459415773375
1710000.0	2.5067245986889133	0.4892197674211685	-0.3126011133553398	4.224238875926591	-0.6525290993336142	3.4815183567553744e-06	3.073150827900066e-05	-1.886615393849602	-0.16262825814213547
1720000.0	2.54907193401417	0.48263881284723775	-0.31260107455046393	4.242960782806642	-0.662570074680096	4.5570604768765785e-06	3.0881689931611406e-05	-2.034159324918122	-0.16445037456941075
1730000.0	2.591598720615776	0.475954788449944	-0.31260103690543345	4.261088293003166	-0.673151418672261	3.3837251259885818e-06	3.091614981831692e-05	-2.181296730984575	-0.16628068613682148
1740000.0	2.6343028884609434	0.4691671899604658	-0.31260099913685224	4.277894307296525	-0.6834816555845667	3.484733154399354e-06	3.0915651741280584e-05	-2.3286495887839087	-0.1681192901808346
1750000.0	2.6771858429009163	0.46227511940182314	-0.3126009602666306	4.296421194541911	-0.6937988703623363	4.56984070690954e-06	3.1068094101223065e-05	-2.4781764571336606	-0.16996629117433348
1760000.0	2.720246358168605	0.45527723946090154	-0.31260092256323396	4.314414068031578	-0.70467731382755	3.3846426240201617e-06	3.110481000320041e-05	-2.6273014559990333	-0.17182144954669837
1770000.0	2.7634825404496794	0.4481729927605473	-0.3126008847437353	4.331012817979895	-0.7152681626755522	3.48745029320288e-06	3.1101516107378025e-05	-2.776596843501829	-0.17368484724657535
1780000.0	2.806895432156473	0.44096158858599516	-0.31260084581027897	4.349314857057407	-0.7258507887831621	4.581226099240101e-06	3.125615408320959e-05	-2.928082873356123	-0.17555661563484024
1790000.0	2.850484209603785	0.43364153420853535	-0.312600808050629	4.367147773520708	-0.7370190383380845	3.3875584151525845e-06	3.129318127832886e-05	-3.0791758014093276	-0.17743649153568855
1800000.0	2.8942468097131773	0.42621233279959536	-0.31260077017392374	4.38362722350884	-0.7479089223603136	3.4890816541633977e-06	3.129108451921935e-05	3.0527395327579097	-0.17932456448850737
1810000.0	2.93818445369327	0.418673125604537	-0.3126007311814625	4.401716139292269	-0.7587585400801969	4.58765503640168e-06	3.144640309509389e-05	2.899299351932861	-0.1812209532968896
1820000.0	2.982296075277194	0.4110225062803399	-0.3126006933640834	4.4193398549023275	-0.7702001225544232	3.390765195063517e-06	3.1483093308797466e-05	2.7462664302689768	-0.1831254174356544
1830000.0	3.026579875549143	0.40325986984083184	-0.31260065543180515	4.435667444362207	-0.7813787833643594	3.4916682215255566e-06	3.1480388646866415e-05	2.593043095607319	-0.18503802882648054
1840000.0	3.0710370178044095	0.39538437484080324	-0.31260061637606557	4.4535601390912	-0.7925036404643317	4.598303259919103e-06	3.163771347768643e-05	2.437646377921722	-0.1869589095860928
1850000.0	3.115666290023012	0.38739466408601325	-0.31260057850382506	4.471022119888906	-0.804235531843672	3.3954102198825724e-06	3.167470900765235e-05	2.2826611701746007	-0.1888878326582412
1860000.0	3.1604658229227853	0.3792901643915863	-0.3126005405155665	4.487162791661191	-0.8156926505875798	3.4944081587983316e-06	3.167127238356348e-05	2.1275077253432624	-0.19082487329032286
1870000.0	3.205436700210446	0.3710700432990773	-0.31260050139017587	4.504858033339563	-0.8270974253025724	4.616128605682765e-06	3.183254827505964e-05	1.9701576225891781	-0.19277016027109975
1880000.0	3.250578046847602	0.36273279884429777	-0.3126004634680461	4.522127287424015	-0.8391129925786981	3.3986947600610366e-06	3.186793384374275e-05	1.8132465942104912	-0.19472343764715527
1890000.0	3.295887802640135	0.3542778976983641	-0.3126004254242404	4.5381047005778825	-0.8508617204082308	3.497699528331191e-06	3.186360839085129e-05	1.656157486582601	-0.19668478922805926
1900000.0	3.3413671512797363	0.34570443955611996	-0.3126003862326629	4.555603031683523	-0.8625539653251301	4.628502256899546e-06	3.2027156276539734e-05	1.4968633360940193	-0.1986543288923626
1910000.0	3.387015313742877	0.3370108525796196	-0.31260034824988525	4.572759486473584	-0.8748948129260063	3.399599728356507e-06	3.206502037430087e-05	1.3379871801898602	-0.20063179222413957
1920000.0	3.432830554932877	0.3281964902030302	-0.31260031014978357	4.588613450281208	-0.8869557598705624	3.4993954046707033e-06	3.2059755387472265e-05	1.1789475805345995	-0.2026172417846537
1930000.0	3.4788134693042565	0.31926055049666174	-0.31260027088925507	4.60590626276574	-0.8989448409136085	4.642377676185799e-06	3.2225513333020335e-05	1.0177095865864032	-0.20461079968204826
1940000.0	3.5249636912704294	0.310201318727941	-0.31260023284996535	4.622861124056556	-0.9115972622862681	3.4030100015887997e-06	3.226092333674146e-05	0.8569091567504167	-0.2066121830250262
1950000.0	3.5712790244885144	0.30101821855567507	-0.3126001946910878	4.638537619538928	-0.9239692450022349	3.5020817457929627e-06	3.2254465135537786e-05	0.69594512929768	-0.2086214491934191
1960000.0	3.617760216569519	0.29171043108877925	-0.3126001553607653	4.655608891820964	-0.9362568299619596	4.656026355053034e-06	3.242231734065943e-05	0.5327732245354339	-0.21063872897956123
1970000.0	3.6644065068812828	0.2822763335879139	-0.3126001172620685	4.672419474592887	-0.9492332292723327	3.4038666919626196e-06	3.2460089287099935e-05	0.3700340280128818	-0.2126637449509938
1980000.0	3.7112159770798185	0.27271532399370896	-0.31260007904747655	4.687861862878615	-0.9618967592596714	3.5043331846147788e-06	3.245024408669955e-05	0.2071779800643553	-0.21469656227111908
1990000.0	3.75818931953036	0.26302660672688855	-0.31260003964818495	4.704709882956237	-0.9744764384073512	4.670421302724191e-06	3.2620174359703585e-05	0.042081060944846455	-0.21673732118628067
2000000.0	3.8053255721400294	0.2532086110606211	-0.3126000014927672	4.721314356066114	-0.9877583951888714	3.4061658703680894e-06	3.265796400907646e-05	-0.12256219350668417	-0.21878574815719726
2010000.0	3.8526229916285195	0.24326070843743128	-0.3125999632205703	4.736627727642912	-1.0007352548499515	3.505788401132413e-06	3.264958625469404e-05	-0.2873472646241753	-0.22084190865109232
2020000.0	3.9000821983573264	0.23318213918681224	-0.31259992375400336	4.753181156691324	-1.0135870981880981	4.684167012315397e-06	3.281911894081985e-05	-0.4543291846351158	-0.22290595650503997
2030000.0	3.9477024582892106	0.2229712686051854	-0.3125998855418682	4.769613239744312	-1.0271796314882016	3.4082931009868726e-06	3.285718486603312e-05	-0.6208854065959686	-0.2249776105059688
2040000.0	3.995481669396648	0.21262756891472245	-0.3125998472134298	4.784722634161009	-1.0404508266430084	3.5079445434715934e-06	3.284779748345839e-05	-0.7875593604727441	-0.22705694498179274
2050000.0	4.043420427136087	0.20215028925611014	-0.31259980767910067	4.801023066891385	-1.053583095897937	4.69780804477152e-06	3.3019334585556537e-05	-0.9564356729650455	-0.22914411939368895
2060000.0	4.091518048271761	0.19153777441313383	-0.3125997694106649	4.817248816428705	-1.0674780506821138	3.4105394742127925e-06	3.3057524804533014e-05	-1.1248807166510708	-0.23123884784041346
2070000.0	4.13977281344071	0.18078941692996425	-0.31259973102593946	4.832190108715847	-1.0810510905748565	3.510034468478145e-06	3.30474340198575e-05	-1.2934535714554427	-0.2333412033219013
2080000.0	4.188185038464612	0.16990453558393945	-0.31259969142576294	4.8482785108177255	-1.094472426109367	4.708819338450431e-06	3.3221659579359506e-05	-1.4642368896077234	-0.23545135478792842
2090000.0	4.236754272889141	0.15888141114724302	-0.3125996531001798	4.864315906189117	-1.1086737792660841	3.413659515531965e-06	3.325930152797639e-05	-1.6345745777282288	-0.23756901197590966
2100000.0	4.285478786190208	0.14771944459867378	-0.31259961465890246	4.879078640258813	-1.122546682527511	3.512595260761087e-06	3.324811066201036e-05	-1.8050368758986612	-0.23969425000553155
2110000.0	4.334359299086296	0.13641785580149648	-0.31259957498738267	4.89502242964972	-1.1362750416348861	4.726038669580945e-06	3.3426769359192526e-05	-1.977755571150759	-0.2418272411396766
2120000.0	4.38339495839877	0.12497501436400643	-0.3125995366072306	4.910898061579223	-1.1507903766054097	3.414497919771038e-06	3.346509424720963e-05	-2.1499960967400864	-0.2439676975138241
2130000.0	4.432584011338952	0.11339032927408334	-0.31259949811048815	4.925493496099262	-1.1649666064706927	3.5140522650148666e-06	3.345307234848667e-05	-2.322351289713299	-0.24611569498835387
2140000.0	4.481926874759967	0.10166309962740086	-0.31259945837228925	4.941141007921666	-1.1789631733810784	4.739665996076144e-06	3.363128785592113e-05	-2.4969310985887203	-0.2482714159867938
2150000.0	4.531422963927502	0.08979160435766405	-0.3125994199357674	4.956836742948707	-1.19378899424257	3.4166159462210456e-06	3.366999098891584e-05	-2.6710620898818895	-0.25043456146803833
2160000.0	4.581070544234173	0.07777525706013712	-0.3125993813828932	4.9712544422580995	-1.2082675412299928	3.5161674388761045e-06	3.365717038315446e-05	-2.8453011637832506	-0.2526052104363362
2170000.0	4.630870184323718	0.06561331331729725	-0.3125993415790416	4.986716391320963	-1.222561415143462	4.7503200729782104e-06	3.383823623393691e-05	-3.0217913129712657	-0.2547835488040836
2180000.0	4.68082102258484	0.05330411417027204	-0.3125993030851151	5.00221404201743	-1.237694531012366	3.419773323910218e-06	3.387636652138067e-05	3.0853838015962234	-0.256969277860959
2190000.0	4.730921133095423	0.04084712585544473	-0.31259926447515624	5.016418152869034	-1.2524679785300523	3.51835209792593e-06	3.3862635085742854e-05	2.9092821513418454	-0.2591624782161284
2200000.0	4.781170968954476	0.028241627606225544	-0.3125992246037693	5.03161977946751	-1.2670413665969824	4.7638297933337835e-06	3.404579443052584e-05	2.7309238427882545	-0.2613633392019513
2210000.0	4.83156970959871	0.01548593541938627	-0.31259918605350545	5.046898958203179	-1.2824781777300553	3.422066232962519e-06	3.408408186414338e-05	2.5530508752169037	-0.2635715555396976
2220000.0	4.882115427924869	0.0025795211228272752	-0.31259914738727174	5.060888598509638	-1.297547246599909	3.5205592165754345e-06	3.406947791520648e-05	2.3750932050978837	-0.26578720759163227
2230000.0	4.932808565505765	-0.010478335853340993	-0.3125991074450621	5.075870382120498	-1.3124132177374679	4.7805812180069405e-06	3.425690601178639e-05	2.1948541104557022	-0.2680104886845861
2240000.0	4.98364874881074	-0.02368945632558509	-0.3125990688399307	5.090978702057805	-1.3281679805494206	3.422949110872703e-06	3.429598507624899e-05	2.015098928688059	-0.27024108505920036
2250000.0	5.034634039396364	-0.03705435640227573	-0.31259903011940654	5.104746855967215	-1.3435300157654875	3.5232568300997903e-06	3.427746531005602e-05	1.8352899944790062	-0.27247908048413644
2260000.0	5.085764663049416	-0.05057370010146178	-0.31259899010867304	5.119500739456904	-1.3586861458962343	4.7948412221308734e-06	3.4467414249118075e-05	1.653175153723289	-0.27472467555823354
2270000.0	5.137040324635697	-0.06424934947032576	-0.3125989514471282	5.134417274604049	-1.3747549729358244	3.425121930038032e-06	3.450681781042732e-05	1.4715499916618167	-0.27697755089630405
2280000.0	5.188458880978802	-0.07808176055175266	-0.31259891266930506	5.148032125876855	-1.3904336585311656	3.5247388290873478e-06	3.449009384149628e-05	1.2898611336847021	-0.2792377915009133
2290000.0	5.24002072608768	-0.092071641435243	-0.31259887259349683	5.1625242110741265	-1.4058699915426562	4.805659606403065e-06	3.468029756707133e-05	1.1058890377037538	-0.2815056038740259
2300000.0	5.291725312611121	-0.10622080016238707	-0.3125988338735409	5.177200365675336	-1.4222410356591408	3.4274454099359764e-06	3.471896090984129e-05	0.9224221290559479	-0.2837806656839611
2310000.0	5.343570777883437	-0.1205297746643589	-0.31259879503904503	5.190624987511767	-1.4382264270992162	3.526931210615663e-06	3.4701599999105005e-05	0.7388729266911496	-0.28606305758991796
2320000.0	5.395557433645366	-0.1349992467621572	-0.31259875489562916	5.20487672939541	-1.4539513849306123	4.818885843048103e-06	3.4893775979445054e-05	0.5530371605631773	-0.2883529942306135
2330000.0	5.4476845719341185	-0.14963099831855048	-0.3125987161196525	5.21935207664125	-1.4706367686768385	3.4307004425934556e-06	3.4932710499442073e-05	0.3677100610990471	-0.290650147899674
2340000.0	5.499950508345755	-0.16442561169926564	-0.31259867722799084	5.232574231537414	-1.4869270852251368	3.5296445120143654e-06	3.4914155729582385e-05	0.18230894025656225	-0.292954600121793
2350000.0	5.552355247377471	-0.17938367965515953	-0.31259863701288615	5.246599200220935	-1.502947814308163	4.8356484942347855e-06	3.511102431659587e-05	-0.005392992593799469	-0.29526657280409496
2360000.0	5.604898369923619	-0.19450708876700298	-0.3125985981834258	5.260830112868626	-1.5199351962837924	3.4331683726155037e-06	3.514779651208036e-05	-0.19255595290424404	-0.2975857302867873
2370000.0	5.657577760995669	-0.20979628835792938	-0.3125985592348858	5.273821384126045	-1.5365237638601066	3.5319462991823e-06	3.512838557276532e-05	-0.3797902722002639	-0.29991215705713364
2380000.0	5.710393756792659	-0.22525197437726416	-0.31259851895140955	5.287602970701385	-1.5528343066672345	4.849971024548839e-06	3.5327528776889885e-05	-0.5693482274369086	-0.30224607637389017
2390000.0	5.763346106859693	-0.24087610342830243	-0.31259848006334173	5.301687406727133	-1.5701580527043992	3.433883709158475e-06	3.536766616270237e-05	-0.758394294493441	-0.3045871469777361
2400000.0	5.816432641522105	-0.25666909735711524	-0.31259844105884127	5.314480809027427	-1.5870562394826935	3.5335316789860057e-06	3.534712286340303e-05	-0.9474785395749717	-0.30693545698685776
2410000.0	5.869653339503696	-0.27263153954455666	-0.3125984007081512	5.327947542162755	-1.603634535730288	4.863549454997293e-06	3.5545441486895774e-05	-1.138853727646479	-0.3092912387926585
2420000.0	5.923007867025218	-0.28876538963762993	-0.31259836176307265	5.341789928525378	-1.621265848684206	3.4362915615159894e-06	3.558579164611883e-05	-1.3297306919096166	-0.31165414213416365
2430000.0	5.976494428098852	-0.30507118035438624	-0.31259832270143134	5.354378944557319	-1.638473356652721	3.5357928978122072e-06	3.556460698717308e-05	-1.5206589601418008	-0.3140242530503924
2440000.0	6.0301127370200405	-0.32154940962151696	-0.312598282284483	5.367605313093726	-1.6553444677217588	4.874158732423475e-06	3.576588336201876e-05	-1.7138868866649766	-0.31640181131769357
2450000.0	6.083862428409864	-0.338202039506015	-0.3125982432803476	5.381189486363499	-1.6732796608971234	3.438696416385758e-06	3.580537265503004e-05	-1.9065836248967625	-0.3187864640412005
2460000.0	6.137741602139806	-0.35502957293493603	-0.3125982041616106	5.393536466740072	-1.690786361507245	3.538148898181924e-06	3.578326666537747e-05	-2.0993321190382566	-0.3211782947687618
2470000.0	6.191749927260491	-0.3720324883461987	-0.3125981636764192	5.40648071859497	-1.7079381246200036	4.887618188314873e-06	3.598668615814546e-05	-2.2943859138286635	-0.3235775486840972
2480000.0	6.2458873012545375	-0.38921285775383435	-0.31259812461598124	5.41984679196881	-1.7261908601251046	3.442040443141574e-06	3.602646265336381e-05	-2.488921452306407	-0.3259838639844532
2490000.0	6.300151642729097	-0.40657110916714184	-0.31259808543902745	5.431947920951825	-1.7439971460642676	3.5405133931909034e-06	3.600331579365369e-05	-2.6834847839840372	-0.3283973295598389
2500000.0	6.354542931904125	-0.4241078314626281	-0.3125980448822982	5.444676551558167	-1.761453766292201	4.904162364653431e-06	3.6211447848107655e-05	-2.8803985894656634	-0.3308181905798418
2510000.0	6.409060910726915	-0.4418250583426775	-0.31259800576775104	5.457779317445143	-1.7800094429780693	3.4445944350097056e-06	3.6248828030518686e-05	-3.0767475557590247	-0.33324608470464007
2520000.0	6.463703418960932	-0.4597231909699456	-0.31259796653386124	5.469656023556631	-1.798122756470746	3.5433597129857767e-06	3.622453746533577e-05	3.0100477818804787	-0.33568109937533996
2530000.0	6.51847054087074	-0.4778028483332009	-0.3125979259077656	5.482130651122559	-1.8158714062534198	4.918508869165579e-06	3.643528550903446e-05	2.8112953056188363	-0.338123486725113
2540000.0	6.57336180424843	-0.49606601452847293	-0.31259788673421735	5.495033125912842	-1.8347564182394474	3.4455583391009166e-06	3.6476039513487596e-05	2.613101281665618	-0.3405728793790107
2550000.0	6.628375348676461	-0.5145131872119656	-0.3125978474436896	5.506695082004938	-1.8531819864503374	3.5450143273713074e-06	3.645080740426121e-05	2.4148798598494174	-0.34302936379729504
2560000.0	6.6835110985387125	-0.5331449269226088	-0.3125978067518784	5.518882712375833	-1.871210572811085	4.9291032047517055e-06	3.6661655099092906e-05	2.2143065474972476	-0.34549320026593905
2570000.0	6.738768698438791	-0.551963278666183	-0.31259776751858687	5.531542943001979	-1.8904101615660323	3.4478443510011485e-06	3.670177371123091e-05	2.0142888336227385	-0.3479640158093965
2580000.0	6.794145852749769	-0.5709685830186859	-0.31259772817068276	5.542943656157307	-1.9091338668988707	3.547450947336097e-06	3.667533655162469e-05	1.814263258640886	-0.3504418994018085
2590000.0	6.8496424545678245	-0.5901613900766083	-0.3125976874102235	5.554835522602667	-1.927441627514321	4.942555978916613e-06	3.688840251162851e-05	1.6118779930361973	-0.35292711519765907
2600000.0	6.9052584077594545	-0.6095438625095118	-0.3125976481202087	5.567260006950644	-1.9469593540216685	3.4512601558233197e-06	3.6928830373559616e-05	1.410034886222665	-0.3554192813670109
2610000.0	6.960991593236949	-0.6291163876360509	-0.31259760871341813	5.578431276633488	-1.9659938551124838	3.549802917983281e-06	3.690165491553036e-05	1.2081877131639949	-0.35791849009431553
2620000.0	7.016841794770382	-0.648879480592415	-0.3125975678810652	5.590087486894231	-1.9846048148598485	4.959139409212222e-06	3.711932505635363e-05	1.0039564959429292	-0.36042501021384693
2630000.0	7.07280881627386	-0.668835285422084	-0.3125975285365032	5.6022313963123445	-2.004424749578445	3.4538905296199925e-06	3.715723658178317e-05	0.8003124647716934	-0.3629384574992461
2640000.0	7.12889045902129	-0.6889841596888933	-0.3125974890722972	5.61315993081727	-2.0237660013270644	3.5527335685250267e-06	3.712887688636428e-05	0.5966507827750697	-0.36545892229965193
2650000.0	7.185086611161294	-0.7093266504753031	-0.3125974481700897	5.624546733231906	-2.042667662297289	4.973542031201465e-06	3.734924985409811e-05	0.390592425914726	-0.367986680413086
2660000.0	7.24139686140109	-0.7298648469865435	-0.31259740876598385	5.6364706257803165	-2.0628174757378304	3.454924842822679e-06	3.739073005770994e-05	0.18511477682434688	-0.3705213421301809
2670000.0	7.297819145186854	-0.7505991447899811	-0.31259736924576714	5.647100111743628	-2.082444605406585	3.555277935541943e-06	3.7357816307355094e-05	-0.020328723844325606	-0.37306299926661
2680000.0	7.3543530056088215	-0.7715299639221053	-0.3125973282744954	5.6581798750025465	-2.1016238023550278	4.987012570774707e-06	3.758053808567697e-05	-0.2281902070733472	-0.3756119322343008
2690000.0	7.4109986427696875	-0.7926596548734176	-0.31259728881309334	5.669885167879184	-2.1221031308053337	3.4582034172968357e-06	3.7622680518450124e-05	-0.4355047237340633	-0.37816774053700997
2700000.0	7.467753989960171	-0.8139885956693607	-0.3125972492326352	5.680333630166332	-2.1420661729239128	3.556861087994035e-06	3.759235675761927e-05	-0.6427989696981141	-0.38073052154559356
2710000.0	7.524618646505182	-0.8355172248253185	-0.312597208195562	5.691132270307035	-2.1615314886255543	4.997181915775383e-06	3.781475627178925e-05	-0.8524838865179037	-0.38330056260755463
2720000.0	7.581592150054441	-0.857247656619389	-0.3125971686736731	5.702537614545185	-2.182311801866442	3.4607615479866163e-06	3.785585519320843e-05	-1.0615882900599285	-0.3858774627664096
2730000.0	7.6386726798755	-0.8791803733738296	-0.312597129035546	5.712727621175143	-2.2025803560382315	3.559859158882219e-06	3.782426275642054e-05	-1.2706901279484024	-0.38846131294652936
2740000.0	7.695859621611441	-0.9013157161211865	-0.3125970879251411	5.723251202188995	-2.2223394977947755	5.014096067820836e-06	3.805200972157848e-05	-1.4821983021663474	-0.39105240995751706
2750000.0	7.753152766301166	-0.9236559251632339	-0.312597048348401	5.7343578817967025	-2.2434203461721065	3.463475966494096e-06	3.809050923180995e-05	-1.6930942147480557	-0.3936503448020229
2760000.0	7.810549881423145	-0.9462013122165867	-0.3125970086517264	5.744261037555106	-2.2639853283398548	3.5624047313519772e-06	3.8057984335023117e-05	-1.9039849930503865	-0.39625521011320836
2770000.0	7.868050663501445	-0.9689523426315557	-0.3125969674715054	5.754492694094132	-2.2840298716634226	5.028608365032427e-06	3.8288171788968254e-05	-2.117307236407662	-0.3988673048179929
2780000.0	7.925654744531408	-0.9919112122263058	-0.3125969278346656	5.76535807069529	-2.305439862069228	3.464584968931695e-06	3.833041032981583e-05	-2.3300267721991625	-0.4014862161928124
2790000.0	7.983360014085801	-1.0150782702073422	-0.3125968880814805	5.7749432139272185	-2.326287598261206	3.56503071766405e-06	3.8293086811927575e-05	-2.542688405519203	-0.4041120381986389
2800000.0	8.041165829687031	-1.0384538445387332	-0.312596846831687	5.784850645522538	-2.3466057511668708	5.042088979409609e-06	3.8525668237161767e-05	-2.7578032591202417	-0.40674507409500676
2810000.0	8.099071885389648	-1.062040179180278	-0.3125968071361778	5.79541525444233	-2.3683199663176224	3.4672193077538016e-06	3.856807845713921e-05	-2.9723098907822494	-0.40938490445656095
2820000.0	8.157076217362272	-1.085837681883886	-0.3125967673231901	5.804768564698455	-2.3894908692671644	3.566770152311824e-06	3.853356085771258e-05	3.0963930753748596	-0.4120316206563132
2830000.0	8.215178131506086	-1.1098466383313597	-0.31259672600489546	5.814311881965727	-2.410064422604136	5.055713034040999e-06	3.876455801184465e-05	2.879510699724618	-0.41468553699667265
2840000.0	8.273377474931372	-1.1340693948528504	-0.31259668625042286	5.824602226959557	-2.432094863952662	3.4696623562760496e-06	3.880752876404087e-05	2.663199710286457	-0.41734622285103534
2850000.0	8.331671964510642	-1.1585062073426113	-0.3125966463788926	5.83365146953411	-2.453558704966784	3.5693773592534935e-06	3.877163831324878e-05	2.446940804988604	-0.4200137743815041
2860000.0	8.390061064643207	-1.1831574323600673	-0.31259660499293535	5.842902939652729	-2.4744200617179994	5.065992958053853e-06	3.900629856347622e-05	2.228247029143486	-0.4226885070974696
2870000.0	8.448544538245464	-1.2080253909208043	-0.31259656517748285	5.852870772924736	-2.4967477945624252	3.4722980162634507e-06	3.904810057781557e-05	2.0101628417294526	-0.42536998996135533
2880000.0	8.507120331407984	-1.2331104422108186	-0.31259652524695253	5.861646116764735	-2.5185182330920357	3.5718945928609526e-06	3.901158914020525e-05	1.7921071549091594	-0.4280583143579862
2890000.0	8.565787475760768	-1.258412739350491	-0.31259648379133037	5.870556332346353	-2.539646960506382	5.079481909066505e-06	3.924812705490479e-05	1.5716340176020218	-0.4307538057215835
2900000.0	8.624546013021998	-1.283934760007614	-0.3125964439179879	5.880237517462926	-2.562287949365976	3.4758949829228833e-06	3.92902771657965e-05	1.351752874348807	-0.43345602297859964
2910000.0	8.683393725785962	-1.3096767702275982	-0.3125964039272854	5.888701461508504	-2.584350486482488	3.574514024693198e-06	3.925260558428743e-05	1.1319251515607949	-0.4361650628816605
2920000.0	8.742329930976114	-1.3356390547705899	-0.31259636239848204	5.897334082937758	-2.6057769536792375	5.096126240740669e-06	3.949448092399545e-05	0.9096312101403156	-0.43888125121029226
2930000.0	8.801354518831317	-1.3618240402435648	-0.31259632246943103	5.9066861312018775	-2.6287121038112247	3.478710528891043e-06	3.953372121178071e-05	0.6879784867387347	-0.44160414625006067
2940000.0	8.860465186706659	-1.3882319526969393	-0.3125962824200823	5.914856361469365	-2.651074397799943	3.577649953192403e-06	3.949471370426164e-05	0.46636481865615165	-0.4443338425924466
2950000.0	8.91966135640448	-1.414863112800844	-0.31259624082016363	5.923175895455189	-2.6727821302868024	5.1106846762884155e-06	3.973949965558722e-05	0.2422707398627478	-0.44707067367364595
2960000.0	8.978943001272201	-1.4417200181637573	-0.31259620082995604	5.932284180034317	-2.6960557027586947	3.4796996337589675e-06	3.978318022883351e-05	0.018789697705442032	-0.44981419051149396
2970000.0	9.038308109282342	-1.4688030159293848	-0.3125961607223305	5.940198303834391	-2.7187369630084297	3.579430438834926e-06	3.9743274639810184e-05	-0.2046391025681292	-0.4525644902323539
2980000.0	9.09775558171858	-1.4961121737078786	-0.3125961190554714	5.948167779280001	-2.740707504166891	5.121061034314323e-06	3.998746396366123e-05	-0.43051397224646576	-0.45532191627294416
2990000.0	9.15728523959483	-1.523649946887819	-0.31259607900373415	5.9569310354727945	-2.764272403532233	3.482409379076843e-06	4.00299689504057e-05	-0.655760573212208	-0.45808601377535263
3000000.0	9.216894977143706	-1.5514166400042395	-0.31259603883667586	5.9645162152728854	-2.787240723693843	3.58212209215351e-06	3.9989009544463845e-05	-0.8809567408793944	-0.4608568766530019
3010000.0	9.27658365782192	-1.579412289402438	-0.3125959970995197	5.972128987441665	-2.80947317304162	5.134549810332379e-06	4.0235515081936e-05	-1.10860559705665	-0.4636348539707165
3020000.0	9.33635132239075	-1.6076394877652258	-0.3125959569893642	5.980582160392664	-2.8333461653467165	3.486080996359061e-06	4.027837500720431e-05	-1.335641530022973	-0.46641948237115016
3030000.0	9.396195941843125	-1.6360985591620287	-0.31259591676220816	5.987855887686119	-2.856610451779972	3.5853071909131657e-06	4.023584485592152e-05	-1.5626182338948165	-0.4692108593490929
3040000.0	9.456116467805487	-1.664789575357775	-0.31259587495066155	5.995174676134286	-2.879137991266805	5.1511719947361535e-06	4.0488305019498885e-05	-1.7920852109062304	-0.4720093389687424
3050000.0	9.516112731177534	-1.6937150530709515	-0.3125958347842073	6.0032756356252275	-2.903298451258835	3.4889776112954614e-06	4.0528132511849355e-05	-2.020885641796085	-0.4748144544909502
3060000.0	9.576182389059156	-1.7228751575992802	-0.3125957944971379	6.01020958636192	-2.9268464901485562	3.588035194130757e-06	4.0484607812954495e-05	-2.2496251796601476	-0.4776263026963003
3070000.0	9.636324686627866	-1.7522701004564978	-0.3125957526145429	6.017188945279222	-2.9496449225451515	5.165867407379731e-06	4.073964692287091e-05	-2.480881733472043	-0.4804452405902559
3080000.0	9.696539591017347	-1.7819024927226559	-0.31259571238634914	6.025020889259611	-2.974139486575592	3.4900348199952775e-06	4.0784134381485866e-05	-2.7115042036582886	-0.4832707964626982
3090000.0	9.75682471175073	-1.8117724596689302	-0.31259567204060296	6.031642784420762	-2.997985876901266	3.5899898880682557e-06	4.0739175520952804e-05	-2.9420291176607454	-0.4861030703413869
3100000.0	9.817178975845888	-1.8418800399436448	-0.31259563008835256	6.038217373387558	-3.021021495028255	5.179554343318296e-06	4.099238983567045e-05	3.1081520356993897	-0.48894242736451876
3110000.0	9.87760224199563	-1.8722278316426577	-0.3125955898001815	6.045692590640341	-3.04580583248826	3.4928464954440787e-06	4.10371025626318e-05	2.875765527997578	-0.49178838531046626
3120000.0	9.938092124919057	-1.9028159483175713	-0.3125955493943991	6.0519632045326075	-3.0699320616909027	3.592756300363551e-06	4.099104700075661e-05	2.6434822652540038	-0.49464104457898933
3130000.0	9.998647694150648	-1.9336444966769686	-0.3125955073734752	6.058199995423736	-3.0932406859283734	5.189678261251261e-06	4.124819689954343e-05	2.4086850010061536	-0.4975007733701701
3140000.0	10.059268928298769	-1.9647161556106674	-0.3125954670241911	6.065329556111725	-3.118320577223365	3.496558112593158e-06	4.129176230024262e-05	2.1745246697560163	-0.500367087363322
3150000.0	10.119953740238884	-1.9960311883216961	-0.31259542655761813	6.071296019166046	-3.1427513210728497	3.5959100487173075e-06	4.124459082277006e-05	1.9404452896923092	-0.5032400860799355
3160000.0	10.180701175860172	-2.0275896784817564	-0.31259538446135327	6.077238764197274	-3.1663588892189014	5.207598640368308e-06	4.150765021974725e-05	1.7038185769649585	-0.5061201458675727
3170000.0	10.241511182079181	-2.059394319620182	-0.31259534405332456	6.084071685158557	-3.1917622344465957	3.497799650610245e-06	4.1552772019513535e-05	1.467842162536361	-0.5090067786887017
3180000.0	10.30238132792329	-2.091445181839854	-0.31259530352744097	6.089706711938234	-3.21648542763618	3.597917412278829e-06	4.150423476812876e-05	1.2319800228276572	-0.5119000865157372
3190000.0	10.363310596793477	-2.1237423092113485	-0.3125952613632511	6.095266735380516	-3.2403420857294467	5.217874070155728e-06	4.176700808689197e-05	0.993580552730259	-0.5148004506582344
3200000.0	10.424298944876153	-2.1562884336761687	-0.3125952208937806	6.101739665388836	-3.266036248439092	3.50156290130339e-06	4.1811016671998536e-05	0.7558293170313956	-0.5177073766686257
3210000.0	10.485344248548353	-2.189083783644711	-0.3125951803066993	6.107056126411233	-3.2910597165397926	3.601115699911274e-06	4.176139231999454e-05	0.5181696731787971	-0.5206209661244361
3220000.0	10.546445216351902	-2.222128237968916	-0.31259513806726463	6.112281301679222	-3.3151968507500085	5.2345838664742465e-06	4.202995148398538e-05	0.2779600727786369	-0.5235416091190295
3230000.0	10.607601639616888	-2.255424472147018	-0.3125950975405507	6.118364277199721	-3.3411649102141783	3.5045944856676827e-06	4.20707428996231e-05	0.038450522141438556	-0.5264688053264591
3240000.0	10.668810362597776	-2.2889721156730234	-0.31259505689354733	6.123143163943129	-3.3663678196024627	3.604737827164244e-06	4.201158857261187e-05	-0.20084623204676857	-0.5294026615415108
3250000.0	10.730067832322673	-2.3227697777785785	-0.3125950145918478	6.1275480850077315	-3.3905091740301114	5.240949139052593e-06	4.226621671059373e-05	-0.442494390451797	-0.5323435648793157
3260000.0	10.791372086497498	-2.3568191904564038	-0.3125949739998824	6.132717941117563	-3.416463051942914	3.5116822971756774e-06	4.2299863440276766e-05	-0.6833385465605181	-0.5352909889634869
3270000.0	10.852719099262142	-2.391119488255093	-0.312594933289836	6.136583336562341	-3.44163751458686	3.610339219235521e-06	4.22399798468758e-05	-0.9239355428617695	-0.538245011257735
3280000.0	10.914105775292814	-2.4256694836149992	-0.3125948909238555	6.140049013993351	-3.4657117273650537	5.2474728747534974e-06	4.249200851222069e-05	-1.1668615609655957	-0.5412060043770123
3290000.0	10.975530228750042	-2.4604709352714904	-0.31259485026757694	6.1443261514987135	-3.491651836101237	3.5187583338281683e-06	4.252475840028845e-05	-1.4089846307459881	-0.5441734215154679
3300000.0	11.036988522270637	-2.4955229725857278	-0.312594809495251	6.147330713970354	-3.5168143093114197	3.6157483970018856e-06	4.24646657789252e-05	-1.6508531340452797	-0.5471473258969972
3310000.0	11.098477557837212	-2.530824340908055	-0.3125947670663308	6.14987500541561	-3.540817438991715	5.2538872098588316e-06	4.271326527831825e-05	-1.8950003939263969	-0.5501280837144947
3320000.0	11.159995556843509	-2.566376844477905	-0.31259472634698265	6.153278089909986	-3.566740678702303	3.5256858192800675e-06	4.274489443476675e-05	-2.138349049530235	-0.5531151306223111
3330000.0	11.221538672139394	-2.6021796036065394	-0.3125946855135846	6.155439694962594	-3.5918874570736703	3.62107686381098e-06	4.268437477247221e-05	-2.3814361242558895	-0.5561085198042902
3340000.0	11.28310380902629	-2.6382312942099992	-0.31259464302304996	6.157085204070546	-3.615816808760623	5.2601489157546915e-06	4.2929427259291845e-05	-2.6267536218842	-0.5591086145423431
3350000.0	11.344689293356558	-2.674533761272672	-0.31259460224200636	6.159633250762816	-3.6417189566225407	3.5324507660402853e-06	4.295977046959829e-05	-2.8712767422791483	-0.5621148366585659
3360000.0	11.406291368079756	-2.711086112564081	-0.31259456134888164	6.160970120427402	-3.6668453161030854	3.626308642776074e-06	4.2898666646663594e-05	-3.1155316522405503	-0.56512723244151
3370000.0	11.46790694677182	-2.7478869528361045	-0.31259451879817746	6.161739509186559	-3.6906972061176897	5.266248699926997e-06	4.314010481086966e-05	2.921214782240294	-0.5681461648775533
3380000.0	11.529534456560757	-2.7849381638207986	-0.31259447795692374	6.1634517126300805	-3.716573156806052	3.539043143870517e-06	4.316904855814356e-05	2.6755661717142574	-0.5711710448107215
3390000.0	11.591170229877607	-2.8222388379524355	-0.3125944370055214	6.163982239649234	-3.741673566585229	3.6314312699337216e-06	4.31072513688599e-05	2.4301920346566366	-0.5742019140111764
3400000.0	11.652811192803188	-2.8597875077034693	-0.31259439439618136	6.1638980767322264	-3.7654435271885633	5.272180022075318e-06	4.33450472248533e-05	2.182678582426103	-0.5772391370979926
3410000.0	11.714455870257066	-2.8975860882126767	-0.3125943534962838	6.164793660513176	-3.7912874845275737	3.545455870700873e-06	4.33725176088059e-05	1.9359513855170618	-0.5802821161343961
3420000.0	11.77610068313897	-2.9356336543840933	-0.3125943124881278	6.164536266614478	-3.816355788385948	3.636435269175936e-06	4.330995420258391e-05	1.6895045773094792	-0.5833308901611279
3430000.0	11.837742573658858	-2.9739286658167083	-0.31259426982174787	6.163620908454046	-3.84003874296607	5.277938655612406e-06	4.3544110135629615e-05	1.440961350563236	-0.5863858268346593
3440000.0	11.89938016083322	-3.012473068274386	-0.312594228864828	6.163719006273027	-3.8658443830034925	3.5516843299362425e-06	4.357006350584423e-05	1.1932004777867482	-0.5894463211322506
3450000.0	11.961009952715644	-3.0512659174429313	-0.31259418780149417	6.162692030196025	-3.89087395298167	3.6413136708794515e-06	4.350668850499616e-05	0.9457255798274602	-0.592512410706369
3460000.0	12.022628910763824	-3.0903055998900637	-0.31259414507971084	6.1609675291398425	-3.9144643640953904	5.283522292488745e-06	4.3737230268965345e-05	0.6961954707236169	-0.5955844672586265
3470000.0	12.084235744260175	-3.129594089695033	-0.31259410406742577	6.16028709200693	-3.940224972287461	3.5577259393557987e-06	4.376164600353495e-05	0.4474439177412599	-0.5986618799914806
3480000.0	12.145827046871155	-3.169130422062552	-0.31259406295052145	6.158508702144994	-3.9652088375008963	3.646061584649907e-06	4.3697434704904585e-05	0.1989836149163219	-0.6017446861697372
3490000.0	12.20739980199885	-3.2089129107321184	-0.31259402017499366	6.155996736846424	-3.9887008307149014	5.288930192871727e-06	4.39244059470722e-05	-0.051492319745670076	-0.6048332622475102
3500000.0	12.26895280528376	-3.24894355618357	-0.312593979109018	6.1545564616840265	-4.0144094162136845	3.5635797793363653e-06	4.394728089103957e-05	-0.3011933941710085	-0.6079269926704091
3510000.0	12.33048273429965	-3.289221372231169	-0.31259393794016666	6.1520445888501145	-4.039340369820194	3.650675835069222e-06	4.388222406359429e-05	-0.5505982360879513	-0.6110259150572084
3520000.0	12.39198659673686	-3.329744600284526	-0.31259389511256125	6.148766412676394	-4.062727836423137	5.294162886872734e-06	4.4105682039809665e-05	-0.8019806984148211	-0.6141304110948036
3530000.0	12.453463270656515	-3.3705152656374593	-0.31259385399457396	6.14658468829879	-4.088377226479525	3.5692462755627974e-06	4.412702621796479e-05	-1.0525918956964093	-0.6172398612653802
3540000.0	12.514909515719005	-3.411532360096181	-0.3125938127754015	6.1433569747849965	-4.1132479137792455	3.6551546473825024e-06	4.4061126124033815e-05	-1.3029021540165162	-0.6203543040862028
3550000.0	12.576322365951032	-3.4527940534779202	-0.31259376989738136	6.139333378741324	-4.13652459532101	5.299221916209301e-06	4.428113833743365e-05	-1.5551535302388408	-0.6234741267857056
3560000.0	12.637700777904284	-3.494302394575026	-0.31259372872905444	6.13642824584165	-4.162107512672255	3.5747269295694984e-06	4.430097164452036e-05	-1.8066371370454715	-0.6265987065037005
3570000.0	12.699041591429404	-3.5360563528073268	-0.31259368746117894	6.132502007622522	-4.186910503127798	3.6594973861836726e-06	4.423423899439746e-05	-2.0578153580241123	-0.6297280830503159
3580000.0	12.760341868688746	-3.578054027328844	-0.3125936445343935	6.12775329486105	-4.2100700605161485	5.304109623946479e-06	4.4450880551486086e-05	-2.31089964581207	-0.632862649374917
3590000.0	12.821600640830507	-3.620297489337907	-0.3125936033173827	6.1241424172282795	-4.235579186372913	3.5800240960795883e-06	4.4469230192908975e-05	-2.5632195613365223	-0.636001779763298
3600000.0	12.882814825954881	-3.662785685684612	-0.31259356200240607	6.119534616696387	-4.2603070320598775	3.6637043342842363e-06	4.440168181406414e-05	-2.8152298882671385	-0.6391455155983924
3610000.0	12.943981515948948	-3.705516645940825	-0.3125935190284837	6.114080586255477	-4.283343101655821	5.308828974995644e-06	4.461503333761734e-05	-3.069112626425333	-0.6422942556325762
3620000.0	13.005099812721316	-3.7484924628006553	-0.3125934777644222	6.109781230973517	-4.308771126601121	3.585140797137251e-06	4.463193184861519e-05	2.960951015086333	-0.6454473716835495
3630000.0	13.066166710661264	-3.7917120605190764	-0.31259343640392406	6.104508458090833	-4.33341640929721	3.667776511475791e-06	4.456358890096948e-05	2.7081429113212314	-0.6486049068997971
3640000.0	13.12717933279129	-3.8351734002855844	-0.31259339338446634	6.098368395912176	-4.356322648137622	5.313383411008765e-06	4.477373488158926e-05	2.4534947106079867	-0.6517672658458781
3650000.0	13.188136848018742	-3.8788785955283664	-0.3125933520749586	6.0933974206881265	-4.381662312944453	3.590080569602009e-06	4.478921859279428e-05	2.199604378838896	-0.6549338181780534
3660000.0	13.249036325061077	-3.9228265480089974	-0.31259331067049007	6.08747588083882	-4.406217681759556	3.6717155224790485e-06	4.472010520617085e-05	1.9460313666299514	-0.6581046089367246
3670000.0	13.309874919334774	-3.9670151518257084	-0.312593267607067	6.0806685565082095	-4.428987803735942	5.317776729870347e-06	4.492713269499088e-05	1.6906492829088429	-0.6612800484535474
3680000.0	13.3706518630708	-4.011446540499394	-0.3125932262536849	6.075042402656706	-4.4542319318176915	3.5948473387703094e-06	4.4941240541133875e-05	1.4360219595839245	-0.6644595044684972
3690000.0	13.431364297368367	-4.056119593501522	-0.3125931848067658	6.068487909799354	-4.478690132990244	3.6755234329631773e-06	4.487138277517333e-05	1.1817155108090176	-0.6676430239898318
3700000.0	13.49200941116609	-4.10103213919889	-0.312593141700913	6.061031577763966	-4.501317937534692	5.322012988546867e-06	4.507538034714653e-05	0.9256297777973126	-0.6708310230312118
3710000.0	13.552586496438654	-4.1461863306607265	-0.312593100305193	6.054766267629379	-4.526459460482087	3.5994453169255193e-06	4.5088152945847914e-05	0.6702957903136223	-0.674022867613663
3720000.0	13.613092764746575	-4.191581025352138	-0.312593058817308	6.047594241633123	-4.550813360705482	3.679202666938254e-06	4.5017577999876395e-05	0.41528604189263996	-0.677218606751064
3730000.0	13.673525439566333	-4.237213987318504	-0.31259301567052356	6.039506645862109	-4.573292755287994	5.32609642317525e-06	4.521863493119338e-05	0.1585256072526196	-0.6804186620249103
3740000.0	13.73388386913758	-4.283087388710701	-0.31259297423396365	6.03261778372774	-4.598324732706151	3.6038789193750224e-06	4.523011387172686e-05	-0.09748600445988204	-0.6836223978973467
3750000.0	13.79416533359636	-4.329200065334283	-0.3125929327065608	6.024843250986343	-4.622567337128177	3.682755922916392e-06	4.515884948689405e-05	-0.35317019164458713	-0.6868298653968935
3760000.0	13.854367091875268	-4.375549718358226	-0.31259288952030384	6.016141632277171	-4.644892354661387	5.330031386679818e-06	4.535705510315731e-05	-0.6105776091522314	-0.6900414915379953
3770000.0	13.914488545105119	-4.422138538610159	-0.3125928480443624	6.008644407975568	-4.669807989321305	3.608152696692871e-06	4.5367282395029894e-05	-0.8672390355698613	-0.6932566393548918
3780000.0	13.974527040152825	-4.46896534063163	-0.3125928064788514	6.000282004568074	-4.693932455172431	3.6861861054102548e-06	4.529535640611199e-05	-1.123570020336459	-0.6964753618782791
3790000.0	14.034479872240375	-4.516027764182889	-0.31259276325454066	5.990983109851582	-4.7160972672235895	5.33382229536013e-06	4.5490799564930303e-05	-1.3815978762576806	-0.6996980914063738
3800000.0	14.09434649212293	-4.563328018412049	-0.31259272174063557	5.982892304449005	-4.740889916374899	3.6122712808115555e-06	4.5499817216247336e-05	-1.6388824837556688	-0.7029241896537162
3810000.0	14.15412431159945	-4.610864897029225	-0.31259268013838665	5.973956281265038	-4.764889563012615	3.689496268048303e-06	4.542725721801112e-05	-1.895833790800595	-0.7061537116248285
3820000.0	14.21381066294004	-4.658635979866184	-0.31259263687740013	5.964076374380217	-4.786888489585685	5.3374735898240664e-06	4.562002590190854e-05	-2.1544566628736264	-0.7093870947431408
3830000.0	14.273405043365166	-4.706643494073123	-0.31259259532690775	5.955406367445006	-4.81155167312065	3.616239339795307e-06	4.5627875596604155e-05	-2.412338941692047	-0.71262369949385
3840000.0	14.332904927856104	-4.75488621298869	-0.3125925536892512	5.94591059680739	-4.835419989144283	3.6926895691748996e-06	4.555470869961344e-05	-2.669885210201593	-0.7158635828153841
3850000.0	14.392307686424088	-4.803361658000848	-0.31259251039292557	5.935465470347592	-4.857247505645291	5.340989699848245e-06	4.57448896953067e-05	-2.9290787486358485	-0.7191071870922002
3860000.0	14.451612859703301	-4.852072073972458	-0.3125924688071808	5.926230248385637	-4.881774911698156	3.620061543982097e-06	4.5751612549252406e-05	3.09565104394966	-0.7223538716564825
3870000.0	14.510817984158905	-4.901016214350189	-0.31259242713540675	5.916188231794901	-4.9055055596727355	3.6957692325766956e-06	4.5677865204133635e-05	2.837534109342359	-0.7256036953324015
3880000.0	14.569920468177926	-4.950191543560734	-0.3125923838050371	5.905193219683373	-4.927156301580183	5.344375021599324e-06	4.586554385189928e-05	2.5777932292872157	-0.7288571052984901
3890000.0	14.628919892863125	-4.999600323911892	-0.3125923421853333	5.8954063854437075	-4.951541790031968	3.623742536714436e-06	4.587118023117289e-05	2.3187878876061054	-0.7321134597991944
3900000.0	14.687813854517682	-5.049241289450971	-0.3125923004806919	5.884831262139116	-4.975128609267404	3.698738519164254e-06	4.579687810654612e-05	2.060123563611582	-0.735372819490582
3910000.0	14.746599800487056	-5.099111849118472	-0.3125922571175329	5.873301252684831	-4.9965973749298564	5.347633895186018e-06	4.598213810754128e-05	1.7998576868423344	-0.7386356361777127
3920000.0	14.80527734950223	-5.149214282415157	-0.3125922154651224	5.862976035065885	-5.020834979213086	3.6272869125941957e-06	4.598672749204518e-05	1.5403249450712806	-0.7419012670738389
3930000.0	14.86384415611172	-5.199547304489462	-0.31259217372882403	5.8518805911744005	-5.0442719869642705	3.701600701464875e-06	4.591189539163201e-05	1.2811355343765667	-0.7451697746093577
3940000.0	14.922297707155401	-5.250108270259103	-0.31259213033408884	5.839830040409596	-5.065553738874186	5.35077058919768e-06	4.609481866126174e-05	1.0203660690754977	-0.7484416150493425
3950000.0	14.980637656254808	-5.300899476176696	-0.31259208865018306	5.82897930476216	-5.089637666398998	3.6306992000781683e-06	4.6098399549727936e-05	0.7603274155867628	-0.7517161446254705
3960000.0	15.03886171466437	-5.351919618995944	-0.3125920468833989	5.817375982838575	-5.112919057790284	3.704359043406992e-06	4.6023061362447014e-05	0.500634289425503	-0.754993427482686
3970000.0	15.096967409212304	-5.403166001060147	-0.3125920034582614	5.804818927963298	-5.134008922625023	5.353789289459651e-06	4.6203727920160744e-05	0.23938174814794377	-0.7582739241818077
3980000.0	15.154954425773315	-5.454640935539549	-0.31259196174403175	5.793455186641808	-5.157933554094714	3.6339838478356596e-06	4.620633776185779e-05	-0.02114222624651064	-0.7615569900170468
3990000.0	15.212820530821217	-5.506343101297469	-0.3125919199478945	5.781356095450332	-5.181053701014603	3.7070167856442393e-06	4.613051643489236e-05	-0.28131858749275396	-0.7648426907870378
4000000.0	15.270563291628408	-5.558269749533475	-0.3125918764934889	5.768306168274221	-5.201946968682379	5.356694089855616e-06	4.630900432506663e-05	-0.5430345486383287	-0.7681314911872225
4010000.0	15.328182423783076	-5.610423209904879	-0.31259183475006724	5.756441591307138	-5.225706856517966	3.63714521379321e-06	4.631067947771172e-05	-0.8040241115308212	-0.7714227456140393
4020000.0	15.385675747544079	-5.662802143886413	-0.3125917929256709	5.743858515728871	-5.248660305690908	3.7095771312515923e-06	4.62343970073052e-05	-1.0646640796083473	-0.7747165214587505
4030000.0	15.443040871049226	-5.715403752944844	-0.3125917494430929	5.730328956009564	-5.269352427578718	5.359488985051669e-06	4.6410782245148056e-05	-1.3268246236060712	-0.7780132873940835
4040000.0	15.500277537155364	-5.768230382995035	-0.3125917076715727	5.717975381785645	-5.292942293627756	3.6401875581066815e-06	4.6411557947833267e-05	-1.5882608636547593	-0.7813123969548439
4050000.0	15.55738361852342	-5.821280678620167	-0.3125916658199747	5.7049197927583695	-5.315723764034873	3.712043236961139e-06	4.6334835383575677e-05	-1.8493456255014977	-0.7846139190642992
4060000.0	15.614356764546159	-5.874551792943823	-0.31259162231028226	5.6909234613561015	-5.336210350621867	5.362177866403568e-06	4.650919192054323e-05	-2.1119326988112386	-0.7879183262193612
4070000.0	15.671196742996308	-5.928046087907828	-0.3125915805117192	5.6780924072574255	-5.3596250833086145	3.6431150366294283e-06	4.650910228384405e-05	-2.373797490131356	-0.7912249711264616
4080000.0	15.727901477604082	-5.981762191694334	-0.3125915386339404	5.664575471673577	-5.38222946309097	3.714418204521868e-06	4.6431959743143184e-05	-2.635309012642533	-0.7945339241811687
4090000.0	15.78446865937779	-6.035697210450855	-0.3125914950981547	5.650124863483538	-5.402506281058607	5.364764519021556e-06	4.660435944887071e-05	-2.898305311235267	-0.7978456615560162
4100000.0	15.840898078742347	-6.089853521912836	-0.31259145327356763	5.636827536398211	-5.425740932096255	3.6459316978530886e-06	4.660343745268759e-05	3.1226040277439138	-0.8011595351599581
4110000.0	15.89718770921353	-6.144229738344047	-0.31259141137059354	5.622860126907631	-5.448163275061347	3.7167050741265238e-06	4.652589414216587e-05	2.860683031330596	-0.8044756168024301
4120000.0	15.953335283749038	-6.198822920259674	-0.3125913678097001	5.607967383513557	-5.468226244015318	5.367252619703319e-06	4.6696406800221216e-05	2.5972940943665623	-0.8077943861877489
4130000.0	16.009340613248522	-6.253635460951373	-0.3125913259600724	5.5942146901938115	-5.491276024777108	3.648641478980222e-06	4.6694684304255835e-05	2.3346236045823283	-0.8111151944563312
4140000.0	16.065201719777246	-6.308665957238199	-0.31259128403285363	5.579807394861134	-5.513511546599796	3.718906820690929e-06	4.661675854611814e-05	2.072309706761288	-0.8144381147745677
4150000.0	16.120916378551584	-6.36391142532282	-0.31259124044780295	5.564484316893306	-5.533356735492869	5.369645735528418e-06	4.678545186052428e-05	1.8085440321211126	-0.8177636302395379
4160000.0	16.17648441885173	-6.419374273810563	-0.31259119857408296	5.550286874114663	-5.55621701313307	3.6512482056762653e-06	4.678295961568232e-05	1.5454949878665059	-0.8210910912504309
4170000.0	16.231903910102748	-6.4750530845396925	-0.31259115662353687	5.535450005913232	-5.57826108733122	3.7210263494718823e-06	4.6704668877886325e-05	1.2828040774739018	-0.8244205722753607
4180000.0	16.287172670066138	-6.530944830695842	-0.3125911130152454	5.519708065079174	-5.5978847106640846	5.371947324519723e-06	4.687160848805387e-05	1.0186769091180452	-0.8277525596700068
4190000.0	16.342290544388902	-6.5870519359495425	-0.3125910711183475	5.505076209582038	-5.620551004055499	3.653755590829312e-06	4.686837615805128e-05	0.7552646188212203	-0.8310864031182468
4200000.0	16.397255648711145	-6.643372967611844	-0.3125910291453586	5.489819815688292	-5.6423991578057615	3.7230664934626937e-06	4.678973708650388e-05	0.492211930251634	-0.8344221783364901
4210000.0	16.452065843604803	-6.699904857122338	-0.3125909855147104	5.473670166473527	-5.661797571672095	5.374160736098175e-06	4.695498658976859e-05	0.22773788353921437	-0.8377603748096807
4220000.0	16.506720989147606	-6.756650042961772	-0.3125909435955162	5.45861396467462	-5.684265547213913	3.6561672343434094e-06	4.695104277288541e-05	-0.03602297490326614	-0.84110034153111
4230000.0	16.561219246093444	-6.8136070783567835	-0.31259090160093755	5.442947835546602	-5.70591345706026	3.725030012483693e-06	4.6872071224246364e-05	-0.2994228338048355	-0.8444421554139109
4240000.0	16.61555851807036	-6.870772854247372	-0.31259085794878433	5.426401326573486	-5.72508315508073	5.3762892124056804e-06	4.7035692204360264e-05	-0.5642297452643107	-0.8477863089477342
4250000.0	16.669738677725586	-6.928149823662557	-0.31259081600814376	5.410930584016669	-5.747348622431068	3.658486624750848e-06	4.703106445932263e-05	-0.8283250976114965	-0.8511321504589628
4260000.0	16.72375792986768	-6.985736526176333	-0.3125907739927972	5.394864262251684	-5.768792109929884	3.726919590784467e-06	4.695177553543534e-05	-1.092058118917297	-0.854479758007775
4270000.0	16.777614221408136	-7.043529813451105	-0.31259073031995993	5.377931447286704	-5.787729719126178	5.378335890082757e-06	4.711382759506849e-05	-1.357184457630307	-0.8578296269686566
4280000.0	16.8313074357747	-7.101532152794979	-0.3125906883586918	5.362055717848713	-5.809788626895767	3.6607171395842198e-06	4.710854246896388e-05	-1.621600807635585	-0.8611811050238353
4290000.0	16.884835820812167	-7.1597420705499015	-0.31259064632336986	5.3455985068088765	-5.831023654235353	3.7287378377466493e-06	4.7028950549947006e-05	-1.885653557900864	-0.864534271332743
4300000.0	16.938197366925685	-7.218156380298406	-0.31259060263063937	5.328289655437372	-5.849725930875489	5.3803038007646245e-06	4.718949134801874e-05	-2.151086438014313	-0.8678896240394134
4310000.0	16.991391966604247	-7.276777563351066	-0.3125905606495327	5.312018250272412	-5.871574362310127	3.662862047112729e-06	4.718357440381558e-05	-2.4158108429193814	-0.8712465102038331
4320000.0	17.044417909749708	-7.335604133227145	-0.31259051859499887	5.29517922246679	-5.892597027936453	3.7304872872224773e-06	4.710369318182766e-05	-2.6801704388878322	-0.8746050100387786
4330000.0	17.09727323045514	-7.394632866603025	-0.31259047488313746	5.277504330415638	-5.911060853381927	5.382195874595167e-06	4.726277847160113e-05	-2.9458975028146748	-0.8779656243469971
4340000.0	17.14995782861857	-7.453866258507639	-0.3125904328829525	5.260846326629113	-5.932695022069405	3.6649245087399585e-06	4.7256254317764394e-05	3.0722677572375456	-0.8813276995873909
4350000.0	17.20247003525772	-7.5133028100357295	-0.31259039080994216	5.243634331863646	-5.953501556336621	3.732170397658809e-06	4.7176096829647873e-05	2.807613671844073	-0.8846913169820084
4360000.0	17.254807928332838	-7.572939262107575	-0.31259034707968364	5.225603130988236	-5.971723932917753	5.384014941508488e-06	4.7333780501737306e-05	2.541604275752206	-0.8880569798858097
4370000.0	17.306971413563545	-7.632778123178836	-0.31259030506115254	5.208567380061652	-5.9931401785323	3.666907580078719e-06	4.732667282363244e-05	2.2763004913615945	-0.8914240341770628
4380000.0	17.358958862178827	-7.692817882306835	-0.31259026297037423	5.190991053347004	-6.013726939406633	3.733789552841252e-06	4.72462514824718e-05	2.0113637680215826	-0.8947925620448179
4390000.0	17.410768396171346	-7.753055245782484	-0.3125902192224256	5.1726130212902985	-6.031704986341917	5.385763734990906e-06	4.740258560730852e-05	1.7450834068054346	-0.8981630692939341
4400000.0	17.462399925557207	-7.813492735189118	-0.3125901771862535	5.155208157240583	-6.052899770451386	3.6688142139275753e-06	4.7394917194910686e-05	1.4795073037601156	-0.9015349012418379
4410000.0	17.513851860907362	-7.8741288279227915	-0.31259013507838956	5.137275926460104	-6.073263239278218	3.7353470633824343e-06	4.7314243820133315e-05	1.2142993103487858	-0.9049081410040579
4420000.0	17.5651223683989	-7.9349601967489365	-0.3125900913134314	5.118560295984581	-6.090994188659314	5.387444892866441e-06	4.746927869326288e-05	0.9477588868248882	-0.9082832967370947
4430000.0	17.616211360879507	-7.995989376072173	-0.312590049260297	5.100794743272109	-6.111964090602842	3.6706472628753185e-06	4.746107147206129e-05	0.6819214178044205	-0.9116597132166983
4440000.0	17.667117287426787	-8.057214831992722	-0.31259000713600466	5.082514836619651	-6.13210086795437	3.736845166184573e-06	4.738015731908049e-05	0.4164530588550991	-0.9150374744460519
4450000.0	17.71783835854192	-8.118633204832017	-0.3125899633546923	5.063470604625175	-6.149582060804914	5.389060959529198e-06	4.753394150656381e-05	0.14966303109697268	-0.9184170908389441
4460000.0	17.768374488497173	-8.180247041502415	-0.31258992128524943	5.045352585805211	-6.170323773659525	3.672409480623858e-06	4.752521656609834e-05	-0.11642529762751433	-0.9217979066480253
4470000.0	17.81872416407431	-8.242054797163254	-0.31258987914516123	5.026733038987976	-6.190230575272175	3.7382860274986797e-06	4.744407235460313e-05	-0.38214356155240814	-0.925180006726941
4480000.0	17.86888564022656	-8.304053080751538	-0.31258983534812573	5.007368975216006	-6.207459457696062	5.3906143919791115e-06	4.7596652738313626e-05	-0.6491731615917279	-0.9285639036561857
4490000.0	17.918858831299683	-8.366244451366846	-0.3125897932630037	4.9889065183507615	-6.227969784336039	3.674103526122291e-06	4.758743036240058e-05	-0.9155022714949076	-0.9319489411833145
4500000.0	17.968642261008675	-8.428627353572367	-0.3125897511077288	4.969955181564624	-6.247643437148187	3.7396717425938427e-06	4.750606630294562e-05	-1.1814604052809425	-0.9353352049768243
4510000.0	18.01823422887581	-8.491198365958828	-0.31258970729557733	4.950279837015196	-6.2646175565698945	5.392107558209656e-06	4.765748812782306e-05	-1.448719953964227	-0.9387232096969581
4520000.0	18.06763464802312	-8.55396005948579	-0.31258966519538184	4.93148078284094	-6.284893405831613	3.6757319643110374e-06	4.764778782154751e-05	-1.7152801764211785	-0.9421122986036333
4530000.0	18.116842078358317	-8.616910868455106	-0.31258962302550647	4.912205327527843	-6.304330844122462	3.7410043384443663e-06	4.756621364117142e-05	-1.9814685526871636	-0.9455025581461018
4540000.0	18.165854864079353	-8.6800473421285	-0.3125895791988237	4.892227042567118	-6.321047845632975	5.393542741879344e-06	4.771652056093536e-05	-2.248948817667146	-0.94889450498089
4550000.0	18.21467291583922	-8.743372062991767	-0.31258953708413767	4.873099051432657	-6.3410862285833725	3.677297270545287e-06	4.770636107976673e-05	-2.515730876886401	-0.9522874818972038
4560000.0	18.263294829027164	-8.806883455410649	-0.31258949490022636	4.853506976815825	-6.3602844902290645	3.742285774391217e-06	4.762458604661134e-05	-2.782140259039678	-0.9556815760924119
4570000.0	18.31171899261366	-8.870578040314761	-0.3125894510595747	4.833233889020731	-6.37674211303935	5.394922145040207e-06	4.777382016924558e-05	-3.049832382975521	-0.9590773061392122
4580000.0	18.35994531358743	-8.934458411376196	-0.3125894089309593	4.813784447585823	-6.396540139361098	3.6788018316285186e-06	4.7763219544874966e-05	2.966357927505353	-0.9624740143725118
4590000.0	18.407972422136265	-8.99852298334049	-0.31258936673355514	4.793883086997122	-6.415496362198908	3.743517943919679e-06	4.768125249079222e-05	2.699736401479461	-0.9658717887065521
4600000.0	18.455798752090764	-9.062768249782257	-0.3125893228794759	4.773323138711054	-6.431692436199494	5.396247889336681e-06	4.782945442603458e-05	2.4318409164985137	-0.9692711495533185
4610000.0	18.50342420562844	-9.127196815213992	-0.31258928073747094	4.753559566433779	-6.451247310689248	3.6802479501119308e-06	4.781842999422603e-05	2.1646415207123137	-0.9726714388093309
