11000.0	0.0	0.0	0.0	1.0	1.1603365060784203	0.0
22000.0	0.0	0.0	0.0	1.0	1.2199993860409915	0.0
34000.0	0.0	0.0	0.0	1.0	1.1964939637645744	0.0
45000.0	0.0	0.0	0.0	1.0	1.6971756618578662	0.0
56000.0	855.1942802271009	1.7647987613668914	-3445.674259711516	1.0	0.08120805137548172	0.0
68000.0	315.2135904901854	1.5488671382332286	-3463.4528587473906	1.0	0.036681659768923555	0.0
79000.0	302.2411005789608	1.3756614711325617	-3463.723063672494	1.0	0.024758640070185765	0.0
90000.0	302.7097608764721	1.327200834205233	-3464.574955341559	1.0	0.02043035336441945	0.0
101000.0	304.88209165982056	1.3657405638624376	-3464.645427286321	1.0	0.01766230588606855	0.0
113000.0	305.3418092443293	1.4504739674391978	-3464.4161546176333	1.0	0.016229942717396313	0.0
124000.0	306.5482998019131	1.5803723218367018	-3465.201075178086	1.0	0.015381395203368979	0.0
135000.0	308.05957989308314	1.7009728616003958	-3465.3615787476465	1.0	0.014955200096077337	0.0
146000.0	307.4541568060367	1.8103522117529849	-3465.273577433492	1.0	0.014500231719809664	0.0
157000.0	309.82232939736383	1.935846960360862	-3465.937059025647	1.0	0.014061114555801045	0.0
168000.0	309.26597457867973	2.0418585565462113	-3465.9144322343495	1.0	0.013726079647904529	0.0
179000.0	309.11085810771453	2.137228325464665	-3466.2213544125475	1.0	0.013322101444403194	0.0
191000.0	313.0198287982746	2.221367281372912	-3466.5088322228034	1.0	0.012877617495694377	0.0
202000.0	311.5941672847047	2.3000440988825095	-3466.6896195822883	1.0	0.01241564302145976	0.0
213000.0	314.2267205520289	2.360476868615389	-3467.216006529399	1.0	0.012042542791852892	0.0
224000.0	315.53990992831996	2.410454365567134	-3467.2336917111606	1.0	0.01160522327829096	0.0
235000.0	314.5989734774871	2.4501066699870324	-3467.3603653397095	1.0	0.011129754582897486	0.0
246000.0	318.54335239967196	2.477988396479212	-3467.665874320744	1.0	0.01076215176438586	0.0
257000.0	319.46736733357875	2.502775448738623	-3467.755839016813	1.0	0.010330323454396325	0.0
268000.0	319.5180068669992	2.516424303885976	-3468.2291400687677	1.0	0.009867498371135599	0.0
279000.0	319.47847009655936	2.523747462622812	-3468.0460818580227	1.0	0.009529390912479476	0.0
291000.0	319.15736811914996	2.524239891439054	-3468.411167054839	1.0	0.00910139855807092	0.0
302000.0	323.6605595390631	2.5191574955060405	-3468.5298768717403	1.0	0.008705471054626624	0.0
313000.0	321.16973836258586	2.5077952663255467	-3468.8306835087715	1.0	0.00828482331378118	0.0
324000.0	324.83333486976863	2.4923410327343696	-3469.105734028433	1.0	0.007999457518283529	0.0
335000.0	325.16712388302636	2.4732769538400237	-3469.3243781639644	1.0	0.007638292873162048	0.0
346000.0	325.6493673907792	2.4495233038697273	-3469.6719145557468	0.9721670415253523	0.007252280480810263	0.0
357000.0	325.4402092536332	2.4231014575681944	-3469.5087108826156	0.9377157591420429	0.007008410737751544	0.0
368000.0	325.2546334132235	2.3931642014269907	-3469.8321783131782	0.9112166215305546	0.00668004199373642	0.0
379000.0	329.22026579562186	2.36091927651981	-3470.2133125536116	0.8893255227929258	0.006329824551324235	0.0
390000.0	328.39394847605655	2.3260252000349286	-3470.150322596966	0.8624442581078318	0.006123481093937061	0.0
401000.0	331.45416043952486	2.2917439236234523	-3470.527154385469	0.8377006864886045	0.00582696078643814	0.0
412000.0	331.67998161715747	2.249335641360369	-3470.696305271558	0.8225122392122775	0.005508053865464232	0.0
423000.0	331.1622509055179	2.207641409860926	-3471.1355379778993	0.7934026782219865	0.005334325306947893	0.0
434000.0	333.60332199239116	2.1650396708897452	-3471.1208534771226	0.7768121798697265	0.005067795213933844	0.0
445000.0	331.9566192463697	2.1204294171113998	-3471.1107153934468	0.7601749107111717	0.00477598629612051	0.0
456000.0	334.27292130440736	2.0742891993394443	-3471.673658619191	0.7385662449198915	0.00463282624094949	0.0
467000.0	336.0961823928408	2.0270828858575505	-3471.61565164841	0.7266314060919661	0.004390637764129173	0.0
478000.0	335.1448957958832	1.9783035678242842	-3471.710950836233	0.7104955295708435	0.0041228376136236075	0.0
489000.0	338.1395546269045	1.9282908723593104	-3472.0302104565544	0.6911446667609786	0.0040055534085600975	0.0
501000.0	336.57375723327624	1.8769214255669968	-3472.049988047667	0.6751818214542737	0.003793013315520655	0.0
512000.0	340.101694883658	1.8202857878294239	-3472.451936708767	0.6639541674807325	0.0035790496779604893	0.0
523000.0	338.44926377060904	1.7670391994003751	-3472.4394127828396	0.6524199493299467	0.0033386974812910967	0.0
534000.0	340.7600010594695	1.7128124571842023	-3473.000161869057	0.636362077291664	0.0032510400817498688	0.0
545000.0	342.5779880924113	1.6579975342451265	-3472.940058874538	0.6283969580001689	0.003053933739412264	0.0
556000.0	341.62084756053946	1.6020279784974665	-3473.0335374407655	0.6166701143148803	0.002830358590443952	0.0
567000.0	344.60981018226494	1.5452018975963089	-3473.3510932999866	0.601927514676311	0.002761044905905538	0.0
578000.0	342.32088550061553	1.4873372796096322	-3473.4013867991857	0.5925397920275846	0.002577557138070222	0.0
589000.0	346.0505046816993	1.429111843336294	-3473.8211599253787	0.5849506938957634	0.0023686715487587903	0.0
601000.0	345.82867854318494	1.3703312115822612	-3473.665627454915	0.5720011291187939	0.002315939075309999	0.0
612000.0	347.20692161128426	1.304834421040477	-3474.3151392646346	0.5611883118726662	0.0021631471556229627	0.0
623000.0	349.0194778476143	1.2445014986915692	-3474.2537336300466	0.5556518346411952	0.001997095703060403	0.0
634000.0	350.76527217696344	1.1836447257399172	-3474.5015048745568	0.5494463515282904	0.0018050492988304868	0.0
645000.0	350.01964742510336	1.1215474464240425	-3474.903242069573	0.5354601303922892	0.001769577019088278	0.0
656000.0	352.4439984611252	1.059558271916109	-3474.882474829894	0.5291989788184179	0.0016141428021704967	0.0
667000.0	350.77819984725375	0.9965218357550741	-3474.8683234985438	0.522541620911787	0.0014318104286862295	0.0
678000.0	354.17107470861606	0.9327958423712035	-3475.3268962006878	0.512082408601904	0.001408358859807414	0.0
689000.0	355.98351276112356	0.8744324148413561	-3475.265080417721	0.5078954449929438	0.001261345954673531	0.0
701000.0	356.5145700595044	0.8030544740954461	-3475.599807892149	0.49803630470425664	0.001138936737162154	0.0
712000.0	354.22696891744255	0.7313101470401083	-3475.62055481156	0.49249713093031366	0.000967819653974395	0.0
723000.0	357.67379099657205	0.6646897418416257	-3476.0717328754254	0.4831763065503587	0.0009572245026397046	0.0
734000.0	358.82140532703994	0.5980807986942623	-3476.1890774559524	0.47850802467825826	0.0008202245410486417	0.0
745000.0	357.14234263344116	0.5304348827105322	-3476.173527522831	0.4733517752867502	0.000656562668580358	0.0
756000.0	359.4343630604828	0.46213262447942416	-3476.731737823638	0.46470958970222664	0.0006546643102108658	0.0
767000.0	361.2425480497777	0.3991143779528494	-3476.857991535373	0.4616689290824314	0.0005235661945359074	0.0
778000.0	362.7925665315889	-0.23628005062519383	-3475.4132247085713	0.45703207493340203	-0.0007416256400872977	0.0
789000.0	362.0552687761686	-0.1806440397343518	-3476.1369118925722	0.4472326241636444	0.0001624089448990355	0.0
800000.0	364.44233300679565	-0.1771673536415974	-3476.255644730669	0.4431028460607116	-0.00012756296267356837	0.0
811000.0	362.9903878499695	-0.20572919176885474	-3476.411025143723	0.43852550132212054	-0.0006730454270363999	0.0
822000.0	387.27458205191306	3.483070125860801	-3479.0997969930136	0.013001528764170489	0.00011791155996438221	0.0
833000.0	389.00592519152497	-0.01768390417469706	-3477.6416042414808	0.01337995292494698	-4.650651082111976e-06	0.0
844000.0	385.5588630999225	-0.30108472697358285	-3478.092311487271	0.012563356423431982	-1.6246135010371515e-05	0.0
855000.0	389.8332686421198	-0.4142913278729909	-3478.3365237860658	0.01259722012129294	-2.020425876218812e-05	0.0
866000.0	386.7783902104864	-0.5213615471531904	-3478.445003544855	0.013377971146930623	-2.2950650230800507e-05	0.0
877000.0	392.2134566897077	-0.601966941056923	-3478.697018683683	0.014410962378413217	-3.0014465568595043e-05	0.0
888000.0	388.76955353820057	-0.6946343720870404	-3478.8664475733435	0.01275139265957348	-2.884344765531968e-05	0.0
899000.0	391.6012812642832	-0.7789754014324806	-3479.0341850431905	0.01350136394671031	-3.284884877722497e-05	0.0
910000.0	397.0751003288996	-0.8647240758381436	-3478.901489426055	0.014511314721332269	-4.1559228005855556e-05	0.0
921000.0	394.187767222941	-0.9760012189898005	-3479.4911739433396	0.01279249426781659	-3.8218613429642605e-05	0.0
932000.0	396.31528092843905	-1.0538111769468852	-3479.6223759470085	0.013712461787079855	-4.273635186701971e-05	0.0
943000.0	392.71696627304885	-1.1611887408019246	-3479.809789756859	0.014464354565960624	-5.426326687200424e-05	0.0
954000.0	396.92389009015784	-1.2506921311049688	-3480.070511950231	0.012941183246993004	-4.713626328545044e-05	0.0
965000.0	399.09826076965015	-1.3305156298799778	-3480.199447458445	0.013835721485768726	-5.290391336052261e-05	0.0
976000.0	395.4550179290302	-1.4393202142187693	-3480.3876214257193	0.014560184260417053	-6.594546386026745e-05	0.0
987000.0	399.65425865414335	-1.5312125099171536	-3480.648253717438	0.013087112129045009	-5.636859660297297e-05	0.0
998000.0	400.72551709096507	-1.6182125563267586	-3480.780108790681	0.013956048934879561	-6.331051998911125e-05	0.0
1009000.0	398.1846634624949	-1.72310482359335	-3480.964285154813	0.01465565281003145	-7.779816594366724e-05	0.0
1020000.0	410.4216711863489	-1.7871833153080043	-3479.9197082914566	0.013425458615949237	-6.50614196558829e-05	0.0
1031000.0	400.4873991254679	-1.9088009272603585	-3481.334402203316	0.013987259174851996	-7.399045387711158e-05	0.0
1042000.0	404.8914100872319	-1.9968542724392633	-3481.5753609706207	0.014892607990869111	-8.881200009779652e-05	0.0
1053000.0	405.08544195119435	-2.107856364382839	-3481.8013107321763	0.013370332932831852	-7.553487609664698e-05	0.0
1064000.0	406.1655484070675	-2.1978518662244952	-3481.931256273939	0.014189730017294844	-8.46150054289391e-05	0.0
1075000.0	403.62074907081484	-2.305500664953481	-3482.114806086991	0.014847800766946584	-0.00010176283087643886	0.0
1086000.0	407.7940384154127	-2.4025148844099458	-3482.3763227376326	0.013508011326462288	-8.540795832915563e-05	0.0
1097000.0	408.87855611846277	-2.494716448704427	-3482.5050659407243	0.014305410464897639	-9.552465638723064e-05	0.0
1108000.0	406.3343262343786	-2.6031843502279823	-3482.6883590735924	0.014941260372565601	-0.00011383021647921182	0.0
1119000.0	410.49903740269525	-2.7038995862266813	-3482.9493153157796	0.01364314840964842	-9.56132440193061e-05	0.0
1130000.0	411.58810975696866	-2.7990220044882257	-3483.0765427236634	0.014419871825079422	-0.00010670185000042406	0.0
1141000.0	409.042499351372	-2.908718906698443	-3483.259566622033	0.015036393028724504	-0.00012618044259363886	0.0
1152000.0	413.3458219389566	-3.0079195417125035	-3483.5059302859177	0.013853685704933838	-0.00010592431505051462	0.0
1163000.0	410.2866697721254	-3.123676097770049	-3483.6116688488996	0.014412463019426447	-0.00011861405453611994	0.0
1174000.0	414.69281436401394	-3.2209115344948067	-3483.85043978913	0.015225710677524873	-0.0001384290799258739	0.0
1185000.0	412.2845209149936	-3.327373861520304	-3484.0208481196555	0.013984356161778067	-0.00011660628005888234	0.0
1196000.0	412.99559745824877	-3.4377620449014508	-3484.179735307602	0.014523161634514725	-0.0001301414961166758	0.0
1207000.0	417.39873661133856	-3.5375004937874457	-3484.41784999956	0.01532059007557418	-0.0001510697942908295	0.0
1218000.0	414.99753343114827	-3.643940700126084	-3484.5876765921007	0.014119584541620434	-0.000127450603027858	0.0
1229000.0	418.66387341558993	-3.7539520889198896	-3484.7678068467844	0.014720639227539634	-0.00014174535374552114	0.0
1240000.0	420.100337114332	-3.8566401485402886	-3484.983415306158	0.01542273130176186	-0.00016371450101781808	0.0
1251000.0	416.94741135016125	-3.9703080389785903	-3485.09902075158	0.014128075145588337	-0.0001391524007777114	0.0
1262000.0	421.36985442941454	-4.079939169066964	-3485.3317823722955	0.014831261485553249	-0.0001537014595708163	0.0
1273000.0	418.9593047994192	-4.181865499441648	-3485.5039829338716	0.014311141884537637	-0.00014598426719533188	0.0
1284000.0	423.12283476235	-4.303534843065012	-3485.756127015855	0.014331060064108003	-0.00015040201301814125	0.0
1295000.0	424.0633959507393	-4.408304490771683	-3485.8945157201138	0.01495053407721092	-0.00016575172172185633	0.0
1306000.0	424.46969509106765	-4.531767807797671	-3486.09520744763	0.015566742032301573	-0.0001902795694885967	0.0
1317000.0	422.0860037772608	-4.64477105521362	-3486.260591392122	0.01445464400431895	-0.00016202297261287517	0.0
1328000.0	422.77610076028105	-4.762170821751042	-3486.4190758612694	0.01493118499392354	-0.00017870179043653206	0.0
1339000.0	427.17577999240615	-4.869998580837969	-3486.654624434191	0.01566215164954987	-0.00020351096970509797	0.0
1351000.0	424.79957864551443	-4.983776703976857	-3486.8191362888524	0.014584160867569862	-0.0001737980252224311	0.0
1362000.0	425.21399887885144	-5.116805781282397	-3487.013882357917	0.014602194340978647	-0.00017840646299167005	0.0
1373000.0	429.8927013576287	-5.2191139627623855	-3487.2076370563486	0.015185896905482332	-0.00019543887741870977	0.0
1384000.0	430.2961204501785	-5.347062895612972	-3487.406855975591	0.015771047147999484	-0.0002220481278037527	0.0
1395000.0	431.65350068130664	-5.458209858630808	-3487.626896221689	0.014722610894038812	-0.000190555882802413	0.0
1406000.0	430.2956099862793	-5.573590272722075	-3487.7058005086533	0.01516483752718445	-0.00020888533721930697	0.0
1417000.0	432.9998186516632	-5.698858234031758	-3487.961617139183	0.01586661150904689	-0.00023567799706335907	0.0
1428000.0	430.6377400532412	-5.816928271523238	-3488.123030863648	0.014849425026194796	-0.00020287019323979132	0.0
1439000.0	431.30774903707464	-5.940963124548122	-3488.281103402502	0.015272465916921218	-0.0002218304381307913	0.0
1450000.0	435.7023449347246	-6.054397423425191	-3488.513632279806	0.015970467247320208	-0.0002493831092339749	0.0
1461000.0	435.1038793128981	-6.176155454082029	-3488.645063384802	0.014967802515170048	-0.00021547789773115195	0.0
1472000.0	436.97244165768	-6.301132062318353	-3488.853468160565	0.015463227204277175	-0.00023499634800898742	0.0
1483000.0	434.4291923044225	-6.428831887023944	-3489.0294747378734	0.015928995405703583	-0.00026399679074689923	0.0
1494000.0	438.5225595523643	-6.5499772335826	-3489.2903300756293	0.014965223384457271	-0.0002287296194892728	0.0
1505000.0	439.6619600550548	-6.665714731451506	-3489.4033687588258	0.015577377810592763	-0.00024832367410523686	0.0
1516000.0	437.13504285054773	-6.7953925853629125	-3489.5786610218493	0.016028353367810944	-0.0002780611773230534	0.0
1527000.0	441.4178743999858	-6.918799506530198	-3489.8180256660307	0.01515825285697514	-0.0002417247877336097	0.0
1538000.0	438.3710665766744	-7.053643237218012	-3489.9156640466995	0.015557813347014227	-0.0002624871893052577	0.0
1549000.0	442.76559084089905	-7.173591490548458	-3490.147480827558	0.016210362536962286	-0.0002922903959838262	0.0
1560000.0	440.4285324624477	-7.298934150896315	-3490.3036136980863	0.015281922574533091	-0.000254900176659377	0.0
1571000.0	442.9871289757885	-7.415290556236918	-3490.4295613410286	0.015663828272672653	-0.000276218899650741	0.0
1582000.0	445.4706434456619	-7.5514291250377426	-3490.690893529554	0.016315193886932144	-0.00030668528067514036	0.0
1593000.0	442.32197982436537	-7.679765146666074	-3490.8007020769696	0.015710850107501173	-0.0002853198101735316	0.0
1604000.0	446.7443279800031	-7.8119189217368215	-3491.0251949807503	0.015851767519587723	-0.0002901629201407935	0.0
1615000.0	444.20337905131174	-7.9469275164717965	-3491.198247715824	0.01627524912541345	-0.0003219238818644374	0.0
1626000.0	448.2726734942862	-8.07569446753496	-3491.458730711844	0.0153902375906394	-0.0002824437197357192	0.0
1637000.0	449.4338404470365	-8.199256724730965	-3491.5666254439434	0.015962031738692817	-0.00030428127085405446	0.0
1648000.0	446.9101061080712	-8.336242100490386	-3491.738873439803	0.016371972106368204	-0.0003366691273610778	0.0
1659000.0	452.70504751686025	-8.456482198990267	-3491.918806732368	0.015579381726881225	-0.0002962911136045361	0.0
1670000.0	454.1522669158303	-8.582488321152546	-3492.067273404528	0.016069882058564744	-0.0003186737492438599	0.0
1681000.0	452.53282134727255	-8.736179547520896	-3492.300480795253	0.01655531316216674	-0.00035163399738829745	0.0
1693000.0	452.44816563381255	-8.869244728996618	-3491.632968827513	0.016482026190379084	-0.00035743811992099833	0.0
1704000.0	454.07874082814004	-9.018007739926572	-3492.7255923725224	0.01563701195925349	-0.00031575857746457894	0.0
1715000.0	455.2667425231855	-9.14684008907271	-3492.830519887311	0.016179194476786396	-0.00033880818226268705	0.0
1726000.0	452.7285537057614	-9.286003765838204	-3493.0014133143686	0.016582250495278616	-0.00037263390075037775	0.0
1737000.0	456.77427248050566	-9.423174700383694	-3493.2613454744255	0.015748471595700364	-0.00033013552127056714	0.0
1748000.0	457.952498011724	-9.55361354622585	-3493.364932299802	0.01629221744341036	-0.0003536434027551841	0.0
1759000.0	455.42954415091157	-9.696103369688132	-3493.53509467979	0.016675244575699022	-0.0003880278570003448	0.0
1770000.0	459.69776925103275	-9.832365819884515	-3493.771019480148	0.01593508014894862	-0.000344665100739161	0.0
1781000.0	463.01016429311557	-9.963544722911093	-3493.018959912542	0.01639905050809487	-0.00036866415919352066	0.0
1792000.0	463.2234701905509	-10.114210873824554	-3494.106501822071	0.016857042631035046	-0.0004035646582643722	0.0
1803000.0	462.38367758170244	-10.247103836496857	-3494.3034100214086	0.016044948294052563	-0.00035947127869819656	0.0
1814000.0	459.35393091087053	-10.398031539765144	-3494.3943212682	0.01637101180311995	-0.00038438103335192847	0.0
1825000.0	463.73692900294145	-10.53390698778749	-3494.6214737526116	0.01695307666695789	-0.00041934486238457205	0.0
1836000.0	461.4471838246575	-10.674438275736364	-3494.7669299253525	0.016164074538428608	-0.0003744305636350434	0.0
1847000.0	462.0523598833202	-10.820304539455956	-3494.9235679969674	0.016474236662632924	-0.0003997642846837561	0.0
1858000.0	466.4311139430536	-10.958764363413644	-3495.150030597744	0.01704907996973426	-0.00043526965939811105	0.0
1870000.0	464.1419298661329	-11.10204526064917	-3495.2941339009685	0.016263373982164264	-0.0003896660973586631	0.0
1881000.0	467.9436695906882	-11.261734726042354	-3495.5706680423627	0.016208639423871407	-0.00039547427613192965	0.0
1892000.0	473.9627531988776	-11.386320334646262	-3494.6648630507248	0.016724628012144027	-0.0004209310332076027	0.0
1903000.0	466.6200163963956	-11.55061809046522	-3495.8362751382265	0.01707448503353115	-0.0004576349449466055	0.0
1914000.0	470.8872533814354	-11.695153765674965	-3496.0696370567553	0.016395609062596517	-0.0004109374132221892	0.0
1925000.0	471.8325662614943	-11.836270522369952	-3496.193862742842	0.016822795752979625	-0.0004367909050560746	0.0
1936000.0	472.21613231308737	-11.99214074909687	-3496.3851418635727	0.01725430206316325	-0.00047397990405990964	0.0
1947000.0	469.9525109116066	-12.139470355828445	-3496.5255047442492	0.016503510584886305	-0.00042664889517758306	0.0
1958000.0	470.5311801616917	-12.291217459300862	-3496.682449431375	0.016798093927286928	-0.0004533455798740871	0.0
1969000.0	474.9047854052488	-12.435423615344286	-3496.907241595824	0.017350284520603942	-0.000490570215441348	0.0
1981000.0	472.6500611668562	-12.583882534137784	-3497.046567639371	0.01662133142601596	-0.0004425255041401177	0.0
1992000.0	476.4017122827754	-12.750326149215661	-3497.3247746149796	0.01655222611881091	-0.00044857784044341487	0.0
2003000.0	477.616811538097	-12.894697592713761	-3497.419207332086	0.017042981458688766	-0.0004753615487343883	0.0
2014000.0	475.0921980287546	-13.050729584505506	-3497.584171036799	0.01737676761403395	-0.0005137175400589701	0.0
2025000.0	479.0804562676955	-13.202503059041511	-3497.844482541497	0.01665915177262134	-0.00046477155409562973	0.0
2036000.0	480.2995932729209	-13.349220271789122	-3497.937598884085	0.017144255311011936	-0.0004919381318104002	0.0
2047000.0	480.67872033853723	-13.510403920818439	-3498.1273147303655	0.01755529367837516	-0.0005307384608070967	0.0
2058000.0	478.4226738273237	-13.663093553691672	-3498.264124629	0.01683982529685113	-0.0004811371921590486	0.0
2069000.0	478.9952321687487	-13.819196554854836	-3498.420213847243	0.01712382316245109	-0.000509110131089327	0.0
2080000.0	483.37415370960645	-13.969982189043149	-3498.640258501404	0.017662506125630584	-0.0005479097096376881	0.0
2091000.0	480.22806919463955	-14.12044729773291	-3498.741365434215	0.017166572446662753	-0.0005200491226087997	0.0
2102000.0	484.6440185808968	-14.284166951632484	-3498.954910686578	0.017298920059307665	-0.0005260311657950267	0.0
2113000.0	482.1124105652481	-14.443825678260888	-3499.117283978334	0.017627439856807925	-0.0005657574833637657	0.0
2124000.0	486.3564464163865	-14.599086765106584	-3499.348004873725	0.017015329523154765	-0.0005148414542361576	0.0
2135000.0	487.31921501388564	-14.751200554659993	-3499.466575116419	0.017410325687777783	-0.0005431074985699433	0.0
2146000.0	487.6990390877881	-14.91747014671069	-3499.6541737112843	0.017805017059669304	-0.0005832621429374546	0.0
2157000.0	485.4612323189776	-15.07473989369791	-3499.787010756521	0.017120905641015094	-0.0005318159396849875	0.0
2168000.0	486.02146927175744	-15.236863525290104	-3499.9422096669427	0.017385758357722603	-0.0005608346273430972	0.0
2179000.0	490.4014992960236	-15.391402716993776	-3500.160190781477	0.01791283495709517	-0.000600989901396759	0.0
2191000.0	490.4105843606848	-15.559052909793179	-3500.3838060270878	0.017117390198733595	-0.0005493140776635583	0.0
2202000.0	492.1477157809067	-15.727042437246915	-3500.543734979267	0.017244841050982895	-0.0005554242230841749	0.0
2213000.0	489.12147939664436	-15.894961138746668	-3500.626731539553	0.017502717240987842	-0.0005849027041899824	0.0
2225000.0	496.2378050908074	-16.05248463451339	-3500.753307901461	0.01763321436780152	-0.0005911373135280978	0.0
2236000.0	491.01068395897687	-16.23109147385276	-3500.996691114194	0.01794440671574482	-0.0006324601157821075	0.0
2247000.0	494.9606466863052	-16.393699070606484	-3501.256031870015	0.017296802057282123	-0.0005794404945918333	0.0
2258000.0	496.2153447738699	-16.55086315411604	-3501.340925683557	0.01774531547239011	-0.0006089525540381446	0.0
2269000.0	496.5021768038103	-16.71794721257041	-3501.513819551695	0.018040952153896894	-0.0006506492830153712	0.0
2280000.0	497.93974908145145	-16.88091512630456	-3501.728265167005	0.017472746402060535	-0.0005970785388620045	0.0
2291000.0	494.9385258054048	-17.035114057841756	-3501.8137542149507	0.018084896198983014	-0.0006624970907236905	0.0
2302000.0	499.2807558175448	-17.210429843886335	-3502.0290413904654	0.01822197803992287	-0.0006690490910117863	0.0
2313000.0	497.07360692842354	-17.378686515477657	-3502.154808557978	0.017577800167185575	-0.0006149800945244172	0.0
2324000.0	500.7720133194886	-17.546030498653455	-3501.087071691008	0.017821380446497503	-0.0006455063996467642	0.0
2335000.0	501.9870042698213	-17.709842059494886	-3502.5244640507244	0.018325452915481044	-0.0006875910985464292	0.0
2346000.0	501.97589330266845	-17.884858133307873	-3502.747070892721	0.017574225222856343	-0.0006333769740585332	0.0
2357000.0	503.2640039498264	-18.04689556635093	-3502.8286751966116	0.01799707828100061	-0.0006638397685532899	0.0
2368000.0	500.7347878647591	-18.21816045986264	-3502.985067037814	0.018291846687546354	-0.0007067142918482511	0.0
2379000.0	504.66442744332653	-18.38695939230203	-3503.244254737021	0.01767786489173573	-0.0006516255018185549	0.0
2390000.0	508.8624205594594	-18.53742368952504	-3503.222729813431	0.01809712615815351	-0.0006823915012899098	0.0
2401000.0	503.4306740151357	-18.723623076440912	-3503.4804609737525	0.018388791239649205	-0.0007256448686921782	0.0
2412000.0	507.3497702358431	-18.89384662736546	-3503.739710484779	0.017781843567420852	-0.0006700571944793232	0.0
2423000.0	508.64490156141875	-19.059209831604477	-3503.8192201786055	0.0181969861120177	-0.0007011106203862055	0.0
2434000.0	506.37926713765523	-19.2112201468196	-3503.953691250352	0.01793811292200731	-0.000681737530893449	0.0
2445000.0	510.3436697166155	-19.405042959961673	-3504.1999084901704	0.017956344217713305	-0.0006887378933190386	0.0
2456000.0	511.3123166073683	-19.573095094752023	-3504.311107432739	0.018309877153171783	-0.0007200873826597315	0.0
2467000.0	511.68284352602154	-19.753368036077152	-3504.4939366245526	0.018660009519808396	-0.000764066269483471	0.0
2478000.0	509.50121591606876	-19.924634275745873	-3504.6143251124718	0.01805948397310475	-0.0007075649609416257	0.0
2489000.0	510.01363432515944	-20.099914346950627	-3504.7682137575653	0.01829204402442186	-0.0007395983310416951	0.0
2501000.0	514.3672584476875	-20.272735194011574	-3504.983957350449	0.018412015104795287	-0.0007464014215571371	0.0
2512000.0	511.9011385527925	-20.463650935989918	-3505.126529797372	0.018692263967394318	-0.0007908499043987535	0.0
2523000.0	518.786147014012	-20.624394190722157	-3505.2891108605386	0.018180177216104987	-0.0007337709450971688	0.0
2534000.0	513.1045742319934	-20.820630183163104	-3505.4267675473548	0.01840010910807366	-0.0007661379403352542	0.0
2545000.0	517.4611151129551	-20.993147226917944	-3505.64199557484	0.018865288623693077	-0.000810582688944711	0.0
2556000.0	515.3178929276404	-21.169055047276547	-3505.757493408433	0.018290234892555546	-0.0007530832973567242	0.0
2567000.0	515.7975809305966	-21.348601775753536	-3505.9123590210784	0.01850029002561504	-0.0007856930961041148	0.0
2578000.0	520.1472891882587	-21.52263343537835	-3506.1272469054843	0.018961534235965694	-0.0008304661345873363	0.0
2589000.0	517.9892707400253	-21.698957418195477	-3506.243461055019	0.018397504190489355	-0.0007725336411443587	0.0
2600000.0	518.4840341487361	-21.880934429107175	-3506.3962876085807	0.01859992755170059	-0.0008054291273747946	0.0
2611000.0	522.8509595575657	-22.05571670535697	-3506.606509127774	0.019071184589341428	-0.0008505585753120007	0.0
2622000.0	522.8028418126207	-22.242977310288065	-3506.827683340652	0.01838255557983981	-0.0007925313681344873	0.0
2634000.0	527.3977081277683	-22.418175640296635	-3506.90954549163	0.018504189519395142	-0.0007995791624842569	0.0
2645000.0	521.57107421378	-22.617417492034917	-3507.046566396002	0.018720993280364917	-0.0008328631959959587	0.0
2656000.0	525.9226432297852	-22.798427246675004	-3507.2595456044887	0.019167709733591387	-0.0008784564209652346	0.0
2667000.0	523.8022813819018	-22.978946953458948	-3507.370183152478	0.018625896394392383	-0.0008195781728374263	0.0
2678000.0	527.2201273204286	-23.1641369686003	-3507.5466014688377	0.018886563923693478	-0.0008530561883751328	0.0
2689000.0	528.6294202855559	-23.342246143656187	-3507.7335006486032	0.019277779558030117	-0.000898986421273	0.0
2701000.0	531.9252029096124	-23.53187001657155	-3507.804073751075	0.018602945512517177	-0.0008399558034640764	0.0
2712000.0	526.8737967718424	-23.729213411136104	-3508.016132677197	0.01872542218676343	-0.0008471754188080147	0.0
2723000.0	527.3571943410697	-23.916141253314184	-3508.1684758437673	0.018929643718103017	-0.0008810358282791003	0.0
2735000.0	535.131858269477	-24.097237134313975	-3508.2186175536376	0.019068987817039362	-0.0008883745578186428	0.0
2747000.0	535.530559958583	-24.30482403661902	-3508.3875847953677	0.019069848790562283	-0.0008960472165960159	0.0
2758000.0	537.2780674768896	-24.485455368507264	-3507.201807409029	0.019454896802196586	-0.0009426521383141193	0.0
2769000.0	537.8807106776258	-24.667290937163	-3508.8486180265213	0.018912355987283025	-0.00088254346415996	0.0
2780000.0	538.2597964334533	-24.861320364974848	-3508.8558852798465	0.01916886464800993	-0.0009167962724920056	0.0
2791000.0	532.3431549394434	-25.066023606851488	-3509.1534175805978	0.019424080964421497	-0.0009640632174581915	0.0
2802000.0	536.1981978103082	-25.25419017460574	-3509.4119904804406	0.018895379883006713	-0.0009035077052627141	0.0
2813000.0	537.5303230189724	-25.43686701137322	-3509.477254879342	0.01928173832195168	-0.0009377127695613593	0.0
2824000.0	544.865913454366	-25.616344202374062	-3507.9570250089687	0.01959528796102128	-0.000985301127139064	0.0
2835000.0	535.7745688473211	-25.820860494427453	-3509.760166165807	0.019065282919871862	-0.0009244276822756303	0.0
2846000.0	536.2398639881441	-26.013737197873244	-3509.911893863699	0.019258767756097805	-0.0009591810488392138	0.0
2857000.0	540.5800190238813	-26.200749003601246	-3510.122171140684	0.019691136785684016	-0.0010067188765626178	0.0
2868000.0	545.0284168038006	-26.36997745653927	-3510.2430344689947	0.019180162678241963	-0.0009454548825942322	0.0
2879000.0	541.8864612790401	-26.58396790946598	-3510.40070122741	0.01942806876203229	-0.0009804368665189966	0.0
2890000.0	543.2964353428388	-26.7725144329637	-3510.582575002399	0.019803198893793894	-0.0010283270631609165	0.0
2901000.0	543.2081257412539	-26.971567584036233	-3510.8029772280374	0.01916339214298257	-0.0009670090830756622	0.0
2912000.0	548.1390215216304	-27.14374486779658	-3510.6955819525224	0.019527024931174086	-0.0010019157408930335	0.0
2923000.0	546.4425019061936	-27.326862313298022	-3509.3443615045558	0.019779919379154798	-0.0010504638700164909	0.0
2934000.0	545.8955646582958	-27.550927483018484	-3511.2663312684817	0.019265375327450762	-0.0009884540185862156	0.0
2945000.0	550.8956740812537	-27.7229137741833	-3511.1480515716394	0.01964022564567447	-0.0010235652067667883	0.0
2956000.0	551.246528381921	-27.924986034181345	-3509.878600822878	0.019941403210662623	-0.0010723254978423774	0.0
2967000.0	548.9510029344764	-28.13249402428653	-3511.688517068589	0.019432934619548314	-0.0010100442132859183	0.0
2978000.0	549.7085186746757	-28.31411413788615	-3511.566398826204	0.0196172481719874	-0.0010457046153194288	0.0
2989000.0	550.3124075119827	-28.518804418114794	-3511.9590005595487	0.020060461984667377	-0.0010945224873197268	0.0
3000000.0	548.2068854301477	-28.724392447579913	-3512.062471095736	0.019549731368922352	-0.0010318652445182735	0.0
3011000.0	555.2850543679193	-28.90087133830413	-3512.052201777819	0.019793115807653194	-0.0010677586606745587	0.0
3022000.0	556.2005390784917	-29.08669085961948	-3512.3632785603845	0.019581493146139328	-0.0010459333505605933	0.0
3033000.0	552.9071373510369	-29.326157628609067	-3512.633975311465	0.019532018414960328	-0.0010541095722458593	0.0
3044000.0	554.2940485978755	-29.52066401612248	-3512.6919954921327	0.019884453375955236	-0.0010899011388283975	0.0
3056000.0	555.6092852740363	-29.722278729850803	-3512.6283702375113	0.01983131510837266	-0.0010981737911901213	0.0
3067000.0	556.1066143282443	-29.939708982417198	-3513.0302823194374	0.020260323429640126	-0.0011475895884365678	0.0
3078000.0	556.0019607004123	-30.14829852602436	-3513.248790274485	0.019650059411975063	-0.001084463147009121	0.0
3089000.0	561.1799849838036	-30.32914865999321	-3513.1084516913784	0.019998522024566645	-0.0011205814298956562	0.0
3100000.0	554.8943376368331	-30.550263033732353	-3513.443964943029	0.020232488431568108	-0.0011705939981160735	0.0
3111000.0	559.5643480978722	-30.736072093809288	-3513.5652811592568	0.019751353983351372	-0.0011068612170466868	0.0
3122000.0	560.0893236507465	-30.95397825165991	-3513.7568129357956	0.0200975492404889	-0.001143182773814741	0.0
3133000.0	557.5784131231936	-31.159953681982014	-3513.895498426376	0.020328871710550755	-0.0011934454081198864	0.0
3144000.0	561.3774258469786	-31.365885668972336	-3514.153344971375	0.019852146475546784	-0.0011294044755422034	0.0
3155000.0	570.6087349973687	-31.547954343991112	-3513.9941041920606	0.020211816013729456	-0.0011659503576963715	0.0
3167000.0	564.2379760828653	-31.775630332718254	-3514.1229462582396	0.020143543053232182	-0.0011744418274074464	0.0
3179000.0	568.5630226871947	-32.00010177360894	-3514.315585012435	0.020279167117101426	-0.0011826609316911846	0.0
3191000.0	564.961981567326	-32.23270667297846	-3514.7038749390135	0.020562571189484347	-0.0012334106170467235	0.0
3202000.0	562.5412401493846	-32.46196196992731	-3514.8247407420495	0.02050816356337748	-0.0012421085547973942	0.0
3213000.0	566.2858992442123	-32.661177926407305	-3515.0868318736625	0.020039247793165682	-0.0011774536278079811	0.0
3224000.0	567.7339743873747	-32.877460192446875	-3515.134933691182	0.0203776114173575	-0.0012144081417345826	0.0
3236000.0	569.2768576157558	-33.08914040082102	-3515.0372335480174	0.020325398070670353	-0.0012230113980537388	0.0
3247000.0	569.5064466940555	-33.31802087029629	-3515.473002388046	0.020726905357663306	-0.001273935277133792	0.0
3258000.0	567.4702334912803	-33.52826298229888	-3515.563219249731	0.020273688686391456	-0.0012088990703057884	0.0
3269000.0	570.8272656841488	-33.74564502686052	-3515.734467706825	0.020490979874692172	-0.0012464167071185167	0.0
3280000.0	572.2307810922485	-33.95542225103571	-3515.9088970732532	0.020840016377808412	-0.0012976168077186573	0.0
3291000.0	569.1006437722627	-34.155651948206035	-3515.98772610416	0.020470698013082878	-0.001261568857250303	0.0
3302000.0	573.5145575960294	-34.38699104433484	-3516.176138150746	0.02058940568224399	-0.0012700204832378215	0.0
3313000.0	571.0079997291031	-34.60390402950006	-3516.310385039383	0.020811113037870976	-0.0013217323289319849	0.0
3324000.0	578.9349346167685	-34.82021958123675	-3516.3193529417367	0.020356844939569463	-0.0012561176403375063	0.0
3335000.0	576.1742042855586	-35.02754039168375	-3516.6161090455266	0.020712246942846235	-0.0012938264782081932	0.0
3346000.0	573.6968869960314	-35.242233911875	-3516.7538498954423	0.020917269430933638	-0.001345863976040404	0.0
3357000.0	577.8681949879415	-35.47276489516637	-3516.961710162164	0.020519965047490096	-0.0012799417072648367	0.0
3368000.0	578.859002889235	-35.681801942430745	-3517.053885035529	0.020810705708545152	-0.0013178075208353651	0.0
3379000.0	579.2011745461022	-35.91426246177855	-3517.2221026575594	0.021072777463982062	-0.0013700016334506765	0.0
3391000.0	581.9758386639623	-36.13102511594558	-3515.31304880605	0.02101970240687434	-0.001379003405875781	0.0
3402000.0	584.8026651343229	-36.377572034758835	-3517.3321625766935	0.02057395805754747	-0.0013127914138855307	0.0
3413000.0	581.9519754347987	-36.594220254232454	-3517.640468899752	0.02091517672710763	-0.0013508796705509474	0.0
3424000.0	582.2933557397865	-36.82370700281646	-3517.8087370043104	0.02118321271232748	-0.001403446037539377	0.0
3435000.0	587.9892440823199	-37.042572386570974	-3517.7112453468167	0.02074493818109646	-0.0013369777543274924	0.0
3446000.0	580.6579317598201	-37.27273812450871	-3518.039578356904	0.020893975074646187	-0.0013755373897745143	0.0
3457000.0	584.9784927556603	-37.49195235257961	-3518.242233880319	0.021281525351978248	-0.0014280847705644278	0.0
3468000.0	582.9715137893379	-37.71738213042573	-3518.3241140987975	0.02085188680802119	-0.0013613025338199275	0.0
3479000.0	586.3063237741832	-37.947599677034354	-3518.4940385258965	0.021057503209114925	-0.0014000595753453499	0.0
3490000.0	587.7085756138938	-38.17105516075042	-3518.663947330704	0.02139555825000672	-0.0014528913207462607	0.0
3501000.0	587.5446240302973	-38.405434116818164	-3518.880695462813	0.020836037706115196	-0.0013861078090502965	0.0
3512000.0	588.9936401968351	-38.62922741679146	-3518.9231269441248	0.021155780879378527	-0.0014247901564463372	0.0
3523000.0	586.4930429691099	-38.85685594294166	-3519.0526569347226	0.021369064381235425	-0.0014781059342966751	0.0
3534000.0	590.2287523238139	-39.09041280564404	-3519.3091682720856	0.020936516782088965	-0.0014107966295221763	0.0
3545000.0	591.6493430804625	-39.29975900924675	-3519.3551827520855	0.02129046448295102	-0.0014497820743413908	0.0
3556000.0	589.1789206620837	-39.55031110551379	-3519.4785799270962	0.02146415507242061	-0.001503254979383764	0.0
3567000.0	592.9073689170717	-39.78254552876416	-3519.735922212145	0.021036266709336893	-0.0014357104637637702	0.0
3578000.0	594.3335324321394	-40.009298790946765	-3519.7756122053834	0.02136843228733465	-0.001474758313018007	0.0
3589000.0	592.2661989715449	-40.22132135973277	-3519.8715353604107	0.02156081541897259	-0.001528516366039609	0.0
3601000.0	595.5884335270506	-40.47877059548889	-3520.161399698523	0.021137164347649007	-0.0014607579415193278	0.0
3612000.0	597.4621446647196	-40.72951200614573	-3520.2739065829087	0.021249677750383666	-0.0014698000011978685	0.0
3623000.0	594.4775504029336	-40.970087588413044	-3520.325891206015	0.02140088780219318	-0.001509360874033902	0.0
3634000.0	598.7864874657246	-41.20411844514309	-3520.5255128260746	0.021775781403869265	-0.001563200049833735	0.0
3646000.0	596.7951521885858	-41.438676040354686	-3520.601488460897	0.021348658006380195	-0.0014951468532328621	0.0
3657000.0	600.0946493538339	-41.70160813345782	-3520.8919210861545	0.02130442109071229	-0.0015045616496287412	0.0
3668000.0	601.5556176665826	-41.936619914461254	-3520.929391275769	0.02161711281834955	-0.0015441606853219408	0.0
3679000.0	599.0730080378004	-42.17723094996213	-3521.0547017830777	0.021822939365308436	-0.0015986158472114376	0.0
3690000.0	602.7591048664439	-42.41777303744007	-3521.312485102823	0.021402988402368095	-0.0015301950174621132	0.0
3701000.0	604.196146573502	-42.65209805724407	-3521.348346490402	0.021728958068266913	-0.0015699273858112706	0.0
3712000.0	604.5308385075581	-42.90112449939492	-3521.511926868592	0.021983508807061902	-0.0016246374135909791	0.0
3724000.0	602.544813466574	-43.1400954736894	-3521.585402679324	0.021562053412931048	-0.0015560168162824933	0.0
3735000.0	605.8324426140682	-43.40626226928731	-3521.876071243312	0.02151933336348355	-0.0015655763415024226	0.0
3746000.0	607.2959633819829	-43.64680784926051	-3521.911284770377	0.021826262449303524	-0.0016055966068558303	0.0
3757000.0	604.8169864109113	-43.89164755079414	-3522.0344978477883	0.02202952410000414	-0.0016606001908455598	0.0
3768000.0	608.9489638589913	-44.13430863229913	-3522.2418703022427	0.021678488233592086	-0.001591666318262533	0.0
3779000.0	609.9375097477455	-44.37618930116944	-3522.3245285356898	0.021941058892317677	-0.0016318439162834042	0.0
3790000.0	610.2627717269377	-44.62793536409504	-3522.4880753309094	0.022187192922311638	-0.0016870255170697845	0.0
3801000.0	608.2972856623453	-44.87071174805315	-3522.5580090993067	0.02177583807009209	-0.001617873561481603	0.0
3813000.0	613.4273740844061	-45.12068164725455	-3522.679591977843	0.021734530099416505	-0.0016276298659666372	0.0
3824000.0	613.0096511990181	-45.38377903028857	-3522.8807152904337	0.02205104696175253	-0.0016680075103695235	0.0
3835000.0	613.3242939823698	-45.61993079317285	-3523.0500615342357	0.0223076952887733	-0.0017236371824834174	0.0
3846000.0	614.6820580639738	-45.85697874431937	-3523.210725650019	0.02190458917668714	-0.0016543273413727744	0.0
3857000.0	611.7083630743614	-46.13815804248651	-3523.2545161705507	0.022031347877673024	-0.001695037082326989	0.0
3868000.0	616.0082332455296	-46.382381774498604	-3523.451583565978	0.02239346634014283	-0.0017504370679427284	0.0
3879000.0	614.0566338205634	-46.62870569797612	-3523.5184391126145	0.021991401868196148	-0.0016807738119464233	0.0
3890000.0	614.3923793540066	-46.879470179311035	-3523.66400403843	0.022129704057418875	-0.0017217137425408757	0.0
3901000.0	618.6773866152128	-47.12639990725063	-3523.8601558592563	0.022489559670884507	-0.0017773753084439486	0.0
3912000.0	624.4888764199417	-47.34875320089869	-3523.9242425203915	0.022104646963903463	-0.0017074772475085126	0.0
3923000.0	617.064061620482	-47.62831443202837	-3524.0703867602465	0.022227412466622187	-0.0017486965630969242	0.0
3934000.0	621.3903648808665	-47.87631155926389	-3524.256798475093	0.022603999362230454	-0.001804625186685449	0.0
3945000.0	621.1136779211657	-48.1136831151494	-3524.4830549905546	0.022089383290448517	-0.0017347940264435535	0.0
3956000.0	622.6800912424967	-48.38250440300345	-3524.4986190017057	0.022385328203706978	-0.0017758742110040304	0.0
3967000.0	620.2017956209244	-48.634561167618905	-3524.617509346555	0.02258088559466187	-0.0018322220854040394	0.0
3978000.0	625.9524995219784	-48.864512790089485	-3524.695222519779	0.022188910287928687	-0.0017618811606880114	0.0
3989000.0	630.3029302453525	-49.11382569602353	-3524.525996853941	0.02250068260416782	-0.0018031336992070657	0.0
4000000.0	625.6398468986652	-49.39653223984292	-3525.0600882255603	0.022738946376084757	-0.001859760253830306	0.0
4011000.0	631.6132326569874	-49.62371038086309	-3525.118477148461	0.022345342682046132	-0.001789231719876938	0.0
4022000.0	629.7989679841324	-49.89232597993267	-3522.76605316172	0.02248147626535424	-0.0018308722391968124	0.0
4033000.0	628.3094910910116	-50.156641338990084	-3525.460021531048	0.0228352630910289	-0.001887475761911589	0.0
4044000.0	626.3903426533101	-50.40691267609348	-3525.5221656675662	0.022461904926486476	-0.0018167368755302726	0.0
4055000.0	626.7018592102378	-50.66486997370141	-3525.6649965870506	0.022579834750649175	-0.001858538162636314	0.0
4066000.0	631.0240032177113	-50.916345132906294	-3525.8493459663664	0.022950026577479576	-0.0019153067280275604	0.0
4077000.0	630.8027503164535	-51.17929005671474	-3526.0617216968844	0.02244786214275618	-0.0018446340389235705	0.0
4088000.0	632.3200917810859	-51.431970176020194	-3526.085288652779	0.02273941617480335	-0.0018864418386456694	0.0
4099000.0	629.828895212688	-51.68495248408201	-3526.2015881556144	0.02292904397715123	-0.0019436541790557038	0.0
4111000.0	633.4754582911581	-51.94868117875033	-3526.4560378989045	0.022549214936708584	-0.0018725993656398265	0.0
4122000.0	632.1334951480745	-52.22283100027332	-3526.4495310070174	0.022656077629903848	-0.0018826023219508936	0.0
4133000.0	638.403610739219	-52.46922838392961	-3523.9997196145778	0.022789734033808573	-0.0019247731675465507	0.0
4144000.0	641.9696842955573	-52.73583935206108	-3526.736442929638	0.02315634461012195	-0.0019820750001216525	0.0
4155000.0	634.81843564411	-52.992616789356134	-3526.8429653459716	0.022776477451832422	-0.0019107539357569314	0.0
4166000.0	649.2090214087626	-53.228935116721686	-3523.9677201693084	0.022950475046774832	-0.0019531414098322153	0.0
4177000.0	635.5779205766681	-53.52077415615156	-3527.1199915123925	0.023134230856830085	-0.002011060014647098	0.0
4188000.0	641.602087922511	-53.75240134177276	-3527.1856787371285	0.02275914314361649	-0.0019393223554705075	0.0
4199000.0	640.7003841653179	-54.032135856809056	-3527.3958325868025	0.023065787921855208	-0.001981736515558191	0.0
4211000.0	643.5670349024556	-54.289927900841604	-3527.0768941554147	0.022999637482198798	-0.0019921042275019563	0.0
4222000.0	642.4557550322826	-54.57110609849826	-3527.7019898064486	0.02334379604340686	-0.0020497796699400495	0.0
4233000.0	640.564969524394	-54.825341231237765	-3527.757730697735	0.022985062891293984	-0.001977909423443114	0.0
4244000.0	649.0252163585465	-55.067981837621666	-3527.499429075633	0.023154864795407182	-0.002020623987261161	0.0
4255000.0	641.7831213898354	-55.32472164575467	-3527.997238738601	0.023011972805762504	-0.0019962036417143503	0.0
4266000.0	644.9359885764765	-55.61248318977052	-3528.2908523780825	0.022972505304669433	-0.002006773254445232	0.0
4277000.0	646.4354399007522	-55.86665073955097	-3528.308247241854	0.023271136671268566	-0.002049425584203707	0.0
4288000.0	644.0051521780117	-56.12922849205646	-3528.4207948227363	0.023438180307901346	-0.002107801263812631	0.0
4299000.0	647.6015533853512	-56.39264244649083	-3528.6764046965204	0.023070096795603012	-0.002035583553243292	0.0
4310000.0	649.1038575818828	-56.64803233057288	-3528.692787723594	0.02336843849996506	-0.0020783923277015726	0.0
4321000.0	646.6737883899613	-56.91152900390816	-3528.8047998648003	0.023534615363465683	-0.002136966706470872	0.0
4332000.0	650.3618439449727	-57.152308466876065	-3528.9332627890885	0.02339379996249069	-0.0020970139634021445	0.0
4343000.0	647.8198999849582	-57.441760748118554	-3529.040558504206	0.023351456501724766	-0.002107782123599883	0.0
4354000.0	652.1341472356374	-57.70172611036062	-3529.2197033863595	0.02370928627941682	-0.002166364382078123	0.0
4365000.0	653.4335596725538	-57.96246769828527	-3529.3852836883525	0.023321825815279418	-0.002093781792116306	0.0
4377000.0	655.9747779255264	-58.22569154183268	-3529.370610845485	0.023283564979236226	-0.0021045514199438953	0.0
4388000.0	654.8751065040273	-58.517252267510194	-3529.588892696884	0.023561519915879403	-0.002147789755789109	0.0
4399000.0	656.2362026881264	-58.77312052160286	-3529.743927156344	0.023860360629062383	-0.002206645232283977	0.0
4410000.0	655.9812948723016	-59.049682829417975	-3529.9537035675894	0.02338048347793653	-0.0021340149255078267	0.0
4421000.0	657.5341750869817	-59.310206286149075	-3529.968556328371	0.023655178249855968	-0.002177311067796006	0.0
4432000.0	655.0736740731953	-59.577522436414405	-3530.075713002532	0.023837682504367352	-0.0022366029228969297	0.0
4444000.0	665.6174545730343	-59.84458592463585	-3527.3951237021115	0.0239676978467509	-0.002247349043186242	0.0
4456000.0	663.8708901238633	-60.133539709248716	-3527.4355450705225	0.023904030436442403	-0.002258402326010822	0.0
4467000.0	666.2163977878666	-60.40734217634341	-3530.4164394282	0.023600451586277105	-0.0021853357161301934	0.0
4478000.0	662.0014247692967	-60.69565442120518	-3530.613652500116	0.023838790081633476	-0.0022290001917653623	0.0
4489000.0	666.4963554974711	-60.90510437486197	-3527.791235608442	0.024013742622290835	-0.002288645941737555	0.0
4500000.0	663.6558227837222	-61.2399919484198	-3530.9182275558983	0.023702798680669712	-0.002215432347589974	0.0
4511000.0	660.6912260547703	-61.51171546285934	-3530.952289343894	0.023821198615099348	-0.0022592747677143976	0.0
4522000.0	664.9397997737409	-61.74873507562133	-3531.153072586447	0.024167059224519116	-0.0023189398129870586	0.0
4533000.0	671.6153395842699	-62.02484222566331	-3531.1586738678457	0.023795845082977385	-0.0022453833996028127	0.0
4544000.0	669.1592806834215	-62.289575761471525	-3530.809666421997	0.023920613016850112	-0.0022894506202618126	0.0
4555000.0	667.6138886941152	-62.59349566863259	-3531.513150749886	0.02424928765576051	-0.0023491699529635812	0.0
4566000.0	665.7602460517056	-62.8627799031539	-3531.5555245487135	0.02389330119373323	-0.002275530610853005	0.0
4577000.0	677.6373258183096	-63.111263223336124	-3531.1058129139587	0.024015880200392692	-0.002319782895464889	0.0
4588000.0	676.352814846785	-63.38935730653909	-3528.945821158812	0.02434499453069683	-0.002379714308608255	0.0
4599000.0	676.9706401479737	-63.660497195814855	-3531.8932366797067	0.024010718276215703	-0.002306030821124516	0.0
4610000.0	674.5766723487508	-63.93768122799653	-3531.530071353825	0.02411278000678241	-0.0023504082508287727	0.0
4621000.0	672.915965055531	-64.24140356384028	-3532.2515720402425	0.024440641153745668	-0.002410518165741976	0.0
4632000.0	679.659544671837	-64.48928879101537	-3532.2587574080085	0.024109081547143862	-0.002336619533627571	0.0
4643000.0	674.264051261568	-64.79965419986576	-3532.4567469769077	0.02426518831541835	-0.002381184347782811	0.0
4654000.0	675.6192385277544	-65.07412353420573	-3532.606145023037	0.024556554680772447	-0.002441484040273667	0.0
4665000.0	681.2019238322383	-65.35826495028103	-3532.267651250559	0.024094501911100075	-0.0023676229351158873	0.0
4676000.0	688.5377161962255	-65.57997861251071	-3532.2235131883294	0.024375031176570916	-0.0024122447569236705	0.0
4687000.0	681.7980063679312	-65.8960179072548	-3529.802000651862	0.024536303700774642	-0.0024729032549316576	0.0
4698000.0	677.9863965086678	-66.20948490634541	-3533.1772340922776	0.024193025409389834	-0.002398708896268753	0.0
4709000.0	679.5622890112662	-66.4885863443226	-3533.1838177605073	0.02445835748962799	-0.002443331793978515	0.0
4721000.0	677.1170057226991	-66.77708682912811	-3533.2824200120704	0.024634625886726935	-0.002504393005047595	0.0
4732000.0	677.4754161578883	-67.08461814490413	-3533.4110429288435	0.024648379326444037	-0.002515868917556008	0.0
4743000.0	695.1108890037998	-67.32311104431365	-3530.32328632461	0.02441591569452428	-0.002441243833727763	0.0
4754000.0	688.4652835596244	-67.6386203361585	-3533.113968949818	0.024567689309958674	-0.0024862529721997872	0.0
4765000.0	687.6270798544266	-67.9226271819069	-3530.577736661138	0.024741723701468876	-0.0025473710784424397	0.0
4776000.0	683.671029110767	-68.2441407189142	-3534.021835293072	0.024403026565796182	-0.0024728544568617394	0.0
4787000.0	685.2142814096509	-68.52594786736607	-3534.0241827025543	0.024684661485707027	-0.002517781599155583	0.0
4798000.0	688.8455846890919	-68.81688434817472	-3534.044769304961	0.02483854696013643	-0.002579064942710929	0.0
4809000.0	692.910411251919	-69.10818998172998	-3533.7271798361544	0.02455563853702669	-0.0025043778910049386	0.0
4820000.0	683.9052272863423	-69.40718291071916	-3534.344746556402	0.024668389237414656	-0.0025496893945552157	0.0
4831000.0	687.5282184297339	-69.67363668833725	-3534.6007150378555	0.02454532176137736	-0.0025245771788178217	0.0
4842000.0	686.3450009896897	-69.98937007054576	-3534.5610347671477	0.024649160508307233	-0.0025360171841768697	0.0
4853000.0	686.577608621992	-70.28643936398679	-3534.6992936903275	0.024766172959284516	-0.002581490454585167	0.0
4864000.0	690.807401426268	-70.58111300333714	-3534.8831655466624	0.025084897504624726	-0.00264296089406435	0.0
4875000.0	689.0086852210776	-70.8725534539242	-3534.9158283988363	0.02476687548722989	-0.0025679003084034258	0.0
4886000.0	696.4108454432068	-71.15403448146378	-3531.7970232198873	0.024862962827816082	-0.0026135395293276353	0.0
4897000.0	693.4741760172045	-71.47523369015984	-3535.2323532991054	0.025184808590313468	-0.0026753380508472424	0.0
4908000.0	691.6589786979671	-71.76781767185847	-3535.2657400426865	0.024864170014460063	-0.0026000516122633155	0.0
4919000.0	694.8124064092434	-72.07359272555499	-3535.427717272887	0.025013343787207987	-0.002645818058150756	0.0
4930000.0	692.3437151672647	-72.37344238983115	-3535.522752538857	0.02518253640851964	-0.002707812944346605	0.0
4941000.0	695.8559290709372	-72.67633366886467	-3535.777685354316	0.024852488171756892	-0.002632439166115219	0.0
4952000.0	697.4589481302877	-72.97443850542543	-3535.776506910681	0.025109965274664248	-0.0026781524995928008	0.0
4963000.0	695.0153065449746	-73.2766017731878	-3535.871018239306	0.02527952711948478	-0.0027403758356681907	0.0
4974000.0	698.6095466260887	-73.58647511831508	-3536.1142707464383	0.024965675697545375	-0.002665011721086047	0.0
4985000.0	700.0606258062736	-73.88114789527818	-3536.1202825474156	0.02522560809367791	-0.0027107705547457783	0.0
4996000.0	700.3200926994306	-74.15117530139464	-3536.283296766982	0.025444117589748183	-0.002773337538097137	0.0
5007000.0	707.6201779745247	-74.45185372925103	-3536.245554814854	0.02511327680611286	-0.0026977328966405756	0.0
5018000.0	702.7078360610966	-74.7986759569349	-3536.4636711542967	0.025322237501854028	-0.0027435757980809605	0.0
5029000.0	703.0003161144929	-75.11142265176987	-3536.609602463868	0.02552554902342452	-0.002806089169381104	0.0
5041000.0	714.9930131973762	-75.40931220809755	-3532.578032060468	0.02548695439199422	-0.0028181436593906484	0.0
5052000.0	715.2446631076476	-75.70166286287737	-3533.270465410664	0.025159650670471212	-0.0027424211558403078	0.0
5063000.0	712.0348804135089	-76.03388907934139	-3536.2852455976845	0.02541191588541536	-0.0027885596641502586	0.0
5074000.0	703.3500734234591	-76.3653934646516	-3537.0197799226903	0.025580838549102092	-0.002851283785510167	0.0
5085000.0	706.8182803808598	-76.67595569297549	-3537.2742384737735	0.025256544824579175	-0.002775241504181458	0.0
5096000.0	714.7802207952449	-76.95107413321466	-3536.604100867479	0.025529254761194498	-0.0028215089144879857	0.0
5108000.0	712.4736072833407	-77.2916754446398	-3536.6806946589545	0.025475958275197774	-0.0028338340889133007	0.0
5119000.0	710.1066406414384	-77.63157047286151	-3537.5395765982103	0.025781439761483727	-0.0028966137561618754	0.0
5131000.0	715.9343463267351	-77.93486661731177	-3534.0789270719656	0.0257427282575724	-0.0029088157681844695	0.0
5142000.0	717.7521991581403	-78.27579748480485	-3537.1737504891157	0.025421155925134054	-0.002832632115120859	0.0
5153000.0	720.4793891741152	-78.55862868432665	-3534.3323078179055	0.025692069059477074	-0.0028791376911896926	0.0
5164000.0	719.998351696407	-78.82973289311991	-3534.5529693349927	0.025906852426364813	-0.0029426862554000344	0.0
5175000.0	720.6346425336866	-79.19056605031881	-3537.948034383993	0.025567321015495414	-0.002866265420959524	0.0
5186000.0	721.9988178368653	-79.49405307226826	-3537.4944248217193	0.025788320452812208	-0.0029128257001524993	0.0
5197000.0	715.771487691988	-79.83915662227632	-3538.329660136311	0.025985530983942295	-0.0029761997002250573	0.0
5208000.0	723.3091502844218	-80.11844197519135	-3538.282644317483	0.025663566908215918	-0.002899640762318745	0.0
5219000.0	714.2102627836699	-80.4636934018734	-3538.48308310601	0.025775023345757653	-0.0029467593585137397	0.0
5231000.0	725.0093757191122	-80.76379167809709	-3537.94958969541	0.025880493258622073	-0.002958951642456825	0.0
5243000.0	722.7590082973417	-81.11347677475455	-3538.006514132189	0.02584119289279707	-0.002971387794731828	0.0
5254000.0	720.2956056300427	-81.45415442608744	-3538.8893592347026	0.02616902019176126	-0.003034905002692989	0.0
5265000.0	723.8441587189515	-81.7424595882663	-3538.812134798598	0.025740269178896158	-0.0029583297742956094	0.0
5276000.0	721.5927073679246	-82.05589923490741	-3539.0876679783505	0.02600471567635121	-0.00300550787303952	0.0
5287000.0	719.1327679003504	-82.38702306149459	-3539.170724389489	0.026155292692785492	-0.003069349541020755	0.0
5298000.0	722.4631776431611	-82.65877543849545	-3539.439549195203	0.025838470396375435	-0.0029924895078856373	0.0
5309000.0	724.1896360692995	-83.01847802401694	-3539.408668639404	0.026105310201540277	-0.0030396615432574936	0.0
5320000.0	724.4834715537276	-83.29148910752023	-3539.5571957639295	0.026326057688766724	-0.0031040866507748843	0.0
5331000.0	725.8197917379989	-83.65399860992709	-3539.682109066422	0.025983525380319783	-0.003026838995675657	0.0
5342000.0	722.886043946973	-83.97314421122645	-3539.6956486177246	0.0260964570612916	-0.0030744375126140755	0.0
5353000.0	727.0990821833303	-84.27130001149328	-3539.8786552278157	0.026398621042128978	-0.0031383627249949864	0.0
5364000.0	725.3703457968799	-84.59098924157043	-3539.8895983799084	0.026080298355869003	-0.0030611059521722106	0.0
5375000.0	725.5435174418411	-84.86816529521809	-3540.032487975887	0.02621038952480248	-0.0031089158198857325	0.0
5386000.0	729.8064768268536	-85.20697545781532	-3540.1887366792666	0.026516770017918745	-0.0031730363491001556	0.0
5397000.0	727.8811832781897	-85.46995004927835	-3540.234023189159	0.026199001360929453	-0.003095740999964486	0.0
5408000.0	731.1216127112947	-85.83551306880601	-3540.377751639507	0.02633772610321805	-0.0031434908601736533	0.0
5419000.0	728.682861279669	-86.16264241493649	-3540.45647154514	0.02649851453461638	-0.0032079728068004076	0.0
5430000.0	731.9682164617698	-86.41940152443857	-3540.730228654594	0.026189219543910625	-0.0031305665246780523	0.0
5441000.0	740.4801434329779	-86.7613766690698	-3539.9395162347646	0.02643094360297038	-0.003178250663197657	0.0
5452000.0	731.3291599697695	-87.08841880339607	-3540.7830629372097	0.02659721839664453	-0.003242929456265059	0.0
5464000.0	735.3513327408126	-87.42271916913494	-3540.962974853455	0.026340509457725148	-0.0031655918974396458	0.0
5475000.0	733.7138783284746	-87.75778384140716	-3540.9674398008005	0.026407628175468822	-0.003178098100686033	0.0
5486000.0	736.7509404418639	-88.07297489863258	-3541.123955699035	0.02656287515119704	-0.0032261001234831777	0.0
5497000.0	745.0516098643944	-88.37301638967966	-3541.12264494318	0.026817622357090176	-0.0032907921988908906	0.0
5508000.0	737.7793955045672	-88.70860424669623	-3541.462914938789	0.026397213463014157	-0.0032131978913050308	0.0
5519000.0	739.4470908783993	-89.01724487108363	-3541.4460017164934	0.026637580360087565	-0.0032611822188596817	0.0
5530000.0	740.79647528346	-89.31810990250733	-3541.5809353729824	0.02691511512999245	-0.0033261822567073884	0.0
5541000.0	740.2616156065866	-89.59370761198507	-3541.79880439079	0.026494262385652112	-0.003248520857945192	0.0
5552000.0	742.0876154658827	-89.967876665545	-3541.761185743386	0.026733914387791824	-0.0032966417962121963	0.0
5563000.0	739.652336542873	-90.27097181297177	-3541.8444107757946	0.026898947892331382	-0.003361828347161755	0.0
5574000.0	743.6584014336896	-90.60409963468486	-3542.024925622407	0.02663816690504972	-0.0032838195726557218	0.0
5585000.0	744.6740200052951	-90.9164890525952	-3542.0725683983987	0.026852392552810356	-0.0033320614729502873	0.0
5596000.0	751.3143552059873	-91.21556406246589	-3542.1405663217643	0.026636007014462226	-0.0033064722215148112	0.0
5607000.0	753.0058152563762	-91.53226291388704	-3542.1174607504236	0.02673746353766382	-0.0033193795786189972	0.0
5618000.0	743.370304390572	-91.88383140761879	-3542.34664732601	0.026841799482630213	-0.003367981431636191	0.0
5629000.0	755.3346358139906	-92.17485087737153	-3538.6264707580594	0.027135416549232128	-0.0034332941894327784	0.0
5640000.0	745.8980788802601	-92.52058603797632	-3542.528368018251	0.026854812899942404	-0.0033551707913995754	0.0
5651000.0	748.7943478816346	-92.82258250365783	-3542.7143819608004	0.027178464434167937	-0.0034563587546588836	0.0
5663000.0	757.4570054990094	-93.16616445239568	-3541.9578068486007	0.027059287545305066	-0.0034168148365444906	0.0
5674000.0	750.6503130575969	-93.52844252153845	-3542.9355251594993	0.027250459082810874	-0.0034826871044331686	0.0
5685000.0	751.9714980533836	-93.84695436485516	-3543.062801179289	0.026943532105769163	-0.003404233836982129	0.0
5697000.0	756.2304355941577	-94.17505835237749	-3542.910968127139	0.026911678469330402	-0.0034173775431659004	0.0
5708000.0	768.9567919530491	-94.39595004841907	-3538.345968656288	0.027166665931660283	-0.0034663644969094576	0.0
5719000.0	758.2344214276	-94.85940145057738	-3543.127734850132	0.027306549151612902	-0.0035323249717895133	0.0
5730000.0	754.4065767957017	-95.19265974352662	-3543.5427620441296	0.027015903304109523	-0.0034538030375463324	0.0
5741000.0	764.631557842272	-95.47586246505257	-3539.4417597092797	0.02726624464634697	-0.003502548426553176	0.0
5753000.0	756.2952132732438	-95.85162253069268	-3543.6532570437485	0.02725786773081529	-0.0035159539689318398	0.0
5764000.0	757.7962021311887	-96.2041756304813	-3543.7525330589274	0.027525594983695445	-0.0035818443506392406	0.0
5775000.0	757.4192119785101	-96.54178903172492	-3543.9537965432123	0.027120483914087723	-0.003503241990277628	0.0
5786000.0	759.1141082102473	-96.86980496141734	-3543.928775435896	0.027354132990089042	-0.003552236980624568	0.0
5797000.0	764.0129445537832	-97.19931997321662	-3543.8319449724	0.027512218697612445	-0.0036185028221125126	0.0
5808000.0	767.3760001055667	-97.53076332883658	-3543.3550788731923	0.02721867300627201	-0.0035396623689904483	0.0
5819000.0	770.4401350403787	-97.83059325498552	-3540.0748247437464	0.027473370361225324	-0.0035888345469731187	0.0
5831000.0	766.6921439155918	-98.18243682099838	-3544.1357600352944	0.027426776285038645	-0.00360254821295658	0.0
5842000.0	763.4710714347133	-98.58048393406513	-3544.4562301062	0.027731087395861165	-0.003668811855830123	0.0
5853000.0	763.0892468138395	-98.92513706449711	-3544.6568033137232	0.0273293091260991	-0.0035899256290491954	0.0
5864000.0	764.7913109130708	-99.25692466798402	-3544.630216673892	0.027561078267856587	-0.0036392163563195856	0.0
5875000.0	769.7443498638468	-99.58205016224348	-3544.5282851533552	0.027721221517505334	-0.003705855053019458	0.0
5886000.0	773.9241880891619	-99.93825649647768	-3543.93871526845	0.027491577319837424	-0.0036269009714382516	0.0
5897000.0	767.4348352880569	-100.28307633819732	-3544.9258802792187	0.027657579791815268	-0.0036763059056785785	0.0
5908000.0	765.0298639455135	-100.62629933494613	-3544.9963659921473	0.02781437020202615	-0.003743031669817043	0.0
5919000.0	768.995847915107	-100.97253810095908	-3545.1755194825805	0.02756807356497326	-0.0036637856787621326	0.0
5931000.0	778.9460078642529	-101.27173442176586	-3540.955216047956	0.027776936280739406	-0.0037133385185006973	0.0
5942000.0	770.4689075104058	-101.69945002953419	-3545.3195813493057	0.0277677485612271	-0.0037270737200843507	0.0
5953000.0	771.787163098718	-102.03951155682326	-3545.443715248863	0.028032668918084536	-0.0037938494461536854	0.0
5964000.0	771.3940890982602	-102.39104246121032	-3545.6437605254287	0.027634987794625143	-0.003714615924908682	0.0
5975000.0	773.107747737712	-102.73555266349143	-3545.6131037816704	0.027864368885082147	-0.003764345393210744	0.0
5986000.0	781.8995164787078	-102.9866973531213	-3545.5803263544512	0.02815421500539994	-0.0038316642756460184	0.0
5997000.0	774.0308203456783	-103.44740783332475	-3545.9319670242553	0.027732525701915867	-0.0037522397151495968	0.0
6008000.0	775.749600344955	-103.79463131692886	-3545.8998809738364	0.027963591410365307	-0.0038021212683876926	0.0
6019000.0	773.3438277092896	-104.14184542866737	-3545.969541966355	0.02811625785827987	-0.0038693166059751705	0.0
6031000.0	785.8235450540805	-104.48863863693674	-3541.8498898158255	0.028217217166382813	-0.00388298845009738	0.0
6042000.0	775.7446564463668	-104.87728183843497	-3546.131893672417	0.0279493918978313	-0.003803430995592938	0.0
6053000.0	778.7668049301392	-105.21378278881447	-3546.2928334219046	0.028075216722171392	-0.0038536111983611954	0.0
6064000.0	787.731449570816	-105.58205486285198	-3546.208542814745	0.028333758841081025	-0.003920860372100821	0.0
6075000.0	778.183416047029	-105.84801756308207	-3546.4448370350815	0.02804564049536884	-0.0038411914503020395	0.0
6086000.0	781.4075759517328	-106.29371487415862	-3546.5742754923904	0.02816692451277536	-0.0038915079177275214	0.0
6097000.0	778.956717242304	-106.63128526996076	-3546.6436680463535	0.028325420243286326	-0.0039591154528265116	0.0
6108000.0	782.5108724487114	-107.01430544653118	-3546.873869522547	0.028060245833469777	-0.0038795153243241787	0.0
6119000.0	784.043586710813	-107.36347960917107	-3546.856721898193	0.02826348070068785	-0.003929672265025441	0.0
6130000.0	781.6242214515132	-107.69439308074159	-3546.9280916284283	0.0284227039233218	-0.003997402559680341	0.0
6141000.0	793.3145483290027	-108.06294560203041	-3546.079014681321	0.02817744230508934	-0.00391739663245233	0.0
6152000.0	786.6170792853446	-108.42429467175323	-3547.1351595191413	0.028383516414579812	-0.003967894377029768	0.0
6163000.0	784.2920560395547	-108.78538508203535	-3547.2027552438035	0.028514561423933715	-0.0040359769464595185	0.0
6174000.0	788.01835490113	-109.0506019134449	-3547.4065555191014	0.02827401111567074	-0.003955890143615304	0.0
6185000.0	793.276110035336	-109.46719912934941	-3546.3354395366455	0.02837295465916112	-0.004006530665669139	0.0
6196000.0	789.5222904458489	-109.85736256380348	-3547.5445973794776	0.028657524721704686	-0.00407444744770169	0.0
6207000.0	795.6612630579137	-110.06464536870045	-3546.5013619056167	0.028417203913947642	-0.003994683674364341	0.0
6218000.0	787.9865118854009	-110.56940712570172	-3547.6540935138996	0.028470703359678495	-0.0040453752014497635	0.0
6229000.0	792.13812818557	-110.92512371557382	-3547.8235303410015	0.028750160312542627	-0.004113228507632072	0.0
6240000.0	790.5662507446867	-111.25927958044456	-3547.810679570499	0.02849631377717543	-0.004032877924079803	0.0
6251000.0	793.5359043958242	-111.62680776920668	-3547.9667972177044	0.02860958604787367	-0.004083710092066151	0.0
6262000.0	791.0993469178006	-111.96649393778254	-3548.0310655068156	0.028767432626426892	-0.004152186612422448	0.0
6273000.0	794.2294056298132	-112.2519212944785	-3548.3063139353576	0.028484990596330917	-0.004071828476724715	0.0
6284000.0	796.1711847284872	-112.69707377444003	-3548.240535432736	0.028706468203375968	-0.004122671531741673	0.0
6295000.0	793.757479821033	-113.02431257945865	-3548.308660890342	0.028864180580641108	-0.004191110762654826	0.0
6306000.0	797.0741225336648	-113.40476775340714	-3548.554536170794	0.028581822120354428	-0.004110565693001389	0.0
6317000.0	798.714509749354	-113.6865240948042	-3548.5339778308517	0.028854618934147203	-0.004161916185757841	0.0
6328000.0	798.9675805579049	-114.09727665835396	-3548.644574026959	0.029003391777514542	-0.004230437324916625	0.0
6339000.0	800.3498372164926	-114.46766957835918	-3548.7496345745762	0.028720286139042317	-0.004149753693634628	0.0
6351000.0	797.4433339030348	-114.82245249557523	-3548.744570378302	0.028816789490788697	-0.0042009479392771665	0.0
6362000.0	811.49583057777	-115.14898230649926	-3544.189019253336	0.028912958975677583	-0.004215103479485283	0.0
6373000.0	799.318226449608	-115.4410141156435	-3548.9644621138377	0.02909235977552238	-0.004284357377970005	0.0
6384000.0	802.7245682112379	-115.91994087934795	-3549.1902056316717	0.028790282970579284	-0.004203392355004554	0.0
6395000.0	804.4601583396267	-116.26255917153581	-3549.1528646020183	0.029009205666889804	-0.004254583330010664	0.0
6406000.0	802.0086872352989	-116.51799835689235	-3549.2315694578215	0.029184311490546122	-0.0043237635889702974	0.0
6417000.0	806.0007750886138	-116.97155891404141	-3549.3837529032176	0.02892728631630548	-0.0042427481031102054	0.0
6428000.0	803.0992767466936	-117.332293399639	-3549.3760299762835	0.02902387661209116	-0.004294236188112199	0.0
6439000.0	807.2113800939397	-117.58552876317445	-3549.564594321027	0.029323216210959346	-0.004363425568658819	0.0
6451000.0	815.5186581535991	-118.03504741122602	-3544.74321576245	0.02927022512526367	-0.0043778349971271835	0.0
6462000.0	808.3771374850556	-118.43117511073105	-3549.8173616342206	0.02899897242012206	-0.004297068683623062	0.0
6473000.0	810.0398458096397	-118.75580869218815	-3549.7757802150595	0.029245498375007895	-0.00434853536528268	0.0
6484000.0	807.6696909767816	-119.03240758689928	-3549.8551265133697	0.029390811827485486	-0.004417987964970671	0.0
6495000.0	811.6592098774205	-119.49097968062347	-3550.0058068596823	0.029135229425393483	-0.004336697382251786	0.0
6506000.0	812.6821919424441	-119.84430172140249	-3550.036379442503	0.029336525949605896	-0.004388268706492782	0.0
6517000.0	812.9564073097523	-120.20863213700098	-3550.1617251876164	0.02950891486621865	-0.004457705715261995	0.0
6528000.0	811.3507808878909	-120.55748645257906	-3550.136736488727	0.02923221863153036	-0.004376472183120539	0.0
6539000.0	811.4290066228299	-120.89593189192082	-3550.2661851606304	0.02933453918192863	-0.004428433576890656	0.0
6550000.0	815.5854102738349	-121.28613444979491	-3550.424461197146	0.029602201190662925	-0.004497934085015143	0.0
6561000.0	816.5174859831992	-121.5990993490866	-3550.4610933086756	0.029476687923229106	-0.0044539396128607245	0.0
6573000.0	822.3761753436023	-122.00969615166495	-3550.2522958543773	0.029304646839535042	-0.004431565575308327	0.0
6584000.0	818.3504550481953	-122.3944393433029	-3550.6469228671576	0.029544099201143537	-0.00448354415626967	0.0
6595000.0	818.5926424094209	-122.76887726378293	-3550.772238757792	0.029710550186659912	-0.004553123971746342	0.0
6606000.0	817.0200041631555	-123.12509156547952	-3550.742253146172	0.029440159499017904	-0.004471612719536999	0.0
6617000.0	817.081623839054	-123.43670202742811	-3550.876011162036	0.029560956896984125	-0.0045239961085501434	0.0
6628000.0	821.2519891844848	-123.86014067386826	-3551.027109000484	0.029810972236341104	-0.004593631820441146	0.0
6639000.0	830.5403871576964	-124.15735685687598	-3550.7966265778123	0.029567112604088397	-0.004512127922190912	0.0
6651000.0	822.6470566707226	-124.5932940403107	-3551.1551430304175	0.029673139101125567	-0.004564370610002699	0.0
6662000.0	820.0595854367931	-124.91343857943423	-3551.22302522617	0.02967675052112395	-0.004579465248218895	0.0
6673000.0	824.259335735629	-125.36863323040052	-3551.371344238162	0.0299170530253412	-0.0046491826809197945	0.0
6684000.0	822.6941771919668	-125.73308491082308	-3551.3388001731196	0.02964836776101376	-0.00456745327829039	0.0
6695000.0	822.7494676306638	-126.05067600765715	-3551.472049700769	0.029769072678642594	-0.004620118562650766	0.0
6706000.0	826.9762120266311	-126.47581822812465	-3551.6038785129945	0.03003861531083163	-0.004689997766721132	0.0
6717000.0	825.396262495182	-126.82716264573325	-3551.597325877863	0.029775597323411063	-0.004608282089978877	0.0
6728000.0	828.2983284809137	-127.17734586707729	-3551.7559482509946	0.02990538489260075	-0.004661026525578982	0.0
6739000.0	829.4615681790324	-127.57407567730415	-3551.8796453313903	0.02978991860649849	-0.004634381559900536	0.0
6751000.0	829.1699131059964	-127.98909176909119	-3552.0478165418303	0.029764222515916927	-0.004649265325727514	0.0
6762000.0	828.6009942569403	-128.40097666479835	-3551.910394309803	0.029881928962879112	-0.0046642747150300035	0.0
6773000.0	828.4381839669617	-128.78186253774763	-3552.045821680184	0.029952373944260202	-0.004716929411267945	0.0
6785000.0	841.1396358701182	-129.16254876874362	-3550.9277002971285	0.03004425788314835	-0.004731739854174466	0.0
6796000.0	830.4718931355186	-129.5782526498222	-3552.218911517613	0.030201930745041405	-0.004802479652345981	0.0
6807000.0	842.5444445628992	-129.87968579973514	-3552.0426194166175	0.02999355952788485	-0.004720753819514256	0.0
6818000.0	835.3372569667496	-130.34899127652213	-3552.4117590898622	0.03016994699790776	-0.00477338241274039	0.0
6829000.0	835.5870699465853	-130.7408513360912	-3552.536338500098	0.03032886001206392	-0.004843872265474669	0.0
6841000.0	836.9495043933498	-131.11855874387928	-3552.635313377105	0.030407274772376924	-0.00485876683116826	0.0
6852000.0	836.6526803343817	-131.54388655242172	-3552.802295909131	0.030040734694535942	-0.004776748374145212	0.0
6863000.0	838.444114887233	-131.92652565522837	-3552.748189341501	0.030251649504430933	-0.004829582335204308	0.0
6874000.0	839.7361733293706	-132.3072156775864	-3552.8546391616255	0.03050354809740985	-0.0049002056787649795	0.0
6885000.0	839.2825127865635	-132.70338160605246	-3553.0469551403935	0.03013716275017475	-0.004818128189659987	0.0
6896000.0	841.0058946400483	-133.0880589791922	-3552.9833007889924	0.0303824206428831	-0.004871320898871823	0.0
6907000.0	838.7720095680043	-133.36340720872388	-3553.0461030151578	0.03054526804061508	-0.004943155213547434	0.0
6918000.0	842.6633637832765	-133.8740584618529	-3553.195850002307	0.030279386096311534	-0.004860546578653424	0.0
6929000.0	839.7314201104628	-134.28168094810002	-3553.177128547423	0.03037566335992037	-0.004913797247933449	0.0
6940000.0	843.8913021068756	-134.67132103518608	-3553.3406424120126	0.030632267429912874	-0.0049845996905377166	0.0
6951000.0	844.9190711607295	-135.01966613731932	-3553.3736922379126	0.030488864694939055	-0.004940092920684314	0.0
6962000.0	842.4195489772918	-135.44634922888145	-3553.4199044042466	0.03046521655238399	-0.004955473489461737	0.0
6973000.0	846.5174324026848	-135.83561204579289	-3553.5816687825222	0.030728171437418128	-0.005026372648483268	0.0
6985000.0	855.7616578180872	-136.2147616898768	-3548.2101467030975	0.030702552133515137	-0.005041641871076363	0.0
6996000.0	847.5933301977266	-136.65460565727176	-3553.8390135193818	0.030445592844174696	-0.004959338492523835	0.0
7007000.0	849.2882797908727	-137.03434388738665	-3553.778383898914	0.030677829140180357	-0.005012599769053161	0.0
7018000.0	849.5427200520058	-137.4342001381746	-3553.8996259254795	0.030837854213240812	-0.0050839327957639124	0.0
7029000.0	850.9147340342696	-137.8217570189888	-3553.992257026155	0.03058832356482455	-0.0050014682093562635	0.0
7041000.0	860.8042837278635	-138.21077128921672	-3553.6732760020773	0.030665887094863065	-0.005017000976674124	0.0
7052000.0	849.4904242703292	-138.63689055338565	-3554.063052264601	0.03072470158244034	-0.005070493522956798	0.0
7063000.0	853.6925406577116	-139.02510570384368	-3554.1998146183164	0.031013382002651246	-0.005141941808444017	0.0
7074000.0	852.9221180114108	-139.28503296136668	-3554.4585007257615	0.030651592964112684	-0.005059442110503132	0.0
7085000.0	855.0305089890377	-139.81208846409234	-3554.3290406694614	0.030860469968012394	-0.005113150247804288	0.0
7096000.0	852.6695676594418	-140.19170174541975	-3554.3734008029787	0.031005511531115637	-0.005184627001302566	0.0
7107000.0	856.8299602628234	-140.59200095650473	-3554.519971388841	0.03083196787023157	-0.005102292374568218	0.0
7118000.0	857.5707889787467	-140.97027869405395	-3554.555075453319	0.03098127787943783	-0.005155791858790282	0.0
7129000.0	857.8118009601227	-141.36356572616106	-3554.6763950701657	0.031139790522988875	-0.005227409255119053	0.0
7140000.0	856.322839422512	-141.74692967053537	-3554.626482045062	0.03089353968758668	-0.005144609238997289	0.0
7151000.0	865.5701652502443	-142.06512201547838	-3553.319616665391	0.030993397750769924	-0.0051989770630342935	0.0
7162000.0	860.5293665782646	-142.52669894832877	-3554.878793140171	0.031262627900712214	-0.0052706464689230015	0.0
7173000.0	860.062241334302	-142.91503330111416	-3555.071208836578	0.03090475209525745	-0.005187610460752112	0.0
7184000.0	861.8833952021481	-143.29371575174687	-3555.0100816118743	0.031110805781917383	-0.005241441034746219	0.0
7195000.0	859.5019487945319	-143.67561015251218	-3555.048323656505	0.031255214035761814	-0.005313426324166093	0.0
7206000.0	862.7121120753926	-144.06164452436568	-3555.3000222479845	0.031003267057361006	-0.005230268013661055	0.0
7217000.0	864.5178862966492	-144.44177471029718	-3555.2395775733135	0.031207475033193655	-0.005284271754130321	0.0
7228000.0	862.171437508414	-144.82063847093082	-3555.2794788620904	0.031352752157204344	-0.0053563583538360215	0.0
7239000.0	866.0369507083452	-145.20994618977784	-3555.4421237166916	0.031135666877493806	-0.005273178235199627	0.0
7250000.0	867.0653711572545	-145.58735964786223	-3555.4602048151132	0.031329755546346316	-0.005327350302039846	0.0
7262000.0	876.4894429072625	-145.98525025528082	-3554.091438236044	0.031318089571561236	-0.005343241268312704	0.0
7273000.0	877.0889253627698	-146.36698009112953	-3549.8808630019053	0.03146201316954467	-0.00541555783886849	0.0
7284000.0	868.4063097838381	-146.80945272020375	-3555.819467888187	0.031229718827266995	-0.005333056422119231	0.0
7295000.0	870.1783179858788	-147.1886538138177	-3555.759000662003	0.03141518773113661	-0.005387120337805418	0.0
7306000.0	867.8349414429863	-147.57149711021805	-3555.7924683986034	0.03156424804320923	-0.005459518482184567	0.0
7317000.0	871.0060667347226	-147.96097854074915	-3556.0462625329887	0.03131523149564108	-0.00537613414521787	0.0
7328000.0	872.8124530830402	-148.34318875119075	-3555.983392304455	0.031511840476275976	-0.005430413223809105	0.0
7339000.0	870.5036549217725	-148.7220622860326	-3556.0177020734723	0.03166239330841658	-0.005502984897261642	0.0
7351000.0	873.6535410204814	-149.12673900253426	-3556.266861635264	0.03142264256610239	-0.005419789003951292	0.0
7362000.0	872.9265553911873	-149.54317388777463	-3556.1284330122703	0.03152023391042147	-0.005435492287568899	0.0
7373000.0	872.9347391103173	-149.93664320508626	-3556.2415500093807	0.031586264888544324	-0.0054900673254864585	0.0
7384000.0	877.0164996449281	-150.1736148734355	-3556.40588038834	0.0318991935134425	-0.005563168438933008	0.0
7395000.0	875.5566111074804	-150.72044370353908	-3556.346413780758	0.03161706837026257	-0.005479285428097169	0.0
7406000.0	875.5741430327347	-151.11913019678641	-3556.4581218996113	0.031684108954175505	-0.005534039889721176	0.0
7417000.0	885.4715349271067	-151.51846008196972	-3556.1258343073664	0.03186867104435964	-0.00560712899758864	0.0
7428000.0	879.3379572129658	-151.90101103584675	-3556.7747996870585	0.03162236008391983	-0.005523420574889082	0.0
7439000.0	881.0896072657093	-152.31541406895101	-3556.7097363807547	0.03181565181678181	-0.005578046692634175	0.0
7450000.0	878.6059631820987	-152.55235469709496	-3556.7750201896765	0.03198842677904068	-0.005651417344736176	0.0
7461000.0	882.2201011556987	-153.1378393319807	-3556.9593811523696	0.03176311632568529	-0.005568237213679383	0.0
7472000.0	883.7305367843422	-153.54205453556278	-3556.912990735629	0.031923599094555444	-0.005623184343993171	0.0
7483000.0	881.341910213027	-153.89050244601887	-3556.960772981051	0.03206404358678605	-0.0056960252260920274	0.0
7494000.0	884.5390911707824	-154.34568620108175	-3557.1977027518974	0.03182043131230472	-0.005612205646740143	0.0
7505000.0	897.9101284987379	-154.65525069607295	-3551.2287871667236	0.03203460916681533	-0.005666934664471046	0.0
7516000.0	884.0194882302354	-155.15344708200874	-3557.1612836660847	0.03215323916519375	-0.005740359766140124	0.0
7527000.0	885.0424232548988	-155.5683513324667	-3557.1751916348912	0.031950819299305655	-0.005656500897854078	0.0
7538000.0	885.0371126741502	-155.9751457568681	-3557.293491092205	0.03203141001178822	-0.005711534690704401	0.0
7550000.0	889.1257350383872	-156.3808231235581	-3557.4510568450332	0.03228610179077207	-0.005784631971044896	0.0
7561000.0	887.6637505285295	-156.78772583839125	-3557.3945798260097	0.03206271965393026	-0.0057005701672152576	0.0
7572000.0	890.2247785122768	-157.22362381530104	-3557.6911804248325	0.03202495101588676	-0.005716828364917326	0.0
7583000.0	891.881570753449	-157.64074867013244	-3557.617245367477	0.03224166422055541	-0.005771983101551914	0.0
7594000.0	912.6990351497143	-158.02254605203578	-3551.3766421867167	0.03239701550199281	-0.005845442884039376	0.0
7605000.0	902.7836842621882	-158.46401981348615	-3557.3130902653743	0.032149796884207715	-0.005761687669881499	0.0
7616000.0	890.62047598679	-158.91789028211835	-3557.7753680339597	0.032237626495856375	-0.005817087159788015	0.0
7627000.0	894.7733304326358	-159.34069936491483	-3557.929296840993	0.03249251168488709	-0.005890694521438866	0.0
7638000.0	893.3113080744948	-159.747749471748	-3557.8723003842265	0.032271006824615034	-0.005806413815728828	0.0
7649000.0	893.3160095860309	-160.1747433575757	-3557.9790437091747	0.032337169060455695	-0.00586208607870764	0.0
7661000.0	907.1338816104599	-160.5854209151886	-3556.4381250923725	0.032450280212432014	-0.0058783062181080314	0.0
7672000.0	895.1945888171122	-160.87648294204595	-3558.1590272233875	0.03259852488534842	-0.005952719326425382	0.0
7683000.0	908.4912273953605	-161.44839143326328	-3557.770328329163	0.03235601116631415	-0.005868142463702375	0.0
7694000.0	896.2728394686787	-161.90558314840132	-3558.2445086973207	0.032446007480518624	-0.00592384365987042	0.0
7705000.0	900.3879039354906	-162.32508670214693	-3558.400359648607	0.032697854393809456	-0.005997443939678049	0.0
7716000.0	898.959311197346	-162.73449436079653	-3558.340545238783	0.03248029975095479	-0.005913053773170751	0.0
7727000.0	901.8335468912228	-163.15167976990833	-3558.4878667909584	0.0325774621536663	-0.005968847397289756	0.0
7738000.0	903.1009042460795	-163.57768371172023	-3558.575090381575	0.03282098634448283	-0.006042643925177282	0.0
7749000.0	902.6019627378446	-164.00617702151985	-3558.760762602605	0.032477664934078776	-0.005958362865979616	0.0
7760000.0	904.4982944849621	-164.43767317331472	-3558.6741972811906	0.03269413485167294	-0.006014858066187623	0.0
7771000.0	911.8589912505607	-164.8473460882709	-3558.241953156223	0.03281559950047552	-0.00608872827648832	0.0
7782000.0	905.245754505041	-165.2729229965358	-3558.9526541419946	0.03257625287033261	-0.006004133960188285	0.0
7793000.0	907.0854826518913	-165.67176612148648	-3558.8812971417847	0.03277175093975315	-0.006059952560482418	0.0
7804000.0	917.6332752356129	-166.05607803307268	-3552.619749310628	0.0329138831031488	-0.006134072581186367	0.0
7815000.0	908.9266099290967	-166.54263768007687	-3559.0230922133674	0.03273829898819458	-0.006050391527814725	0.0
7826000.0	909.6288988039495	-166.94711326392655	-3559.0607996378276	0.032895596517825476	-0.006106222175361609	0.0
7837000.0	909.3749971742142	-167.33716587810235	-3559.2474965142774	0.032748753224552285	-0.006079426776143149	0.0
7848000.0	908.4250980795174	-167.78250957439502	-3559.1007107966984	0.03280320505757084	-0.0060957286815225276	0.0
7859000.0	908.4169458726789	-168.19360836987886	-3559.215719409003	0.032894187886302495	-0.006151873065532998	0.0
7870000.0	912.563239838361	-168.6031031622363	-3559.342896235948	0.03316833826727694	-0.0062260299978113	0.0
7881000.0	913.4409157010296	-168.97262241074648	-3559.3780493578593	0.03303602483627954	-0.006180804449602673	0.0
7892000.0	911.0484983870562	-169.425949998961	-3559.4118798653085	0.032990387099359086	-0.006197551394063194	0.0
7903000.0	915.1409282831413	-169.7837193861781	-3559.559977550576	0.033273929702420935	-0.006272058395000335	0.0
7914000.0	912.1996229603225	-170.2147258895495	-3559.522403341127	0.03294493760049444	-0.006187848609474633	0.0
7925000.0	928.9598190207274	-170.5609941643822	-3553.2854714422588	0.03312060233163727	-0.006244030852685656	0.0
7936000.0	917.8312126820252	-171.09308494214153	-3559.7203105424564	0.033362630677771676	-0.006318973589655719	0.0
7947000.0	926.2448165556511	-171.46478753786258	-3557.8912154541104	0.033121842733726314	-0.006233883411366881	0.0
7958000.0	919.2006720228055	-171.9195091721724	-3559.8233248942106	0.03322983992073958	-0.006290670588486091	0.0
7969000.0	916.8145344336621	-172.32437580538576	-3559.845758674995	0.03335703110983923	-0.006365168987613745	0.0
7981000.0	919.9544385599861	-172.73557545814984	-3560.097244188342	0.03312789216573586	-0.006280163136551442	0.0
7993000.0	931.9052724893294	-173.18287524385497	-3553.4775800557077	0.03342516573944909	-0.006398986747162327	0.0
8004000.0	921.7621996401853	-173.624735320506	-3560.2330239800517	0.033189639366925316	-0.006314149201607666	0.0
8015000.0	923.6146517010671	-174.04620538434733	-3560.1524613491365	0.03338069343445671	-0.006370555010082546	0.0
8026000.0	921.3311901786607	-174.4549759324748	-3560.172238195062	0.033523282469907434	-0.006445640384976747	0.0
8037000.0	925.1060885577509	-174.8727721825395	-3560.3264619648503	0.033316029610275466	-0.006360418572423088	0.0
8048000.0	926.1506148838716	-175.28562889166741	-3560.3260241467633	0.03351746250535892	-0.006417519324047549	0.0
8059000.0	923.9938518748291	-175.70586013649884	-3560.3543100855263	0.0336215027723239	-0.006492801924784741	0.0
8071000.0	940.7892794947948	-176.13402695423153	-3553.9195016389713	0.03374569696314089	-0.006509936597734245	0.0
8083000.0	940.128713161491	-176.60446311203316	-3554.0790188073265	0.03371977661733494	-0.006527415161204031	0.0
8094000.0	929.567090366926	-177.06351111350395	-3560.6297719372888	0.03349008947764576	-0.00644245935926957	0.0
8105000.0	926.6863567054373	-177.47532336356937	-3560.5942612418985	0.033568594165271914	-0.006499056200737319	0.0
8116000.0	930.7637730531548	-177.79924529818274	-3560.7656378698957	0.03383158759206362	-0.0065741101477333475	0.0
8127000.0	942.0393612639715	-178.1683445612997	-3560.2457604442097	0.033611553562103325	-0.006488882436365806	0.0
8138000.0	939.9232153477188	-178.69379701236664	-3558.8699838626435	0.033680956455778066	-0.006546052169243088	0.0
8149000.0	933.5526150569813	-179.1537292790064	-3560.8946016409845	0.03394693035506724	-0.006621247052869039	0.0
8160000.0	932.3989634701855	-179.58914963872863	-3560.8214966160067	0.03373589802158783	-0.006536197058543691	0.0
8171000.0	934.8763699363873	-180.02375916614486	-3560.9958306680687	0.03379495214828654	-0.006593080345418834	0.0
8182000.0	936.1224566820129	-180.43897376849705	-3561.0802314309053	0.03403476375317349	-0.006668178526248347	0.0
8194000.0	948.5226150070774	-180.87415640938465	-3554.5586205064305	0.034020470033118144	-0.006685276790383443	0.0
8205000.0	937.7959998240477	-181.3462182637351	-3561.23436491175	0.03378730130032759	-0.0066000001785379014	0.0
8216000.0	949.0966324529763	-181.7321072035429	-3559.312038995969	0.033971976283797556	-0.006657070887059358	0.0
8227000.0	939.034703864193	-182.2172565138327	-3561.34495407048	0.034117128556178766	-0.006732709339209331	0.0
8238000.0	950.4619639668335	-182.61021166259357	-3560.798783959057	0.03388257746940537	-0.00664711480867497	0.0
8249000.0	937.6465308761013	-183.09770164644473	-3561.3662620501077	0.03397316597982236	-0.006705023505436003	0.0
8261000.0	941.6974485189888	-183.53766420945666	-3561.5139388349094	0.03421814572227988	-0.006780869426816771	0.0
8273000.0	949.9876999647912	-184.0198068995138	-3559.5164054850407	0.034036865616669854	-0.006739608310650014	0.0
8284000.0	955.3134436149531	-184.24052710658756	-3554.9847773357455	0.034315722514374425	-0.006815840446154353	0.0
8296000.0	955.2081968339912	-184.95459671972222	-3554.7522730236637	0.034263163334708135	-0.006833262681512187	0.0
8307000.0	943.5410204505142	-185.41622018959347	-3561.6228318522735	0.03412891219459602	-0.006747562921506245	0.0
8318000.0	946.3145712497153	-185.82038007411373	-3561.779287851714	0.034227648828471846	-0.006805070894967291	0.0
8329000.0	943.8312398506126	-186.09914765426652	-3561.824161379554	0.034393568524828	-0.006881383418236187	0.0
8340000.0	947.0676388009771	-186.78273789847867	-3562.023042702849	0.034127568496327365	-0.006795266476088191	0.0
8351000.0	948.8294167474693	-187.2163599624928	-3561.9280737605854	0.034342493781313266	-0.006852712854983123	0.0
8362000.0	948.8850809943133	-187.44155523800384	-3562.083782736611	0.03452117053518666	-0.0069291821008388155	0.0
8373000.0	947.683149957803	-188.10342092444282	-3561.94505530767	0.03425452845515631	-0.006843136210896272	0.0
8384000.0	984.7684835299245	-188.4437055508844	-3546.3816228600176	0.03435229676666873	-0.006901012146071861	0.0
8395000.0	951.6793274569121	-189.03583277327002	-3562.19157690499	0.03458462419312891	-0.0069776117128953485	0.0
8406000.0	950.7035580281723	-189.4714119131173	-3562.0901508540846	0.034414186651096745	-0.00689186356465632	0.0
8417000.0	953.1095823621613	-189.85754003788077	-3562.267013517234	0.034479143387868394	-0.006949689394096681	0.0
8428000.0	950.6100339790811	-190.12968196274383	-3562.310957123551	0.03464427526217251	-0.007026252599437677	0.0
8439000.0	953.8538123961525	-190.80078988305613	-3562.5114975244483	0.03438035136267237	-0.0069399834807214456	0.0
8450000.0	955.6290551326816	-191.25357879096703	-3562.409939790477	0.03459419893714655	-0.00699773745248744	0.0
8461000.0	953.4550444333508	-191.69444611471604	-3562.4296243448607	0.0347063641148202	-0.007073987399808357	0.0
8472000.0	957.2220266312071	-192.14402094984123	-3562.577456181805	0.03450558679971172	-0.006987900446008499	0.0
8483000.0	954.3813765509325	-192.58599568907945	-3562.5307735168735	0.03459330020301965	-0.007046019680327142	0.0
8494000.0	958.4745121463175	-193.02953287604228	-3562.6794522412165	0.034834037670932405	-0.007122351008509442	0.0
8505000.0	957.1178213192926	-193.4656614041644	-3562.586444739209	0.03460351463954536	-0.007036251946295868	0.0
