2352.437255859375	0.0	0.0	0.0	0.0	0.0	0.0
2988.89013671875	0.0	0.0	0.0	0.0	0.0	0.0
3522.67724609375	3.388595436788909e-10	2.0782480726250666e-09	3.524455034315998e-11	0.0	0.0	0.0
4092.028564453125	-2.5431410091297643e-09	-8.33010425574351e-09	6.334435889418814e-10	0.0	0.0	0.0
4638.220703125	-9.742894885323999e-08	-1.5566485886546388e-07	1.7664931673577093e-09	0.0	0.0	0.0
5105.2177734375	4.725716979382019e-07	-6.932472007950423e-08	3.6029995362443036e-09	0.0	0.0	0.0
5503.453857421875	-8.451112936853505e-08	4.808283864279889e-07	5.0649522299650725e-09	0.0	0.0	0.0
5760.127685546875	-8.014558000473254e-07	-7.424753609461473e-07	6.319315199710541e-09	0.0	0.0	0.0
6007.946533203125	2.9018116755763293e-06	1.8301497365595276e-06	9.313171380651025e-09	0.0	0.0	0.0
6280.81591796875	1.892296019252546e-06	2.5294478074879272e-08	9.42917713706096e-09	0.0	0.0	0.0
6546.7236328125	-1.2604755662862748e-07	-5.735498771248251e-06	6.646607230334142e-09	0.0	0.0	0.0
6749.148681640625	5.819180023603396e-06	8.132064939351835e-06	7.346988885490603e-09	0.0	0.0	0.0
6950.864501953125	-1.1732675086700692e-05	-8.604021025077413e-06	-7.276071397592636e-09	0.0	0.0	0.0
7152.218505859375	1.2457900321461299e-05	3.780679262016437e-06	-3.257671342981621e-09	0.0	0.0	0.0
7354.514404296875	-1.076635786412001e-05	-4.525490636478982e-06	-2.7658416443977374e-08	0.0	0.0	0.0
7557.810791015625	8.517201316146054e-06	2.3660075842170875e-05	-3.6667147536747796e-08	0.0	0.0	0.0
7758.80419921875	1.8882321782947567e-05	6.832825227633126e-06	-5.287021139941106e-08	0.0	0.0	0.0
7959.090087890625	1.3488256028431097e-05	-1.7434382928333322e-05	-7.87444949555566e-08	0.0	0.0	0.0
8164.8486328125	5.902719238210171e-06	1.2372781603929898e-05	-1.1789924745691308e-07	0.0	0.0	0.0
8364.4775390625	-1.6315452739667945e-05	5.143580893361229e-05	-1.6757321682949662e-07	0.0	0.0	0.0
8566.87744140625	-2.583418954378437e-05	2.3414446617103583e-05	-2.1747862171661564e-07	0.0	0.0	0.0
8766.70263671875	-3.832372749064623e-05	-2.4251882712184856e-05	-2.7128716625576745e-07	0.0	0.0	0.0
8969.39599609375	-0.00010050187387640752	2.482121733961981e-05	-3.7201261549845694e-07	0.0	0.0	0.0
9169.703857421875	7.310544729830802e-05	5.8314980294004735e-05	-3.5204458255963024e-07	0.0	0.0	0.0
9369.5166015625	7.774014751820988e-06	4.936524521776165e-05	-4.584402247742207e-07	0.0	0.0	0.0
9571.888671875	5.7249132810716153e-05	6.306695647243199e-05	-5.250680142951489e-07	0.0	0.0	0.0
9772.4560546875	0.00011805869616578129	0.00011600842248106721	-5.957443917346837e-07	0.0	0.0	0.0
9974.550048828125	6.683104672777199e-05	-2.2693767554312173e-05	-7.391031333029824e-07	0.0	0.0	0.0
10178.031982421875	-0.0001420165198505199	-5.497676624778479e-05	-9.915381429546456e-07	0.0	0.0	0.0
10378.199462890625	0.00011818132030639179	0.00017546529095533345	-9.82940071589127e-07	0.0	0.0	0.0
10581.411376953125	-0.00025422344523016397	9.905280458662616e-05	-1.3534231992563645e-06	0.0	0.0	0.0
10782.646240234375	2.661410245538612e-05	0.00013733499754151442	-1.379119864017124e-06	0.0	0.0	0.0
10984.29736328125	0.000146224783200506	-0.00025803974848185777	-1.5111396099283075e-06	0.0	0.0	0.0
11185.8505859375	-5.231326154870169e-05	-0.0001664067410199264	-1.8015390379633052e-06	0.0	0.0	0.0
11389.04833984375	-4.271698213955677e-05	4.380311359769071e-05	-2.040667616107892e-06	0.0	0.0	0.0
11592.078369140625	-0.00012170475495228028	-6.172905555757489e-05	-2.3254138252306427e-06	0.0	0.0	0.0
11792.465087890625	-1.1971834200450288e-05	-1.9781160559146154e-05	-2.50351260991903e-06	0.0	0.0	0.0
11994.70654296875	-9.714983732608661e-05	5.758680963770131e-05	-2.8277147756907613e-06	0.0	0.0	0.0
12199.7666015625	-0.0001010562932925515	-0.00040050008359560296	-3.1647180126467076e-06	0.0	0.0	0.0
12399.584228515625	-0.00023420738425387002	0.00037933844444565856	-3.5123110381704796e-06	0.0	0.0	0.0
12603.716552734375	-5.618565982229968e-05	6.764815885445162e-06	-3.7634077916740767e-06	0.0	0.0	0.0
12806.6474609375	0.00022867085193572614	3.7344816683811005e-05	-3.970968767504325e-06	0.0	0.0	0.0
13010.298583984375	0.0001951048593465003	0.00044786750679886764	-4.402265030788763e-06	0.0	0.0	0.0
13208.91259765625	-9.343574299511861e-05	-0.00024972347747199584	-4.932927816017186e-06	0.0	0.0	0.0
13413.049560546875	-0.0005574927392715536	0.0003957559835156342	-5.6285740165103665e-06	0.0	0.0	0.0
13614.585205078125	-8.172751087540377e-05	0.00012810035819131005	-5.829549241628778e-06	0.0	0.0	0.0
13815.470458984375	0.0003009428746287579	0.0010685328505373511	-6.021386511527488e-06	0.0	0.0	0.0
14018.10107421875	0.0008098339569379803	0.00020314222593403576	-6.304585558219919e-06	0.0	0.0	0.0
14219.174560546875	-0.00022504092625185243	0.0009488479542102471	-7.286809358992259e-06	0.0	0.0	0.0
14422.258544921875	-0.0006467605240765571	0.00037608802785133393	-8.041716753335552e-06	0.0	0.0	0.0
14623.55712890625	0.0003646549031793093	-0.00035885361790180195	-8.066884479180052e-06	0.0	0.0	0.0
14828.54345703125	0.00014090749885986735	0.0014299212816999678	-8.749825497968336e-06	0.0	0.0	0.0
15031.135498046875	-0.0007013164209752215	0.0005587200007541586	-9.791026820938518e-06	0.0	0.0	0.0
15229.61474609375	-0.0011295398027725602	0.0005806926824896261	-1.0548906883869705e-05	0.0	0.0	0.0
15432.7705078125	0.0010415648232097072	0.00046128246189904796	-9.990605143214189e-06	0.0	0.0	0.0
15637.32373046875	-0.0006151559392599698	0.0012042092549864518	-1.151872105913165e-05	0.0	0.0	0.0
15837.76220703125	-0.0014120660295390052	0.0014857211190404717	-1.2482117586306748e-05	0.0	0.0	0.0
16038.61962890625	0.0007568031663073556	-0.0006026994487849616	-1.2009996898971208e-05	0.0	0.0	0.0
16239.12158203125	-0.00028543413555355676	-0.0004252558968363854	-1.319553822095769e-05	0.0	0.0	0.0
16440.760009765625	0.0009397276565763774	-0.0004814785852847788	-1.3165149532398813e-05	0.0	0.0	0.0
16644.442626953125	-0.0004000890229143718	-0.0012558078120183495	-1.4599229494661141e-05	0.0	0.0	0.0
16844.87548828125	-2.8200978157137808e-05	0.0015643380726227194	-1.4867470904690591e-05	0.0	0.0	0.0
17046.724853515625	-0.0006414754166421408	-0.0005384927086516896	-1.587576346768298e-05	0.0	0.0	0.0
17248.833740234375	0.0004293876863917739	-0.001540093394034878	-1.600746309922591e-05	0.0	0.0	0.0
17449.80419921875	0.00039816164193441286	0.0011584445462107862	-1.6507264621098633e-05	0.0	0.0	0.0
17649.046142578125	-5.881380282241874e-05	0.0006515794293289735	-1.7277457708030213e-05	0.0	0.0	0.0
17850.973388671875	-0.0011645718328239458	0.0003189500720692415	-1.8431581320143193e-05	0.0	0.0	0.0
18053.725830078125	0.0014976122818210994	-0.001140161780876476	-1.7586973337544966e-05	0.0	0.0	0.0
18256.869140625	0.0013945872892868396	-0.0008195030784874264	-1.8176713017689752e-05	0.0	0.0	0.0
18459.09228515625	-0.0007287117375441844	-4.2562763601912614e-05	-1.9727685630469065e-05	0.0	0.0	0.0
18660.86376953125	-1.396226981857996e-05	0.0004768776918764898	-1.9701114173834575e-05	0.0	0.0	0.0
18862.42529296875	0.0007740585550564255	0.0011441330312716906	-1.962638526161429e-05	0.0	0.0	0.0
19064.224365234375	-0.00016188809945498963	-0.0011432726531882314	-2.0561085759811797e-05	0.0	0.0	0.0
19267.480224609375	0.0032972143369825687	0.0013697546449506074	-1.8914427149920678e-05	0.0	0.0	0.0
19467.607666015625	-0.0011534908354352293	-0.002185175941873933	-2.1677202750965823e-05	0.0	0.0	0.0
19672.748046875	0.0010043313094501816	-0.0038642762954340104	-2.0833397412148307e-05	0.0	0.0	0.0
19900.36328125	-0.0014385300965277456	-0.0004429828445476212	-2.2045809366423488e-05	0.0	0.0	0.0
20102.831298828125	0.0010920260118004745	0.001538679900698271	-2.065530218778675e-05	0.0	0.0	0.0
20308.564697265625	-0.0004164579558272028	0.0025779261386895736	-2.1407954606341264e-05	0.0	0.0	0.0
20509.061279296875	0.0021321856261041165	0.0006994254030598358	-2.0071941674787756e-05	0.0	0.0	0.0
20711.562255859375	0.0006596785042914479	0.0009029286512709524	-2.075290862384414e-05	0.0	0.0	0.0
20914.1435546875	-0.0026476933154185233	0.0009317377945196792	-2.2352314270942463e-05	0.0	0.0	0.0
21117.80712890625	-0.0019313313993593933	-0.0006323519940544755	-2.1777675731938573e-05	0.0	0.0	0.0
21319.9580078125	-0.0018154147692301468	-0.002698909833536118	-2.15386079542047e-05	0.0	0.0	0.0
21519.663818359375	0.0007655083454955164	0.0005825679816888487	-1.9611378022613482e-05	0.0	0.0	0.0
21723.96142578125	-0.0019992378020712333	0.0017687905574300601	-2.0557876622363055e-05	0.0	0.0	0.0
21925.117919921875	-0.002270751172993939	0.00031815895047480365	-2.0295837823986547e-05	0.0	0.0	0.0
22126.554931640625	0.0034988205151661065	-0.0038068265424358004	-1.691708111269758e-05	0.0	0.0	0.0
22328.32568359375	-0.0008994691128024632	0.0006690532454755723	-1.837328746082643e-05	0.0	0.0	0.0
22529.6474609375	-0.0034124646897977385	-0.0013028384592316934	-1.9222457832000718e-05	0.0	0.0	0.0
22733.07861328125	-0.0008315893694181646	-0.0012410542488552707	-1.7037851028356946e-05	0.0	0.0	0.0
22934.5947265625	-0.0030111806341523513	-0.00038550471304400584	-1.747194731308985e-05	0.0	0.0	0.0
23134.777099609375	-0.0025726339688425977	0.0018667239452629344	-1.6238237987275804e-05	0.0	0.0	0.0
23336.167236328125	-0.00019820015117738064	0.0012395737865071922	-1.4183286454101741e-05	0.0	0.0	0.0
23538.467041015625	-0.002325357558820339	0.002002679158953001	-1.4386269243315474e-05	0.0	0.0	0.0
23740.918701171875	-0.0007644026193043688	-0.0034330629089264547	-1.3076755171981197e-05	0.0	0.0	0.0
23942.828857421875	-0.00035104914594241097	0.0009023549474315401	-1.1572691297575851e-05	0.0	0.0	0.0
24146.7216796875	0.0010907420628248024	-0.0012673522935860982	-9.917240223225487e-06	0.0	0.0	0.0
24347.54345703125	-0.0002730851019204603	0.001141010824863601	-9.58529912963777e-06	0.0	0.0	0.0
24552.7861328125	-0.0004928969413480191	0.0011978941712029007	-8.591053980807327e-06	0.0	0.0	0.0
24752.225830078125	0.0035719903010616853	0.0009111772907494107	-5.533781713739258e-06	0.0	0.0	0.0
24954.080078125	-9.121894198037285e-05	0.001925105048525769	-6.455689969823069e-06	0.0	0.0	0.0
25156.78271484375	-0.00048515185587272547	0.0025144042412201155	-5.5795815104825165e-06	0.0	0.0	0.0
25357.953125	-0.002382437694154274	0.0007689698705848294	-5.795286498113793e-06	0.0	0.0	0.0
25560.135498046875	0.005813632061495084	0.0004967662137773055	-3.5516836467223205e-07	0.0	0.0	0.0
25764.083251953125	0.0006004223131088736	0.0006687300664557079	-2.0139682380805925e-06	0.0	0.0	0.0
25965.5361328125	-0.0011679349204989998	-0.0003506774316393334	-2.109546060062785e-06	0.0	0.0	0.0
26166.23828125	-0.0014969594071085857	-0.0001632917483451308	-1.5021206277258953e-06	0.0	0.0	0.0
