43000.000000	0.000000	0.000000	0.000000	
54000.000000	805.874132	85.859091	-4715.457613	
65000.000000	2492.679661	21.212674	-3476.625235	
76000.000000	2492.912864	22.990846	-3478.281190	
87000.000000	2478.777932	23.170474	-3478.647532	
98000.000000	2450.625456	23.402612	-3482.113089	
109000.000000	2441.963198	23.450265	-3485.495605	
120000.000000	2438.460365	23.170651	-3484.801770	
131000.000000	2408.619559	15.239719	-3488.749974	
142000.000000	2405.791274	16.299886	-3491.588396	
153000.000000	2396.411477	16.632991	-3491.165756	
164000.000000	2368.830882	19.832591	-3496.053482	
175000.000000	2367.099622	21.008519	-3498.709969	
186000.000000	2358.010065	20.966566	-3498.220783	
197000.000000	2342.076474	20.686610	-3501.858546	
208000.000000	2333.041333	20.013972	-3503.884594	
219000.000000	2321.436449	19.326312	-3504.589596	
230000.000000	2306.192841	18.723646	-3508.321899	
241000.000000	2295.712039	17.911244	-3510.550444	
252000.000000	2271.680425	17.237039	-3514.014406	
263000.000000	2272.081323	16.453692	-3514.812254	
274000.000000	2246.733127	15.862362	-3515.865085	
285000.000000	2248.076841	14.732302	-3519.212384	
296000.000000	2239.226585	13.983778	-3521.154803	
307000.000000	2222.160344	13.112248	-3523.795773	
318000.000000	2215.159366	12.353438	-3523.801607	
329000.000000	2190.801024	11.494884	-3527.421122	
340000.000000	2192.243258	10.229451	-3530.383398	
351000.000000	2186.574520	9.403544	-3531.904859	
362000.000000	2172.824787	8.356839	-3534.308692	
373000.000000	2164.951134	7.319939	-3536.737401	
384000.000000	2142.581760	6.327822	-3540.127667	
396000.000000	2144.107377	5.628491	-3539.263513	
407000.000000	2121.245300	4.660493	-3542.851629	
418000.000000	2123.988560	3.221967	-3545.862392	
429000.000000	2117.890148	2.605413	-3545.899375	
440000.000000	2107.026900	1.197320	-3549.753975	
451000.000000	2085.566865	0.600102	-3551.373776	
462000.000000	2079.489645	-0.976536	-3555.517767	
473000.000000	2082.647169	-2.013003	-3556.205042	
484000.000000	2062.922258	-2.617020	-3557.877469	
495000.000000	2066.297456	-4.225788	-3560.844317	
506000.000000	2042.811895	-4.734314	-3562.220885	
517000.000000	2047.405581	-6.432798	-3565.324512	
528000.000000	2042.425010	-6.933795	-3565.276118	
539000.000000	2033.315398	-8.656059	-3569.183345	
550000.000000	2013.686843	-9.137272	-3570.628512	
561000.000000	2008.579326	-10.971379	-3574.910504	
572000.000000	2012.936947	-12.129089	-3575.563678	
583000.000000	2000.827258	-13.267565	-3578.187377	
594000.000000	1997.393911	-13.649329	-3577.898710	
605000.000000	1977.823915	-14.969801	-3581.464140	
616000.000000	1983.248499	-16.876131	-3584.636671	
627000.000000	1979.249145	-17.224394	-3584.492268	
638000.000000	1971.690173	-19.236072	-3588.454725	
649000.000000	1967.756410	-20.484283	-3590.733204	
661000.000000	1948.928045	-21.625559	-3594.194602	
672000.000000	1953.432359	-22.059493	-3593.158057	
683000.000000	1935.845606	-23.460978	-3596.529948	
694000.000000	1943.047799	-25.468362	-3599.403332	
705000.000000	1938.787266	-25.766570	-3599.553178	
716000.000000	1932.272126	-27.985583	-3603.564204	
727000.000000	1929.127388	-29.264408	-3605.806598	
738000.000000	1911.127046	-30.421099	-3609.280973	
749000.000000	1918.934339	-31.812036	-3609.959617	
760000.000000	1902.661673	-32.005454	-3611.132152	
771000.000000	1899.025016	-34.292452	-3615.612092	
782000.000000	1905.256661	-35.620094	-3616.202475	
793000.000000	1890.732119	-35.844276	-3617.482929	
804000.000000	1896.301421	-38.094185	-3620.709951	
815000.000000	1902.042357	-39.378110	-3619.274348	
826000.000000	1888.491011	-40.549997	-3614.095607	
837000.000000	1893.691995	-42.020827	-3625.834953	
848000.000000	1866.081571	-42.240029	-3628.123086	
859000.000000	1874.913251	-44.661189	-3631.502741	
870000.000000	1874.220691	-46.311041	-3633.564209	
881000.000000	1855.112135	-48.382153	-3634.864271	
892000.000000	1864.567254	-50.413655	-3638.026973	
903000.000000	1850.630759	-52.333165	-3638.430291	
914000.000000	1845.016103	-54.321397	-3641.383903	
925000.000000	1854.466388	-56.271385	-3644.493259	
936000.000000	1850.450467	-58.167908	-3641.432121	
947000.000000	1846.271156	-60.179084	-3648.337415	
958000.000000	1845.242817	-62.101663	-3650.567320	
969000.000000	1853.856677	-63.853970	-3651.225185	
980000.000000	1837.361856	-66.027611	-3654.696065	
991000.000000	1819.900949	-67.982192	-3655.979723	
1002000.000000	1826.077481	-70.017548	-3660.004282	
1013000.000000	1829.109337	-71.986860	-3661.026559	
1024000.000000	1812.167011	-73.990309	-3662.358127	
1035000.000000	1820.892617	-76.064754	-3665.410535	
1046000.000000	1820.822011	-78.084677	-3667.204592	
1057000.000000	1813.479148	-80.200799	-3669.762081	
1068000.000000	1801.398343	-82.233343	-3669.931365	
1079000.000000	1796.277968	-84.366068	-3672.879573	
1090000.000000	1806.865393	-86.486420	-3675.697097	
1101000.000000	1794.960133	-88.571290	-3676.419928	
1112000.000000	1800.776556	-90.776659	-3679.839147	
1123000.000000	1784.659878	-92.939053	-3681.081403	
1134000.000000	1791.167945	-95.149432	-3685.123321	
1145000.000000	1794.228728	-97.305746	-3685.964538	
1156000.000000	1787.623810	-99.576860	-3688.541795	
1167000.000000	1776.509008	-101.754723	-3688.618402	
1178000.000000	1788.020125	-104.028599	-3677.655552	
1189000.000000	1782.686732	-106.271149	-3694.817577	
1200000.000000	1771.771409	-108.485458	-3695.112105	
1212000.000000	1777.868792	-110.831556	-3698.578599	
1223000.000000	1761.092229	-113.348757	-3699.986888	
1234000.000000	1772.707235	-115.658069	-3703.300623	
1245000.000000	1762.235639	-117.921374	-3703.335828	
1256000.000000	1757.599541	-120.281218	-3706.310977	
1267000.000000	1769.009737	-122.621689	-3709.174107	
1278000.000000	1758.670938	-124.927211	-3709.825914	
1289000.000000	1764.936936	-127.358308	-3713.338876	
1300000.000000	1749.748383	-129.724895	-3714.329294	
1311000.000000	1757.098931	-132.151543	-3718.581651	
1322000.000000	1761.918201	-134.497909	-3719.602991	
1333000.000000	1747.264122	-136.897371	-3720.695015	
1344000.000000	1757.234474	-139.358084	-3723.844717	
1355000.000000	1758.358649	-141.738989	-3725.668403	
1366000.000000	1749.338045	-144.039370	-3728.856077	
1377000.000000	1754.953780	-146.651640	-3730.140636	
1388000.000000	1738.634338	-149.134142	-3731.085986	
1399000.000000	1750.925254	-151.593682	-3734.505664	
1411000.000000	1741.537821	-154.026151	-3734.674042	
1422000.000000	1748.430937	-156.815130	-3738.546659	
1433000.000000	1749.776562	-159.266382	-3740.383152	
1444000.000000	1744.746547	-161.856148	-3743.004458	
1455000.000000	1747.062373	-164.327424	-3744.851464	
1466000.000000	1748.478763	-166.787188	-3746.657243	
1477000.000000	1743.574863	-169.393432	-3749.280842	
1488000.000000	1745.990312	-171.882779	-3751.114496	
1499000.000000	1745.686206	-174.203486	-3745.921853	
1510000.000000	1742.720258	-177.019910	-3755.506775	
1521000.000000	1733.968933	-179.551804	-3755.617189	
1532000.000000	1740.686482	-182.240227	-3759.254251	
1544000.000000	1756.786022	-184.801430	-3759.036926	
1555000.000000	1738.080822	-187.729318	-3764.014971	
1566000.000000	1729.734493	-190.323820	-3763.760547	
1577000.000000	1725.712782	-193.019736	-3766.799907	
1588000.000000	1738.021755	-195.673237	-3770.264311	
1599000.000000	1729.682922	-198.300012	-3770.336622	
1610000.000000	1736.520080	-201.091733	-3774.014622	
1621000.000000	1738.224878	-203.750808	-3776.072635	
1632000.000000	1730.603791	-206.558214	-3779.352375	
1643000.000000	1750.579123	-209.019123	-3774.147899	
1654000.000000	1723.817052	-212.009331	-3781.193544	
1665000.000000	1731.429512	-214.817029	-3785.542090	
1676000.000000	1736.237930	-217.547394	-3786.304924	
1687000.000000	1732.220118	-220.451790	-3788.997220	
1698000.000000	1724.552846	-223.232248	-3788.655214	
1709000.000000	1720.731031	-226.112578	-3791.723659	
1720000.000000	1733.305802	-228.947951	-3795.262734	
1731000.000000	1725.592111	-231.752739	-3795.279807	
1742000.000000	1732.608711	-234.730678	-3799.025982	
1753000.000000	1719.443594	-237.628606	-3799.678127	
1764000.000000	1727.579837	-240.574269	-3804.244580	
1775000.000000	1734.035394	-243.427493	-3805.327333	
1786000.000000	1721.492542	-246.347352	-3806.165367	
1797000.000000	1732.259216	-249.340717	-3809.453335	
1808000.000000	1734.361746	-252.214438	-3811.360069	
1819000.000000	1730.737663	-255.271126	-3814.072177	
1830000.000000	1723.657536	-258.188333	-3813.829534	
1841000.000000	1720.003948	-261.181593	-3816.926404	
1852000.000000	1732.652734	-264.130635	-3819.802573	
1863000.000000	1742.791200	-267.128141	-3815.643928	
1874000.000000	1732.719366	-269.997534	-3824.152817	
1885000.000000	1720.109214	-272.846716	-3825.900058	
1896000.000000	1728.371861	-275.678735	-3829.405063	
1907000.000000	1735.185738	-278.427866	-3830.809671	
1918000.000000	1723.122923	-281.157974	-3832.558179	
1929000.000000	1734.022614	-283.940197	-3835.371261	
1940000.000000	1719.452042	-286.677967	-3836.927913	
1951000.000000	1733.141307	-289.377263	-3839.825897	
1962000.000000	1726.387660	-292.010468	-3840.982010	
1973000.000000	1733.706320	-294.789692	-3843.853489	
1985000.000000	1721.302619	-297.472078	-3845.482046	
1996000.000000	1733.375607	-300.413969	-3848.649290	
2007000.000000	1727.049581	-303.071747	-3849.650314	
2018000.000000	1723.630858	-305.774106	-3852.234278	
2029000.000000	1736.466546	-308.469014	-3854.799364	
2040000.000000	1730.211581	-311.109749	-3856.212442	
2051000.000000	1737.579314	-313.911031	-3859.096658	
2062000.000000	1725.377860	-316.621948	-3860.689126	
2073000.000000	1733.798019	-319.366840	-3864.184674	
2084000.000000	1739.308831	-322.044894	-3865.359709	
2095000.000000	1729.566310	-324.778315	-3867.174611	
2106000.000000	1740.600795	-327.583541	-3869.964339	
2117000.000000	1726.456419	-330.358952	-3871.481635	
2128000.000000	1740.421233	-333.115186	-3874.400838	
2139000.000000	1734.259224	-335.814039	-3875.489021	
2150000.000000	1731.262514	-338.635333	-3877.947556	
2161000.000000	1744.168794	-341.415559	-3880.522755	
2172000.000000	1737.949960	-344.262294	-3883.559293	
2183000.000000	1745.686300	-347.014344	-3884.832188	
2194000.000000	1733.967288	-349.798802	-3886.406467	
2205000.000000	1742.442700	-352.610150	-3889.956467	
2216000.000000	1748.077497	-355.343014	-3891.121429	
2227000.000000	1745.704569	-358.220778	-3893.788106	
2238000.000000	1740.126125	-360.979865	-3894.675545	
2249000.000000	1736.943806	-363.781068	-3897.305296	
2260000.000000	1749.878312	-366.577444	-3899.896073	
2271000.000000	1744.403151	-369.299011	-3901.298888	
2282000.000000	1751.966841	-372.202578	-3904.263797	
2293000.000000	1740.305921	-374.993529	-3905.803057	
2304000.000000	1748.834844	-377.817462	-3909.397430	
2315000.000000	1754.566760	-380.565272	-3910.558605	
2326000.000000	1745.638045	-383.366398	-3912.369805	
2337000.000000	1756.753674	-386.254011	-3915.199063	
2348000.000000	1743.074408	-389.100295	-3916.730473	
2359000.000000	1757.291015	-391.929685	-3919.734065	
2371000.000000	1751.761152	-394.695462	-3920.789028	
2382000.000000	1756.516776	-397.899710	-3924.787427	
2393000.000000	1762.296152	-400.710018	-3925.941570	
2404000.000000	1787.550628	-403.429771	-3908.558412	
2415000.000000	1755.234714	-406.545582	-3929.494967	
2426000.000000	1752.203103	-409.461068	-3932.166482	
2437000.000000	1765.485538	-412.387110	-3935.152345	
2448000.000000	1760.118174	-415.235533	-3936.194472	
2459000.000000	1757.447185	-418.232356	-3938.694465	
2470000.000000	1770.385355	-421.189751	-3941.319208	
2481000.000000	1764.681219	-424.220272	-3944.462514	
2492000.000000	1772.936839	-427.151880	-3945.739489	
2503000.000000	1798.659939	-429.830212	-3925.848195	
2514000.000000	1770.423605	-433.120559	-3950.942562	
2525000.000000	1776.250681	-436.035423	-3952.095282	
2536000.000000	1767.930273	-439.005194	-3953.909286	
2547000.000000	1769.755247	-442.069346	-3955.641525	
2558000.000000	1766.755871	-445.051336	-3958.373825	
2569000.000000	1780.040911	-448.041183	-3961.409035	
2580000.000000	1774.939694	-450.932319	-3962.444379	
2591000.000000	1782.721233	-454.039498	-3965.516581	
2602000.000000	1771.607126	-457.008327	-3967.000559	
2613000.000000	1780.171976	-460.010871	-3970.733328	
2624000.000000	1788.235809	-462.953115	-3972.114452	
2636000.000000	1784.504488	-466.011610	-3974.696392	
2647000.000000	1789.442716	-469.197155	-3976.667887	
2658000.000000	1806.823864	-472.267698	-3969.436624	
2669000.000000	1792.415491	-475.236287	-3981.162326	
2680000.000000	1781.686965	-478.240372	-3982.659992	
2691000.000000	1790.245938	-481.288001	-3986.426721	
2702000.000000	1796.140935	-484.257506	-3987.580148	
2713000.000000	1794.738351	-487.412601	-3990.402816	
2724000.000000	1799.360274	-490.437666	-3992.324545	
2735000.000000	1786.335043	-493.540133	-3993.860791	
2746000.000000	1800.764997	-496.627039	-3997.011487	
2757000.000000	1796.013620	-499.638317	-3998.030037	
2768000.000000	1803.887286	-502.897868	-4001.160778	
2779000.000000	1816.829597	-506.018955	-3997.029901	
2790000.000000	1801.599917	-509.185080	-4006.411650	
2801000.000000	1807.520684	-512.262700	-4007.559687	
2812000.000000	1799.949434	-515.401498	-4009.384148	
2823000.000000	1811.018447	-518.655619	-4012.296713	
2834000.000000	1798.077163	-521.829644	-4013.868728	
2845000.000000	1812.541575	-524.984911	-4017.058561	
2856000.000000	1807.963772	-528.042823	-4018.074313	
2867000.000000	1805.634936	-531.263240	-4020.638233	
2878000.000000	1818.446430	-534.430707	-4023.344067	
2889000.000000	1814.454702	-537.477076	-4024.787058	
2900000.000000	1812.075777	-540.690355	-4027.375188	
2911000.000000	1824.843108	-543.851959	-4030.092000	
2922000.000000	1819.680209	-547.075592	-4033.412331	
2933000.000000	1826.300931	-549.913308	-4034.846601	
2944000.000000	1818.087197	-553.333167	-4036.193568	
2955000.000000	1826.597832	-556.518061	-4040.082701	
2967000.000000	1860.128008	-559.645886	-4035.314041	
2978000.000000	1825.280847	-562.774689	-4043.102109	
2989000.000000	1836.393870	-566.318511	-4046.118501	
3000000.000000	1832.588297	-569.418436	-4047.574611	
3011000.000000	1840.463784	-572.801627	-4050.818736	
3022000.000000	1843.058492	-575.965809	-4052.931835	
3033000.000000	1839.195584	-579.122106	-4054.372633	
3044000.000000	1847.059710	-582.559133	-4057.627653	
3055000.000000	1836.477907	-585.840523	-4059.041193	
3066000.000000	1844.935420	-589.175451	-4062.971982	
3077000.000000	1853.338198	-592.450775	-4064.411354	
3088000.000000	1843.797813	-595.728693	-4065.995056	
3099000.000000	1854.700044	-599.176394	-4068.955177	
3110000.000000	1870.473585	-602.201894	-4057.621303	
3121000.000000	1856.490569	-605.861190	-4073.872537	
3132000.000000	1852.258045	-609.086505	-4074.887737	
3143000.000000	1860.221660	-612.586071	-4078.167890	
3154000.000000	1862.781176	-615.833195	-4080.286877	
3165000.000000	1944.632756	-618.921501	-4037.126526	
3176000.000000	1866.646304	-622.527781	-4085.022485	
3187000.000000	1857.299094	-625.786810	-4086.616757	
3198000.000000	1868.184601	-629.216589	-4089.604637	
3209000.000000	1855.662253	-632.539638	-4091.236333	
3220000.000000	1870.145088	-635.848950	-4094.592050	
3231000.000000	1866.071104	-639.051010	-4095.612682	
3242000.000000	1898.778180	-642.254691	-4085.752788	
3253000.000000	1864.485660	-645.830938	-4100.477287	
3264000.000000	1872.242138	-649.256376	-4104.353770	
3275000.000000	1878.148260	-652.550652	-4105.515408	
3286000.000000	1877.576668	-656.069211	-4108.546899	
3297000.000000	1874.102332	-659.435481	-4109.198525	
3308000.000000	1871.552940	-662.862645	-4112.113148	
3319000.000000	1884.041713	-666.327431	-4114.892232	
3330000.000000	1861.140244	-670.026530	-4116.977697	
3341000.000000	1845.174804	-674.215619	-4119.301727	
3352000.000000	1831.380617	-678.093241	-4121.641218	
3363000.000000	1818.356707	-681.960508	-4123.916020	
3374000.000000	1850.514122	-685.808933	-4100.932280	
3385000.000000	1793.392668	-689.637721	-4128.490589	
3396000.000000	1780.952505	-693.438214	-4130.717961	
3407000.000000	1769.647097	-697.206150	-4132.948667	
3418000.000000	1757.104403	-700.941726	-4135.191576	
3429000.000000	1745.226117	-704.639497	-4137.367972	
3440000.000000	1734.425385	-708.300756	-4139.545610	
3451000.000000	1722.454118	-711.925139	-4141.731431	
3462000.000000	1711.116792	-715.513080	-4143.850877	
3474000.000000	1729.607269	-719.069917	-4138.967380	
3485000.000000	1688.959346	-722.914037	-4148.256871	
3496000.000000	1677.729133	-726.408304	-4150.353305	
3507000.000000	1667.091684	-729.878686	-4152.383164	
3518000.000000	1657.405515	-733.329768	-4154.407755	
3529000.000000	1646.686732	-736.759216	-4156.431401	
3540000.000000	1636.530838	-740.171553	-4158.389462	
3551000.000000	1627.276008	-743.566753	-4160.341194	
3562000.000000	1617.039741	-746.942958	-4162.290533	
3573000.000000	1607.337793	-750.299804	-4164.176918	
3584000.000000	1598.489755	-753.632426	-4166.057626	
3595000.000000	1588.709118	-756.940235	-4167.936188	
3606000.000000	1579.436670	-760.217623	-4169.755642	
3617000.000000	1570.974924	-763.457964	-4171.571029	
3628000.000000	1561.628121	-766.662038	-4173.385181	
3639000.000000	1552.766288	-769.822257	-4175.144063	
3650000.000000	1544.675935	-772.934661	-4176.900119	
3661000.000000	1535.746788	-776.000759	-4178.655137	
3672000.000000	1527.281701	-779.015738	-4180.357451	
3683000.000000	1519.551835	-781.981159	-4182.056716	
3695000.000000	1570.949476	-784.898130	-4165.417171	
3706000.000000	1502.319232	-788.027561	-4185.564177	
3717000.000000	1494.375067	-790.850635	-4187.187336	
3728000.000000	1487.118688	-793.637577	-4188.804837	
3739000.000000	1479.121823	-796.388167	-4190.416403	
3750000.000000	1471.541008	-799.109405	-4191.975830	
3761000.000000	1464.613399	-801.807634	-4193.527513	
3772000.000000	1456.980474	-804.481717	-4195.071144	
3783000.000000	1449.742321	-807.137668	-4196.563334	
3794000.000000	1443.123334	-809.776919	-4198.047131	
3805000.000000	1435.831360	-812.398230	-4199.522554	
3816000.000000	1428.913496	-815.002451	-4200.949074	
3827000.000000	1422.582661	-817.585373	-4202.368500	
3838000.000000	1415.610024	-820.146534	-4203.781111	
3849000.000000	1408.992956	-822.680972	-4205.148845	
3860000.000000	1402.933987	-825.181973	-4206.511962	
3872000.000000	1426.938944	-827.650229	-4196.745536	
3883000.000000	1389.439974	-830.296706	-4209.320781	
3894000.000000	1413.963212	-832.677880	-4199.566500	
3905000.000000	1377.509848	-835.012800	-4211.921266	
3916000.000000	1402.115520	-837.302870	-4207.031154	
3927000.000000	1365.289939	-839.545877	-4214.475237	
3938000.000000	1359.842290	-841.745137	-4215.730481	
3949000.000000	1353.856280	-843.902060	-4216.981152	
3960000.000000	1348.179011	-846.020279	-4218.193715	
3971000.000000	1342.980448	-848.107485	-4219.401270	
3982000.000000	1337.269806	-850.163922	-4220.601695	
3993000.000000	1331.853509	-852.197104	-4221.763039	
4004000.000000	1326.892283	-854.213754	-4222.917113	
4015000.000000	1321.441811	-856.213104	-4224.062075	
4026000.000000	1348.275242	-858.021932	-4219.040087	
4037000.000000	1311.529457	-860.180007	-4226.266117	
4048000.000000	1306.320170	-862.147862	-4227.355103	
4059000.000000	1301.374299	-864.105589	-4228.407337	
4070000.000000	1296.836892	-866.048589	-4229.453258	
4081000.000000	1291.851114	-867.976308	-4230.492224	
4092000.000000	1287.115472	-869.883391	-4231.498367	
4103000.000000	1282.768583	-871.762757	-4232.501065	
4114000.000000	1277.994677	-873.614926	-4233.499644	
4125000.000000	1273.460515	-875.432402	-4234.469310	
4136000.000000	1269.298599	-877.210952	-4235.437786	
4147000.000000	1264.731942	-878.951974	-4236.403752	
4158000.000000	1260.396738	-880.651254	-4237.342904	
4169000.000000	1256.419183	-882.310787	-4238.280976	
4180000.000000	1252.058511	-883.932063	-4239.215814	
4191000.000000	1247.921178	-885.517296	-4240.123526	
4202000.000000	1244.126760	-887.073695	-4241.028095	
4213000.000000	1239.968316	-888.601994	-4241.926911	
4224000.000000	1236.023547	-890.109410	-4242.796956	
4235000.000000	1232.405433	-891.603613	-4243.661143	
4246000.000000	1260.257367	-893.084354	-4238.752230	
4257000.000000	1224.674836	-894.558487	-4245.343366	
4268000.000000	1221.219753	-896.029325	-4246.162435	
4279000.000000	1217.429784	-897.495695	-4246.972745	
4290000.000000	1213.829941	-898.959706	-4247.754635	
4301000.000000	1210.522205	-900.417770	-4248.530483	
4312000.000000	1206.892632	-901.869002	-4249.299486	
4323000.000000	1203.442747	-903.308979	-4250.043545	
4334000.000000	1200.270384	-904.730371	-4250.784512	
4345000.000000	1196.790687	-906.133211	-4251.521784	
4356000.000000	1193.483122	-907.509803	-4252.238089	
4367000.000000	1190.441692	-908.854606	-4252.954060	
4378000.000000	1187.109112	-910.168687	-4253.668575	
4389000.000000	1183.943529	-911.446727	-4254.364491	
4400000.000000	1181.034822	-912.689269	-4255.060735	
4411000.000000	1177.851316	-913.897807	-4255.755313	
4422000.000000	1174.830137	-915.073371	-4256.431020	
4433000.000000	1172.056513	-916.222522	-4257.105182	
4444000.000000	1169.022448	-917.346274	-4257.775231	
4455000.000000	1166.144435	-918.451400	-4258.424337	
4466000.000000	1163.502830	-919.546038	-4259.068900	
4477000.000000	1160.611921	-920.630143	-4259.706505	
4488000.000000	1157.868496	-921.711437	-4260.321439	
4499000.000000	1155.348450	-922.794004	-4260.929945	
4510000.000000	1152.587671	-923.876890	-4261.530425	
4522000.000000	1149.757050	-925.061768	-4262.166413	
4533000.000000	1147.174303	-926.149867	-4262.732381	
4544000.000000	1144.797334	-927.235312	-4263.293516	
4555000.000000	1142.191036	-928.317217	-4263.849348	
4566000.000000	1139.711668	-929.389899	-4264.387516	
4577000.000000	1137.428041	-930.445635	-4264.924105	
4588000.000000	1134.925678	-931.484495	-4265.458724	
4599000.000000	1132.545688	-932.498655	-4265.979393	
4610000.000000	1130.354505	-933.483412	-4266.501063	
4621000.000000	1127.957049	-934.439853	-4267.022671	
4632000.000000	1125.679520	-935.363820	-4267.531965	
4643000.000000	1123.585463	-936.257301	-4268.042328	
4654000.000000	1121.297541	-937.121739	-4268.551793	
4665000.000000	1119.126942	-937.959791	-4269.047801	
4676000.000000	1117.133690	-938.778937	-4269.542429	
4687000.000000	1114.956669	-939.580047	-4270.033251	
4698000.000000	1112.892207	-940.370763	-4270.508003	
4709000.000000	1110.996624	-941.158810	-4270.978236	
4720000.000000	1108.924148	-941.943963	-4271.441888	
4731000.000000	1106.957042	-942.733336	-4271.887780	
4742000.000000	1105.148439	-943.529430	-4272.327695	
4753000.000000	1103.167738	-944.331178	-4272.760522	
4764000.000000	1101.284481	-945.140008	-4273.176542	
4775000.000000	1099.549552	-945.951523	-4273.587958	
4786000.000000	1097.647636	-946.764662	-4273.994541	
4797000.000000	1095.836912	-947.574172	-4274.387692	
4808000.000000	1094.166789	-948.372131	-4274.779538	
4819000.000000	1092.337024	-949.158338	-4275.170029	
4830000.000000	1090.595242	-949.924774	-4275.550861	
4841000.000000	1088.989494	-950.665984	-4275.933255	
4852000.000000	1087.233721	-951.382855	-4276.316534	
4863000.000000	1085.565052	-952.070584	-4276.691954	
4875000.000000	1084.029630	-952.730376	-4277.069316	
4886000.000000	1082.283801	-953.420152	-4277.478071	
4897000.000000	1080.638798	-954.027551	-4277.852405	
4908000.000000	1079.079261	-954.615376	-4278.216786	
4919000.000000	1126.928885	-955.191844	-4262.268035	
4930000.000000	1076.085947	-955.757591	-4278.938368	
4941000.000000	1074.605657	-956.320833	-4279.284369	
4952000.000000	1073.246292	-956.888351	-4279.625669	
4963000.000000	1071.760578	-957.459675	-4279.960661	
4974000.000000	1070.349853	-958.040753	-4280.281474	
4985000.000000	1118.398379	-958.631835	-4264.397880	
4996000.000000	1067.628937	-959.232446	-4280.906095	
5007000.000000	1066.274877	-959.841220	-4281.202813	
5018000.000000	1065.025331	-960.452338	-4281.496181	
5029000.000000	1063.655066	-961.064824	-4281.786394	
5040000.000000	1062.348954	-961.671944	-4282.067729	
5051000.000000	1061.142406	-962.265692	-4282.349245	
5062000.000000	1059.821201	-962.846081	-4282.631069	
5073000.000000	1058.562967	-963.405332	-4282.907389	
5084000.000000	1057.402329	-963.939542	-4283.186266	
5095000.000000	1056.135165	-964.449773	-4283.466994	
5106000.000000	1054.931574	-964.933027	-4283.743062	
5117000.000000	1053.824659	-965.392540	-4284.021168	
5128000.000000	1052.619091	-965.829710	-4284.299651	
5139000.000000	1051.476904	-966.248613	-4284.571430	
5150000.000000	1050.428955	-966.657367	-4284.842243	
5161000.000000	1049.287635	-967.056743	-4285.110084	
5172000.000000	1048.206804	-967.454931	-4285.368058	
5183000.000000	1047.214935	-967.859031	-4285.621831	
5194000.000000	1046.131813	-968.268677	-4285.869946	
5205000.000000	1045.103766	-968.690139	-4286.106527	
5216000.000000	1093.692536	-969.124093	-4270.464912	
5227000.000000	1043.120551	-969.570059	-4286.563630	
5238000.000000	1042.132887	-970.027057	-4286.779166	
5249000.000000	1041.220397	-970.489452	-4286.991481	
5260000.000000	1040.218896	-970.956163	-4287.200995	
5271000.000000	1039.263028	-971.420599	-4287.403897	
5282000.000000	1038.378513	-971.874558	-4287.607174	
5293000.000000	1037.409450	-972.317907	-4287.811216	
5304000.000000	1167.130905	-972.703727	-4246.669956	
5315000.000000	1035.632213	-973.144547	-4288.215870	
5326000.000000	1034.701100	-973.524464	-4288.422145	
5337000.000000	1033.816576	-973.879074	-4288.626173	
5348000.000000	1033.003027	-974.211237	-4288.832757	
5359000.000000	1032.118405	-974.522354	-4289.040456	
5370000.000000	1031.281100	-974.816226	-4289.243836	
5381000.000000	1030.513662	-975.100889	-4289.446770	
5392000.000000	1029.679370	-975.377192	-4289.647414	
5403000.000000	1028.890374	-975.653312	-4289.840400	
5414000.000000	1077.822920	-975.936407	-4274.366470	
5425000.000000	1027.378158	-976.226669	-4290.213588	
5436000.000000	1059.924100	-976.502727	-4285.271718	
5447000.000000	1025.940936	-976.848111	-4290.557437	
5458000.000000	1025.185688	-977.179494	-4290.721573	
5469000.000000	1024.465780	-977.524251	-4290.877241	
5480000.000000	1023.799778	-977.876653	-4291.029797	
5491000.000000	1023.124246	-978.203663	-4291.165016	
5502000.000000	1022.367874	-978.594444	-4291.324915	
5513000.000000	1021.718890	-978.945009	-4291.470518	
5524000.000000	1021.007191	-979.287001	-4291.617240	
5535000.000000	1020.327670	-979.612326	-4291.762490	
5546000.000000	1019.699128	-979.916332	-4291.910938	
5557000.000000	1019.013646	-980.199909	-4292.062355	
5568000.000000	1018.362382	-980.459439	-4292.213292	
5579000.000000	1017.763429	-980.697509	-4292.367165	
5590000.000000	1017.113418	-980.915518	-4292.522709	
5601000.000000	1016.499019	-981.117068	-4292.675686	
5613000.000000	1049.195550	-981.310138	-4287.765855	
5624000.000000	1015.301532	-981.513409	-4292.992191	
5635000.000000	1014.705700	-981.699538	-4293.139085	
5646000.000000	1014.142814	-981.892362	-4293.278883	
5657000.000000	1013.627091	-982.097626	-4293.414312	
5668000.000000	1013.063504	-982.314687	-4293.544504	
5679000.000000	1012.528113	-982.548217	-4293.666515	
5690000.000000	1012.034238	-982.796892	-4293.783984	
5701000.000000	1011.491074	-983.059411	-4293.897147	
5712000.000000	1010.971705	-983.333265	-4294.004193	
5723000.000000	1010.489502	-983.611102	-4294.109460	
5734000.000000	1009.958506	-983.891955	-4294.213802	
5746000.000000	1059.247631	-984.168110	-4278.900291	
5757000.000000	1008.904186	-984.456419	-4294.429154	
5768000.000000	1008.435876	-984.703434	-4294.534966	
5779000.000000	1007.924265	-984.933526	-4294.643876	
5790000.000000	1007.437109	-985.141199	-4294.753650	
5801000.000000	1006.988166	-985.326798	-4294.867021	
5812000.000000	1006.501434	-985.491661	-4294.983125	
5823000.000000	1006.041476	-985.637295	-4295.098768	
5834000.000000	1005.640704	-985.758443	-4295.205815	
5845000.000000	1005.166319	-985.892725	-4295.332133	
5856000.000000	1004.738438	-986.011090	-4295.444744	
5867000.000000	1004.348293	-986.134031	-4295.554887	
5878000.000000	1003.924575	-986.261686	-4295.661200	
5889000.000000	1003.524417	-986.401839	-4295.760753	
5900000.000000	1003.157542	-986.558066	-4295.855631	
5911000.000000	1002.755206	-986.729402	-4295.945453	
5922000.000000	1002.371779	-986.918183	-4296.028469	
5933000.000000	1002.016615	-987.120576	-4296.107747	
5944000.000000	1001.624349	-987.335254	-4296.183940	
5955000.000000	1034.530432	-987.557371	-4287.624894	
5966000.000000	1000.896282	-987.778565	-4296.328215	
5977000.000000	1000.508825	-987.998184	-4296.400831	
5988000.000000	1000.136694	-988.207826	-4296.473344	
5999000.000000	999.790322	-988.400940	-4296.548872	
6010000.000000	999.411834	-988.578027	-4296.627756	
6021000.000000	999.051122	-988.733468	-4296.708450	
6032000.000000	998.718586	-988.867457	-4296.792940	
6043000.000000	1031.737760	-988.981227	-4291.879266	
6054000.000000	998.019844	-989.076449	-4296.968481	
6065000.000000	997.710568	-989.159687	-4297.057924	
6077000.000000	1030.686640	-989.232212	-4288.542998	
6088000.000000	997.040642	-989.308581	-4297.242089	
6099000.000000	996.737646	-989.380989	-4297.325134	
6110000.000000	996.462106	-989.463968	-4297.404753	
6121000.000000	996.162220	-989.557242	-4297.479941	
6132000.000000	995.878620	-989.667232	-4297.548722	
6143000.000000	995.617868	-989.794934	-4297.612862	
6154000.000000	995.330174	-989.939135	-4297.672468	
6165000.000000	995.054469	-990.099544	-4297.726740	
6177000.000000	1028.202132	-990.270160	-4292.789590	
6188000.000000	994.499817	-990.465329	-4297.832340	
6199000.000000	994.214361	-990.646858	-4297.881539	
6210000.000000	993.938800	-990.823969	-4297.930348	
6221000.000000	993.680827	-990.988898	-4297.981523	
6232000.000000	993.397693	-991.141781	-4298.035744	
6243000.000000	993.126577	-991.275575	-4298.092250	
6254000.000000	992.875503	-991.388284	-4298.152812	
6265000.000000	992.603975	-991.481073	-4298.217051	
6276000.000000	992.347616	-991.553202	-4298.283138	
6287000.000000	992.113838	-991.609981	-4298.351702	
6298000.000000	991.863352	-991.652744	-4298.421436	
6309000.000000	991.629406	-991.687631	-4298.489856	
6320000.000000	991.418094	-991.723300	-4298.557100	
6331000.000000	991.190751	-991.760269	-4298.621769	
6342000.000000	990.978088	-991.806958	-4298.681666	
6353000.000000	990.784949	-991.868893	-4298.737409	
6364000.000000	1024.007110	-991.945515	-4293.814636	
6375000.000000	990.372747	-992.040855	-4298.833565	
6386000.000000	990.186917	-992.153522	-4298.874505	
6397000.000000	989.980034	-992.282047	-4298.911786	
6408000.000000	1023.248482	-992.409094	-4293.971293	
6419000.000000	989.591978	-992.570142	-4298.977615	
6430000.000000	989.382162	-992.721026	-4299.009743	
6441000.000000	989.178466	-992.868076	-4299.041978	
6452000.000000	988.986681	-993.003457	-4299.076651	
6463000.000000	988.775775	-993.127283	-4299.114510	
6474000.000000	988.573275	-993.232452	-4299.155164	
6485000.000000	988.385396	-993.316897	-4299.199975	
6496000.000000	988.182859	-993.381771	-4299.248627	
6507000.000000	987.992061	-993.426285	-4299.299640	
6518000.000000	987.818695	-993.455717	-4299.353244	
6529000.000000	987.634194	-993.471409	-4299.408178	
6540000.000000	987.462987	-993.479490	-4299.462281	
6551000.000000	1037.275055	-993.488599	-4284.391181	
6562000.000000	1020.602243	-993.499468	-4294.604537	
6573000.000000	986.992812	-993.520208	-4299.612102	
6584000.000000	986.855100	-993.556644	-4299.654241	
6595000.000000	986.704249	-993.608038	-4299.691743	
6606000.000000	986.561008	-993.678813	-4299.723762	
6617000.000000	986.428255	-993.767251	-4299.751610	
6628000.000000	986.279311	-993.871994	-4299.775875	
6639000.000000	986.134435	-993.990110	-4299.796781	
6650000.000000	985.997071	-994.113893	-4299.816444	
6661000.000000	985.842625	-994.242325	-4299.836047	
6672000.000000	985.691538	-994.367326	-4299.856123	
6683000.000000	1018.945188	-994.471961	-4291.353031	
6694000.000000	985.390181	-994.583479	-4299.904560	
6705000.000000	985.237917	-994.667585	-4299.933599	
6716000.000000	985.096317	-994.731216	-4299.966876	
6727000.000000	1018.415752	-994.775416	-4295.050646	
6738000.000000	984.801520	-994.799684	-4300.044091	
6749000.000000	984.672409	-994.808968	-4300.086735	
6760000.000000	984.536245	-994.804725	-4300.130826	
6771000.000000	984.411002	-994.793084	-4300.174433	
6782000.000000	984.299918	-994.782750	-4300.217019	
6793000.000000	984.182069	-994.774265	-4300.257250	
6804000.000000	984.073546	-994.776107	-4300.293454	
6815000.000000	983.976444	-994.793877	-4300.325598	
6826000.000000	983.869939	-994.826911	-4300.353173	
6837000.000000	983.768865	-994.879655	-4300.375547	
6848000.000000	983.674985	-994.950399	-4300.393776	
6859000.000000	983.568467	-995.037780	-4300.408481	
6870000.000000	983.463912	-995.138864	-4300.420096	
6881000.000000	983.363701	-995.245924	-4300.430497	
6892000.000000	983.249789	-995.357927	-4300.440907	
6903000.000000	983.137212	-995.466771	-4300.452067	
6914000.000000	983.029360	-995.564533	-4300.465771	
6925000.000000	982.910041	-995.651298	-4300.482854	
6936000.000000	982.794559	-995.719896	-4300.503392	
6947000.000000	982.686850	-995.768189	-4300.528227	
6958000.000000	1016.059686	-995.797217	-4295.612134	
6969000.000000	982.464225	-995.806469	-4300.589014	
6980000.000000	982.367541	-995.800895	-4300.623641	
6991000.000000	982.266793	-995.781956	-4300.659795	
7002000.000000	982.175233	-995.755795	-4300.695716	
7013000.000000	982.095215	-995.731139	-4300.730654	
7024000.000000	982.011295	-995.708537	-4300.763298	
7035000.000000	981.935043	-995.696487	-4300.792138	
7046000.000000	981.867703	-995.700610	-4300.816944	
7057000.000000	981.793687	-995.720242	-4300.837224	
7068000.000000	981.723503	-995.759842	-4300.852508	
7079000.000000	981.658096	-995.817693	-4300.863663	
7090000.000000	981.582645	-995.892427	-4300.871338	
7101000.000000	981.507611	-995.981099	-4300.876125	
7112000.000000	981.434599	-996.075955	-4300.879727	
7123000.000000	981.350358	-996.175953	-4300.883393	
7134000.000000	981.265969	-996.272965	-4300.888017	
7145000.000000	981.184085	-996.359041	-4300.895225	
7156000.000000	981.093103	-996.434259	-4300.905878	
7167000.000000	981.004551	-996.491429	-4300.920198	
7178000.000000	980.921661	-996.528403	-4300.938864	
7189000.000000	980.833744	-996.546327	-4300.961652	
7200000.000000	980.751905	-996.544372	-4300.987650	
7211000.000000	980.678984	-996.527823	-4301.016413	
7222000.000000	980.604192	-996.498035	-4301.046760	
7233000.000000	1014.049108	-996.466215	-4296.136744	
7244000.000000	980.480081	-996.425987	-4301.106390	
7255000.000000	980.421033	-996.393026	-4301.133471	
7266000.000000	980.368437	-996.370811	-4301.156905	
7277000.000000	980.322912	-996.364972	-4301.176314	
7288000.000000	980.272705	-996.374843	-4301.191229	
7299000.000000	980.225152	-996.404885	-4301.201295	
7310000.000000	980.180602	-996.453368	-4301.207247	
7321000.000000	980.127899	-996.518916	-4301.209752	
7332000.000000	980.074478	-996.598566	-4301.209519	
7343000.000000	980.021374	-996.684535	-4301.208125	
7354000.000000	979.958848	-996.775775	-4301.206840	
7365000.000000	979.895088	-996.864131	-4301.206671	
7376000.000000	979.832208	-996.941630	-4301.209125	
7387000.000000	979.761968	-997.008349	-4301.215079	
7398000.000000	979.693130	-997.057083	-4301.224858	
7409000.000000	979.628414	-997.085688	-4301.239018	
7420000.000000	979.560347	-997.095308	-4301.257352	
7432000.000000	979.492394	-997.083949	-4301.281276	
7443000.000000	979.434028	-997.056346	-4301.305834	
7454000.000000	979.383789	-997.019497	-4301.331942	
7465000.000000	979.333694	-996.974568	-4301.358266	
7476000.000000	979.290462	-996.929342	-4301.383226	
7487000.000000	979.254879	-996.892194	-4301.405887	
7498000.000000	979.218202	-996.863230	-4301.425178	
7509000.000000	979.185856	-996.850185	-4301.440113	
7520000.000000	979.157794	-996.856234	-4301.450591	
7531000.000000	979.125120	-996.880348	-4301.456579	
7542000.000000	979.092809	-996.924384	-4301.458245	
7553000.000000	979.060937	-996.983925	-4301.456606	
7564000.000000	979.021439	-997.057586	-4301.452673	
7575000.000000	978.979808	-997.139942	-4301.447463	
7586000.000000	978.937066	-997.222313	-4301.442559	
7597000.000000	978.886590	-997.304003	-4301.439221	
7608000.000000	978.834763	-997.376392	-4301.438386	
7619000.000000	978.783628	-997.433080	-4301.441199	
7630000.000000	978.727765	-997.474591	-4301.448201	
7642000.000000	1028.704728	-997.495828	-4286.449777	
7653000.000000	978.617880	-997.495741	-4301.476346	
7664000.000000	978.571850	-997.477405	-4301.495557	
7675000.000000	978.526164	-997.443073	-4301.517357	
7686000.000000	978.486591	-997.397329	-4301.540380	
7697000.000000	978.454345	-997.348655	-4301.563543	
7708000.000000	978.423319	-997.297903	-4301.585496	
7719000.000000	978.397903	-997.253649	-4301.604832	
7730000.000000	978.378154	-997.222992	-4301.620756	
7741000.000000	978.357243	-997.205581	-4301.632527	
7752000.000000	978.338590	-997.207524	-4301.639620	
7763000.000000	978.321745	-997.229183	-4301.642282	
7774000.000000	978.299995	-997.269275	-4301.640926	
7785000.000000	978.276764	-997.326832	-4301.636170	
7796000.000000	978.252100	-997.395207	-4301.629279	
7807000.000000	978.220341	-997.473150	-4301.621481	
7818000.000000	978.185736	-997.553346	-4301.613951	
7829000.000000	978.149430	-997.627145	-4301.608160	
7840000.000000	978.107138	-997.694279	-4301.605217	
7851000.000000	978.063986	-997.746595	-4301.605842	
7862000.000000	978.021964	-997.779964	-4301.610752	
7873000.000000	977.977621	-997.795305	-4301.620074	
7884000.000000	977.936211	-997.789774	-4301.633416	
7895000.000000	977.899649	-997.766883	-4301.650329	
7906000.000000	977.864312	-997.728047	-4301.669850	
7917000.000000	977.834594	-997.677883	-4301.690657	
7928000.000000	977.811449	-997.624901	-4301.711607	
7939000.000000	977.790361	-997.569951	-4301.731350	
7950000.000000	977.774399	-997.521634	-4301.748527	
7962000.000000	977.760979	-997.483192	-4301.763326	
7973000.000000	977.752222	-997.465607	-4301.772489	
7984000.000000	977.741713	-997.464888	-4301.777142	
7995000.000000	977.731510	-997.484848	-4301.777246	
8006000.000000	977.721000	-997.522979	-4301.773421	
8017000.000000	977.705198	-997.577874	-4301.766468	
8028000.000000	977.686583	-997.645831	-4301.757365	
8039000.000000	977.665354	-997.718674	-4301.747521	
8050000.000000	977.637735	-997.795427	-4301.738255	
8061000.000000	977.607211	-997.867659	-4301.730735	
8072000.000000	977.575102	-997.927686	-4301.726208	
8083000.000000	977.538846	-997.975705	-4301.725498	
8094000.000000	977.502655	-998.004908	-4301.728998	
8105000.000000	977.468413	-998.013903	-4301.736948	
8116000.000000	977.433986	-998.003909	-4301.749046	
8127000.000000	977.403381	-997.974882	-4301.764528	
8138000.000000	977.378044	-997.932773	-4301.782546	
8149000.000000	977.355274	-997.878912	-4301.801883	
8160000.000000	977.337999	-997.820052	-4301.821112	
8171000.000000	977.326536	-997.765010	-4301.839030	
8182000.000000	977.317167	-997.714224	-4301.854412	
8193000.000000	977.311583	-997.676160	-4301.866170	
8204000.000000	977.309120	-997.655853	-4301.873743	
8215000.000000	977.305462	-997.652523	-4301.876806	
8226000.000000	977.301756	-997.669965	-4301.875358	
8238000.000000	1010.822578	-997.705723	-4296.943535	
8249000.000000	977.287743	-997.763188	-4301.860575	
8260000.000000	977.274303	-997.829238	-4301.849929	
8271000.000000	977.257274	-997.902472	-4301.838586	
8282000.000000	977.237122	-997.974061	-4301.827984	
8293000.000000	977.211554	-998.043412	-4301.819384	
8304000.000000	977.183588	-998.101883	-4301.813794	
8315000.000000	977.154704	-998.143597	-4301.812125	
8326000.000000	977.123567	-998.169194	-4301.814828	
8337000.000000	977.093658	-998.173961	-4301.821895	
8348000.000000	977.066677	-998.159410	-4301.833097	
8359000.000000	977.041288	-998.126932	-4301.847722	
8370000.000000	977.020431	-998.079302	-4301.864689	
8382000.000000	977.003019	-998.017298	-4301.884530	
8393000.000000	976.992747	-997.958384	-4301.902477	
8404000.000000	976.985492	-997.899243	-4301.918857	
8415000.000000	976.982534	-997.848567	-4301.932417	
8426000.000000	1027.027675	-997.812816	-4286.955111	
8437000.000000	1010.511684	-997.792169	-4297.022778	
8448000.000000	976.986092	-997.791305	-4301.948911	
8459000.000000	976.987700	-997.810297	-4301.945567	
8470000.000000	976.985755	-997.847689	-4301.938419	
8481000.000000	976.982274	-997.895226	-4301.929306	
8492000.000000	976.973095	-997.965175	-4301.916406	
8503000.000000	976.959639	-998.036871	-4301.904053	
8514000.000000	1010.390842	-998.109028	-4293.427723	
8525000.000000	976.922138	-998.173143	-4301.883123	
8536000.000000	976.897726	-998.229047	-4301.876939	
8547000.000000	976.871867	-998.268832	-4301.874688	
8558000.000000	976.846135	-998.289076	-4301.876865	
8569000.000000	976.820004	-998.290796	-4301.883491	
8581000.000000	976.796314	-998.271898	-4301.894141	
8592000.000000	976.774215	-998.231695	-4301.909550	
8603000.000000	1026.804037	-998.182075	-4286.941600	
8614000.000000	976.746832	-998.121855	-4301.943423	
8625000.000000	976.739918	-998.058615	-4301.960397	
8636000.000000	976.738002	-998.001012	-4301.975685	
8647000.000000	976.738721	-997.949367	-4301.988120	
8658000.000000	976.742469	-997.911981	-4301.996738	
8669000.000000	976.748292	-997.893243	-4302.001023	
8680000.000000	976.753250	-997.892268	-4302.000779	
8691000.000000	976.757338	-997.912153	-4301.996165	
8702000.000000	976.759599	-997.949595	-4301.987830	
8713000.000000	976.757512	-998.003170	-4301.976688	
8724000.000000	976.751683	-998.068433	-4301.963864	
8735000.000000	976.742056	-998.136875	-4301.950725	
8746000.000000	976.727271	-998.207610	-4301.938606	
8757000.000000	976.709045	-998.271996	-4301.928715	
8768000.000000	976.690070	-998.319490	-4301.922604	
8779000.000000	976.665198	-998.360141	-4301.919656	
8790000.000000	976.641744	-998.377896	-4301.921575	
8801000.000000	976.619651	-998.375415	-4301.927946	
8812000.000000	976.598855	-998.353986	-4301.938355	
8823000.000000	976.581578	-998.314373	-4301.951989	
8835000.000000	976.567455	-998.256530	-4301.969343	
8846000.000000	976.559681	-998.196642	-4301.986146	
8857000.000000	976.555741	-998.132107	-4302.002430	
8868000.000000	976.556331	-998.071367	-4302.016849	
8879000.000000	1010.011254	-998.025453	-4293.565410	
8890000.000000	976.567308	-997.984729	-4302.035925	
8902000.000000	1026.622862	-997.965472	-4287.057394	
8913000.000000	1010.034852	-997.966857	-4293.575520	
8924000.000000	976.590517	-997.989809	-4302.031461	
8935000.000000	976.593848	-998.030027	-4302.021898	
8946000.000000	976.593813	-998.085796	-4302.009705	
8957000.000000	976.589991	-998.149443	-4301.996130	
8968000.000000	976.581078	-998.219839	-4301.982501	
8979000.000000	976.568163	-998.288861	-4301.970125	
8990000.000000	976.551987	-998.348189	-4301.960260	
9001000.000000	976.532417	-998.397804	-4301.953899	
9012000.000000	976.511480	-998.430113	-4301.951697	
9023000.000000	976.490650	-998.442424	-4301.954000	
9034000.000000	976.470276	-998.435844	-4301.960716	
9045000.000000	976.452446	-998.409040	-4301.971327	
9056000.000000	976.438376	-998.366978	-4301.985038	
9067000.000000	976.427877	-998.311062	-4302.000731	
9078000.000000	976.422148	-998.247224	-4302.017085	
9089000.000000	976.421344	-998.184352	-4302.032785	
9100000.000000	976.424161	-998.123085	-4302.046534	
9111000.000000	976.430596	-998.072156	-4302.057180	
9122000.000000	976.439741	-998.037670	-4302.063908	
9133000.000000	976.449466	-998.019024	-4302.066213	
9144000.000000	976.459143	-998.021165	-4302.063959	
9155000.000000	976.467589	-998.042808	-4302.057468	
9166000.000000	976.472793	-998.082565	-4302.047407	
9177000.000000	976.474518	-998.137861	-4302.034739	
9188000.000000	976.472300	-998.200988	-4302.020708	
9199000.000000	976.465131	-998.270818	-4302.006645	
9211000.000000	976.453866	-998.339195	-4301.993867	
9222000.000000	976.437444	-998.404297	-4301.982851	
9233000.000000	976.419808	-998.449292	-4301.976487	
9244000.000000	976.400222	-998.479752	-4301.974377	
9255000.000000	976.380635	-998.489891	-4301.976768	
9266000.000000	976.362511	-998.479923	-4301.983557	
9277000.000000	1026.395873	-998.454215	-4287.014196	
9288000.000000	976.333867	-998.405249	-4302.007847	
9299000.000000	976.325829	-998.349212	-4302.023342	
9310000.000000	976.321939	-998.284314	-4302.039396	
9321000.000000	976.322733	-998.218274	-4302.054628	
9332000.000000	976.327886	-998.159754	-4302.067783	
9343000.000000	1009.867536	-998.109035	-4297.155085	
9354000.000000	976.346378	-998.073914	-4302.083712	
9365000.000000	976.358010	-998.058338	-4302.085207	
9376000.000000	976.368858	-998.061220	-4302.082174	
9387000.000000	1009.909191	-998.081731	-4297.152612	
9398000.000000	976.384762	-998.125276	-4302.064203	
9409000.000000	976.387262	-998.180931	-4302.051008	
9420000.000000	976.385568	-998.246696	-4302.036565	
9431000.000000	976.379606	-998.313796	-4302.022237	
9442000.000000	976.369036	-998.381450	-4302.009358	
9453000.000000	976.354957	-998.440878	-4301.999119	
9464000.000000	976.338404	-998.485240	-4301.992511	
9475000.000000	976.320019	-998.514990	-4301.990175	
9486000.000000	976.301591	-998.524356	-4301.992360	
9497000.000000	976.284554	-998.513589	-4301.998949	
9508000.000000	976.269628	-998.484040	-4302.009407	
9519000.000000	976.258290	-998.437297	-4302.022840	
9530000.000000	976.251351	-998.380521	-4302.038128	
9542000.000000	976.248802	-998.309759	-4302.055368	
9553000.000000	976.251042	-998.243276	-4302.070236	
9564000.000000	976.257416	-998.182583	-4302.082877	
9575000.000000	976.267176	-998.135174	-4302.092231	
9586000.000000	976.278738	-998.100765	-4302.097513	
9597000.000000	976.291201	-998.085887	-4302.098285	
9608000.000000	976.303283	-998.091366	-4302.094540	
9619000.000000	976.313225	-998.115922	-4302.086652	
9630000.000000	976.320264	-998.159015	-4302.075353	
9641000.000000	976.323607	-998.214175	-4302.061705	
9652000.000000	976.322299	-998.280094	-4302.046963	
9663000.000000	976.316575	-998.349560	-4302.032468	
9674000.000000	976.306780	-998.413683	-4302.019567	
9685000.000000	976.293158	-998.472114	-4302.009444	
9696000.000000	976.277038	-998.516406	-4302.003030	
9707000.000000	976.259694	-998.541951	-4302.000948	
9718000.000000	976.242073	-998.549624	-4302.003422	
9729000.000000	976.225854	-998.536112	-4302.010258	
9740000.000000	976.212330	-998.504567	-4302.020900	
9751000.000000	976.202133	-998.456431	-4302.034435	
9762000.000000	976.196276	-998.396026	-4302.049679	
9773000.000000	976.195140	-998.331892	-4302.065326	
9784000.000000	976.198277	-998.264953	-4302.080017	
9795000.000000	976.205507	-998.203909	-4302.092464	
9806000.000000	976.216055	-998.156250	-4302.101607	
9817000.000000	976.228458	-998.121685	-4302.106661	
9828000.000000	976.241706	-998.106736	-4302.107196	
9839000.000000	976.254494	-998.112190	-4302.103205	
9850000.000000	976.265183	-998.136764	-4302.095072	
9861000.000000	976.272911	-998.179877	-4302.083539	
9872000.000000	976.276866	-998.235018	-4302.069671	
9883000.000000	976.276218	-998.300879	-4302.054726	
9894000.000000	976.271107	-998.370209	-4302.040054	
9905000.000000	976.261870	-998.434105	-4302.026996	
9916000.000000	976.248868	-998.492221	-4302.016739	
9927000.000000	976.233342	-998.536102	-4302.010216	
9938000.000000	1026.265848	-998.561376	-4287.030991	
9949000.000000	976.199572	-998.568287	-4302.010440	
9960000.000000	976.183975	-998.554186	-4302.017206	
9972000.000000	976.169936	-998.517515	-4302.028895	
9983000.000000	976.160942	-998.468738	-4302.042553	
9994000.000000	976.156090	-998.407374	-4302.057807	
10005000.000000	976.155887	-998.340021	-4302.073309	
10016000.000000	976.160252	-998.275677	-4302.087716	
10027000.000000	976.168401	-998.214855	-4302.099764	
10038000.000000	976.179679	-998.166264	-4302.108391	
10049000.000000	976.192989	-998.135386	-4302.112858	
10060000.000000	976.206768	-998.121489	-4302.112788	
10071000.000000	976.219858	-998.128820	-4302.108197	
10082000.000000	976.231003	-998.155211	-4302.099520	
10093000.000000	976.238849	-998.199235	-4302.087543	
10104000.000000	976.242762	-998.257473	-4302.073345	
10115000.000000	976.242304	-998.321736	-4302.058208	
10126000.000000	976.237168	-998.390978	-4302.043498	
10137000.000000	976.227874	-998.456689	-4302.030535	
10148000.000000	976.215161	-998.510828	-4302.020496	
10159000.000000	976.199828	-998.553525	-4302.014289	
10170000.000000	976.183303	-998.577589	-4302.012476	
10181000.000000	976.166970	-998.581196	-4302.015243	
10192000.000000	976.151969	-998.565552	-4302.022358	
10203000.000000	976.139693	-998.530212	-4302.033194	
10214000.000000	976.131157	-998.480944	-4302.046812	
10225000.000000	976.126818	-998.419127	-4302.062011	
10236000.000000	976.127117	-998.351399	-4302.077443	
10247000.000000	976.131955	-998.286777	-4302.091756	
10258000.000000	976.140613	-998.225770	-4302.103688	
10269000.000000	976.152369	-998.177099	-4302.112183	
10280000.000000	976.166112	-998.146229	-4302.116502	
10291000.000000	976.180341	-998.132418	-4302.116272	
10302000.000000	976.193838	-998.139891	-4302.111517	
10313000.000000	976.205338	-998.166438	-4302.102673	
10324000.000000	976.213550	-998.210626	-4302.090538	
10335000.000000	976.217791	-998.268993	-4302.076195	
10346000.000000	976.217617	-998.333316	-4302.060935	
10357000.000000	976.212789	-998.402552	-4302.046123	
10368000.000000	976.203783	-998.468158	-4302.033082	
10379000.000000	976.191333	-998.522097	-4302.022985	
10390000.000000	976.176306	-998.564502	-4302.016741	
10402000.000000	976.158603	-998.589269	-4302.014975	
10413000.000000	976.142588	-998.590925	-4302.018142	
10424000.000000	976.128225	-998.572699	-4302.025623	
10435000.000000	976.116567	-998.535998	-4302.036756	
10446000.000000	976.108693	-998.483278	-4302.050552	
10457000.000000	976.105248	-998.422264	-4302.065797	
10468000.000000	976.106320	-998.354118	-4302.081140	
10479000.000000	976.111854	-998.287039	-4302.095214	
10490000.000000	976.121306	-998.229511	-4302.106783	
10502000.000000	976.134894	-998.178978	-4302.115344	
10513000.000000	976.149091	-998.149362	-4302.118727	
10524000.000000	976.163642	-998.140182	-4302.117520	
10535000.000000	976.177205	-998.151378	-4302.111836	
10546000.000000	976.188375	-998.181599	-4302.102185	
10557000.000000	976.196192	-998.229428	-4302.089428	
10568000.000000	976.199913	-998.287748	-4302.074704	
10579000.000000	976.199018	-998.355304	-4302.059326	
10590000.000000	976.193619	-998.424351	-4302.044663	
10601000.000000	976.184147	-998.486083	-4302.032025	
10612000.000000	976.171265	-998.540285	-4302.022542	
10623000.000000	976.156153	-998.578725	-4302.017058	
10634000.000000	976.140109	-998.597544	-4302.016069	
10645000.000000	976.124389	-998.597734	-4302.019666	
10656000.000000	976.110426	-998.576781	-4302.027526	
10667000.000000	976.099418	-998.538690	-4302.038959	
10678000.000000	976.092181	-998.484910	-4302.052948	
10689000.000000	976.089390	-998.420548	-4302.068244	
10700000.000000	976.091255	-998.354453	-4302.083496	
10711000.000000	976.097451	-998.287443	-4302.097345	
10722000.000000	976.107456	-998.228395	-4302.108555	
10733000.000000	976.120343	-998.184335	-4302.116133	
10744000.000000	976.134814	-998.154830	-4302.119406	
10755000.000000	976.149609	-998.145836	-4302.118078	
10766000.000000	976.163377	-998.157251	-4302.112271	
10777000.000000	976.174747	-998.187721	-4302.102499	
10788000.000000	976.182734	-998.235786	-4302.089629	
10799000.000000	976.186590	-998.294290	-4302.074804	
10810000.000000	976.185834	-998.361977	-4302.059344	
10821000.000000	976.180557	-998.431067	-4302.044623	
10832000.000000	976.171191	-998.492742	-4302.031952	
10843000.000000	976.158439	-998.546794	-4302.022456	
10854000.000000	976.143459	-998.584987	-4302.016980	
10865000.000000	976.127550	-998.603489	-4302.016012	
10876000.000000	976.112001	-998.603298	-4302.019639	
10887000.000000	976.098222	-998.581934	-4302.027533	
10898000.000000	976.087407	-998.543445	-4302.038996	
10909000.000000	976.080398	-998.489282	-4302.053004	
10921000.000000	976.077842	-998.424596	-4302.068306	
10932000.000000	976.080324	-998.350331	-4302.084875	
10943000.000000	976.087190	-998.286384	-4302.098489	
10954000.000000	976.097718	-998.227867	-4302.109346	
10965000.000000	976.110990	-998.183372	-4302.116473	
10976000.000000	976.125801	-998.157694	-4302.119236	
10987000.000000	976.140725	-998.149972	-4302.117385	
10998000.000000	976.154451	-998.163697	-4302.111078	
11009000.000000	976.165734	-998.195821	-4302.100873	
11020000.000000	976.173465	-998.244889	-4302.087674	
11031000.000000	976.176974	-998.306656	-4302.072651	
11042000.000000	1009.629766	-998.367130	-4293.599007	
11053000.000000	976.170299	-998.441543	-4302.042507	
11064000.000000	976.160627	-998.504926	-4302.030061	
11075000.000000	976.147737	-998.555009	-4302.020901	
11086000.000000	976.132682	-998.592062	-4302.015842	
11097000.000000	976.116821	-998.609383	-4302.015328	
11108000.000000	976.101538	-998.606018	-4302.019406	
11119000.000000	976.088105	-998.583261	-4302.027707	
11130000.000000	976.077734	-998.541545	-4302.039486	
11141000.000000	976.071327	-998.487355	-4302.053692	
11152000.000000	976.069367	-998.422030	-4302.069059	
11163000.000000	976.072044	-998.352819	-4302.084209	
11174000.000000	976.079100	-998.288757	-4302.097795	
11185000.000000	976.089825	-998.230219	-4302.108601	
11196000.000000	976.103278	-998.185806	-4302.115657	
11207000.000000	976.118245	-998.160291	-4302.118331	
11218000.000000	976.133314	-998.152803	-4302.116380	
11229000.000000	976.147158	-998.166807	-4302.109971	
11240000.000000	976.158526	-998.199211	-4302.099667	
11251000.000000	976.166332	-998.248555	-4302.086378	
11262000.000000	976.169892	-998.310551	-4302.071280	
11273000.000000	976.168870	-998.376569	-4302.055709	
11284000.000000	976.163282	-998.445661	-4302.041044	
11295000.000000	976.153639	-998.509016	-4302.028586	
11306000.000000	976.140777	-998.558971	-4302.019439	
11317000.000000	976.125772	-998.595805	-4302.014410	
11328000.000000	976.109974	-998.612826	-4302.013941	
11339000.000000	976.094768	-998.609120	-4302.018069	
11350000.000000	1009.613760	-998.585886	-4297.104760	
11361000.000000	976.071197	-998.543892	-4302.038249	
11372000.000000	976.064927	-998.489372	-4302.052493	
11383000.000000	1009.595825	-998.423750	-4297.146358	
11394000.000000	976.065967	-998.354352	-4302.083031	
11405000.000000	976.073184	-998.290190	-4302.096592	
11416000.000000	976.084072	-998.231647	-4302.107352	
11427000.000000	976.097674	-998.187333	-4302.114342	
11438000.000000	976.112766	-998.161995	-4302.116937	
11449000.000000	976.127949	-998.154757	-4302.114896	
11460000.000000	976.141879	-998.169055	-4302.108392	
11471000.000000	976.153305	-998.201751	-4302.097994	
11482000.000000	976.161155	-998.251384	-4302.084620	
11493000.000000	976.164737	-998.313621	-4302.069453	
11504000.000000	976.163718	-998.379801	-4302.053833	
11515000.000000	976.158135	-998.448977	-4302.039143	
11526000.000000	1009.681826	-998.505244	-4297.105421	
11537000.000000	976.135634	-998.562149	-4302.017551	
11548000.000000	976.120651	-998.598774	-4302.012558	
11559000.000000	976.104889	-998.615506	-4302.012138	
11570000.000000	976.089736	-998.611467	-4302.016326	
11581000.000000	976.076492	-998.587961	-4302.024740	
11592000.000000	976.066346	-998.545505	-4302.036621	
11603000.000000	976.060190	-998.490665	-4302.050906	
11614000.000000	976.058524	-998.424783	-4302.066317	
11625000.000000	976.061505	-998.355185	-4302.081472	
11636000.000000	976.068859	-998.290935	-4302.095016	
11647000.000000	976.079887	-998.232399	-4302.105737	
11658000.000000	976.093614	-998.188195	-4302.112668	
11669000.000000	976.108811	-998.163046	-4302.115185	
11680000.000000	976.124083	-998.156069	-4302.113057	
11691000.000000	976.138077	-998.170671	-4302.106461	
11702000.000000	976.149540	-998.203671	-4302.095977	
11713000.000000	976.157410	-998.253603	-4302.082526	
11724000.000000	976.160993	-998.316089	-4302.067296	
11735000.000000	976.159958	-998.382437	-4302.051631	
11746000.000000	976.154357	-998.451705	-4302.036917	
11757000.000000	976.144695	-998.515028	-4302.024457	
11768000.000000	1009.586372	-998.561608	-4293.556867	
11779000.000000	976.116840	-998.601175	-4302.010400	
11790000.000000	976.101096	-998.617623	-4302.010036	
11801000.000000	976.085978	-998.613259	-4302.014286	
11812000.000000	976.072795	-998.589392	-4302.022763	
11823000.000000	976.062732	-998.546577	-4302.034701	
11834000.000000	976.056672	-998.491427	-4302.049034	
11845000.000000	976.055122	-998.425280	-4302.064475	
11856000.000000	976.058227	-998.355503	-4302.079639	
11867000.000000	976.065702	-998.291174	-4302.093168	
11878000.000000	976.076851	-998.232655	-4302.103851	
11889000.000000	976.090686	-998.188570	-4302.110725	
11900000.000000	976.105972	-998.163619	-4302.113171	
11911000.000000	976.121316	-998.156913	-4302.110960	
11922000.000000	976.135357	-998.171828	-4302.104279	
11933000.000000	976.146841	-998.205138	-4302.093709	
11944000.000000	976.154715	-998.255375	-4302.080182	
11955000.000000	976.158282	-998.318117	-4302.064892	
11966000.000000	976.157216	-998.384639	-4302.049188	
11977000.000000	976.151582	-998.454003	-4302.034457	
11988000.000000	976.141886	-998.517318	-4302.022003	
11999000.000000	976.128981	-998.566937	-4302.012922	
12010000.000000	976.113988	-998.603160	-4302.008015	
12021000.000000	976.098247	-998.619329	-4302.007710	
12032000.000000	976.083152	-998.614644	-4302.012028	
12043000.000000	976.070018	-998.590419	-4302.020573	
12054000.000000	976.060023	-998.547253	-4302.032573	
12065000.000000	976.054048	-998.491797	-4302.046954	
12076000.000000	976.052601	-998.425392	-4302.062426	
12087000.000000	976.055816	-998.355443	-4302.077600	
12098000.000000	976.063401	-998.291043	-4302.091118	
12109000.000000	976.074658	-998.232548	-4302.101768	
12120000.000000	976.088588	-998.188590	-4302.108589	
12131000.000000	976.103950	-998.163844	-4302.110964	
12142000.000000	976.119353	-998.157414	-4302.108672	
12153000.000000	976.133430	-998.172648	-4302.101906	
12164000.000000	976.144923	-998.206274	-4302.091255	
12175000.000000	976.152789	-998.256821	-4302.077657	
12186000.000000	976.156328	-998.319823	-4302.062312	
12197000.000000	976.155220	-998.386524	-4302.046569	
12208000.000000	976.149542	-998.455988	-4302.031823	
12219000.000000	1009.673111	-998.512239	-4297.098146	
12230000.000000	976.126856	-998.568812	-4302.010326	
12241000.000000	976.111839	-998.604838	-4302.005468	
12252000.000000	976.096092	-998.620731	-4302.005226	
12263000.000000	976.081009	-998.615728	-4302.009611	
12274000.000000	976.067914	-998.591150	-4302.018225	
12285000.000000	976.057977	-998.547636	-4302.030288	
12296000.000000	976.052079	-998.491879	-4302.044721	
12307000.000000	976.050725	-998.425220	-4302.060228	
12318000.000000	976.054040	-998.355105	-4302.075416	
12329000.000000	976.061726	-998.290640	-4302.088923	
12340000.000000	976.073082	-998.232174	-4302.099540	
12351000.000000	976.087099	-998.188349	-4302.106307	
12362000.000000	976.102528	-998.163814	-4302.108615	
12373000.000000	976.117981	-998.157666	-4302.106245	
12384000.000000	976.132083	-998.173224	-4302.099398	
12395000.000000	976.143578	-998.207171	-4302.088667	
12406000.000000	976.151426	-998.258031	-4302.074998	
12417000.000000	976.154929	-998.321297	-4302.059597	
12428000.000000	976.153771	-998.388178	-4302.043821	
12439000.000000	976.148039	-998.457743	-4302.029063	
12450000.000000	976.138244	-998.521049	-4302.016627	
12461000.000000	976.125252	-998.570460	-4302.007608	
12472000.000000	976.110204	-998.606292	-4302.002799	
12483000.000000	976.094443	-998.621910	-4302.002620	
12494000.000000	976.079367	-998.616591	-4302.007078	
12505000.000000	976.066302	-998.591662	-4302.015764	
12516000.000000	976.056418	-998.547802	-4302.027894	
12527000.000000	976.050590	-998.491748	-4302.042378	
12538000.000000	976.049322	-998.424840	-4302.057919	
12549000.000000	976.052731	-998.354563	-4302.073120	
12560000.000000	976.060512	-998.290037	-4302.086620	
12571000.000000	976.071959	-998.231606	-4302.097206	
12582000.000000	976.086055	-998.187918	-4302.103924	
12593000.000000	976.101546	-998.163598	-4302.106163	
12604000.000000	976.117042	-998.157737	-4302.103715	
12615000.000000	976.131162	-998.173622	-4302.096785	
12626000.000000	976.142652	-998.207893	-4302.085978	
12637000.000000	976.150475	-998.259070	-4302.072241	
12648000.000000	976.153936	-998.322600	-4302.056788	
12659000.000000	976.152722	-998.389664	-4302.040978	
12670000.000000	976.146930	-998.459331	-4302.026208	
12681000.000000	976.137076	-998.522634	-4302.013784	
12692000.000000	976.124031	-998.571943	-4302.004800	
12703000.000000	976.108946	-998.607580	-4302.000044	
12715000.000000	1026.143004	-998.623146	-4287.024512	
12726000.000000	976.076800	-998.615792	-4302.005091	
12737000.000000	1009.518377	-998.591984	-4293.554664	
12748000.000000	976.054513	-998.543760	-4302.026658	
12759000.000000	976.049148	-998.484298	-4302.041347	
12770000.000000	976.048394	-998.418836	-4302.056949	
12781000.000000	976.052308	-998.348440	-4302.072066	
12792000.000000	976.060543	-998.281862	-4302.085337	
12803000.000000	976.072366	-998.227307	-4302.095572	
12814000.000000	976.086717	-998.184632	-4302.101850	
12825000.000000	976.102318	-998.161161	-4302.103599	
12836000.000000	976.117782	-998.158678	-4302.100652	
12847000.000000	976.131725	-998.175941	-4302.093259	
12858000.000000	976.142905	-998.213318	-4302.082066	
12869000.000000	976.150326	-998.264824	-4302.068053	
12880000.000000	976.153319	-998.329053	-4302.052457	
12891000.000000	976.151616	-998.399136	-4302.036656	
12902000.000000	976.145366	-998.465827	-4302.022042	
12913000.000000	976.135115	-998.528618	-4302.009905	
12924000.000000	976.121778	-998.578579	-4302.001315	
12935000.000000	976.106536	-998.610174	-4301.997025	
12946000.000000	1009.622860	-998.624062	-4297.075587	
12957000.000000	976.075794	-998.616332	-4302.002417	
12968000.000000	976.063031	-998.588988	-4302.011600	
12979000.000000	976.053577	-998.543621	-4302.024127	
12990000.000000	976.048276	-998.483860	-4302.038869	
13001000.000000	976.047599	-998.418174	-4302.054505	
13012000.000000	976.051599	-998.347627	-4302.069634	
13023000.000000	976.059921	-998.281001	-4302.082895	
13034000.000000	976.071826	-998.226500	-4302.093099	
13045000.000000	976.086246	-998.183975	-4302.099326	
13056000.000000	976.101899	-998.160741	-4302.101009	
13067000.000000	976.117394	-998.158548	-4302.097984	
13078000.000000	976.131345	-998.176145	-4302.090510	
13089000.000000	976.142509	-998.213862	-4302.079241	
13100000.000000	976.149894	-998.265671	-4302.065165	
13111000.000000	976.152834	-998.330163	-4302.049521	
13122000.000000	976.151068	-998.400430	-4302.033692	
13133000.000000	976.144749	-998.467206	-4302.019070	
13144000.000000	976.134432	-998.529988	-4302.006949	
13155000.000000	976.121037	-998.579835	-4301.998396	
13166000.000000	976.105752	-998.611230	-4301.994163	
13177000.000000	976.089930	-998.624956	-4301.994615	
13188000.000000	976.074985	-998.616781	-4301.999701	
13199000.000000	976.062243	-998.589100	-4302.008957	
13210000.000000	976.052831	-998.543394	-4302.021550	
13221000.000000	976.047593	-998.483335	-4302.036345	
13232000.000000	976.046991	-998.417427	-4302.052018	
13243000.000000	976.051075	-998.346731	-4302.067161	
13254000.000000	976.059481	-998.280060	-4302.080414	
13265000.000000	976.071464	-998.225617	-4302.090584	
13276000.000000	976.085951	-998.183245	-4302.096759	
13287000.000000	976.101653	-998.160251	-4302.098374	
13298000.000000	976.117175	-998.158349	-4302.095275	
13309000.000000	976.131131	-998.176282	-4302.087723	
13320000.000000	976.142278	-998.214342	-4302.076380	
13332000.000000	1009.682275	-998.266502	-4297.139851	
13343000.000000	1026.202856	-998.336582	-4287.069147	
13354000.000000	976.150677	-998.401660	-4302.030686	
13365000.000000	976.143495	-998.476305	-4302.014838	
13376000.000000	976.132789	-998.535342	-4302.003023	
13387000.000000	976.119109	-998.584274	-4301.994878	
13398000.000000	976.103673	-998.615183	-4301.991120	
13409000.000000	976.087853	-998.625269	-4301.992071	
13420000.000000	976.073051	-998.615687	-4301.997637	
13432000.000000	1026.110496	-998.585240	-4287.032207	
13443000.000000	976.050955	-998.532414	-4302.021515	
13454000.000000	976.046600	-998.472348	-4302.036625	
13465000.000000	976.046933	-998.403031	-4302.052340	
13476000.000000	976.051924	-998.332482	-4302.067245	
13487000.000000	976.061130	-998.269722	-4302.080004	
13498000.000000	976.073729	-998.214954	-4302.089473	
13509000.000000	976.088599	-998.176588	-4302.094793	
13520000.000000	976.104418	-998.158473	-4302.095482	
13531000.000000	976.119777	-998.159575	-4302.091465	
13542000.000000	976.133306	-998.182355	-4302.083086	
13553000.000000	976.143804	-998.222578	-4302.071076	
13564000.000000	976.150331	-998.278759	-4302.056492	
13575000.000000	976.152307	-998.345545	-4302.040622	
13586000.000000	976.149552	-998.413809	-4302.024862	
13597000.000000	976.142307	-998.482733	-4302.010604	
13608000.000000	976.131218	-998.543184	-4301.999107	
13619000.000000	976.117267	-998.588023	-4301.991380	
13630000.000000	976.101693	-998.617718	-4301.988102	
13642000.000000	976.084484	-998.626077	-4301.989920	
13653000.000000	976.070018	-998.611523	-4301.996358	
13664000.000000	976.058134	-998.578189	-4302.006769	
13675000.000000	976.049885	-998.527572	-4302.020216	
13686000.000000	976.046009	-998.464101	-4302.035487	
13697000.000000	976.046849	-998.396621	-4302.051213	
13708000.000000	976.052330	-998.326098	-4302.065985	
13719000.000000	976.061962	-998.261556	-4302.078473	
13730000.000000	976.074891	-998.210806	-4302.087557	
13741000.000000	976.089963	-998.173559	-4302.092416	
13752000.000000	976.105837	-998.156628	-4302.092604	
13763000.000000	976.121102	-998.160900	-4302.088091	
13774000.000000	976.134398	-998.185046	-4302.079267	
13785000.000000	976.144540	-998.228529	-4302.066905	
13796000.000000	976.150625	-998.284637	-4302.052090	
13808000.000000	1009.605602	-998.352010	-4293.576766	
13819000.000000	976.148332	-998.428648	-4302.019062	
13830000.000000	976.140257	-998.496374	-4302.005224	
13841000.000000	976.128496	-998.552327	-4301.994372	
13852000.000000	976.114093	-998.596622	-4301.987462	
13863000.000000	976.098333	-998.621751	-4301.985099	
13874000.000000	976.082614	-998.625717	-4301.987484	
13885000.000000	976.068333	-998.609761	-4301.994392	
13896000.000000	976.056765	-998.573316	-4302.005195	
13907000.000000	976.048937	-998.522274	-4302.018923	
13918000.000000	976.045545	-998.458067	-4302.034342	
13929000.000000	976.046891	-998.387500	-4302.050067	
13940000.000000	976.052857	-998.319916	-4302.064688	
13951000.000000	976.062909	-998.255858	-4302.076894	
13962000.000000	976.076152	-998.204376	-4302.085583	
13973000.000000	976.091411	-998.171215	-4302.089970	
13984000.000000	976.107326	-998.155624	-4302.089654	
13995000.000000	976.122480	-998.162070	-4302.084650	
14006000.000000	976.135525	-998.188367	-4302.075390	
14017000.000000	976.145300	-998.233034	-4302.062685	
14028000.000000	976.150932	-998.292584	-4302.047653	
14039000.000000	976.151919	-998.358543	-4302.031616	
14050000.000000	976.148171	-998.429819	-4302.015991	
14061000.000000	976.140021	-998.497594	-4302.002157	
14072000.000000	1009.582500	-998.549769	-4293.533031	
14083000.000000	976.113729	-998.597637	-4301.984474	
14095000.000000	976.097927	-998.622526	-4301.982176	
14106000.000000	976.080808	-998.625793	-4301.985088	
14117000.000000	976.066730	-998.607273	-4301.992457	
14128000.000000	976.055490	-998.569557	-4302.003645	
14139000.000000	976.048091	-998.515089	-4302.017642	
14150000.000000	976.045189	-998.451814	-4302.033194	
14161000.000000	976.047042	-998.380943	-4302.048905	
14172000.000000	976.053486	-998.310930	-4302.063361	
14183000.000000	976.063948	-998.250597	-4302.075265	
14194000.000000	976.077497	-998.200006	-4302.083549	
14206000.000000	1026.143594	-998.167038	-4287.112093	
14217000.000000	976.110287	-998.154785	-4302.086329	
14228000.000000	976.125163	-998.165252	-4302.080429	
14239000.000000	976.137679	-998.195467	-4302.070395	
14250000.000000	976.146718	-998.244065	-4302.057109	
14262000.000000	1009.683948	-998.303772	-4297.119338	
14273000.000000	976.151298	-998.378744	-4302.024183	
14284000.000000	976.146223	-998.449880	-4302.008902	
14295000.000000	976.136907	-998.515641	-4301.995790	
14306000.000000	976.124175	-998.568023	-4301.986002	
14317000.000000	976.109158	-998.607277	-4301.980396	
14328000.000000	976.093195	-998.626370	-4301.979462	
14339000.000000	976.077704	-998.624130	-4301.983270	
14350000.000000	976.064063	-998.601878	-4301.991472	
14361000.000000	976.053489	-998.559874	-4302.003325	
14372000.000000	976.046921	-998.504671	-4302.017765	
14383000.000000	976.044943	-998.437658	-4302.033496	
14394000.000000	976.047740	-998.366205	-4302.049098	
14405000.000000	976.055041	-998.299639	-4302.063182	
14416000.000000	976.066218	-998.238385	-4302.074476	
14427000.000000	976.080268	-998.191355	-4302.081963	
14438000.000000	976.095944	-998.163630	-4302.084967	
14449000.000000	976.111850	-998.154337	-4302.083207	
14460000.000000	976.126569	-998.167221	-4302.076827	
14471000.000000	976.138793	-998.199270	-4302.066379	
14482000.000000	976.147434	-998.248982	-4302.052781	
14493000.000000	976.151719	-998.312100	-4302.037232	
14504000.000000	976.151267	-998.379788	-4302.021102	
14515000.000000	976.146116	-998.451047	-4302.005812	
14526000.000000	976.136724	-998.516826	-4301.992714	
14537000.000000	976.123924	-998.569123	-4301.982959	
14548000.000000	976.108852	-998.608198	-4301.977406	
14559000.000000	976.092853	-998.627028	-4301.976539	
14570000.000000	976.077348	-998.624481	-4301.980425	
14581000.000000	976.063715	-998.601881	-4301.988706	
14592000.000000	976.053172	-998.559532	-4302.000632	
14603000.000000	976.046655	-998.504028	-4302.015131	
14614000.000000	976.044744	-998.436763	-4302.030902	
14625000.000000	976.047609	-998.365140	-4302.046528	
14636000.000000	976.054998	-998.298511	-4302.060608	
14647000.000000	1009.599054	-998.237367	-4297.150225	
14658000.000000	976.080366	-998.190393	-4302.079320	
14669000.000000	976.096090	-998.162886	-4302.082260	
14680000.000000	976.112024	-998.153885	-4302.080425	
14691000.000000	976.126748	-998.167106	-4302.073966	
14702000.000000	976.138954	-998.199492	-4302.063443	
14713000.000000	976.147554	-998.249536	-4302.049779	
14724000.000000	1009.605287	-998.312949	-4293.574818	
14735000.000000	976.151260	-998.380827	-4302.018015	
14746000.000000	976.146033	-998.452208	-4302.002714	
14757000.000000	976.136564	-998.518002	-4301.989629	
14768000.000000	976.123695	-998.570213	-4301.979911	
14779000.000000	976.108568	-998.609107	-4301.974414	
14790000.000000	976.092532	-998.627672	-4301.973616	
14801000.000000	976.077013	-998.624815	-4301.977577	
14812000.000000	976.063389	-998.601868	-4301.985935	
14823000.000000	976.052877	-998.559174	-4301.997932	
14834000.000000	976.046412	-998.503371	-4302.012492	
14845000.000000	976.044568	-998.435853	-4302.028306	
14856000.000000	976.047509	-998.364064	-4302.043953	
14867000.000000	976.054977	-998.297371	-4302.058030	
14878000.000000	976.066305	-998.236180	-4302.069274	
14889000.000000	976.080484	-998.189424	-4302.076669	
14900000.000000	976.096256	-998.162137	-4302.079547	
14911000.000000	976.112218	-998.153430	-4302.077639	
14922000.000000	976.126946	-998.166989	-4302.071102	
14933000.000000	976.139133	-998.199711	-4302.060502	
14944000.000000	976.147693	-998.250089	-4302.046770	
14955000.000000	976.151863	-998.313773	-4302.031118	
14966000.000000	976.151270	-998.381862	-4302.014923	
14977000.000000	976.145965	-998.453364	-4301.999613	
14988000.000000	976.136420	-998.519172	-4301.986543	
14999000.000000	976.123482	-998.571295	-4301.976860	
15010000.000000	976.108300	-998.610005	-4301.971416	
15021000.000000	976.092228	-998.628305	-4301.970687	
15033000.000000	1009.608639	-998.625028	-4297.053044	
15044000.000000	976.061981	-998.598716	-4301.984123	
15055000.000000	976.051836	-998.554810	-4301.996475	
15066000.000000	976.045826	-998.495533	-4302.011263	
15077000.000000	976.044485	-998.429353	-4302.027159	
15088000.000000	976.047933	-998.357399	-4302.042740	
15099000.000000	976.055862	-998.288514	-4302.056603	
15110000.000000	976.067570	-998.231242	-4302.067506	
15121000.000000	976.082013	-998.185493	-4302.074466	
15132000.000000	976.097906	-998.158950	-4302.076850	
15143000.000000	976.113838	-998.153787	-4302.074432	
15154000.000000	976.128390	-998.168766	-4302.067416	
15165000.000000	976.140265	-998.204611	-4302.056414	
15176000.000000	976.148409	-998.255483	-4302.042390	
15187000.000000	976.152095	-998.319929	-4302.026578	
15198000.000000	976.151291	-998.382897	-4302.011827	
15209000.000000	976.145200	-998.459736	-4301.995210	
15220000.000000	976.135228	-998.525074	-4301.982417	
15231000.000000	976.121968	-998.577994	-4301.973129	
15242000.000000	976.106594	-998.612557	-4301.968159	
15253000.000000	976.090475	-998.629507	-4301.967938	
15264000.000000	976.075049	-998.624186	-4301.972476	
15275000.000000	976.061685	-998.598651	-4301.981356	
15286000.000000	976.051574	-998.554401	-4301.993778	
15297000.000000	976.045617	-998.494818	-4302.008623	
15308000.000000	976.044344	-998.428407	-4302.024561	
15319000.000000	976.047869	-998.356294	-4302.040161	
15330000.000000	976.055877	-998.287355	-4302.054020	
15341000.000000	976.067659	-998.230133	-4302.064893	
15352000.000000	976.082165	-998.184531	-4302.071804	
15363000.000000	976.098103	-998.158227	-4302.074122	
15374000.000000	976.114059	-998.153357	-4302.071630	
15385000.000000	976.128612	-998.168677	-4302.064536	
15396000.000000	976.140465	-998.204873	-4302.053459	
15407000.000000	976.148565	-998.256061	-4302.039369	
15419000.000000	1009.605572	-998.320794	-4293.564141	
15430000.000000	976.150671	-998.397855	-4302.005829	
15441000.000000	976.144393	-998.468924	-4301.990822	
15452000.000000	1059.637781	-998.526330	-4278.544341	
