11000.0	0.0	0.0	0.0	1.0	2.173518816823679	0.0
22000.0	0.0	0.0	0.0	1.0	2.2738131208928487	0.0
34000.0	0.0	0.0	0.0	1.0	2.3867215208863852	0.0
45000.0	0.0	0.0	0.0	1.0	2.9039467043132374	0.0
56000.0	781.3310915236976	1.7644617241181788	-3444.6969163158496	1.0	0.08895520998842908	0.0
67000.0	287.394684124461	1.5488013622821681	-3462.665872695737	1.0	0.03882450168311292	0.0
78000.0	275.2055899078882	1.3756067591422738	-3463.1296218642233	1.0	0.027353583313067115	0.0
89000.0	274.6740850065075	1.3256246241689982	-3463.591025911268	1.0	0.020909062315652482	0.0
100000.0	277.66770629308223	1.365688147759106	-3464.0031227247887	1.0	0.01795353378147282	0.0
111000.0	277.3299598661736	1.4504235830676782	-3463.8329401849237	1.0	0.016743474614542883	0.0
122000.0	277.0169323567359	1.5588564336513178	-3464.1253098164066	1.0	0.01575258913955531	0.0
133000.0	279.9927174813666	1.678642599787153	-3464.4961183527935	1.0	0.015070995709872893	0.0
144000.0	279.6406192672099	1.7996449656487459	-3464.3119865551075	1.0	0.014661854426021186	0.0
155000.0	279.3145730514405	1.9154433601799508	-3464.6016852327143	1.0	0.014203555120616431	0.0
166000.0	282.28275629543805	2.0232696471665013	-3464.854492615801	1.0	0.013730138313728128	0.0
177000.0	281.88845083899866	2.120896630764811	-3464.859078096144	1.0	0.013348336587869889	0.0
188000.0	283.8290253796933	2.206770415737075	-3465.2528625608707	1.0	0.012902196069446058	0.0
199000.0	284.56220898547224	2.2816913866039283	-3465.3736026165693	1.0	0.012413503774809109	0.0
210000.0	284.129387101212	2.345327514623266	-3465.3861676321353	1.0	0.01201419423428874	0.0
221000.0	286.0604546898462	2.3976285689078036	-3465.792884739693	1.0	0.011554195103632321	0.0
233000.0	286.7834893873967	2.440264240011181	-3465.9262625627357	1.0	0.011065420751397739	0.0
244000.0	287.0539875485954	2.475330346019261	-3466.2657882792805	1.0	0.01057463731585011	0.0
255000.0	288.26293754670473	2.499106233636793	-3466.3544123569804	1.0	0.010198723434217107	0.0
266000.0	285.98709810119493	2.514430376484481	-3466.408447182843	1.0	0.009761155600961307	0.0
277000.0	289.24126689135585	2.5229119781479907	-3466.844095143599	1.0	0.00929905599536339	0.0
288000.0	288.81105608811066	2.524790572335132	-3466.7687913008344	1.0	0.00896183284257682	0.0
299000.0	290.7425154094907	2.5203975820133886	-3467.193434875626	0.984214716864334	0.008558055542304432	0.0
310000.0	291.45055720875234	2.5112829649458983	-3467.3472113438966	0.9548462950018224	0.008133355797217376	0.0
321000.0	290.77271111206255	2.496725274924298	-3467.8068161985407	0.9089484518553215	0.00783928576489453	0.0
332000.0	292.83552259678896	2.4787125287211484	-3467.814304621939	0.8803749287325342	0.007475963491995791	0.0
343000.0	291.10598748980595	2.456436907485801	-3467.828530677183	0.8528299779347728	0.007089998925911222	0.0
354000.0	293.03975686859127	2.430620779128567	-3468.4178336851605	0.819446191146689	0.006840535696126784	0.0
365000.0	294.5296974522366	2.4019696060572806	-3468.387791118236	0.7990948619991429	0.006514378178549776	0.0
376000.0	293.4393628651032	2.370180882722765	-3468.5126499447047	0.77461659825716	0.006165661752460744	0.0
387000.0	295.9965303184285	2.3357651173626013	-3468.8630202230743	0.7462610584472729	0.005956217430678406	0.0
398000.0	293.6954398036337	2.298787720416137	-3468.9476262727135	0.7265831183550606	0.005662909866779641	0.0
409000.0	296.9275764064795	2.2600552171617068	-3469.402341835616	0.7100038927296553	0.005347996421354874	0.0
420000.0	296.5195906663176	2.2195859840263905	-3469.282620285862	0.6863334991383889	0.0051747527012044525	0.0
431000.0	296.14001795445887	2.176870128379885	-3469.6352155538075	0.6696370960286622	0.0049112444432553165	0.0
442000.0	299.0451851289288	2.1329735250113706	-3470.0709362148264	0.6560094115104664	0.004625834455281418	0.0
453000.0	298.5867144436753	2.0874199205802593	-3470.014769352165	0.6373532003769538	0.004482872110876921	0.0
464000.0	300.4960321332922	2.0400521785742427	-3470.4575203875575	0.6210911397955119	0.004244964213921622	0.0
475000.0	301.18021618787344	1.9919427937511036	-3470.6281126057233	0.6117751489677219	0.003984585855269237	0.0
486000.0	301.3259924896958	1.9419244657455266	-3471.037292092391	0.5907906043338829	0.0038667562787666324	0.0
497000.0	302.5221924619226	1.8916003056032729	-3471.1247495733983	0.580072853006224	0.003652185810566447	0.0
508000.0	300.9649531778246	1.8395073850550856	-3471.1889838750412	0.5690714896314777	0.003412242995770864	0.0
519000.0	302.68347464998857	1.7867194529527695	-3471.7550547914016	0.553422563599256	0.003317809923734197	0.0
530000.0	304.155230755401	1.7332274187279086	-3471.7348987833175	0.5457922274620999	0.0031215667396240717	0.0
541000.0	304.40701029274624	1.6779202863498535	-3472.1180842226	0.5344690456956773	0.0028994537940069723	0.0
552000.0	306.30730681143217	1.6277020577360963	-3472.2085715398202	0.5206843218196553	0.002824778305148125	0.0
563000.0	303.2623017932908	1.5659893457182639	-3472.3245986592046	0.5117300459026233	0.0026433464964862826	0.0
574000.0	306.4762408604163	1.5088960064583794	-3472.788598060784	0.5046128325532369	0.002437907450231789	0.0
585000.0	306.986974134949	1.4508961858079932	-3472.661016558221	0.49337056803993073	0.002379594316929037	0.0
596000.0	305.64359338527134	1.3920911809429095	-3473.0363452469555	0.4841513920777627	0.0022116171194839778	0.0
607000.0	308.54669910235395	1.3326737552681123	-3473.358983859394	0.47930075136057937	0.002019339141470803	0.0
618000.0	307.86112108827723	1.2719283120269125	-3473.844809651671	0.4654962189397902	0.001974331643964114	0.0
629000.0	309.8912694244802	1.2113427845815496	-3473.8718321023116	0.4595246865323861	0.0018185292787809139	0.0
640000.0	310.61938911710496	1.1503636975581752	-3474.1821339058756	0.45430080192154665	0.0016383401644732237	0.0
651000.0	310.1112585080823	1.0883581071551103	-3474.1299426216005	0.4451197402251499	0.001606985925420265	0.0
663000.0	310.6749231716163	1.0256348975167655	-3474.390711960709	0.4357296601411007	0.0014804329025187616	0.0
674000.0	312.6320455994239	0.9567485423253363	-3474.756074528091	0.43185607515632296	0.0013377609913824496	0.0
685000.0	312.8671832581179	0.8920904116010386	-3475.144841629961	0.4249802737228583	0.0011691841529963816	0.0
696000.0	312.42529972636004	0.8274971599908091	-3475.020645995273	0.4159437171497038	0.0011523340106825944	0.0
707000.0	312.02011125111426	0.7618064384719707	-3475.384382437731	0.41059792762129077	0.0010163669336496375	0.0
718000.0	314.9014127742082	0.6956592281906238	-3475.7095152630136	0.40773812050351865	0.0008563574457322214	0.0
729000.0	314.4259364948114	0.6290363523436262	-3475.7826455143936	0.399230930978395	0.0008481573160006536	0.0
740000.0	314.03136197984924	0.5616961272513444	-3476.0890288282176	0.39339764057860505	0.000719355600456429	0.0
751000.0	316.91787411163654	0.4938738790072869	-3476.416753271933	0.3909089409555029	0.0005664775911123979	0.0
762000.0	316.2173551064068	0.42479136096521897	-3476.907629571515	0.3811257733182387	0.0005652565846109635	0.0
773000.0	502.0503251336983	-5.3241588902395085	-3472.107289674035	0.13482563709144957	-0.00024813898729907384	0.0
784000.0	337.01312820662696	-5.84172720021646	-3478.5340764769785	0.012616123486110409	-0.0006414366937219909	0.0
795000.0	334.5190606951682	-5.148916871650743	-3478.4614056674473	0.010409408347793914	0.00015623404250448463	0.0
806000.0	337.80234076804095	-5.201113899175173	-3478.7953194739616	0.011485662558930354	-0.00012218770743144128	0.0
817000.0	338.4536315958655	9.44899167704726	-3474.287765395278	0.012908446982063282	0.00039324039701622024	0.0
828000.0	338.6187563589592	0.5284688774121471	-3478.1051952536327	0.010488140150737513	1.2531100685457455e-05	0.0
839000.0	339.3766896943903	-0.22250162519133718	-3478.566909292314	0.011566565198661172	-1.2125186596423625e-05	0.0
850000.0	336.74701883071407	-0.3581640302739926	-3478.841850582572	0.012472736443128296	-1.978455131939564e-05	0.0
861000.0	340.3509109836273	-0.44244699319825326	-3479.1662376980707	0.010631906457199802	-2.1009119412594614e-05	0.0
872000.0	341.1014147415276	-0.5163644273226901	-3479.3609432565804	0.011665699488963455	-2.2899169685130366e-05	0.0
883000.0	338.4892474041574	-0.61231906579441	-3479.620722171814	0.01252527435725459	-3.084355701500662e-05	0.0
894000.0	342.1965266555006	-0.6914417360752804	-3479.9320956964134	0.010834316343413919	-2.893990371973139e-05	0.0
905000.0	339.1610515750454	-0.7901400194875663	-3480.119223081836	0.011640547093912268	-3.295045339732263e-05	0.0
916000.0	342.9585566187919	-0.8670667262995492	-3480.4220693262264	0.01266906032505255	-4.146397600555962e-05	0.0
927000.0	340.43403911502315	-0.9530464785534699	-3480.6690205305135	0.010964372204487205	-3.712995589176711e-05	0.0
938000.0	340.9136850735336	-1.045771205823393	-3480.8997897666795	0.011728220333838468	-4.234708787131513e-05	0.0
949000.0	344.70361790336847	-1.1217261040117341	-3481.2020783342937	0.012728835479944856	-5.232178949863067e-05	0.0
960000.0	342.1927954649134	-1.2110371866877871	-3481.4504752327825	0.011084117665926874	-4.551850599782484e-05	0.0
971000.0	343.8751790551134	-1.2937065842211528	-3481.672117448605	0.01181466812849763	-5.184419381555876e-05	0.0
982000.0	346.4548079841198	-1.3825054283037204	-3481.9858085316205	0.012784161236053526	-6.324714935695107e-05	0.0
993000.0	343.9508350764984	-1.4737401578357545	-3482.234680024257	0.011200036775078415	-5.4174547883106654e-05	0.0
1004000.0	344.41574964987495	-1.5689845995252745	-3482.468017553876	0.011899017457096317	-6.156011801907498e-05	0.0
1015000.0	344.52699928069904	-1.6627236366295621	-3482.7482397839926	0.012709694920903791	-7.517087189604782e-05	0.0
1026000.0	349.1941747743985	-1.7335465103359553	-3483.0665557210523	0.01130393806394836	-6.301789166635648e-05	0.0
1037000.0	346.15977031897455	-1.8377743465925747	-3483.25634047796	0.011981395570920705	-7.142199104254437e-05	0.0
1048000.0	349.95043195283364	-1.9213817678492948	-3483.563404787721	0.012890073183139616	-8.552090012208403e-05	0.0
1059000.0	347.4470566603934	-2.012940856203882	-3483.81117603293	0.011415751054613121	-7.210184317842268e-05	0.0
1070000.0	347.9006311305459	-2.111016524333573	-3484.0470932225544	0.012063740569954406	-8.144601370121268e-05	0.0
1081000.0	351.68416578857494	-2.1945925062262224	-3484.353626365862	0.012952126064047054	-9.671245264290199e-05	0.0
1092000.0	349.19189372152346	-2.2895055709209164	-3484.602899945032	0.011519157792905688	-8.136679555813958e-05	0.0
1103000.0	352.37341327782866	-2.3853461334857196	-3484.85911737754	0.012220988143646805	-9.150007413935828e-05	0.0
1114000.0	353.4221630435721	-2.474385678111206	-3485.1473634107283	0.013008622095238342	-0.00010802319467194746	0.0
1125000.0	350.93427274765963	-2.571816843663861	-3485.3972494900104	0.01161962242881609	-9.091709801276656e-05	0.0
1136000.0	355.5310987210937	-2.6643451225025694	-3485.642508230558	0.012298830092947188	-0.00010193637681314184	0.0
1147000.0	351.4829828706347	-2.7734670267567942	-3485.919247999301	0.012936472389396103	-0.00012030012357407398	0.0
1158000.0	356.5005804213329	-2.8678549392963326	-3486.242895678794	0.011609671318401515	-0.00010113575729348706	0.0
1169000.0	355.83148789832745	-2.956290368844051	-3486.4516220649075	0.012381628792276889	-0.00011241094154838122	0.0
1180000.0	353.22067878122294	-3.062329335954647	-3486.7167488249324	0.012993877910540963	-0.00013181083294732006	0.0
1191000.0	356.91236049286164	-3.157867246634053	-3487.037540163032	0.011776090878170997	-0.00011103484580124966	0.0
1202000.0	357.5671322944973	-3.2512349701804335	-3487.2516420262546	0.012457529177370308	-0.00012319988698027314	0.0
1213000.0	357.66638162462596	-3.361494953409691	-3487.54095655389	0.013136447700135001	-0.00014346846702523695	0.0
1224000.0	355.19161142040383	-3.46173839121647	-3487.7892157011047	0.011869223904583004	-0.00012118710337825044	0.0
1235000.0	355.617565355405	-3.5660459817522603	-3488.030511814935	0.01241437369308529	-0.0001346927689850029	0.0
1246000.0	359.40052175099976	-3.661738006626651	-3488.3432089329704	0.013193599823617008	-0.00015529103567845856	0.0
1257000.0	356.932986710156	-3.763593043222	-3488.5914752715703	0.011966910203092818	-0.00013157065975696533	0.0
1268000.0	360.0858973958186	-3.8689651856094245	-3488.8543515389792	0.012566508720842862	-0.00014575627625775488	0.0
1279000.0	357.46227558806186	-3.9782204065318925	-3489.1204538303423	0.013130509539583057	-0.00016795266440731461	0.0
1290000.0	360.9882916690139	-4.0799475201430155	-3489.4618963203025	0.011947762041150778	-0.0001426185194004278	0.0
1301000.0	361.82232221529745	-4.177652001718017	-3489.6595708489003	0.012639702655857343	-0.0001570225778384452	0.0
1312000.0	359.2000349590725	-4.288475249510456	-3489.9262584376506	0.013188654434858726	-0.00018003771113882586	0.0
1323000.0	362.8865793235023	-4.391395621387221	-3490.2504316963254	0.012106519246525504	-0.00015339562684934561	0.0
1334000.0	363.54506932335016	-4.492023418076123	-3490.4669021058457	0.012719051473000897	-0.00016849069870325702	0.0
1345000.0	363.64178045511744	-4.608546099447661	-3490.7589101804297	0.013330034317478034	-0.00019227810045714146	0.0
1356000.0	361.19271947400944	-4.7155594171706525	-3491.0071107290582	0.01219282314567871	-0.0001643954727874146	0.0
1367000.0	364.33161973078336	-4.824754828701299	-3491.272984336659	0.012750345847817313	-0.00018059909863658852	0.0
1378000.0	365.37899076469375	-4.929375484506751	-3491.568691975334	0.013387920984808899	-0.0002046657648936169	0.0
1389000.0	362.93725871407315	-5.038378847307816	-3491.817071340789	0.012284931026826929	-0.00017561637078353926	0.0
1400000.0	363.3344520475605	-5.152728010654688	-3492.0650455128	0.012744689917890462	-0.0001925394586426328	0.0
1411000.0	367.11200104591325	-5.256051497969964	-3492.3798841070493	0.013453445645844386	-0.00021727167935657425	0.0
1422000.0	366.94682366918215	-5.376317633540789	-3492.700628472708	0.012259173841933979	-0.00018749860523155013	0.0
1433000.0	367.8028376116144	-5.480932552515269	-3492.8986262332182	0.012892105195397408	-0.0002044762580214847	0.0
1444000.0	365.1807440859659	-5.598895344140064	-3493.167883697259	0.013385709951012847	-0.00023060236138170744	0.0
1455000.0	368.67626050020823	-5.710363615217005	-3493.516417716753	0.01234181488933217	-0.00019914520877229586	0.0
1467000.0	371.4376420220099	-5.817869574523592	-3493.7308423714167	0.012456250678198888	-0.00020321810878435632	0.0
1478000.0	366.90710760422115	-5.9494548069361555	-3493.9902677295086	0.012892845276565756	-0.00022149860603545152	0.0
1489000.0	370.68359792008283	-6.057148272511282	-3494.306904185784	0.013571265734444893	-0.00024793459953862534	0.0
1500000.0	370.5068102845151	-6.1812070754043615	-3494.630332229742	0.012435083821595638	-0.00021553428312322612	0.0
1511000.0	371.3753147181673	-6.2902206794741105	-3494.8287143236244	0.01303833562169121	-0.00023386905515151123	0.0
1522000.0	368.7546017159461	-6.412064307300163	-3495.099297402398	0.013504463241560405	-0.0002616088941578415	0.0
1533000.0	372.23633841034916	-6.527701819776948	-3495.4509295137636	0.012515269886369973	-0.00022765635235707724	0.0
1544000.0	373.09537061880815	-6.638502176336225	-3495.6492798705162	0.013115132591825063	-0.00024651088117265754	0.0
1555000.0	373.18746865666327	-6.765024806172907	-3495.945715805003	0.013643729760407508	-0.00027483236215514184	0.0
1566000.0	374.1674954823155	-6.877635657547041	-3496.250706128072	0.012664269018350716	-0.00023989911001976588	0.0
1577000.0	371.1471824890892	-7.005459164711074	-3496.447973753653	0.013066561017515799	-0.00025980050999983503	0.0
1588000.0	374.92246846851873	-7.119770764279096	-3496.7688534726944	0.013702125091167527	-0.00028823185501357373	0.0
1599000.0	372.52108380584883	-7.239456343495543	-3497.0167508626996	0.01275052245992181	-0.00025241166757393463	0.0
1610000.0	372.884960003717	-7.364229407012213	-3497.272505774821	0.013135176467520493	-0.00027279965861738004	0.0
1621000.0	376.66008877725	-7.479410600879391	-3497.592131669919	0.013769223305898581	-0.00030182437924413524	0.0
1632000.0	376.46451582423015	-7.609886483170624	-3497.9201185487327	0.012718060737789916	-0.0002655109269965074	0.0
1643000.0	377.35414794023154	-7.726193209387609	-3498.119095294968	0.01327785620823052	-0.00028590320813329934	0.0
1654000.0	374.73639771610215	-7.854179886291967	-3498.3916578222147	0.013703899746696946	-0.0003160849929945281	0.0
1665000.0	378.1954802605558	-7.976978367512021	-3498.7484832241366	0.012794919360388901	-0.0002784115740953018	0.0
1676000.0	379.0576098835222	-8.086547997922791	-3498.9474004428503	0.01334522611195399	-0.0002992854149081736	0.0
1687000.0	376.47315328379483	-8.225096025283811	-3499.2208365205565	0.01376301289635462	-0.00033003211420259276	0.0
1698000.0	380.1419446090399	-8.348349318078776	-3499.554535472235	0.012940022386851213	-0.0002914644383823252	0.0
1709000.0	380.80856642718317	-8.468778432231755	-3499.7781251286237	0.013420922743764718	-0.00031277933818586734	0.0
1721000.0	383.1567772117542	-8.603861897818527	-3500.034976169794	0.01341799763114504	-0.00031798701680166297	0.0
1732000.0	381.9680881150812	-8.735658687238049	-3500.380966566312	0.01394696848860888	-0.0003489654906852005	0.0
1743000.0	381.75499260047695	-8.872038562687786	-3500.713238681528	0.012955567451907735	-0.00030986233756001916	0.0
1754000.0	382.6606291650434	-8.994850070864834	-3500.9130645119053	0.01348457386798918	-0.00033178623081304634	0.0
1765000.0	380.0435034406764	-9.12794205460857	-3501.1875890555607	0.013882573371226448	-0.0003638011031120818	0.0
1776000.0	383.48165619915864	-9.256362542713989	-3501.5489383425816	0.013030090276989537	-0.0003233859146124056	0.0
1787000.0	384.39078352629775	-9.381086809095498	-3501.7491505256316	0.0135507621292974	-0.00034574597819933897	0.0
1798000.0	381.7762192622493	-9.515567078756796	-3502.0241703172037	0.013941659400096063	-0.00037824691576407096	0.0
1809000.0	385.2053499228914	-9.646489538392546	-3502.3872960940857	0.013103757864128873	-0.0003371514446671546	0.0
1820000.0	386.1041848790844	-9.77238610403345	-3502.5872190094465	0.013625791631739048	-0.0003598956182029392	0.0
1831000.0	386.1866047616756	-9.912512125435505	-3502.890224456398	0.014077326947979918	-0.00039288649392454564	0.0
1842000.0	389.21063547945346	-10.029215675606855	-3503.1369279833257	0.013244952699031032	-0.00035104197615257876	0.0
1853000.0	387.83252475639716	-10.168388984581496	-3503.4274327140683	0.01369154721848087	-0.0003742045460026558	0.0
1864000.0	385.23245179103975	-10.307020790642445	-3503.704494895183	0.014059313102115611	-0.0004077030773355396	0.0
1875000.0	388.88731209204576	-10.440492346926236	-3504.043933135346	0.013317143470558124	-0.00036520049182462225	0.0
1886000.0	385.8723556324619	-10.583346606719088	-3504.246642953873	0.013640888484193425	-0.00038917937215752	0.0
1897000.0	389.63427683946185	-10.714717975069588	-3504.5758476108535	0.014194043232922171	-0.00042270875686926945	0.0
1908000.0	387.282824667444	-10.849872362418402	-3504.824990450674	0.013388877323028847	-0.0003795118977414011	0.0
1919000.0	387.5979193082898	-10.989535179709202	-3505.0916149721743	0.013706357435592675	-0.00040385752809515146	0.0
1930000.0	391.35529415742985	-11.12263438044887	-3505.4218850072793	0.014252306023023298	-0.00043783805924412986	0.0
1941000.0	389.01205043490927	-11.259716713498563	-3505.6711900085234	0.013469751444497469	-0.0003940367393379905	0.0
1952000.0	392.0517278721579	-11.4013411138446	-3505.9600753326545	0.013842885171297725	-0.00041873414673798334	0.0
1963000.0	395.68315940905603	-11.535431923618376	-3506.284020073965	0.01432079718986623	-0.0004531797261302581	0.0
1974000.0	392.83614043940287	-11.68261637435729	-3506.607986817545	0.01343093482624047	-0.00040909081376292594	0.0
1985000.0	393.77381297350513	-11.816465209349557	-3506.80916390853	0.013910389663589928	-0.00043378313777000035	0.0
1996000.0	391.15794711192126	-11.961672316022643	-3507.088189072296	0.014258276225426636	-0.0004691136478581215	0.0
2007000.0	392.4652120801047	-12.094439490556406	-3507.3697920545983	0.013611311220639966	-0.00042363595122677997	0.0
2018000.0	395.49200179680423	-12.239393591403848	-3507.6614436204877	0.013971465546825712	-0.000449033205633359	0.0
2029000.0	392.87545899086746	-12.385093800237593	-3507.9410336820933	0.014316567937555424	-0.0004848043856399767	0.0
2040000.0	396.26301123560734	-12.527278041833258	-3508.313661442168	0.013571578898172287	-0.000439070448649128	0.0
2051000.0	397.1926382307476	-12.664911867640194	-3508.5147396572115	0.0140455530882857	-0.00046443836049876036	0.0
2062000.0	397.2654346506802	-12.816434905579833	-3508.8240236874713	0.014449383704056018	-0.0005006194230900568	0.0
2073000.0	394.94358642868974	-12.960077448830958	-3509.073480042193	0.013707580729297675	-0.00045435276686220383	0.0
2084000.0	395.23398201728975	-13.107740624759822	-3509.3460288273004	0.013994755047741725	-0.00048044951150309767	0.0
2095000.0	398.9969982671682	-13.248073978043974	-3509.6769993036855	0.014518494333129572	-0.0005166318147805798	0.0
2106000.0	398.7313708288995	-13.401307793855024	-3510.022210690005	0.013677677330915072	-0.0004701248909596348	0.0
2117000.0	399.6892737576566	-13.542351271612818	-3510.224027215147	0.014128795028284902	-0.0004961840174254398	0.0
2128000.0	397.08204734898436	-13.692164320361883	-3510.5045572738964	0.014457244911923572	-0.0005331961715863212	0.0
2139000.0	400.4526641775481	-13.839249622995885	-3510.8807834089416	0.01374703576873837	-0.0004857496629139535	0.0
2150000.0	401.39791117701424	-13.981841530406443	-3511.0824686526867	0.014203026468939894	-0.0005121282996727941	0.0
2161000.0	404.34787707002107	-14.137060870798003	-3511.409437467149	0.014588974329863058	-0.0005495293047693903	0.0
2172000.0	399.16895133858634	-14.284504083311463	-3511.642126281091	0.01388142531650205	-0.0005015269119870991	0.0
2183000.0	399.4467914862087	-14.436401971487632	-3511.91783838776	0.014152456932617685	-0.0005285965787592967	0.0
2194000.0	403.21043144756135	-14.581439663689155	-3512.2507084671574	0.014658739598334636	-0.0005659935052609796	0.0
2205000.0	400.90542970631833	-14.731007853760635	-3512.5032147975458	0.013960544808778286	-0.0005175120559499785	0.0
2216000.0	403.90640795926856	-14.8846465656187	-3512.8013398165153	0.01428516462444307	-0.0005448632859741398	0.0
2227000.0	410.74739915259323	-15.022255437316886	-3511.9630983093343	0.014598435017446176	-0.00058306014270227	0.0
2238000.0	404.6586580053134	-15.19012118606743	-3513.463069359556	0.01391984562729176	-0.0005339957879007262	0.0
2249000.0	405.6352935341568	-15.336945708152248	-3513.66544713507	0.014348482419702435	-0.0005613017820845917	0.0
2260000.0	403.03261689456076	-15.49217101519966	-3513.9479319555344	0.014657425663039403	-0.0005998543500780398	0.0
2271000.0	403.5661425188412	-15.63194787887114	-3514.1932052593315	0.014304578324935369	-0.000572031739801214	0.0
2282000.0	407.34532371615234	-15.793330160004013	-3514.531196692333	0.014422705978081707	-0.0005779223507624137	0.0
2293000.0	407.4153925736495	-15.954251926863117	-3514.844831648541	0.014787764293270333	-0.000616846561460993	0.0
2304000.0	408.39516082250606	-16.10417051395446	-3515.1640964070975	0.01411993667668976	-0.0005668287450130982	0.0
2315000.0	405.3925007269547	-16.265071482876213	-3515.374221321068	0.014371972373438568	-0.0005950766959907927	0.0
2326000.0	409.141694290535	-16.417237836344057	-3515.7134388043028	0.014846303413054596	-0.0006340209163785762	0.0
2337000.0	406.8731421907326	-16.571212613268028	-3515.962985104834	0.014198362873170334	-0.000583527318601243	0.0
2348000.0	409.85517965759146	-16.730753420618978	-3516.2658456132463	0.01450310136011379	-0.0006120482455264503	0.0
2359000.0	410.885738748728	-16.88269775249401	-3516.5807119982223	0.014916789325498003	-0.0006513110404714681	0.0
2370000.0	410.58773097400217	-17.046729520814658	-3516.9345573344085	0.014156744321753845	-0.0006006926753707176	0.0
2381000.0	411.5843006190991	-17.199364812539827	-3517.1374438376333	0.014565874273629653	-0.0006291554338807501	0.0
2393000.0	412.19002110961696	-17.359994259019768	-3517.320830392457	0.014502712131210238	-0.0006356261236087069	0.0
2404000.0	412.6991804286811	-17.531762931204714	-3517.772911077273	0.014965417967748307	-0.0006753783524918386	0.0
2415000.0	413.67839750685084	-17.68631993049996	-3518.095275061662	0.01432666238327962	-0.0006238440768856907	0.0
2426000.0	417.59358172595734	-17.828438040804446	-3518.222713732868	0.014678321870934541	-0.0006526624181673671	0.0
2437000.0	414.4182141566976	-18.00528327435097	-3518.6488131099127	0.01502759540195564	-0.0006931197329325262	0.0
2448000.0	412.1697161166804	-18.167960822940426	-3518.8987714037758	0.014404505173032822	-0.0006411474754658905	0.0
2459000.0	412.40426160172797	-18.33175402799448	-3519.1840892562504	0.014627909521054416	-0.0006705753884878318	0.0
2470000.0	416.1604452496255	-18.489391652324347	-3519.523395812658	0.015094466431081033	-0.000711007318439337	0.0
2481000.0	415.84728875993414	-18.658186493507227	-3519.8812838874314	0.014362247317728283	-0.0006589426363387829	0.0
2492000.0	416.85822916841215	-18.81692954740726	-3520.084881532735	0.014756710659047156	-0.0006883392278594219	0.0
2503000.0	414.25645142666093	-18.981725341495146	-3520.3717819906838	0.01503570860740977	-0.0007294463254157377	0.0
2514000.0	417.5678569826218	-19.144684377450385	-3520.7622598293806	0.014428405379123266	-0.0006765831660276514	0.0
2525000.0	418.5633895143128	-19.303467891002537	-3520.965568792462	0.014830842771288433	-0.0007062120771673605	0.0
2536000.0	418.6262642255561	-19.474336624104208	-3521.2849969259237	0.01516344900789357	-0.0007476451186009397	0.0
2547000.0	419.60744491444484	-19.634588263604527	-3521.609612816468	0.014556780412904757	-0.0006944201268637637	0.0
2558000.0	416.61078354179836	-19.806683959038452	-3521.82324559602	0.014780532299523141	-0.0007246600937884859	0.0
2569000.0	420.3511605223236	-19.9682689383789	-3522.1688715233263	0.015221974174334685	-0.000766057923737809	0.0
2580000.0	418.1200117863334	-20.132511418705548	-3522.418007519345	0.014622068072575045	-0.0007124131450516463	0.0
2591000.0	418.34034865516156	-20.301511807015856	-3522.707769024255	0.014842892885692294	-0.0007428548930511272	0.0
2602000.0	422.07350023330736	-20.46544228972768	-3523.054676893822	0.01528034876534723	-0.0007845842469425823	0.0
2613000.0	419.8517079096116	-20.631402708250942	-3523.304158448252	0.014699507302833759	-0.0007306048770500534	0.0
2624000.0	422.7924750440208	-20.803226717036846	-3523.6170966675145	0.014970030879556395	-0.0007612981055216128	0.0
2635000.0	427.36314338302367	-20.96720030146965	-3523.9500623302824	0.015351612835849071	-0.000803338220604688	0.0
2646000.0	423.48308618762303	-21.143263464962274	-3524.300309134138	0.014656696503799083	-0.0007492686743606133	0.0
2657000.0	424.51602964628137	-21.308148606398365	-3524.5062501903108	0.01503154999918288	-0.0007798881321688031	0.0
2668000.0	421.92671599377735	-21.48096258074295	-3524.795196643097	0.015295040683519057	-0.0008226043129752683	0.0
2679000.0	425.5372250085971	-21.650375857079805	-3525.155063632547	0.014783430873988257	-0.0007678158332580995	0.0
2690000.0	426.221689812856	-21.817362098999293	-3525.3963286402873	0.015105837787042775	-0.0007986701847121774	0.0
2701000.0	426.27953449700635	-21.9949431283902	-3525.719516245322	0.01541989720627246	-0.0008416494384413525	0.0
2713000.0	424.0721114819408	-22.165066048733394	-3525.96876363312	0.014848029242643612	-0.0007864977702318962	0.0
2724000.0	427.02686464375364	-22.35549750459283	-3526.4070008199706	0.014792224550426614	-0.0007934975859902674	0.0
2735000.0	431.7206698205848	-22.509555185734133	-3526.4665337113315	0.015171114486130843	-0.0008246917997130551	0.0
2746000.0	428.10807524491355	-22.703626746012503	-3526.935506157682	0.01548025117667362	-0.0008680787251389502	0.0
2757000.0	429.09406870779634	-22.87290213566166	-3527.2633434745753	0.014918253723800623	-0.0008124584139609162	0.0
2768000.0	429.7779920040034	-23.043938697438005	-3527.506244356337	0.015232683468700436	-0.0008438659629693979	0.0
2779000.0	429.8338872662029	-23.22478307195732	-3527.831407870886	0.015538692107823326	-0.0008875285780136077	0.0
2790000.0	427.63990351004605	-23.39847602261291	-3528.080257398431	0.014981913244027423	-0.000831547399978122	0.0
2801000.0	427.8333389372488	-23.57683269442425	-3528.3772034476992	0.015183193417638297	-0.0008634729526295556	0.0
2812000.0	431.58408911533803	-23.74965766978849	-3528.723620475208	0.015610717972466048	-0.0009071281869657	0.0
2823000.0	435.047784456742	-23.932422530024777	-3528.941874294411	0.014952540662513725	-0.000851125646422389	0.0
2834000.0	432.29031911755965	-24.107496712922742	-3529.2983423616492	0.015307901830921233	-0.0008830083551567142	0.0
2845000.0	429.707536657256	-24.286854841765514	-3529.589490571743	0.015554856583495758	-0.000927250857934811	0.0
2856000.0	432.9624466180967	-24.465352727960678	-3529.9923649442885	0.015017175065715094	-0.0008705669208602801	0.0
2867000.0	433.99962484312954	-24.639691777751178	-3530.1974221784276	0.015382521000085525	-0.0009026375140823856	0.0
2878000.0	434.055310656639	-24.82579683821335	-3530.524662845479	0.015678690722407573	-0.0009471654572179855	0.0
2889000.0	435.0622524259875	-25.002841606183384	-3530.8528026412823	0.0151452295823844	-0.0008902335593379829	0.0
2900000.0	432.05485556806667	-25.188349734268822	-3531.0737086470585	0.015333108554360209	-0.0009227851768349865	0.0
2911000.0	435.7849799589715	-25.366402783241384	-3531.427747708944	0.01573727047500806	-0.0009672776431170066	0.0
2922000.0	433.5973199058112	-25.539920593255953	-3531.6768217113404	0.015217736594220987	-0.0009099984507031228	0.0
2933000.0	433.79258899150636	-25.732686976313417	-3531.97800283722	0.015394899375744231	-0.0009428010626157668	0.0
2944000.0	437.5410076720763	-25.91127614502003	-3532.326753804629	0.015809774754437234	-0.0009875434191998073	0.0
2955000.0	437.1748924111105	-26.101193628292204	-3532.6999306509515	0.015174785629098908	-0.0009302080471010471	0.0
2966000.0	438.25051345123194	-26.281727492463045	-3532.9062050893976	0.015518116195369469	-0.0009629414718588941	0.0
2977000.0	435.66481398592504	-26.46782682963959	-3533.1991065826064	0.015754378069080532	-0.0010082696266983104	0.0
2988000.0	439.26862351232404	-26.653503843084195	-3533.566497029389	0.015297773605534859	-0.0009503404938764892	0.0
2999000.0	439.96032879164426	-26.83621848857375	-3533.8128943564006	0.015593834319362232	-0.0009833003912314148	0.0
3010000.0	440.0135347447515	-27.02964710958841	-3534.1418447011906	0.015877317108512257	-0.001028946870869074	0.0
3022000.0	449.014291651523	-27.196177303087477	-3534.386618298536	0.01592904954858554	-0.001036261852626591	0.0
3033000.0	440.7344840424066	-27.42197380702106	-3534.8456712358334	0.0153069932974359	-0.0009782256407349227	0.0
3044000.0	441.8199236395113	-27.605817577930633	-3535.051942153099	0.01564341689685156	-0.0010114056371701013	0.0
3055000.0	439.24522178258127	-27.796246625739936	-3535.3458141404153	0.015874604195679876	-0.0010573633283340877	0.0
3066000.0	442.83787312387295	-27.98568220843492	-3535.7148276594658	0.015429066301206218	-0.0009987044089121294	0.0
3077000.0	439.8579275542459	-28.18129286759688	-3535.935770768307	0.015608652258481293	-0.0010323892736783663	0.0
3088000.0	443.5839576866245	-28.369757299988933	-3536.294177561071	0.015996455456514846	-0.001078326079641423	0.0
3099000.0	441.4507671157864	-28.559449222979424	-3536.5428845775386	0.015506413284782194	-0.0010194069660082183	0.0
3110000.0	441.6027396787003	-28.754809315839978	-3536.8491579423917	0.015670263561774256	-0.0010532742917916393	0.0
3121000.0	445.31933435948076	-28.94510092298846	-3537.2082368815663	0.016055269255158766	-0.0010994588589633009	0.0
3132000.0	443.18284877587615	-29.13662871623767	-3537.4571096783097	0.015555190336946412	-0.0010402267044686553	0.0
3143000.0	443.3342541631012	-29.333491769540984	-3537.76478544615	0.015731181120869575	-0.0010742895478701442	0.0
3154000.0	451.3565345027776	-29.524298003538217	-3538.1209389041765	0.016128810610515742	-0.001120737339146638	0.0
3165000.0	444.92349819400016	-29.72013126932508	-3538.374207126468	0.015632264565751397	-0.00106127465887014	0.0
3176000.0	447.7907087984824	-29.92037682938071	-3538.705801878356	0.015851947189175153	-0.0010955236481446085	0.0
3187000.0	445.21185243411264	-30.11925055486221	-3539.00170700846	0.016074005243599254	-0.001142500449249989	0.0
3198000.0	448.39105794438655	-30.309802573914695	-3539.417813428065	0.015589801839657191	-0.001082748978524603	0.0
3209000.0	449.4985981661235	-30.51247158559451	-3539.624313966411	0.015927074907746253	-0.0011169400497944154	0.0
3220000.0	446.95380253989623	-30.714295913665335	-3539.9222004588446	0.016133184368837705	-0.001164159622215874	0.0
3231000.0	450.1459662247023	-30.91458509127322	-3540.339520084381	0.015652558644599912	-0.0011041065569658143	0.0
3242000.0	451.22843337261185	-31.10955712245287	-3540.545551451681	0.01598851209703467	-0.0011384882599651813	0.0
3253000.0	451.27440222972245	-31.318547882133828	-3540.8818771866886	0.016252995836109063	-0.0011859523639475844	0.0
3264000.0	449.1610963276048	-31.51880541852538	-3541.1308435172764	0.01577189562681358	-0.0011256372796300124	0.0
3275000.0	449.2970196052734	-31.72431984505981	-3541.441660221522	0.015939776680005346	-0.00116046113309759	0.0
3286000.0	453.0058206867327	-31.92597470908147	-3541.806438083689	0.01631165609945673	-0.0012079096064534917	0.0
3297000.0	450.90198196335297	-32.12786819698547	-3542.055580113332	0.01584893500497553	-0.001147363981495203	0.0
3308000.0	451.02765639128575	-32.33587229989652	-3542.368346575667	0.016000310638889514	-0.0011823560038081021	0.0
3319000.0	454.76657788579655	-32.53799092727153	-3542.7253020313838	0.01638489045868563	-0.0012300242290142205	0.0
3330000.0	454.3600242768234	-32.75109200378035	-3543.1107232859254	0.01580637486121339	-0.0011694650538652956	0.0
3341000.0	455.4818140984253	-32.955049840868874	-3543.3192323117187	0.0161193175603096	-0.0012044290640614852	0.0
3352000.0	452.90800991274597	-33.165671601493834	-3543.6179701192355	0.016331716727298717	-0.0012526391918375318	0.0
3363000.0	456.0880615805122	-33.37441205216474	-3544.0401212564025	0.01586880328265572	-0.0011915487150947895	0.0
3374000.0	457.21049260139375	-33.580196146055165	-3544.2490910033735	0.01617937048684892	-0.0012266709097528555	0.0
3385000.0	457.2271604652821	-33.79536526822954	-3544.586424158198	0.016450579801495335	-0.0012750772895901569	0.0
3396000.0	462.8697090221477	-34.00303041572827	-3544.6896486127876	0.015992369263740924	-0.0012138128610595794	0.0
3407000.0	455.24566261610704	-34.21946097267277	-3545.1517007451334	0.016146648846640188	-0.0012493346595453814	0.0
3418000.0	458.9577717188702	-34.42880528249656	-3545.518350575523	0.016508904482292808	-0.0012976950722758673	0.0
3429000.0	456.8770793465964	-34.63921072169351	-3545.7673282806995	0.016063697380115816	-0.0012361438478988018	0.0
3440000.0	456.9873662237164	-34.85687479011401	-3546.0845637321777	0.016207753305591543	-0.0012718952950679374	0.0
3451000.0	460.723544886896	-35.06709391788875	-3546.444075258051	0.016582789374489204	-0.0013204850590614187	0.0
3462000.0	460.3042261409584	-35.28862628782997	-3546.8336029342995	0.016021393512274162	-0.0012589246273103094	0.0
3473000.0	461.4422470054274	-35.50008317056123	-3547.0424574410317	0.0163251226366401	-0.0012945738748122576	0.0
3484000.0	458.88381378107573	-35.717737731827945	-3547.342250363566	0.016530928813012657	-0.0013436707724348296	0.0
3495000.0	462.0360207407145	-35.93672748092509	-3547.7696875228817	0.016083525515096175	-0.0012816564258883723	0.0
3506000.0	463.14826401833415	-36.14911387681139	-3547.977183611229	0.016400577142325012	-0.0013174691202116756	0.0
3517000.0	460.617335321532	-36.36928998744899	-3548.2791857298585	0.016589433090119066	-0.001366772763994037	0.0
3528000.0	464.1801471610316	-36.588406200177126	-3548.660090323086	0.016199894523674097	-0.0013044978537180424	0.0
3539000.0	461.21149345970815	-36.81272693506889	-3548.888173777575	0.016353263522466133	-0.0013407392241647498	0.0
3550000.0	462.35216874172585	-37.0285202205082	-3549.2187549209143	0.0166481091915629	-0.001390091216249431	0.0
3561000.0	465.90939152265213	-37.24834650250872	-3549.6001423589537	0.01626133675269026	-0.0013275646253659013	0.0
3572000.0	462.9401964840633	-37.47441218591114	-3549.828973511627	0.016413227105571693	-0.001363958738062096	0.0
3583000.0	464.0786722176804	-37.68975649845427	-3550.1593542531937	0.01670623928413506	-0.0014134495397961355	0.0
3594000.0	467.6338467742398	-37.912270278795184	-3550.5421199892935	0.016322454305469858	-0.0013507231661671337	0.0
3605000.0	468.3317086959575	-38.13194980454724	-3550.799097657915	0.01657991077549359	-0.0013870601285586731	0.0
3616000.0	465.8007358693947	-38.35804290612745	-3551.1032483605923	0.01676413733792126	-0.0014370173120063223	0.0
3627000.0	469.3526827102376	-38.583081734346756	-3551.487255562666	0.016383315183028158	-0.0013741161492447501	0.0
3638000.0	470.04964839326635	-38.80465906127241	-3551.745058983836	0.01663920494698945	-0.001410617963120378	0.0
3650000.0	475.0678674375942	-39.03703608871555	-3551.8172501087306	0.016625957597937724	-0.0014193621944397355	0.0
3661000.0	471.18172491618014	-39.278999476283666	-3552.429588377978	0.016932850787338527	-0.0014694014288666873	0.0
3672000.0	470.7354666833976	-39.5134422123161	-3552.8270295518196	0.01639381697257769	-0.0014064564262140228	0.0
3683000.0	471.8937157049383	-39.73776824993248	-3553.038264053712	0.016685129305358704	-0.0014432205855436642	0.0
3694000.0	469.32312786252595	-39.96499631305591	-3553.341081605689	0.01688190954804636	-0.0014936896699999508	0.0
3705000.0	472.4500137274828	-40.196722572298945	-3553.7775524947288	0.016455085046343187	-0.0014302736297440583	0.0
3716000.0	473.57960081350416	-40.42198463499488	-3553.9874784470026	0.01676021015880136	-0.0014672163203413718	0.0
3727000.0	473.60931048308294	-40.65785860003914	-3554.3352720931	0.016996023241758307	-0.0015179144710049386	0.0
3738000.0	474.59898824599844	-40.88395003723004	-3554.680126237741	0.016568855090136836	-0.0014542726966940006	0.0
3749000.0	471.6315988847005	-41.119989310097395	-3554.9126751760195	0.01671313618142145	-0.0014916067096347324	0.0
3760000.0	475.32602490584424	-41.349873937953625	-3555.289241640921	0.017053594281272177	-0.0015423084044714208	0.0
3771000.0	473.2952966408412	-41.57867900196993	-3555.5392336548043	0.01664590501155505	-0.0014784813111556327	0.0
3782000.0	478.6042097056724	-41.79107384266297	-3555.557523837222	0.016772900731525375	-0.0015159586519153945	0.0
3793000.0	477.0838871336689	-42.04286307533817	-3556.2350950930086	0.017127731376159083	-0.0015668290107958421	0.0
3804000.0	476.6262651742297	-42.281756665245666	-3556.6361060641902	0.016603006823708633	-0.001502987542634518	0.0
3815000.0	477.8006458728716	-42.51189670235607	-3556.848266860626	0.016886671477980064	-0.0015404338706397486	0.0
3826000.0	475.2506916335138	-42.745982204712085	-3557.1531259539497	0.017077284957526917	-0.0015917471790858756	0.0
3837000.0	478.8298226251151	-42.98237586281735	-3557.5379282242393	0.0167229245892615	-0.0015275778129121287	0.0
3848000.0	484.7356703692096	-43.1982489628038	-3557.4887846164515	0.016963621499833215	-0.001565316899554997	0.0
3859000.0	479.51899453378036	-43.45565056238396	-3558.1561343576764	0.017190699869802817	-0.0016167328224222788	0.0
3870000.0	480.5111533734143	-43.68446651154206	-3558.5020630921535	0.016776722393730292	-0.0015521928096264015	0.0
3881000.0	477.54808319893505	-43.92407735608648	-3558.736275617541	0.01691559072431481	-0.0015901382087442906	0.0
3892000.0	481.2386703205754	-44.15674769444505	-3559.1153736701726	0.01724829450300014	-0.0016416061979810798	0.0
3903000.0	479.2209292952589	-44.3898072168605	-3559.36472259254	0.01683686950483665	-0.0015769308729218778	0.0
3914000.0	485.32206566481744	-44.62036739107754	-3557.68868570923	0.016975206792496422	-0.0016150229668693006	0.0
3925000.0	482.9556808241553	-44.86442603766867	-3560.0782469533665	0.017305656395462776	-0.0016667849628019815	0.0
3936000.0	480.94997527938654	-45.098447959635166	-3560.328477489358	0.01691362221959869	-0.0016019500186352231	0.0
3947000.0	483.7157899341884	-45.33255231511024	-3560.6834837617694	0.017094337033657148	-0.0016402672537450258	0.0
3958000.0	481.15967258195195	-45.578224253334405	-3560.9932865320175	0.017272377382163473	-0.0016923456104704637	0.0
3969000.0	487.0928694714671	-45.794264174184285	-3561.2503945463613	0.01687209387339017	-0.0016272759022841754	0.0
3980000.0	490.78602615358176	-46.029987318172836	-3561.3224612953127	0.01714630455028754	-0.0016654463355644245	0.0
3992000.0	488.3646578019514	-46.28618270738684	-3561.6258253905107	0.0170969771389613	-0.0016748249746275645	0.0
4003000.0	486.5374020390083	-46.54856714094708	-3562.347377999586	0.017439325688159757	-0.0017270114227241895	0.0
4014000.0	484.5003522280204	-46.785161981039714	-3562.607452267084	0.01703729426785605	-0.001661688870310124	0.0
4025000.0	487.25869421258903	-47.03009818159497	-3562.966517809753	0.017207437843730355	-0.0017003537656939682	0.0
4036000.0	484.70384275256583	-47.269099071392624	-3563.2759349317553	0.01738942090858986	-0.0017529194753888866	0.0
4047000.0	487.78259231224473	-47.509726871710605	-3563.7240107467146	0.016995977390027894	-0.0016874190574896752	0.0
4058000.0	488.9797382683546	-47.74538971115149	-3563.9378020335794	0.017266200068435822	-0.0017259584125937921	0.0
4069000.0	486.439889972507	-47.98575278474115	-3564.24578324176	0.017447647838342073	-0.0017787520410332547	0.0
4080000.0	489.96411412191287	-48.2268839520728	-3564.641122577485	0.01710630510561706	-0.0017130745182583895	0.0
4091000.0	490.66764058175085	-48.46462247719531	-3564.9071084080097	0.01734198122657804	-0.0017518174388642394	0.0
4102000.0	496.5223494128896	-48.691313225224974	-3563.1746571012977	0.017558748550182468	-0.0018048024935307383	0.0
4113000.0	491.684947439669	-48.95081372238209	-3565.614998150812	0.017166282218944007	-0.0017390082707073318	0.0
4124000.0	488.7279018971777	-49.195241955660265	-3565.852618928642	0.017296355159300836	-0.0017780265543016205	0.0
4135000.0	492.409392681115	-49.43682082875822	-3566.2346306931577	0.017616160561454652	-0.0018310852387322663	0.0
4146000.0	490.4372073373867	-49.67391208448524	-3566.488241557567	0.017243104121478225	-0.0017649518669136388	0.0
4157000.0	490.464769094705	-49.920799328582234	-3566.8281962315855	0.01735572203986835	-0.0018041992099216975	0.0
4168000.0	511.9341163044255	-50.11728459216358	-3564.625078801604	0.01770043999647397	-0.0018575404923985295	0.0
4179000.0	493.6862648691074	-50.41610604028141	-3567.618728664509	0.01720166544391377	-0.0017915545604712535	0.0
4190000.0	501.423317065953	-50.64221368669171	-3565.634035395224	0.017465863858683317	-0.0018305920274041265	0.0
4201000.0	492.3690096904468	-50.899433066917915	-3568.142452803829	0.01764277809361059	-0.0018842503067353356	0.0
4212000.0	495.4093778752311	-51.14274692700761	-3568.595643860943	0.01726195293752908	-0.0018177372031027983	0.0
4223000.0	496.6235455811788	-51.38149880398199	-3568.809791920166	0.01752429950313772	-0.0018569638136658462	0.0
4235000.0	499.90890848676486	-51.62558801050588	-3568.741304758177	0.01747562610802955	-0.00186669985427948	0.0
4246000.0	503.54727687017316	-51.89253299920289	-3569.478358940933	0.017807398242288608	-0.0019203039495218344	0.0
4257000.0	497.221950125672	-52.14461016051962	-3569.9292429312723	0.017324361193891802	-0.0018538638620851366	0.0
4268000.0	498.4469908588124	-52.387629413395906	-3570.14420494807	0.017585138288481295	-0.0018933723414356896	0.0
4279000.0	495.9168680781485	-52.634327954390905	-3570.4545542587925	0.017759462843919938	-0.0019473607121299474	0.0
4290000.0	498.94683736950077	-52.88341918276168	-3570.9113891863203	0.017384681580794092	-0.0018805364691515947	0.0
4301000.0	500.1693132932474	-53.12719656161594	-3571.1268964542055	0.017643431278592026	-0.001920162377911011	0.0
4312000.0	497.63963218693044	-53.375648812828196	-3571.437984975493	0.01781687376935781	-0.001974334843578507	0.0
4323000.0	500.6634166073559	-53.62662305259234	-3571.896243364535	0.01744417559935285	-0.0019073697064277972	0.0
4334000.0	498.19630647821805	-53.87924823886062	-3572.080670427645	0.017616291421757913	-0.001947366579905574	0.0
4345000.0	501.8716039909331	-54.12818061423559	-3572.4716399480476	0.01792588890154212	-0.002001532542417944	0.0
4356000.0	502.8780342644504	-54.37389555203443	-3572.8263433531497	0.017569986138917137	-0.0019344067935156417	0.0
4367000.0	503.57549581994766	-54.62202108988483	-3573.0958901843915	0.017777747873808813	-0.001974309066098301	0.0
4378000.0	509.60926732310094	-54.880572095635365	-3573.4176197578577	0.017983457667243297	-0.002028856708076371	0.0
4389000.0	504.58668385650617	-55.13087110982132	-3573.814846167544	0.017611155795862032	-0.001961621120501633	0.0
4400000.0	505.2911713237996	-55.38129899215901	-3574.085291131262	0.017835758017762604	-0.002001713399299082	0.0
4411000.0	504.7445951748403	-55.61893452702032	-3574.501067510555	0.01758532340517771	-0.0019790760395872464	0.0
4422000.0	503.36252326097934	-55.892522597392464	-3574.7000086471257	0.017669980935455687	-0.0019889150673322586	0.0
4433000.0	503.36808602661586	-56.15153207976783	-3575.048920073697	0.01779168121677932	-0.002029372109044414	0.0
4444000.0	507.06985865715643	-56.4043795028609	-3575.4301768546634	0.018114927226769106	-0.0020840424031840776	0.0
4455000.0	505.0907106591469	-56.661003866003476	-3575.693487905212	0.01774691865900979	-0.00201649835074752	0.0
4466000.0	507.79723525511594	-56.92450743013631	-3576.069053086692	0.01789893136202747	-0.0020570648718200024	0.0
4477000.0	508.7870870023609	-57.18074310355234	-3576.4255496870937	0.01817190048530537	-0.0021120065119336895	0.0
4488000.0	506.808800451553	-57.43797885173526	-3576.686719938714	0.01780572735243391	-0.0020442152434481664	0.0
4499000.0	509.51054478398515	-57.707195484506435	-3577.0661601375505	0.017956618436625105	-0.002085056320032558	0.0
4510000.0	506.96892299758673	-57.965746399479315	-3577.3790822850933	0.018123845584034015	-0.0021401864153123007	0.0
4521000.0	509.91987204237904	-58.203979920450394	-3577.841226189821	0.017765328588152274	-0.0020722889224450702	0.0
4532000.0	511.2235168267721	-58.48879405360682	-3578.062404908272	0.01801444402959196	-0.0021128985996233807	0.0
4543000.0	508.6819737880878	-58.75148460086748	-3578.3752601984706	0.01818072477907684	-0.0021682781333978163	0.0
4554000.0	511.68710652543206	-59.017631746988265	-3578.843030073646	0.017824040134073682	-0.0021001874468186688	0.0
4565000.0	512.9327964296066	-59.27891335769982	-3579.0607828118486	0.01807187281873146	-0.002140923896316621	0.0
4576000.0	516.7091399190955	-59.544798099270515	-3579.3227581907468	0.018238080301974158	-0.002196512603548084	0.0
4587000.0	513.3922368722959	-59.815209429244526	-3579.843899200627	0.017882604811750413	-0.002128316409068659	0.0
4598000.0	514.6006232312308	-60.08015011262987	-3580.059454930712	0.018147708557994635	-0.002169281849356386	0.0
4609000.0	512.1193365356719	-60.35033440291041	-3580.377864375252	0.018294673026230557	-0.002225026571202937	0.0
4620000.0	515.095483536637	-60.62278960919451	-3580.8474211996895	0.017941082906180794	-0.002156660882775968	0.0
4631000.0	516.3055438389475	-60.88905473727797	-3581.062688807601	0.018205766265069423	-0.0021977197646524116	0.0
4642000.0	516.3145550611667	-61.16866793752481	-3581.4329174508766	0.018400980985081805	-0.0022536911707758678	0.0
4653000.0	517.3065831284117	-61.43749215893205	-3581.7925947810595	0.018045652401847523	-0.002185182369414812	0.0
4664000.0	520.8869982845592	-61.68836244551492	-3581.5519987344364	0.01816085531542555	-0.0022265574288340972	0.0
4675000.0	518.0164385013576	-61.9926715916105	-3582.434701936321	0.018456636852905772	-0.0022826602811286123	0.0
4686000.0	516.108537456624	-62.26478552281594	-3582.690893250027	0.018103669640307185	-0.0022139069473056383	0.0
4697000.0	516.0857933235288	-62.54475713346638	-3583.0480151558017	0.018218843675625873	-0.002255463614424913	0.0
4708000.0	519.7229051571734	-62.82101796721938	-3583.4483799991635	0.018513542870371102	-0.002311544890735706	0.0
4719000.0	517.8395230116425	-63.097031208294105	-3583.6991001467973	0.018185112970203976	-0.0022429289787086193	0.0
4730000.0	526.8902968427226	-63.3586054145946	-3583.6052935586886	0.018323279836653494	-0.0022844888394105423	0.0
4741000.0	521.4990984620994	-63.65684162217091	-3584.4459021081616	0.01858875778450253	-0.0023407447006071336	0.0
4752000.0	520.9363295429615	-63.94578168445609	-3584.877036261758	0.018139663769083603	-0.0022720086989450883	0.0
4763000.0	522.2070635801862	-64.22327863129306	-3585.0959706297544	0.01838062352482428	-0.002313580066228421	0.0
4774000.0	519.6937561069861	-64.50814327757084	-3585.4141882765457	0.0185419317064226	-0.002370303048602418	0.0
4785000.0	523.1638911595918	-64.7910742329857	-3585.8270110571907	0.01824363001535456	-0.002301166824176498	0.0
4796000.0	523.8705223710584	-65.06997783501973	-3586.104631168652	0.018456588881391456	-0.002342860208360109	0.0
4807000.0	523.8727543332076	-65.36344711482162	-3586.4784296555786	0.018646009275178566	-0.0023997280243537034	0.0
4818000.0	531.2101638247042	-65.61941213263678	-3586.6844796572477	0.01830174767047854	-0.0023304574032446956	0.0
4829000.0	521.952266420655	-65.93275205440125	-3587.089404013493	0.018413791819097636	-0.0023724889026059404	0.0
4840000.0	525.5810286655575	-66.21818696773609	-3587.493561575404	0.018702373761597224	-0.002429239772697045	0.0
4851000.0	523.707229793453	-66.50109847202462	-3587.7445985909308	0.018378626678472676	-0.002359874451704963	0.0
4862000.0	523.6604946652386	-66.79249809906301	-3588.1049865093646	0.01847108952754395	-0.0024020489145014923	0.0
4873000.0	527.3444914628662	-67.07792293390894	-3588.4958375054744	0.018777900599605823	-0.0024589802400234173	0.0
4884000.0	525.4185728855637	-67.36539201058342	-3588.761600015098	0.018437382200734653	-0.002389501854456161	0.0
4895000.0	525.3667676930407	-67.6632796593148	-3589.1207212665136	0.018528175915351275	-0.0024319660667227183	0.0
4906000.0	529.0483429734719	-67.94783760634964	-3589.515552580193	0.018833930509807084	-0.002488981502602794	0.0
4917000.0	528.493451229395	-68.24529637273149	-3589.9497738138634	0.01839708601229062	-0.0024195469647988466	0.0
4928000.0	529.7787548955428	-68.53160473044314	-3590.1717694569074	0.01863115083653777	-0.002461766863761372	0.0
4939000.0	527.2713210920255	-68.8217419096136	-3590.4904863685865	0.018788505664963484	-0.0025191977151522993	0.0
4950000.0	530.2150894489873	-69.11297926494656	-3590.9685618196804	0.018456538942928757	-0.002449435707516212	0.0
4961000.0	531.40675118843	-69.37801451954634	-3591.182960917698	0.018910749394404514	-0.002538340691992075	0.0
4973000.0	528.9608096240682	-69.66525201264206	-3591.500717930068	0.018854025814134534	-0.0025496191173247362	0.0
4984000.0	532.5546711953796	-70.01770992802591	-3591.928178062744	0.01894733829276274	-0.0025604594367164835	0.0
4995000.0	531.9182718752883	-70.2834158821475	-3592.3610337732025	0.018514456418693204	-0.002490731515827904	0.0
5007000.0	540.2017193930865	-70.59457543617572	-3592.5025091495627	0.018604657166373828	-0.002501816072776941	0.0
5018000.0	534.2981068157986	-70.92314746976488	-3592.9594459759337	0.0188023211807411	-0.002544302750862759	0.0
5029000.0	534.2996567931356	-71.22238534114723	-3593.3378703439084	0.018985603673648654	-0.0026021483639427356	0.0
5040000.0	532.437594185401	-71.51207690277481	-3593.5889901380083	0.018652758069772846	-0.00253194442507243	0.0
5051000.0	540.4344811864156	-71.791963746163	-3591.1927811489472	0.01876024080837957	-0.0025749259017899817	0.0
5062000.0	535.9998998409965	-72.10465801707828	-3594.3671409327185	0.01904072633218301	-0.0026328603882873614	0.0
5073000.0	534.1555959550773	-72.39238556358964	-3594.617819810108	0.018729635222149543	-0.002562538674137166	0.0
5084000.0	534.0875499182005	-72.68859678220048	-3594.984180490692	0.018817063313580684	-0.0026055265869219524	0.0
5096000.0	544.8118240891005	-72.97923946974225	-3594.8097815622027	0.01891761478037912	-0.002616587133648346	0.0
5108000.0	542.4135008295444	-73.30386042087348	-3595.1413429102527	0.018855260758764425	-0.0026280180673815823	0.0
5119000.0	538.8521298144733	-73.62593054386195	-3596.145567310501	0.01913379786324776	-0.002686110557674981	0.0
5130000.0	537.0142708877933	-73.91426861852734	-3596.39674781281	0.01882553230560635	-0.002615572905993624	0.0
5141000.0	536.9399195137631	-74.21378492418295	-3596.765826312698	0.018911835243654362	-0.002658879603815889	0.0
5152000.0	540.6114227806057	-74.50511634018886	-3597.162797765725	0.01920936492590264	-0.002717139391928358	0.0
5163000.0	540.0376309597722	-74.8110849879522	-3597.604656281139	0.018786840974573282	-0.002646850789919053	0.0
5174000.0	541.3447437680126	-75.1044564152949	-3597.8314721881907	0.01901263616875637	-0.002690150540287539	0.0
5185000.0	542.3116485382882	-75.39177387439425	-3598.1992324105718	0.01926499649677771	-0.0027484922008657875	0.0
5196000.0	541.7329185741196	-75.69182566256632	-3598.6432051038696	0.01884298079895763	-0.0026778739000562213	0.0
5207000.0	543.0432913996464	-75.9822497538611	-3598.86578649126	0.01906886080773007	-0.0027211691658576287	0.0
5218000.0	540.5470346583375	-76.27958809908814	-3599.1894922469496	0.01922062142286829	-0.002780057508468936	0.0
5229000.0	550.6585556281115	-76.57197126961445	-3599.0824298602092	0.01890090535178479	-0.002709152030206885	0.0
5240000.0	544.6941929045538	-76.8675947923288	-3599.9004714582825	0.019145051268337543	-0.0027526577420205756	0.0
5251000.0	544.6866177395336	-77.1705844091873	-3600.285967384605	0.019320788620462936	-0.0028115989847331546	0.0
5262000.0	552.6729850276766	-77.4358819620295	-3600.4665058857922	0.019000217356371474	-0.0027405667595973016	0.0
5273000.0	542.7826422089071	-77.76061658769991	-3600.904800768519	0.019103631771490548	-0.002784329554969406	0.0
5284000.0	546.3878790827185	-78.05870391258482	-3601.3261886571477	0.0193765374960444	-0.002843328549338525	0.0
5295000.0	544.5735449034348	-78.34965826757895	-3601.5784635353325	0.01907723586865484	-0.0027722066176691096	0.0
5306000.0	547.1879553148597	-78.65408988990464	-3601.981933195759	0.019203150769506294	-0.002816143067192939	0.0
5317000.0	545.213946607232	-78.92331627086502	-3602.23171060075	0.019352320276095014	-0.0028755620536979054	0.0
5328000.0	547.5773512352408	-79.25470790051212	-3602.8016050148963	0.019038798432383652	-0.002804291721460267	0.0
5339000.0	548.8885338729443	-79.5294518501746	-3603.0178627854207	0.019269807467453104	-0.002848229300838029	0.0
5350000.0	546.4040354339434	-79.84530877044979	-3603.349955379628	0.019408810786562425	-0.0029074831980657467	0.0
5361000.0	549.2797786685293	-80.14527567001595	-3603.8452114232737	0.019095937443406097	-0.002836071182555411	0.0
5372000.0	557.9585653948985	-80.4124416267599	-3603.420373806121	0.019337336206980194	-0.002880009011604623	0.0
5383000.0	550.5449654526849	-80.7481781180396	-3604.4533505482764	0.01950934230596779	-0.0029396603129234478	0.0
5394000.0	551.5427859614787	-81.04235764460164	-3604.823261293967	0.01919437791556078	-0.0028681079591527103	0.0
5405000.0	548.6166320086822	-81.34746460848255	-3605.0816733961306	0.019294582571262486	-0.002912388409395811	0.0
5416000.0	552.236898392524	-81.63735264722652	-3605.4975816941865	0.01956608012098604	-0.0029718860970283922	0.0
5427000.0	550.4506311278184	-81.94329341337146	-3605.7521320616797	0.01927147006419072	-0.002900248130346783	0.0
5438000.0	550.3527641689387	-82.25152275318015	-3606.1290940160725	0.01935186907992259	-0.002944669546121187	0.0
5449000.0	554.0165539329291	-82.55144680276216	-3606.5320698526884	0.019640103449525492	-0.003004294311883454	0.0
5460000.0	553.5244645286383	-82.86070104587608	-3606.9686252316806	0.0192454280140284	-0.0029329654038781072	0.0
5472000.0	554.7614272600398	-83.16725541470745	-3607.2098304437127	0.01945054342513841	-0.002977170326763201	0.0
5483000.0	554.830651118325	-83.50282903055013	-3607.5879430761343	0.019451367821146093	-0.002989014683625113	0.0
5494000.0	555.7594246522223	-83.80557310163245	-3607.97829377404	0.01967634829611664	-0.0030488384765235965	0.0
5505000.0	553.9633562413547	-84.10969376855633	-3608.2285321857394	0.019367297435018305	-0.0029769420426525306	0.0
5516000.0	553.8697133130587	-84.41925562755098	-3608.608146838788	0.019466628579948297	-0.0030215649379241594	0.0
5527000.0	557.5310579086391	-84.72901731677031	-3609.0117050329372	0.019752609824043477	-0.0030816709862429015	0.0
5538000.0	555.6744270117861	-85.0380313789578	-3609.2813722203286	0.019424041636350697	-0.003009631088722098	0.0
5549000.0	555.5770077185148	-85.35284976696043	-3609.6628299602157	0.019522912714897478	-0.00305445390185366	0.0
5560000.0	559.2360482733343	-85.6614638037319	-3610.0675399849947	0.01980797064057782	-0.0031145454123147065	0.0
5572000.0	558.6359923246417	-85.98164572339982	-3610.5223106473804	0.019406008523616514	-0.0030426027036263847	0.0
5583000.0	560.272619077125	-86.31941942780315	-3610.8373414462044	0.01948292305487964	-0.0030544741385338248	0.0
5595000.0	565.1142994435484	-86.63873590977398	-3610.975274326031	0.0194444310025228	-0.003066538601880553	0.0
5606000.0	561.137008028799	-86.98362780160903	-3611.515429758631	0.019659675227812645	-0.0031113906064836883	0.0
5617000.0	558.6393637953673	-87.30213891748627	-3611.8408425596367	0.019803204702412813	-0.0031719724532140448	0.0
5628000.0	561.5015667902591	-87.62299496426722	-3612.346806649821	0.019501879354095975	-0.0030996488625620877	0.0
5639000.0	562.7873757713519	-87.9402362749196	-3612.569125308693	0.01973492778968433	-0.0031446642142012315	0.0
5651000.0	562.7784300386078	-88.26962128201029	-3612.9634949772862	0.019900030998703633	-0.003205383302144982	0.0
5662000.0	563.9028133428435	-88.61407296458445	-3613.3323233906162	0.019957222489057624	-0.0032174190941935965	0.0
5673000.0	563.2960150195587	-88.94824029507674	-3613.7830897884546	0.01956017986208991	-0.003145262245147662	0.0
5684000.0	564.6522595087858	-89.26813980213296	-3614.016811703022	0.019772035622872774	-0.0031902826387659178	0.0
5695000.0	562.1507668980017	-89.59229437530912	-3614.3430031386306	0.019914255421496163	-0.0032511287087956253	0.0
5706000.0	565.0117466745163	-89.92346576847257	-3614.8459309170157	0.019617740438531595	-0.0031786233119524	0.0
5717000.0	566.3053480085249	-90.25080971154448	-3615.074913081509	0.01984888229014037	-0.0032240405574072706	0.0
5728000.0	563.8899617205228	-90.58129592583457	-3615.405723082839	0.019970737629446234	-0.003285097242585633	0.0
5739000.0	567.2992728848108	-90.91032951730476	-3615.8431180591347	0.01971326808246654	-0.003212316501766066	0.0
5751000.0	564.3835563313979	-91.24458016714267	-3616.1052617583714	0.019809974190697632	-0.003257893209518248	0.0
5762000.0	568.1723533300931	-91.60436604296393	-3616.526551970693	0.019885761897493914	-0.003270019532982116	0.0
5773000.0	565.6722231670069	-91.93431837780679	-3616.8529757652377	0.020026643162561752	-0.003331167061322693	0.0
5784000.0	568.5246972950786	-92.26837216547433	-3617.362326055769	0.01973342930591193	-0.0032583066171416597	0.0
5795000.0	569.8215752579415	-92.59545407258406	-3617.5839770570597	0.019962538456434586	-0.0033037567440960536	0.0
5806000.0	567.4141359687567	-92.93086454542423	-3617.9174332766984	0.02008310794397028	-0.003365104162932786	0.0
5817000.0	570.8186565564091	-93.26908728529956	-3618.3556308697152	0.019828460286641647	-0.003292199037460808	0.0
5828000.0	587.6741855128985	-93.5610054215059	-3617.740654340834	0.020020990492039425	-0.0033379520200021995	0.0
5839000.0	571.5211570518567	-93.95024996654628	-3619.0513981611234	0.0201791353537919	-0.0033995121777528614	0.0
5850000.0	569.7700732669731	-94.28189870782357	-3619.300107995697	0.019885191226742593	-0.003326386910726009	0.0
5861000.0	569.6503444894527	-94.61909031750395	-3619.6883137570126	0.019979551547646635	-0.0033722110746420286	0.0
5873000.0	581.3961061257563	-94.95642613281218	-3619.348736332835	0.02005507986029187	-0.0033845627571866266	0.0
5884000.0	573.3284358131024	-95.33412078155816	-3620.493719757833	0.02023555919570308	-0.0034465322648176144	0.0
5895000.0	579.5571913984339	-95.6350700966185	-3620.61072259898	0.019905937384169903	-0.0033732147859859007	0.0
5906000.0	575.0531325341663	-95.99860635649104	-3621.1764383408226	0.02013206104269405	-0.0034190173639846444	0.0
5917000.0	575.0390146032836	-96.34450317555672	-3621.5763207359905	0.0202907638930534	-0.0034808089610001702	0.0
5928000.0	576.0503761917325	-96.6784681218038	-3621.9513448201833	0.02000013040549642	-0.003407491482607772	0.0
5939000.0	573.1398419659537	-97.02356205899342	-3622.2174555859506	0.020092521488620285	-0.003453727489947045	0.0
5950000.0	576.7510703074028	-97.3614281518549	-3622.6493947791955	0.02034635195418577	-0.0035154862983168833	0.0
5961000.0	575.0140104202742	-97.69674926310945	-3622.8990415136127	0.02005636313086967	-0.0034420698954231166	0.0
5972000.0	574.8852637589688	-98.0368473347706	-3623.2907383857837	0.020149333547275328	-0.0034883074956827964	0.0
5983000.0	587.5983922201648	-98.34608378677659	-3620.344795064381	0.020401474259240437	-0.0035502341323205844	0.0
5994000.0	576.7281632602725	-98.71976550261077	-3623.9758399205875	0.020112911898850117	-0.0034769967047749706	0.0
6005000.0	576.5897930989851	-99.04528387548419	-3624.3633243898444	0.020207729355472326	-0.0035233798306021913	0.0
6016000.0	580.2357090453214	-99.3949642643692	-3624.783187723455	0.020478061032952688	-0.003585354401217322	0.0
6027000.0	586.8071650614016	-99.72197066786335	-3624.2420818273536	0.020189852591301127	-0.0035117264801490244	0.0
6038000.0	580.9931046061911	-100.07908301248709	-3625.4802319390287	0.02029916698973966	-0.0035583414301421645	0.0
6049000.0	578.5040635075146	-100.41493390871163	-3625.810168588159	0.020436488757096916	-0.003620614434619307	0.0
6061000.0	581.3248396249772	-100.75555784515826	-3626.329283275794	0.02015379496492975	-0.003546929377402641	0.0
6072000.0	582.9805434462907	-101.11878773928707	-3626.6495407600232	0.020226664488081747	-0.003559582593065602	0.0
6083000.0	580.0723447975568	-101.46249131621202	-3626.917979684531	0.02031733583283346	-0.0036062981835490726	0.0
6094000.0	583.6766162380917	-101.7992148600227	-3627.3539406074474	0.020567486037535998	-0.0036686381728950335	0.0
6105000.0	581.8478548846249	-102.06814984914611	-3627.5933217811	0.020303968887535495	-0.0035949671563489383	0.0
6116000.0	581.8166799174489	-102.47789678313346	-3628.002088608531	0.020373948442796497	-0.003641739492419027	0.0
6127000.0	585.4542788440118	-102.81118727656064	-3628.417912896269	0.020644160800975975	-0.003704174366631452	0.0
6138000.0	584.820282006459	-103.15499575763442	-3628.8884778567776	0.02026719466219884	-0.003630386803105734	0.0
6149000.0	586.2182185879433	-103.49210173284229	-3629.119171774151	0.020469432661235354	-0.003677186284479439	0.0
6160000.0	587.1877710570215	-103.82878613584444	-3629.501381598117	0.020703332519531603	-0.003740021734143284	0.0
6171000.0	586.5250808068334	-104.17105886656621	-3629.9765194287415	0.020323200475179215	-0.00366604261342407	0.0
6182000.0	587.9213912662943	-104.50739288113415	-3630.2077616010015	0.020522795088445678	-0.0037128996468548947	0.0
6193000.0	585.4740660601155	-104.84282256446153	-3630.5366707497683	0.020659090936906432	-0.0037758552892831476	0.0
6204000.0	588.7232334894067	-105.11503798161304	-3630.9727854037924	0.020416141693311074	-0.0037018076852522452	0.0
6215000.0	589.5645737781492	-105.52565042581494	-3631.292233037484	0.02059989396725803	-0.0037489561625163037	0.0
6226000.0	587.1812648335375	-105.859902576538	-3631.6295862957973	0.020713961092003963	-0.0038118418590799563	0.0
6237000.0	590.5561077228059	-106.19893403219892	-3632.07747034322	0.020471878243755404	-0.003737530770257347	0.0
6248000.0	587.6535876758569	-106.5393639406758	-3632.3463845532547	0.020561056151630952	-0.0037846674196928	0.0
6259000.0	591.2526605070964	-106.8819888924532	-3632.7853200310724	0.020807125119964853	-0.0038478306254741135	0.0
6270000.0	589.5654659285528	-107.21425623945525	-3633.0398846545304	0.02054973136020699	-0.0037734723227821343	0.0
6281000.0	589.544751057071	-107.52763164650446	-3633.411583067995	0.02078825756568059	-0.0038709070272466284	0.0
6292000.0	593.034794128118	-107.89819119914203	-3633.858305801243	0.02088389908280419	-0.003883921009721736	0.0
6303000.0	591.278726055029	-108.23594315226916	-3634.131732104277	0.020605522475146687	-0.0038095195154601025	0.0
6314000.0	612.8183372498074	-108.55358296477004	-3629.996002514861	0.020709521974517253	-0.0038568720263084666	0.0
6325000.0	591.3222996340361	-108.93505621027167	-3634.900153917603	0.020843493658513346	-0.0039205692535144165	0.0
6336000.0	594.1115529799802	-109.27649223041028	-3635.4266827059487	0.020570273016989882	-0.0038460407812615505	0.0
6347000.0	595.5105682974862	-109.62064000947764	-3635.6606525427164	0.020765179808897027	-0.00389331111852792	0.0
6358000.0	593.0683981505348	-109.96269914476807	-3635.993327949987	0.020899286679524565	-0.003956835621670929	0.0
6369000.0	595.8206242796688	-110.31793668780098	-3636.5241820869437	0.020626119496855333	-0.0038824089282775143	0.0
6380000.0	597.1509490553707	-110.66345745456545	-3636.7516728770765	0.020842267045295015	-0.003929971473122018	0.0
6391000.0	594.7808525266967	-111.00900612381783	-3637.090524984798	0.020954376161739008	-0.003993585652539322	0.0
6402000.0	598.1449992930599	-111.36352664833042	-3637.543192860782	0.020716721763939905	-0.003918859609851	0.0
6413000.0	595.2475733649727	-111.72118796716421	-3637.8162062406986	0.020804136243453897	-0.0039666845374846105	0.0
6424000.0	598.8419920248979	-112.07271565263333	-3638.260239077534	0.021046151365177845	-0.004030312257065349	0.0
6435000.0	597.1751968787897	-112.41910342398164	-3638.51183824406	0.020794660168813373	-0.003955510443799493	0.0
6447000.0	605.9877780836904	-112.76502935984418	-3638.7051353788206	0.02074264902819234	-0.0039691405625787435	0.0
6458000.0	600.676263088456	-113.1749204138856	-3639.3462433020227	0.02095876890542958	-0.004017064873901854	0.0
6469000.0	600.6522063805443	-113.53926262451937	-3639.7596683860284	0.021101481001248423	-0.00408094395013775	0.0
6480000.0	601.6699939754212	-113.89261607309554	-3640.140852738279	0.020830284314988345	-0.00400598379438144	0.0
6491000.0	598.7750600126097	-114.25849932691632	-3640.414395979829	0.02091646514460921	-0.00405403396060855	0.0
6502000.0	602.3675089723694	-114.61843042464754	-3640.8597197124454	0.021156644973558736	-0.004117932585313955	0.0
6513000.0	621.2861985613799	-114.94522527191687	-3639.9856512032766	0.020885804272069652	-0.004042884226558685	0.0
6524000.0	600.5303566057672	-115.34327604222729	-3641.5152702394857	0.020972769422917814	-0.0040910036464671395	0.0
6535000.0	604.1544136902024	-115.70611753052019	-3641.939028207705	0.02123369496690386	-0.0041550678733166535	0.0
6546000.0	602.4248349551062	-116.07056606647393	-3642.201974202669	0.020963429149134072	-0.004080206174446488	0.0
6557000.0	604.9284861117634	-116.44901580188446	-3642.6548660430158	0.02106317160779203	-0.0041282927150448345	0.0
6568000.0	605.9110582009739	-116.81967641124625	-3643.039627930495	0.0212954023077343	-0.004192845240353071	0.0
6579000.0	605.2113015306073	-117.20082277110953	-3643.5188387030744	0.02092832168680636	-0.004117888552315874	0.0
6590000.0	606.641832071531	-117.56557087591877	-3643.7623819512896	0.021118690204606105	-0.004165885256178392	0.0
6601000.0	604.2114712956138	-117.93183328047405	-3644.0957634954902	0.02124996286146863	-0.004230266252079895	0.0
6612000.0	607.5647449753723	-118.30694819558043	-3644.5513490471544	0.021018337769725504	-0.004154947054272884	0.0
6623000.0	617.4849227933622	-118.64664958181281	-3643.8631842505006	0.021196074935202036	-0.004203315126773577	0.0
6635000.0	617.5251288081315	-119.06181705871425	-3644.283322048693	0.021174883673073852	-0.00421704224005337	0.0
6646000.0	605.9948170502262	-119.46906212665381	-3645.6020100750598	0.021305066478341628	-0.004281708082098767	0.0
6657000.0	608.7521048441868	-119.8460302115591	-3646.1397420930266	0.021042287022230877	-0.00420629366513281	0.0
6668000.0	610.100447828385	-120.22091171715014	-3646.3684829492463	0.021252782495241984	-0.004254848002132716	0.0
6679000.0	607.7513299801258	-120.59628838102036	-3646.7107487180015	0.021360908362872078	-0.00431953623590825	0.0
6690000.0	611.099891120362	-120.97614145345226	-3647.168108575874	0.021131275387657356	-0.004244018310574971	0.0
6701000.0	608.2126620768415	-121.35999751665592	-3647.4444284073684	0.02121589331452922	-0.0042927927312464975	0.0
6712000.0	611.799947661015	-121.73693109608222	-3647.8947791996106	0.021451295431466733	-0.004357495793061383	0.0
6723000.0	610.1567159920132	-122.11201406484928	-3648.1440252752313	0.021187303931767598	-0.004281948903438582	0.0
6734000.0	609.9765396284005	-122.49402707739205	-3648.556286744666	0.02127219206002051	-0.0043308161369801645	0.0
6745000.0	613.5173058402928	-122.87144210808474	-3649.0072463303263	0.02150594876781442	-0.004395610933929761	0.0
6756000.0	611.8878027200593	-123.23606834791691	-3649.256281351667	0.021265065080096512	-0.004319938195201378	0.0
6767000.0	614.3752833111548	-123.631454617538	-3649.7057059816048	0.021361398511656304	-0.004368908692716222	0.0
6778000.0	615.3123502945692	-124.00200073874935	-3650.097154360303	0.02158335852901172	-0.00443384232328492	0.0
6789000.0	614.6765930773543	-124.37540506453274	-3650.574769688877	0.02123381303696603	-0.004358301511716733	0.0
6800000.0	616.093553273235	-124.76579146732733	-3650.821309140602	0.02141694339195155	-0.004407228207716496	0.0
6811000.0	613.6855725857494	-125.14318220657407	-3651.1583636279524	0.02154669432463363	-0.004472713978046938	0.0
6822000.0	616.3779449530314	-125.52482987766558	-3651.702224821524	0.021287064079022144	-0.004396807088001109	0.0
6833000.0	617.7345735995453	-125.89124664727784	-3651.9293649377128	0.021494477192161465	-0.004445602485547373	0.0
6844000.0	615.3963207037009	-126.26560316520487	-3652.2736638226856	0.021600726551662675	-0.0045108854249891195	0.0
6855000.0	618.7344679434573	-126.64469535110236	-3652.73525070265	0.021374995688585585	-0.004434971694460388	0.0
6866000.0	619.4537690300455	-127.01250909200733	-3653.046121998874	0.021549518622776098	-0.004483952688132453	0.0
6877000.0	617.115403289856	-127.387292967397	-3653.3916228587514	0.021655416961944285	-0.004549411088315247	0.0
6888000.0	617.8048709786378	-127.76668028543105	-3653.7171648011918	0.02143016970935374	-0.004473424265674597	0.0
6899000.0	617.6150439896234	-128.14592571819844	-3654.1342461274253	0.021514206212452036	-0.0045228629324081115	0.0
6910000.0	621.1631154749901	-128.53974701427123	-3654.5935843567786	0.021745256032949856	-0.004589005239910571	0.0
6921000.0	619.542964912223	-128.90217689915048	-3654.8484916414113	0.021511023839979382	-0.00451279920241171	0.0
6932000.0	631.4977887882051	-129.25249049410942	-3654.221873482797	0.021602301963490778	-0.0045621434894873025	0.0
6943000.0	632.6511072566635	-129.64610250087068	-3655.432316245909	0.021821952794865318	-0.004627640213016704	0.0
6954000.0	622.2721186426191	-130.02888814556965	-3656.1736902105604	0.02147439364009207	-0.004551615830920563	0.0
6965000.0	623.7320127349739	-130.39669977110478	-3656.421113954117	0.021657702991540573	-0.004600885436139401	0.0
6976000.0	621.2799585746553	-130.76475137402872	-3656.7576537353466	0.021784024321990447	-0.00466659995408758	0.0
6987000.0	633.7353032680853	-131.12828864705162	-3656.195713933737	0.021530738475046274	-0.004590436860242575	0.0
6998000.0	625.4513533814894	-131.51359945911244	-3657.546881467404	0.02171255397269256	-0.004639926584023235	0.0
7009000.0	623.0426079488069	-131.88040904615465	-3657.8842763382054	0.021839674788233454	-0.0047057899293942995	0.0
7020000.0	626.3694454353159	-132.25782176732892	-3658.349720366281	0.021617557511707686	-0.004629468902139389	0.0
7031000.0	627.0900146135938	-132.62878116924546	-3658.665331613072	0.021790118878707077	-0.004679125023763719	0.0
7042000.0	624.7734523483454	-133.00956341596972	-3659.0148730426213	0.021894692304363028	-0.0047454165342132315	0.0
7053000.0	627.4381759355133	-133.38538796071646	-3659.5654867676785	0.021641199660238586	-0.004668913194577073	0.0
7064000.0	628.8045677232877	-133.7566908593612	-3659.7965798080186	0.021844694163464018	-0.004718610671232304	0.0
7075000.0	628.7222306973008	-134.04376442462217	-3660.185479240843	0.021995894997736576	-0.004785115679070473	0.0
7087000.0	627.1797445288706	-134.5199632271108	-3660.47438907251	0.021728496317143575	-0.004708488602179817	0.0
7098000.0	629.2554806960253	-134.93087565465723	-3661.1054623273353	0.021698105730013184	-0.00472275860179433	0.0
7109000.0	630.62547957557	-135.31468637916453	-3661.338535166935	0.021900880925570743	-0.00477292187107059	0.0
7120000.0	628.3060331627937	-135.6897055948444	-3661.6864063981284	0.022004067350206657	-0.0048390571170758845	0.0
7131000.0	631.626394500333	-136.07184662668007	-3662.153396155398	0.02178419405947385	-0.004762367694053193	0.0
7142000.0	628.7518281984725	-136.45945914937423	-3662.4354980430658	0.021865275316455435	-0.004812476856899672	0.0
7153000.0	642.33286507865	-136.80678558529394	-3662.596739257761	0.022098980489750675	-0.004879240674029561	0.0
7164000.0	630.7447428257329	-137.22881498499348	-3663.1528535412176	0.02186275144113692	-0.004802415359773882	0.0
7175000.0	633.1999013333462	-137.61989629971376	-3663.608587091978	0.021952922775873684	-0.004852349614815399	0.0
7186000.0	634.1295331114483	-137.9984504445617	-3664.005240413204	0.02216928160152576	-0.004918672371429178	0.0
7197000.0	633.4468317559329	-138.39430574957768	-3664.5031146866227	0.021829354684575364	-0.004842073369569766	0.0
7208000.0	634.9248125864688	-138.78097371332362	-3664.7406165654484	0.022008245277960414	-0.004892070937692283	0.0
7219000.0	632.4831275154669	-139.17022716290083	-3665.079100189417	0.022132321344001005	-0.00495868894572854	0.0
7230000.0	635.185547385771	-139.565534036613	-3665.635206801293	0.021885496434612906	-0.004881866213525821	0.0
7241000.0	636.5631395120428	-139.95390100017775	-3665.8656165936577	0.022085966274364432	-0.004932014779703231	0.0
7253000.0	644.4117047818564	-140.35102936719696	-3665.026697247676	0.022032507750792796	-0.00494669151259447	0.0
7264000.0	637.6838222390313	-140.7912181067354	-3666.6803504491	0.022279160899879136	-0.005013518975917064	0.0
7275000.0	636.8187806378647	-141.09121297659547	-3667.1608089041715	0.021941487629940193	-0.004936916325011642	0.0
7286000.0	638.4887326424955	-141.61605098231436	-3667.4312139209346	0.02211947577964435	-0.004987689940878004	0.0
7297000.0	639.4100466486354	-142.00665397643277	-3667.8282721896376	0.02233343259184717	-0.005054284552893251	0.0
7308000.0	638.7214497079837	-142.41721480352146	-3668.3287430392106	0.021996592758060096	-0.0049774265237534365	0.0
7319000.0	640.2125288765295	-142.8192015248655	-3668.567369620141	0.022173865122428138	-0.0050277972937208815	0.0
7330000.0	637.7680390145082	-143.22070109693883	-3668.9056759771324	0.022296772899184525	-0.005094715569797181	0.0
7341000.0	640.464252993596	-143.63101055335804	-3669.465945825865	0.02205594056079274	-0.005017722324569707	0.0
7352000.0	652.0193733615685	-144.0083673441343	-3668.4911354836954	0.022228354948380824	-0.005068425673643906	0.0
7363000.0	639.5364046032208	-144.44742522214145	-3670.0488913479057	0.022352184078449744	-0.005135520127529991	0.0
7374000.0	642.1777371798581	-144.85910393356883	-3670.6080292704537	0.022107450100687265	-0.00505828319866769	0.0
7385000.0	643.5594258464549	-145.27460711717455	-3670.8279958142816	0.022305750230575905	-0.005109282618349864	0.0
7396000.0	641.2576897179521	-145.6803598599674	-3671.1920733520824	0.022406304162177815	-0.005176330424236597	0.0
7407000.0	643.8947018467449	-146.09581884847486	-3671.7529761879982	0.02216223478027901	-0.005099099808944296	0.0
7418000.0	641.6868101977474	-146.50937415635352	-3671.9483698553595	0.022270901446695524	-0.0051502001585493895	0.0
7429000.0	645.2528640612258	-146.92895699540472	-3672.417689644611	0.022492081646839024	-0.005217366817377722	0.0
7441000.0	646.278067643259	-147.33368166825815	-3672.811041766809	0.022246943957054954	-0.005139950516602765	0.0
7452000.0	645.6983041575538	-147.7947196185387	-3673.3014598723325	0.022217913907465636	-0.005155161602967084	0.0
7463000.0	659.833088647843	-148.15663920436302	-3668.9748097322095	0.02239860476814104	-0.005206557035801029	0.0
7474000.0	644.7557341477184	-148.63459167162748	-3673.9058718825277	0.022514514245848494	-0.005274133620405019	0.0
7485000.0	647.428423009049	-149.04450641234214	-3674.4598188942086	0.022273254117944674	-0.005196613022438956	0.0
7496000.0	648.905960489583	-149.45330328640316	-3674.711361715335	0.022446451818688207	-0.005247509391720029	0.0
7507000.0	646.4501088674364	-149.7384429105397	-3675.0054772738586	0.022585160908432877	-0.0053154123621819704	0.0
7518000.0	649.1425218699306	-150.27709018584275	-3675.6184474052534	0.02232797404759057	-0.005237716485693433	0.0
7529000.0	646.9432361528111	-150.68985497917038	-3675.8159597738045	0.022435197222897107	-0.00528888304350672	0.0
7540000.0	650.5033130734129	-151.09610398000575	-3676.285759510725	0.02265440326569501	-0.005356322552006021	0.0
7551000.0	659.4890896945902	-151.48336590953082	-3675.2365273875766	0.022412317587591657	-0.005278751312855212	0.0
7562000.0	648.7196255274755	-151.90673966782745	-3676.964731339178	0.022490700700071642	-0.005329947711595506	0.0
7573000.0	652.2203363433938	-152.3171708213956	-3677.4343603095513	0.02270824046426978	-0.005397665922191208	0.0
7584000.0	650.6825886263755	-152.71450510005218	-3677.6867550373886	0.022489604218364434	-0.005320012376360261	0.0
7595000.0	674.1785682912466	-153.0905958656866	-3676.509657899616	0.022574576882689712	-0.005371369378032065	0.0
7606000.0	664.6883066900958	-153.53514682562692	-3678.2177153904026	0.022785785566930006	-0.005439470084337483	0.0
7617000.0	653.317727798773	-153.95017355631092	-3679.0745145213805	0.022457138273214605	-0.005361867743941373	0.0
7628000.0	654.8224650252705	-154.35792697206548	-3679.3181991343135	0.022629220025438546	-0.0054133453385392105	0.0
7640000.0	663.1615874328254	-154.75486430994096	-3678.337759597684	0.022600509790289047	-0.005428483362009184	0.0
7651000.0	655.7644642958836	-155.20380141322732	-3680.169187292973	0.022816850602851213	-0.005496524798148161	0.0
7662000.0	654.2347390992711	-155.59835735395293	-3680.4218486468485	0.022600600861640396	-0.005418718600728734	0.0
7673000.0	653.9850493515606	-156.02153234431103	-3680.8401794716488	0.022654834630442267	-0.005470836921651401	0.0
7684000.0	668.3429781413154	-156.4143171759655	-3680.9436236083334	0.02289414376623422	-0.005538708481489629	0.0
7695000.0	656.8590240294957	-156.82872272636735	-3681.813596106263	0.02256782053744133	-0.005460985503699223	0.0
7706000.0	658.3697713145949	-157.2279979486326	-3682.0557147298973	0.022738618685928413	-0.005512442411775731	0.0
7717000.0	655.9958450041266	-157.6257484472	-3682.398913327745	0.022859947675754277	-0.005580712759634565	0.0
7728000.0	659.277696788095	-158.0354731152307	-3682.8774264783183	0.02265138416064283	-0.005502788814903181	0.0
7739000.0	660.0003424522207	-158.43212481228133	-3683.204531733598	0.022816395407453838	-0.005554415998037299	0.0
7750000.0	659.9711467293172	-158.84783043801406	-3683.646452554738	0.02294327545465813	-0.005622836773586104	0.0
7761000.0	661.0247064506538	-159.2652826651106	-3684.047822066405	0.0227166447346685	-0.005545492356579529	0.0
7772000.0	658.1467334427997	-159.67174202580603	-3684.3339160036526	0.02278275114963635	-0.005597215124430344	0.0
7783000.0	661.6995338088307	-160.0777237034445	-3684.813008663014	0.022997695774216398	-0.005665502277767742	0.0
7794000.0	660.173613842002	-160.48102090271416	-3685.0586495137395	0.022760717809832798	-0.005587391020376753	0.0
7805000.0	673.2483014236869	-160.82211724582308	-3680.638355951493	0.02283803388560246	-0.005639307212469413	0.0
7816000.0	663.5572906123163	-161.31908022712352	-3685.9454141225783	0.023082415132574585	-0.005708599719245755	0.0
7827000.0	661.9153495745968	-161.72535946920266	-3686.2353922131038	0.02283869109779113	-0.0056303411131548575	0.0
7839000.0	664.3203056901008	-162.15247606954878	-3686.710744625277	0.022920649146428218	-0.005682483359441215	0.0
7850000.0	661.7070084931644	-162.59983552835635	-3687.088910201312	0.02289246573722492	-0.005697813284139097	0.0
7861000.0	665.2600422197496	-163.01569516953188	-3687.5672014697398	0.02310616335665383	-0.005766361612132731	0.0
7872000.0	663.7541499113731	-163.4228850135133	-3687.818517061815	0.02289460703113466	-0.00568805645874193	0.0
7883000.0	663.4976122792424	-163.8468710823541	-3688.2522302685757	0.022947843247360433	-0.0057401916591107716	0.0
7894000.0	666.9868174625525	-164.2713894811205	-3688.731890594023	0.02315985715023272	-0.005808905310258905	0.0
7905000.0	678.7720226900436	-164.6111009643503	-3688.6226574178268	0.022953406147051547	-0.005730806037241631	0.0
7916000.0	667.8914190755085	-165.12650493390785	-3689.465689929395	0.023030474419484914	-0.005783443212404316	0.0
7928000.0	679.8592494001422	-165.4133427483652	-3688.3818893217535	0.023107144043666983	-0.005799358632410878	0.0
7939000.0	666.5831535424015	-166.03297050094523	-3690.2420697516213	0.023185397537154984	-0.005868224402682531	0.0
7950000.0	669.2101990250051	-166.44572495175376	-3690.8013122112498	0.022957806959778893	-0.005789834399148153	0.0
7961000.0	670.56957630183	-166.89669923154494	-3691.055578918451	0.023143125296501088	-0.005842183995643624	0.0
7972000.0	670.5396790306498	-167.33645412919228	-3691.499617305739	0.023267164788555172	-0.005911111756173315	0.0
7983000.0	671.5739626850913	-167.76628156534503	-3691.895314361261	0.02303492190850842	-0.0058326271849955535	0.0
7994000.0	668.7215442829312	-168.2105971651623	-3692.1707059910127	0.02311007350019989	-0.005885281546489263	0.0
8005000.0	672.2661199677434	-168.653325669503	-3692.6702079073098	0.023321348463917424	-0.005954517730372477	0.0
8016000.0	670.7617550451274	-169.08506046414016	-3692.9188778124603	0.02308884149371404	-0.005875859174487297	0.0
8027000.0	670.5071028766662	-169.52877106394934	-3693.3616317928117	0.023165029757091116	-0.005928611696918162	0.0
8038000.0	674.0709366854907	-169.96596706074675	-3693.8125878987194	0.02339887048965794	-0.005997660733279009	0.0
8049000.0	672.5162618960346	-170.4115817762664	-3694.098715078882	0.023173925937704842	-0.005919485391667312	0.0
8060000.0	672.2394251583332	-170.86720103488173	-3694.539834549471	0.023219262274387198	-0.005972399385819727	0.0
8071000.0	675.7998774201177	-171.31459948999932	-3694.9882695445563	0.023452686525035293	-0.00604188176638254	0.0
8082000.0	675.0732778596176	-171.7779372353268	-3695.5182068346403	0.02313545925982541	-0.005963775284455797	0.0
8093000.0	676.6189638087714	-172.22617950579993	-3695.765608834185	0.023304818243420122	-0.006016689433331224	0.0
8104000.0	674.1952074158391	-172.65809656414322	-3696.1084404508983	0.0234178537028491	-0.006085797423803108	0.0
8115000.0	676.8122166208909	-173.10051123266726	-3696.6723192296536	0.023190353604527703	-0.006006999688637715	0.0
8126000.0	678.3279246489031	-173.54691524571908	-3696.9196045903027	0.023354054406650615	-0.006059929179862755	0.0
8137000.0	675.9691786308935	-173.9846555191455	-3697.280192922284	0.02347255863914266	-0.0061295575667202895	0.0
8148000.0	679.2738192076869	-174.41036385387633	-3697.7530463774547	0.023275122823546157	-0.006050801386949245	0.0
8159000.0	679.9217824059708	-174.7922806869261	-3698.0732154278776	0.023449460272964018	-0.006103958959306044	0.0
8171000.0	679.9123397234363	-175.3218468989843	-3698.5580016148106	0.023553205494387885	-0.006173369943829776	0.0
8182000.0	681.0597824751868	-175.7876762398405	-3698.954791358248	0.023613023020902846	-0.006189044885717476	0.0
8193000.0	680.3342053269522	-176.2304439655821	-3699.476734506878	0.02329861498892183	-0.006110194781773215	0.0
8204000.0	681.8754944441367	-176.67313413650098	-3699.725474156607	0.023462276454643938	-0.006163346530400182	0.0
8215000.0	682.7787939083518	-177.10071600028581	-3700.1359577648204	0.023666218102875725	-0.0062329403676466555	0.0
8226000.0	682.0517963037552	-177.54586166251548	-3700.660435896407	0.02335249199171474	-0.006154192891142607	0.0
8237000.0	683.5932286104522	-177.97928960625745	-3700.9077391487567	0.023515568887902294	-0.006207207743059384	0.0
8248000.0	681.2572256986372	-178.42075931319548	-3701.2594138626823	0.02363413063475095	-0.006277581258491871	0.0
8259000.0	683.8052994420987	-178.85465899012334	-3701.8411439742936	0.02340937284051403	-0.006198902671023854	0.0
8270000.0	685.3116524343268	-179.2973523581611	-3702.0994960999924	0.023568827719507413	-0.006251858829526169	0.0
8281000.0	682.9695620053393	-179.71822002678064	-3702.4438982281977	0.023687446667729928	-0.006321950153778455	0.0
8292000.0	686.2039187352535	-180.1828919239699	-3702.9463472561874	0.023486341031571767	-0.006243498996546415	0.0
8303000.0	686.922250967515	-180.60778223288312	-3703.2793962146825	0.023646280706353773	-0.006296804930702726	0.0
8314000.0	684.6219059837076	-181.03640257308905	-3703.639894959139	0.02373828701910119	-0.0063666915134859	0.0
8325000.0	687.2169973851243	-181.47042588526188	-3704.2180673251582	0.023514217529348125	-0.006287637250471767	0.0
8336000.0	688.6329707873584	-181.8988874721483	-3704.471438700564	0.023699212448683893	-0.006341092173998253	0.0
8347000.0	687.8517837630824	-182.29645017978308	-3704.9899828221664	0.0235320184465706	-0.006315911293754528	0.0
8358000.0	687.1296002498835	-182.76168064326956	-3705.172728753108	0.023593486025634824	-0.006331910673301966	0.0
8369000.0	686.8561928584935	-183.19946810623208	-3705.625080363972	0.023668757176129596	-0.00638573576718493	0.0
8380000.0	690.4040440757085	-183.6298414322623	-3706.0848201675703	0.023896886844556153	-0.006455861678823616	0.0
8391000.0	688.9006167670719	-184.07247552794504	-3706.378600381797	0.023690280186134505	-0.006377392889316935	0.0
8402000.0	691.2285975271576	-184.51949659586265	-3706.847792822206	0.023747023111271748	-0.006430808524211407	0.0
8413000.0	688.8252277972257	-184.952787102109	-3707.2176522147565	0.023863309618939343	-0.006501337578383559	0.0
8424000.0	691.4163878002872	-185.38894029502129	-3707.8104655173156	0.023641558281402242	-0.006422002468826404	0.0
8435000.0	692.8382014680302	-185.82432183080059	-3708.0513849893578	0.023825259914522112	-0.006475777600600141	0.0
8446000.0	692.807222009605	-186.27067214791205	-3708.507210831296	0.023943658010335156	-0.006546189223668009	0.0
8457000.0	693.8460614037682	-186.70352808014093	-3708.9079794871236	0.023720635441955462	-0.006466745375110605	0.0
8468000.0	691.0071786956214	-187.14444233361613	-3709.204540093451	0.023793456771487698	-0.006520518330586089	0.0
8479000.0	694.5376244804229	-187.58899827550624	-3709.6988298686824	0.023997499068952655	-0.006590996207104238	0.0
8490000.0	693.0928583845256	-188.02378475296905	-3709.9517131152375	0.023798349807146346	-0.006511575450822149	0.0
8501000.0	692.8052056037545	-188.476573470125	-3710.399410099332	0.023848052498494532	-0.006565510311945744	0.0
