10000.0	-1.4501336229695312	1.4557893964205013e-05	-0.2983408208219005	-0.013362296953120112	0.0014557893964205013	0.1659179178099508	1.0827915822350362e-06	5.148753573600828e-05	1.476113828191351e-05
20000.0	-1.4502599107769127	2.0326951446556566e-05	-0.2956956692456256	-0.01262878073815934	0.0005769057482351553	0.2645151576274851	4.359695392040639e-06	5.550393421318152e-05	2.5607895780619495e-05
30000.0	-1.4503788598410636	1.7296037637904937e-05	-0.292064543897698	-0.011894906415078085	-0.000303091380865163	0.36311253479276173	1.1289095449637001e-05	0.00012434206472605993	3.352308269951196e-05
40000.0	-1.450736714742528	1.9884798182938477e-05	-0.2862873730454612	-0.035785490146436644	0.0002588760545033539	0.5777170852236788	2.5431217479934595e-05	0.00020616804853232712	3.864498026212626e-05
50000.0	-1.451087755111572	1.3630961412593532e-05	-0.2795217466117824	-0.035104036904390776	-0.0006253836770344946	0.6765626433678762	4.664799811766209e-05	0.0001985613692395999	4.228289795148531e-05
60000.0	-1.4512932226830622	-1.4798297213701082e-05	-0.27274891602160817	-0.02054675714902095	-0.0028429258626294614	0.677283059017427	4.66936677031191e-05	0.00019858958501980478	4.630926260458922e-05
70000.0	-1.4509521499457754	-4.0541868725323343e-05	-0.2659689315322604	0.03410727372867042	-0.0025743571511622257	0.6779984489347718	4.673842102200352e-05	0.00019862206278360416	4.67210015966401e-05
80000.0	-1.4501740207653042	-7.202448773138403e-05	-0.25918190982387157	0.07781291804711277	-0.003148261900606069	0.678702170838886	4.678204057659951e-05	0.0001986488082084015	4.206644025273266e-05
90000.0	-1.4492735032190152	-0.00012861770744958766	-0.2523876767396651	0.09005175462890876	-0.005659321971820363	0.6794233084206477	4.682466663590089e-05	0.00019867718343456162	3.222303300005453e-05
100000.0	-1.4478339423713567	-0.0001825362462623674	-0.24558628672217267	0.1439560847658494	-0.005391853881277974	0.6801390017492451	4.686537214258325e-05	0.000198709828794941	1.3645187068488474e-05
110000.0	-1.4459584376601644	-0.00024067483498247636	-0.2387778584751561	0.18755047111922926	-0.0058138588720108965	0.6808428247016587	4.690393268807492e-05	0.00019873672858702343	-1.4602255344558438e-05
120000.0	-1.443977433751851	-0.00032772487817288765	-0.2319622155765223	0.1981003908313371	-0.00870500431904113	0.6815642898633782	4.694063201424071e-05	0.00019876539612514354	-5.179701497821197e-05
130000.0	-1.4414655382395944	-0.0004119429054874924	-0.2251394155091458	0.25118955122564607	-0.008421802731460471	0.6822800067376517	4.697477948540809e-05	0.0001987982715144034	-0.00010098239296084696
140000.0	-1.4385183079928665	-0.0004990940724510819	-0.21830958047571175	0.2947230246727987	-0.008715116696358953	0.6829835033434047	4.7006103916633474e-05	0.00019882541351360253	-0.0001627864894222977
150000.0	-1.4354830272552717	-0.0006149773521170687	-0.21147252654190402	0.3035280737594873	-0.01158832796659869	0.6837053933807735	4.703499484757829e-05	0.00019885437196920063	-0.0002360371424756884
160000.0	-1.4319231497275826	-0.0007277756473825944	-0.20462831488619382	0.35598775276890565	-0.011279829526552572	0.6844211655710188	4.7060868060562864e-05	0.00019888754502169002	-0.0003236259168391797
170000.0	-1.4279346325132634	-0.0008472486260923857	-0.19777706200897802	0.3988517214319246	-0.011947297870979132	0.6851252877215798	4.708357144038388e-05	0.0001989149544939661	-0.0004254199846017744
180000.0	-1.423868580738451	-0.0009911782719673925	-0.19091858450711113	0.40660517748124014	-0.014392964587500676	0.6858477501866878	4.710347485466027e-05	0.00019894421954829314	-0.0005403740760531468
190000.0	-1.4192843202770231	-0.0011318519477760988	-0.18405294956849255	0.4584260461427812	-0.014067367580870632	0.6865634938618588	4.7120129609763354e-05	0.00019897773559301386	-0.0006708616272358016
200000.0	-1.4142786189508267	-0.0012830129266332175	-0.1771802764867229	0.5005701326196382	-0.015116097885711867	0.6872673081769652	4.713346800400889e-05	0.00019900548151123378	-0.0008161375947265744
210000.0	-0.6965208775218767	-1.59571785153049	-2.4324127179056387	0.5100419108064189	0.0089355404772614	-0.11563987578175647	0.00012003648610069149	0.0009091739297028059	-0.0009548732319875725
220000.0	-0.6909091007057492	-1.595625415273687	-2.4335623333492347	0.5611776816127617	0.009243625680290246	-0.11496154435957731	0.00011991900789639078	0.0009092205080537408	-0.001130125647163035
230000.0	-0.6848861200754246	-1.595548536175126	-2.434705208690937	0.6022980630324561	0.007687909856100341	-0.11428753417023654	0.00011978772845424309	0.0009092623999554204	-0.001320113323079769
240000.0	-0.6787915860926603	-1.5954900425066665	-2.435840927645032	0.6094533982764246	0.005849366845959906	-0.11357189540949905	0.00011964310918081979	0.0009093071361723866	-0.0015245081268090792
250000.0	-0.672192223279574	-1.5954287938908769	-2.436969848662977	0.6599362813086355	0.006124861578950575	-0.11289210179451131	0.0001194837501420544	0.0009093572434934088	-0.0017450263742621534
260000.0	-0.6651923791920765	-1.595388868647619	-2.438092022042808	0.6999844087497432	0.0039925243257913495	-0.11221733798310735	0.00011931088728233991	0.0009094026654019842	-0.001979893629811058
270000.0	-0.6581253143733952	-1.5953640680257781	-2.439207033291155	0.7067064818681363	0.0024800621840830525	-0.11150112483466831	0.00011912440249029651	0.0009094508389404156	-0.0022294293230873904
280000.0	-0.6505584163644379	-1.595337211841192	-2.440315245461752	0.7566898008957311	0.00268561845863029	-0.11082121705968614	0.00011892331625763981	0.0009095044210633874	-0.002494999981487383
290000.0	-0.6425994888235779	-1.595336407067945	-2.4414167007455014	0.7958927540860044	8.0477324686318e-05	-0.11014552837494787	0.00011870907056668819	0.0009095531969786957	-0.0027744800632862636
300000.0	-0.6345799336325465	-1.595346843340788	-2.4425109866149137	0.8019555191031374	-0.0010436272843125168	-0.10942858694124569	0.00011848112466190167	0.0009096047531969676	-0.003068711843391441
310000.0	-0.6260660359436699	-1.5953559378344704	-2.4435984685950363	0.8513897688876595	-0.0009094493682358558	-0.10874819801226365	0.00011823876882962264	0.0009096616966235589	-0.0033788159695019326
320000.0	-0.6171651592402116	-1.5953942651628727	-2.444679191609061	0.8900876703458268	-0.0038327328402266445	-0.10807230140247279	0.00011798359542842752	0.0009097137530567208	-0.0037024321472085915
330000.0	-0.6082042859334248	-1.5954425952949354	-2.4457527467507982	0.8960873306786895	-0.004833013206257468	-0.10735551417373276	0.00011771478176166473	0.0009097684801456083	-0.0040407013828984125
340000.0	-0.5987545213893811	-1.5954903493544723	-2.4468194936038787	0.9449764544043681	-0.004775405953683548	-0.10667468530803265	0.00011743174552360641	0.0009098285856525265	-0.004394659573451941
350000.0	-0.5889252539145327	-1.5955717281162305	-2.447879475818679	0.9829267474848471	-0.008137876175823941	-0.10599822148001461	0.00011713627879453296	0.0009098837285036698	-0.004761647821863584
360000.0	-0.5790387509973695	-1.595661526387896	-2.4489322840424608	0.9886502917163213	-0.008979827166546897	-0.10528082237819367	0.0001168272448776147	0.000909941507852401	-0.005143257321883104
370000.0	-0.5686693309346565	-1.595751280624748	-2.4499782718396927	1.0369420062712926	-0.0089754236852083	-0.10459877972321854	0.00011650417466281285	0.000910004569953154	-0.0055403819260810856
380000.0	-0.5579363765445604	-1.5958762683315328	-2.4510174795461146	1.0732954390096179	-0.012498770678476856	-0.10392077064216307	0.00011616890601366935	0.0009100626716563063	-0.0059502724619142095
390000.0	-0.5471456596348357	-1.5960105355661967	-2.452049515915235	1.0790716909724645	-0.013426723466377558	-0.1032036369120459	0.00011582019286987727	0.0009101232710147625	-0.006374573928999388
400000.0	-0.5358764958706926	-1.596145898754512	-2.453074731095684	1.1269163764143117	-0.013536318831536642	-0.10252151804486667	0.00011545768632474082	0.0009101891903681381	-0.006814196628781223
410000.0	-0.5049179296839629	-1.6235546584414038	-2.487231920634705	1.1975706339344605	0.012967663643708693	-0.0717521349142912	0.0004593559166103702	0.0003896872858139673	-0.007144245391435433
420000.0	-0.4928829248522633	-1.6234349175431546	-2.4879422460504865	1.2035004831699532	0.011974089824919315	-0.0710325415781434	0.0004592108777208464	0.0003899111434501539	-0.007610573749662693
430000.0	-0.48037403974133747	-1.6233167491211622	-2.488645494694246	1.2508885110925847	0.011816842199230916	-0.07032486437595922	0.0004590599990443672	0.00039014564412775466	-0.008092044604581003
440000.0	-0.4675191144325059	-1.6232368218073447	-2.4893417785145244	1.2854925308831568	0.007992731381735854	-0.06962838202783889	0.00045890358847992655	0.0003903793987133035	-0.008585767817721322
450000.0	-0.4546040839811294	-1.62316793765503	-2.4900308634762043	1.2915030451376508	0.0068884152314631865	-0.0689084961680024	0.0004587413699606208	0.0003906203070600392	-0.00909345923421523
460000.0	-0.441220181489112	-1.6231014531477073	-2.4907128674925403	1.3383902492017372	0.0066484507322883395	-0.06820040163361593	0.0004585734142477606	0.000390871847775384	-0.009616125085077348
470000.0	-0.4275010954295472	-1.6230749792698471	-2.4913878987867233	1.3719086059564853	0.002647387786017404	-0.06750312941828288	0.00045839995031105577	0.0003911224525681615	-0.010150792361918338
480000.0	-0.41372124346041894	-1.6230607671520862	-2.492055733645791	1.3779851969128227	0.0014212117760935168	-0.06678348590676794	0.0004582207127993637	0.0003913801006526096	-0.010699195171682066
490000.0	-0.39947739528212556	-1.6230497779937316	-2.4927164881967014	1.424384817829341	0.001098915835457326	-0.06607545509103566	0.00045803586591582453	0.0003916483347270706	-0.011262405676811901
500000.0	-0.38490831249395013	-1.6230806775117985	-2.4933702719236015	1.4569082788175405	-0.0030899518066992405	-0.06537837269001659	0.00045784550959596267	0.0003919155640284906	-0.011837358053006758
510000.0	-0.37027656695918515	-1.6231252029029566	-2.4940168633000535	1.4631745534765	-0.00445253911581543	-0.06465913764520861	0.00045764940493772194	0.00039218963011174634	-0.01242578559644039
520000.0	-0.3551861363980295	-1.6231732746582408	-2.4946563751165547	1.5090430561155679	-0.004807175528423752	-0.06395118165012767	0.00045744773868619895	0.0003924741640827289	-0.013028872621192244
530000.0	-0.3397801109726679	-1.623265191845958	-2.4952889137104144	1.5406025425361551	-0.009191718771724304	-0.06325385938598962	0.00045724065349724127	0.00039275760745287173	-0.013643463962026155
540000.0	-0.3243109363980412	-1.623372152217257	-2.4959142624860116	1.546917457462672	-0.010696037129918108	-0.06253487755969725	0.00045702791860600185	0.0003930476930066673	-0.014271294685396382
550000.0	-0.30838772826909366	-1.62348339236273	-2.496532527215926	1.5923208128947532	-0.011124014547304205	-0.06182647299144026	0.0004568097374553817	0.00039334822831136316	-0.014913640558928947
560000.0	-0.2921614110294616	-1.623640389375732	-2.497143813788738	1.6226317239632093	-0.01569970130019828	-0.06112865728122682	0.00045658603079234424	0.00039364753400244047	-0.015567241397252725
570000.0	-0.2758716323403736	-1.6238139553433069	-2.497747912704422	1.6289778689087957	-0.01735659675748626	-0.06040989156840201	0.00045635681863803805	0.00039395331617541994	-0.01623385723956913
580000.0	-0.25913157363261874	-1.6239932286347503	-2.498344926532589	1.674005870775485	-0.017927329144347585	-0.05970138281669235	0.00045612215882035405	0.00039426957032968467	-0.016914817402387376
590000.0	-0.24209716877326395	-1.6242203707661447	-2.4989349583525318	1.7034404859354788	-0.022714213139444064	-0.05900318199425589	0.00045588206636669785	0.0003945844270787139	-0.01760681721376396
600000.0	-0.22499995389891794	-1.6244656627850127	-2.4995178004790244	1.709721487434601	-0.024529201886801473	-0.05828421264924913	0.00045563644798252	0.0003949055966189112	-0.01831160784332236
610000.0	-0.19358869371460805	-1.6089098343977914	-2.494255655581652	1.9382263269220905	0.10063233480147961	0.06458664256415515	0.003908560355057553	-0.005562816409114623	-0.017870978680578162
620000.0	-0.17390854246000695	-1.6079501851067708	-2.493601181626973	1.96801512546011	0.09596492910207309	0.06544739546788245	0.0039126510728384285	-0.005559964795941388	-0.018600753470168437
630000.0	-0.1541580691172316	-1.6070070856419296	-2.4929391662232323	1.9750473342775356	0.09430994648411352	0.06620154037405859	0.003916809280330664	-0.005557060393229299	-0.019343091875679168
640000.0	-0.13396069498198923	-1.6060667745025337	-2.49226739494541	2.019737413524236	0.09403111393960245	0.06717712778220784	0.003921044318327763	-0.005554093405881331	-0.02009954361961333
650000.0	-0.1134764829195839	-1.6051752833019797	-2.4915870915887717	2.0484212062405334	0.0891491200554051	0.06803033566386876	0.003925334710997306	-0.005551087997383583	-0.020866551501971538
660000.0	-0.09292277724845208	-1.6043020961962156	-2.4908992607006146	2.055370567113182	0.08731871057640692	0.06878308881571928	0.003929691132808389	-0.005548030135959741	-0.021645916005079875
670000.0	-0.0719255539769279	-1.603433293730378	-2.4902016960798385	2.0997223271524175	0.08688024658376599	0.06975646207760325	0.003934123235021845	-0.005544909732894625	-0.02243924383468451
680000.0	-0.05064335048152569	-1.6026158715572587	-2.489495615412235	2.128220349540221	0.08174221731192237	0.07060806676031708	0.003938609057871325	-0.0055417514054758475	-0.023242899314237134
690000.0	-0.02929021722246343	-1.6018186696643175	-2.4887820053758096	2.135313325906226	0.0797201892941124	0.07136100364255844	0.003943159397897682	-0.005538540977286702	-0.02405871526328798
700000.0	-0.007498292045030379	-1.6010257619344879	-2.488058688599017	2.179192517743305	0.07929077298295752	0.07233167767925523	0.00394778476454231	-0.0055352677266619224	-0.02488842713116476
710000.0	0.014568337520861351	-1.6002865311147805	-2.487326925433607	2.206662956589173	0.0739230819707305	0.07317631654100915	0.003952462332368875	-0.005531956854687356	-0.025728265691084606
720000.0	0.03670593527793364	-1.599569496617494	-2.4865876435088463	2.213759775707229	0.07170344972865031	0.07392819247607009	0.00395720301141408	-0.005528594231546656	-0.02658006754892693
730000.0	0.05927822198510122	-1.5988572727992694	-2.4858386780277604	2.2572286707167577	0.07122238182247544	0.07489654810859625	0.003962017961296255	-0.00552516848047881	-0.02744568384658714
740000.0	0.08211853192853302	-1.5982012576735496	-2.485081312204239	2.2840309943431802	0.06560151257197835	0.07573658235213931	0.003966883625643378	-0.005521705400558417	-0.02832123432528426
750000.0	0.10502876249637041	-1.5975694567856107	-2.4843164395823067	2.29102305678374	0.06318008879389733	0.07648726219323101	0.003971810917535007	-0.0055181908872200675	-0.029208552670250458
760000.0	0.12837050489583254	-1.5969441075907496	-2.4835419080051877	2.334174239946213	0.06253491948612167	0.07745315771188309	0.003976811488532688	-0.005514613010029017	-0.03010957424858412
770000.0	0.15197892381187136	-1.5963777849279606	-2.482758993057867	2.3608418916038816	0.05663226627890566	0.07829149473205642	0.003981861196663047	-0.005510998363169335	-0.031020317503213442
780000.0	0.17565859092807729	-1.5958378695936597	-2.481968575368749	2.3679667116205914	0.05399153343008876	0.07904176891180983	0.00398697112928297	-0.00550733244569169	-0.03194263261819776
790000.0	0.19976598813327612	-1.5953050881896522	-2.4811685236019856	2.410739720519884	0.05327814040075686	0.08000517667630107	0.003992153742316519	-0.005503602742988139	-0.03287861015756156
800000.0	0.22413436288492544	-1.5948340389510687	-2.4803601370908774	2.4368374751649324	0.04710492385835479	0.08083865111082285	0.003997383979982853	-0.005499836587465001	-0.03382411243051841
810000.0	0.160377743246909	-1.6321637752203078	-2.5554551250223265	2.165876715567139	-0.2013536346112342	-0.21590615137125987	-0.008294760038866443	0.011846347579133415	-0.03860790837003951
820000.0	0.18244245874923792	-1.6341970219760698	-2.55761183400281	2.2064715502328904	-0.2033246755762099	-0.2156708980483599	-0.008306223883580401	0.011838286388609297	-0.03957843008402241
830000.0	0.20474477668007926	-1.636307071407381	-2.5597638490358956	2.2302317930841347	-0.21100494313113322	-0.2152015033085716	-0.008317791853845824	0.011830129996620227	-0.040558296837748906
840000.0	0.22710055031420995	-1.6384596788174561	-2.5619091027026926	2.2355773634130687	-0.21526074100750742	-0.2145253666797153	-0.00832948451358626	0.011821869367072867	-0.04154937298484663
850000.0	0.2498584985046554	-1.6406323729645433	-2.5640519525174263	2.2757948190445454	-0.2172694147087316	-0.21428498147336492	-0.00834132784652477	0.011813488822508798	-0.04255398570972651
860000.0	0.27284539856242473	-1.6428844732114025	-2.5661899856456523	2.298690005776931	-0.22521002468591036	-0.21380331282257622	-0.008353272246536576	0.0118050134868772	-0.043567753947741886
870000.0	0.2958854807734181	-1.6451815231635019	-2.568321236134739	2.3040082210993353	-0.22970499520993404	-0.21312504890868347	-0.008365338548379982	0.011796434134352262	-0.0445925609550629
880000.0	0.3193249994523226	-1.6475005797441957	-2.570450034122377	2.3439518678904525	-0.23190565806938002	-0.21287979876381044	-0.008377553315952944	0.011787734605983695	-0.04563080465885808
890000.0	0.34299306688604575	-1.6499021167467547	-2.5725739823786555	2.366806743372314	-0.2401537002558903	-0.21239482562786796	-0.008389865954758583	0.011778940787222521	-0.04667800149903051
900000.0	0.3667148757394204	-1.652350854519291	-2.574691134243646	2.3721808853374675	-0.2448737772536371	-0.2117151864990439	-0.008402296808137956	0.011770043687973221	-0.04773600572861245
910000.0	0.39082702575766076	-1.6548245256019534	-2.576805703658629	2.4112150018240355	-0.24736710826621744	-0.21145694149829722	-0.008414871537098944	0.011761027650963903	-0.04880714781645318
920000.0	0.4151662891732001	-1.657381909750728	-2.5789154071727536	2.4339263415539345	-0.255738414877467	-0.21097035141244366	-0.008427541717070811	0.011751917339088062	-0.04988710264291077
930000.0	0.43956013552690676	-1.659988259465534	-2.581018312891996	2.4393846353706676	-0.2606349714805943	-0.21029057192425674	-0.008440326861127423	0.011742704260577377	-0.050977666914693236
940000.0	0.46433614920800337	-1.6626231034709655	-2.5831185035797684	2.4776013681096596	-0.26348440054316374	-0.2100190687772389	-0.008453251527449631	0.011733373464987417	-0.05208108530358953
950000.0	0.48933559079282846	-1.6653420534803303	-2.5852137753230147	2.4999441584825104	-0.2718950009364669	-0.2095271743246148	-0.008466269634400144	0.011723948052759005	-0.053193214298467496
960000.0	0.5143896791646894	-1.6681114463884867	-2.587302236280058	2.505408837186087	-0.27693929081564617	-0.20884609570431575	-0.008479400018300845	0.011714419881779353	-0.054315806142526186
970000.0	0.5398212312749584	-1.6709125483850198	-2.589387899476671	2.5431552110269076	-0.28011019965331335	-0.2085663196612744	-0.008492666340608157	0.011704774661265552	-0.05545103515716414
980000.0	0.5654778430529539	-1.673799944374524	-2.591468648574546	2.5656611777995506	-0.2887395989504192	-0.20807490978753382	-0.00850602358564683	0.01169503474791408	-0.05659483857056108
990000.0	0.5911908680045191	-1.6767398230777038	-2.593542596950751	2.5713024951565235	-0.29398787031798407	-0.20739483762048613	-0.008519490310810026	0.011685192192362727	-0.05774895049907657
1000000.0	0.6878712029305627	-1.5729553080920735	-2.485750179320867	2.78095412197053	-0.07195714380033402	-0.0533625226197674	0.008090775655366155	-0.0026363274990183097	-0.0542396789002832
1010000.0	0.7159197891312332	-1.5737461228882808	-2.486276552249258	2.8048586200670527	-0.07908147962072522	-0.05263729283912352	0.008093892059030107	-0.0026268390886160413	-0.05541465736732991
1020000.0	0.7440405934028814	-1.5745755189547816	-2.4867958220470023	2.8120804271648234	-0.08293960665009072	-0.05192697977442545	0.008097023718019129	-0.0026172641341265716	-0.05659981482769776
1030000.0	0.7725366108706235	-1.5754260536161342	-2.4873068522363613	2.8496017467742094	-0.08505346613525014	-0.051103018935892336	0.008100177150657285	-0.0026075818360232613	-0.057797139156084074
1040000.0	0.8012681985171808	-1.5763485516111837	-2.4878106444758066	2.8731587646557206	-0.09224979950496157	-0.05037922394451769	0.008103339275820375	-0.002597833775675682	-0.05900295152671321
1050000.0	0.8300725435639996	-1.5773113986399736	-2.488307341553285	2.880434504681881	-0.09628470287898956	-0.04966970774784327	0.008106515570768276	-0.0025879997013112657	-0.06021885208225734
1060000.0	0.8592447229589627	-1.5782985066903208	-2.488795845693284	2.917217939496306	-0.09871080503471262	-0.04885041399989548	0.008109712143221329	-0.002578059658880747	-0.061446697079421894
1070000.0	0.8886510844586252	-1.57935910213922	-2.489277130458093	2.940636149966243	-0.1060595448899176	-0.048128476480933075	0.008112916431096222	-0.002568054134635273	-0.06268298018103031
1080000.0	0.9181308896637933	-1.5804619470551113	-2.489751337300377	2.947980520516812	-0.11028449158913536	-0.04742068422840476	0.008116133620081605	-0.002557963424199291	-0.06392922318803473
1090000.0	0.9479744713672863	-1.5815920905874696	-2.4902173870446407	2.984358170349295	-0.11301435323583275	-0.04660497442635117	0.008119369786702762	-0.0025477675006268597	-0.0651872755032695
1100000.0	0.978050731838527	-1.5827972706113251	-2.4906762387431463	3.007626047124071	-0.12051800238554289	-0.045885169850563595	0.008122612415955013	-0.002537506873229431	-0.06645364935674566
1110000.0	1.0082002918398147	-1.584046369379554	-2.4911280215271483	3.0149560001287723	-0.12490987682287114	-0.045178278400225674	0.008125866728622458	-0.0025271616685459187	-0.06772987390649535
1120000.0	1.0387066686877062	-1.5853258189793769	-2.491571697340128	3.050637684789143	-0.12794495998229283	-0.04436758129796456	0.008129138656199653	-0.0025167124613983717	-0.06901771678029262
1130000.0	1.069447719402088	-1.5866830934808993	-2.4920081910920198	3.0741050714381792	-0.13572745015224089	-0.043649375189194345	0.008132415905863772	-0.002506198993717619	-0.07031381599913224
1140000.0	1.100262532330926	-1.5880862090342518	-2.492437631689572	3.0814812928838187	-0.14031155533523867	-0.04294405975520596	0.008135703668203723	-0.00249560154237724	-0.0716196631749611
1150000.0	1.1314275570875474	-1.5895227851306946	-2.49285900284034	3.116502475662121	-0.14365760964426993	-0.04213711507681003	0.008139007638016853	-0.0024849011721627587	-0.07293694975678941
1160000.0	1.162825975668105	-1.5910389987066667	-2.4932732081865248	3.1398418580557554	-0.1516213575972162	-0.04142053461847561	0.008142315872943989	-0.002474136810878717	-0.07426243303454678
1170000.0	1.194298651189208	-1.5926030586549882	-2.4936803748931573	3.147267552110291	-0.15640599483215684	-0.040716670663245885	0.008145633381456812	-0.0024632890962504486	-0.07559756314248572
1180000.0	1.2261149290040527	-1.5942034999857584	-2.4940795175211994	3.181627781484469	-0.1600441330770108	-0.03991426280420299	0.008148965656798103	-0.0024523395345092554	-0.07694396607001255
1190000.0	1.2581637081720214	-1.5958856711685496	-2.494471520060337	3.204877916796873	-0.1682171182791153	-0.03920025391375184	0.008152301109224236	-0.0024413264319581673	-0.07829849412817132
1200000.0	1.2902884069922764	-1.5976180924976844	-2.4948564984865276	3.2124698820255144	-0.1732421329134854	-0.03849784261908415	0.008155644566487062	-0.002430230752343818	-0.07966254010930837
1210000.0	1.2957694179562287	-1.6201676271476986	-2.5436856164199813	3.312622416977326	-0.2881653519395687	-0.11443598206628128	-0.001067140575881758	-0.007482442121152106	-0.08311307144791921
1220000.0	1.3291310017176494	-1.6231429010487295	-2.5448210543680267	3.336158376142071	-0.2975273901030938	-0.11354379480455931	-0.0010567683780083844	-0.007483939631042212	-0.08449639823990979
1230000.0	1.3625730136093628	-1.6261800631300019	-2.545948653850853	3.3442011891713355	-0.3037162081272412	-0.1127599482826433	-0.001046323742300777	-0.007485432286348171	-0.08588915052285982
1240000.0	1.396348078072316	-1.6292690380834356	-2.5470664963468113	3.377506446295337	-0.30889749534337585	-0.11178424959579816	-0.001035793381846779	-0.007486915973561633	-0.08729284329993624
1250000.0	1.4303553768308637	-1.6324530356375273	-2.5481754390593765	3.4007298758547546	-0.31839975540917986	-0.11089427125651038	-0.001025202803837871	-0.007488400430904424	-0.088704579266444
1260000.0	1.464443638333649	-1.6357011272001694	-2.5492765370343977	3.4088261502785375	-0.324809156264208	-0.11010979750211228	-0.0010145404992478568	-0.007489879008706822	-0.0901256338259011
1270000.0	1.4988618628530956	-1.6390040611435615	-2.550367899675985	3.4418224519446725	-0.33029339433920685	-0.10913626415870395	-0.0010037932176809056	-0.007491347434931705	-0.09155751938274882
1280000.0	1.533514208869032	-1.642405125816386	-2.55145034351676	3.465234601593634	-0.3401064672824635	-0.10824438407748518	-0.000992986523108502	-0.007492815734580123	-0.09299733537297335
1290000.0	1.5682470812032787	-1.6458721650273649	-2.552524938581614	3.4732872334246787	-0.34670392109787107	-0.1074595064853904	-0.0009821086114193856	-0.007494277150223909	-0.09444639515584713
1300000.0	1.6033038447971661	-1.6493966831540863	-2.5535898347208073	3.505676359388735	-0.35245181267213405	-0.10648961391935016	-0.0009711466080065378	-0.007495727285817717	-0.09590615498542035
1310000.0	1.638593620221726	-1.6530215856149197	-2.554645820964067	3.5289775424559866	-0.36249024608333746	-0.10559862432595582	-0.0009601254684303635	-0.007497176436275774	-0.09737380371449121
1320000.0	1.673965487388657	-1.6567150592033923	-2.5556939464366377	3.537186716693097	-0.36934735884726666	-0.10481254725709685	-0.0009490339622020343	-0.007498617665588049	-0.09885057999991509
1330000.0	1.7096553292000392	-1.6604686351599534	-2.5567324126904842	3.5689841811382292	-0.3753575956561109	-0.10384662538465128	-0.0009378588957596641	-0.007500046439565327	-0.10033796356457014
1340000.0	1.745577442413266	-1.664325096934405	-2.557761969840009	3.592211321322669	-0.3856461774451712	-0.10295571495248754	-0.0009266251648963568	-0.007501473391618972	-0.10183317387927208
1350000.0	1.7815819468414207	-1.6682523955980437	-2.5587836594684545	3.6004504428154727	-0.3927298663638676	-0.10216896284457591	-0.0009153215902990501	-0.007502891442897225	-0.10333743823204308
1360000.0	1.8178967589910986	-1.6722419073286112	-2.5597957390358	3.6314812149677946	-0.3989511730567587	-0.10120795673456112	-0.0009039355913927753	-0.007504295841420844	-0.10485214575211463
1370000.0	1.854440863507075	-1.6763360323659988	-2.5607989282209274	3.654410451597646	-0.40941250373876487	-0.10031891851273672	-0.000892491139217923	-0.007505697530799966	-0.10637465668790294
1380000.0	1.8910677773105553	-1.6805033722656826	-2.5617942397130102	3.662691380348033	-0.41673398996837285	-0.09953114920827719	-0.0008809774719574938	-0.007507089272416435	-0.10790613078484936
1390000.0	1.9280021045786024	-1.6847357800449911	-2.5627799561303655	3.6934327268047165	-0.4232407779308451	-0.09857164173552319	-0.0008693818684049067	-0.0075084662612114	-0.10944797081017817
1400000.0	1.9651644890651678	-1.6890751741717738	-2.5637567891100335	3.716238448656544	-0.4339394126782614	-0.09768329796679653	-0.0008577284513707075	-0.0075098396431099185	-0.11099753600344027
1410000.0	1.9311441893637276	-1.5555045061539186	-2.515721523592271	3.682817075720026	-0.18772726235938403	-0.05220914223454534	0.0232808019881233	-0.0017528700377205718	-0.10746399087999195
1420000.0	1.9682716591330878	-1.557423908299523	-2.516236263220684	3.7127469769360157	-0.19194021456043175	-0.051473962841296655	0.02328354187908978	-0.0017163799126474004	-0.10903223814731323
1430000.0	2.0056267455029686	-1.5594286767781635	-2.516745148062282	3.735508636988085	-0.20047684786405764	-0.05088848415977837	0.02328623509653187	-0.0016797148672654822	-0.11060814577935812
1440000.0	2.0430615849297995	-1.5614866536784382	-2.5172479442058564	3.7434839426830937	-0.2057976900274652	-0.050279614357453956	0.023288884838286998	-0.0016428394866894356	-0.11219288679574062
1450000.0	2.0807902390394677	-1.5635891790749548	-2.517743463457371	3.7728654109668254	-0.210252539651663	-0.04955192515144877	0.02329149457442017	-0.001605716850924496	-0.11378779066936318
1460000.0	2.118745847140979	-1.565779880264884	-2.518233194004684	3.79556081015113	-0.2190701189929176	-0.04897305473127611	0.023294054631571658	-0.0015684207721785486	-0.11539029740243696
1470000.0	2.156782646791301	-1.5680266000350973	-2.5187168933912543	3.8036799650322535	-0.22467197702134453	-0.04836993865702424	0.023296568103460036	-0.001530916799043093	-0.11700153584078549
1480000.0	2.1951078960400268	-1.5703202633924964	-2.51919339458902	3.832524924872576	-0.22936633573990883	-0.04765011977660902	0.02329903835281693	-0.0014931668593217017	-0.11862288176591024
1490000.0	2.233659078309561	-1.572704792836377	-2.5196641722263573	3.8551182269534108	-0.23845294438807185	-0.0470777637337251	0.023301455964190334	-0.001455244585799025	-0.12025179006027947
1500000.0	2.2722916044062518	-1.5751478223408832	-2.520128974434206	3.8632526096690714	-0.24430295045061026	-0.046480220784870935	0.0233038239308106	-0.0014171160908676408	-0.121889363407162
1510000.0	2.311205496232089	-1.5776395302946766	-2.5205866489839126	3.8913891825837004	-0.24917079537934758	-0.045767454970686905	0.023306145389476375	-0.0013787447250707796	-0.12353691269760206
1520000.0	2.3503443496325653	-1.5802248945296948	-2.5210386689096778	3.9138853400476554	-0.2585364235018292	-0.04520199257653093	0.0233084113110856	-0.0013402013924675822	-0.1251920172330545
1530000.0	2.3895648124621482	-1.5828713569764838	-2.5214847767863526	3.922046282958273	-0.26464624467890563	-0.04461078766746954	0.02331062440963777	-0.0013014539718835295	-0.12685569966687185
1540000.0	2.429061360875433	-1.585568635570766	-2.5219238206730226	3.9496548413284684	-0.26972785942822924	-0.043904388667007105	0.0233127877366262	-0.0012624657081510338	-0.1285292742260889
1550000.0	2.4687799649865405	-1.588361683698726	-2.5223572758027224	3.971860411110752	-0.27930481279598146	-0.0433455129699753	0.023314892468351073	-0.0012233068404222719	-0.1302103543075726
1560000.0	2.5085795104615043	-1.591218119573468	-2.5227848751319133	3.9799545474963827	-0.2856435874741949	-0.04275993291907507	0.02331694127694086	-0.0011839455136741295	-0.1318999499577436
1570000.0	2.54865305868567	-1.5941285316139122	-2.523205493544911	4.007354822416551	-0.2910412040444178	-0.04206184129977267	0.023318937082397163	-0.0011443448427052461	-0.13359937727803012
1580000.0	2.5889504610936087	-1.5971384950997067	-2.5236206020714738	4.029740240793862	-0.3009963485794597	-0.0415108526562766	0.02332087121349664	-0.0011045761610448672	-0.135306210937152
1590000.0	2.6293287657048525	-1.6002143821223698	-2.524029906549119	4.037830461124392	-0.3075887022663144	-0.04093044776450683	0.023322746345425714	-0.0010646061008833165	-0.13702152180932634
1600000.0	2.669976040321443	-1.6033464192345175	-2.524432301909872	4.06472746165908	-0.3132037112147721	-0.040239536075289684	0.023324565202504116	-0.001024398110893841	-0.13874660690943255
1610000.0	2.642443391235097	-1.6715224820561483	-2.5999581363279	3.9994955382779986	-0.32741874848869534	-0.15235964574269753	0.0222151034278539	0.00993615688066441	-0.14125101977517374
1620000.0	2.6825085230527024	-1.6748648755604094	-2.6014770228073196	4.006513181760538	-0.33423935042611863	-0.15188864794195164	0.022197785395718362	0.009974780659573221	-0.14299203015223902
1630000.0	2.7228269615953935	-1.6782653532900889	-2.6029921038457178	4.0318438542691215	-0.3400477729679425	-0.15150810383981364	0.022180305214296578	0.010013596609839371	-0.1447427587195315
1640000.0	2.763356798450418	-1.6817712764035284	-2.6045044215220217	4.052983685502471	-0.3505923113439616	-0.15123176763039656	0.022162680886716232	0.010052535786216898	-0.1465008047044399
1650000.0	2.8039580559212207	-1.6853484844966995	-2.6060121135221253	4.060125747080239	-0.35772080931710265	-0.15076920001035657	0.022144903959784253	0.010091628724372782	-0.14826717812558288
1660000.0	2.844807771586347	-1.6889859002681487	-2.607516013875824	4.084971566512643	-0.36374157714490735	-0.1503900353698764	0.022126962147152332	0.01013091165670978	-0.1500432475750748
1670000.0	2.8858678306914625	-1.69273182466555	-2.609017217124852	4.106005910511554	-0.3745924397401422	-0.15012032490281077	0.022108873898286932	0.010170315292397149	-0.15182659792411227
1680000.0	2.9269994039595715	-1.696551835754047	-2.6105138564369	4.11315732681092	-0.38200110884969735	-0.1496639312048212	0.022090631036185995	0.010209869181268937	-0.15361819602081495
1690000.0	2.968372783157571	-1.700433179162963	-2.612006688651956	4.137337919799916	-0.38813434089159826	-0.14928322150560194	0.022072221512865906	0.010249608928359156	-0.15541938341775877
1700000.0	3.0099536469538166	-1.7044254444960996	-2.613496858451103	4.158086379624563	-0.39922653331365066	-0.14901697991472204	0.02205366293005139	0.010289467414302646	-0.1572278412432442
1710000.0	3.051605937990181	-1.7084945550876955	-2.614982531460336	4.16522910363643	-0.4069110591595969	-0.14856730092330775	0.02203494732529103	0.010329473362130682	-0.15904450150349989
1720000.0	3.0934980141056285	-1.7126279789461747	-2.6164644479992614	4.189207611544753	-0.4133423858479049	-0.14819165389251363	0.022016062352068145	0.010369662923579511	-0.1608707286813116
1730000.0	3.135596286695077	-1.7168753671223502	-2.617943766225117	4.209827258944835	-0.42473881761756194	-0.14793182258557253	0.021997026242757307	0.010409968113636744	-0.16270416638609989
1740000.0	3.1777650543034297	-1.7212020913789292	-2.619418639764709	4.216876760835282	-0.43267242565790065	-0.14748735395918414	0.02197783095606578	0.010450417826873767	-0.16454575474471392
1750000.0	3.220169198132394	-1.7255953243578652	-2.620889779529802	4.240414382896408	-0.43932329789359587	-0.1471139765093453	0.021958463981400986	0.010491048070504546	-0.16639685327304352
1760000.0	3.262781352090131	-1.7301067755000095	-2.622358431259391	4.261215395773727	-0.4511451142144132	-0.1468651729588906	0.021938943673497194	0.010531790699155764	-0.16825510077365916
1770000.0	3.30546371914021	-1.7347003299488757	-2.62382270007984	4.2682367050078724	-0.45935544488661434	-0.14642688204488005	0.021919261657695047	0.010572675454623781	-0.170121472621176
1780000.0	3.3483768619047254	-1.7393623011265074	-2.6252832499757313	4.291314276451551	-0.46619711776317063	-0.14605498958914961	0.02189940534602249	0.010613738153988991	-0.17199732363721879
1790000.0	3.391497284862137	-1.7441459752035178	-2.6267413913959827	4.312042295741191	-0.4783674077010436	-0.14581414202514167	0.021879393524244613	0.010654910216669788	-0.17388027389458513
1800000.0	3.4346889740575905	-1.749015036326615	-2.628195235454456	4.319168919545341	-0.4869061123097366	-0.14538440584734633	0.021859218113255693	0.010696220614506665	-0.1757712620718871
1810000.0	3.479283627413731	-1.9145593841303432	-2.582024310516889	4.350148736889356	-0.6787507332413993	-0.10277463345660878	0.0041046424283367735	0.0059729066150897014	-0.18044970795914916
1820000.0	3.5229924163952067	-1.921490387690609	-2.5830468611343953	4.370878898147584	-0.6931003560265981	-0.10225506175059632	0.004093250599272374	0.005980677039633258	-0.182357599397167
1830000.0	3.5667735819136714	-1.9285278321263026	-2.5840631998454424	4.378116551846494	-0.7037444435693521	-0.10163387110469577	0.004081796112442919	0.005988458616983544	-0.18427346351198548
1840000.0	3.6107759855949504	-1.9356547793206786	-2.585073908513245	4.400240368127909	-0.7126947194376021	-0.10107086678026272	0.004070272927405337	0.005996263900256957	-0.1861987370766746
1850000.0	3.654982704898879	-1.942927846813103	-2.586079421348158	4.420671930392882	-0.7273067492424335	-0.10055128349127765	0.004058689362123129	0.006004066950817641	-0.18813107763106549
1860000.0	3.6992614954484804	-1.950310302780726	-2.5870787363586243	4.4278790549601155	-0.7382455967623005	-0.09993150104663565	0.004047042883713863	0.006011880065319117	-0.19007135255660926
1870000.0	3.7437597160860934	-1.9577852557584863	-2.58807242930304	4.449822063761304	-0.7474952977760329	-0.09936929444160347	0.004035327393669305	0.006019715943437961	-0.19202102995850245
1880000.0	3.7884610264710936	-1.9654097768790029	-2.5890609387630255	4.4701310385000435	-0.7624521120516702	-0.09885094599852448	0.004023551371675692	0.006027548406253597	-0.19397772106055106
1890000.0	3.833233372605206	-1.9731464303612467	-2.5900432599587746	4.477234613411245	-0.7736653482243863	-0.09823211957490405	0.004011712356203575	0.006035389771051383	-0.1959422862583045
1900000.0	3.87822104362167	-1.9809775108270924	-2.591019941294708	4.498767101646411	-0.7831080465845597	-0.09766813359334373	0.003999804246371594	0.006043252761723195	-0.19791620114994787
1910000.0	3.9234135552925773	-1.9889626951101698	-2.591991471647109	4.5192511670907	-0.7985184283077372	-0.09715303524008567	0.003987835757875039	0.006051110941736174	-0.19989703196973418
1920000.0	3.968677967749125	-1.9970633898516286	-2.592956839705496	4.526441245654753	-0.8100694741458823	-0.0965368058386902	0.003975804452109799	0.0060589766656035104	-0.20188563664294754
1930000.0	4.014153715355402	-2.005260579214098	-2.5939165603867655	4.547574760627667	-0.8197189362469404	-0.09597206812697442	0.003963703944684989	0.00606686291521992	-0.20388353624500197
1940000.0	4.059832564416665	-2.0136156134838754	-2.5948711434145104	4.567884906126315	-0.8355034269777446	-0.09545830277447695	0.003951543279338542	0.006074742918703637	-0.20588824424095634
1950000.0	4.105582734287709	-2.0220892113765085	-2.595819574141732	4.5750169871044655	-0.8473597892633092	-0.09484307272215689	0.00393932012696784	0.006082629083782171	-0.2079006072613752
1960000.0	4.1515380650469975	-2.030660992562718	-2.5967623332547793	4.595533075928896	-0.8571781186209222	-0.09427591130470878	0.003927027646458788	0.006090534617512125	-0.20992220942502895
1970000.0	4.197697965372244	-2.039395010249098	-2.5976999835096075	4.615990032524637	-0.8734017686379796	-0.0937650254828172	0.003914675371977336	0.006098432454104843	-0.21195050402335092
1980000.0	4.243929046711551	-2.0482507059393438	-2.5986314934914927	4.623108133930618	-0.8855695690246068	-0.09315099818850534	0.0039022607036436163	0.0061063351220411325	-0.21398636905535165
1990000.0	4.290359849307012	-2.057206334532847	-2.599557312413391	4.643080259546079	-0.8955628593503092	-0.09258189218982382	0.0038897764767189128	0.006114256124884901	-0.21603144039065852
2000000.0	4.33699468524407	-2.0663281600267505	-2.600478042151904	4.663483593705869	-0.9121825493903247	-0.0920729738513053	0.0038772325422202106	0.006122168051483697	-0.21808311584261184
2010000.0	4.343259886272726	-2.0820700307446245	-2.5917072219969803	4.626112903046717	-0.9474427651831793	-0.054915918060483626	0.0006968185817555849	0.009047948900753883	-0.22097609544191157
2020000.0	4.389711396844615	-2.0916485135809846	-2.5922509132433005	4.645151057188902	-0.9578482836360004	-0.05436912463202179	0.0006781137519492422	0.009049323384064296	-0.2230445093709104
2030000.0	4.436362930619404	-2.101399746274914	-2.5927896464301474	4.665153377478888	-0.9751232693929418	-0.05387331868469178	0.0006593439967504458	0.009050654281366172	-0.22511944922523036
2040000.0	4.483082649255121	-2.1112814378566607	-2.5933220227666895	4.671971863571726	-0.9881691581746473	-0.05323763365419107	0.0006405042661823895	0.009051951383572086	-0.22720180342352775
2050000.0	4.52998701623017	-2.1212687307578446	-2.5938488859761093	4.690436697504895	-0.9987292901183742	-0.05268632094196918	0.0006215815852124377	0.009053222927044842	-0.22929334063527054
2060000.0	4.577090786422556	-2.1314327377974984	-2.5943707919924046	4.710377019238507	-1.0164007039653657	-0.052190601629544975	0.0006025947395194583	0.009054449482016998	-0.23139133211538146
2070000.0	4.6242626004561025	-2.141730316000113	-2.59488634685113	4.71718140335465	-1.0297578202614524	-0.051555485872503304	0.0005835386584492294	0.009055640901271901	-0.2334966726125403
2080000.0	4.671610602588663	-2.1521342148991645	-2.595396318465689	4.734800213256072	-1.040389889905115	-0.05099716145589059	0.0005643999163773914	0.009056805354098734	-0.23561118694224292
2090000.0	4.71915617125668	-2.162718503523524	-2.5959013328066134	4.754556866801722	-1.058428862435955	-0.05050143409245708	0.0005451976920299945	0.00905792348429091	-0.23773208905109097
2100000.0	4.766768970204357	-2.173439334041529	-2.5964000006318844	4.761279894767734	-1.0720830518004543	-0.04986678252710372	0.0005259270432094812	0.009059005114784429	-0.239860280330485
2110000.0	4.814556877405531	-2.1842691968622	-2.596893078918087	4.778790720117448	-1.0829862820670908	-0.04930782862027017	0.0005065740142349126	0.00906005849868784	-0.2419976325574779
2120000.0	4.862543459243643	-2.1952838822469416	-2.5973812233361144	4.798658183811162	-1.1014685384741738	-0.04881444180274799	0.00048715827549503446	0.009061064172461676	-0.24414130999557795
2130000.0	4.910597832944362	-2.2064384047457284	-2.59786303215943	4.805437370071886	-1.1154522498786639	-0.048180882331552016	0.00046767473249317073	0.009062032000696956	-0.24629222316115354
2140000.0	4.958821739635135	-2.2177034163918354	-2.5983392000094323	4.822390669077289	-1.1265011646107148	-0.04761678500024227	0.0004481089473336868	0.009062970259848492	-0.24845230830484735
2150000.0	5.0072437306924735	-2.2291573166690655	-2.5988104404481844	4.842199105733883	-1.145390027723022	-0.04712404387521632	0.0004284811897280338	0.009063859368787203	-0.25061866067333377
2160000.0	5.055733224305522	-2.24075420898383	-2.5992753592838507	4.848949361304814	-1.1596892314764544	-0.04649188356660597	0.0004087863241108793	0.009064709279639685	-0.25279219636152966
2170000.0	5.104383732417147	-2.2524621309720927	-2.5997345669420215	4.865050811162471	-1.1707921988262466	-0.04592076581706975	0.00038900939081903084	0.009065528251848637	-0.25497490668656686
2180000.0	5.153230307329329	-2.2643626598984143	-2.6001888406419207	4.884657491218166	-1.1900528926321734	-0.04542736998991864	0.00036917122930902013	0.009066296749594381	-0.25716382993487913
2190000.0	5.202143971983715	-2.2764093327675936	-2.60063678943411	4.891366465438619	-1.2046672869179376	-0.04479487921889244	0.0003492666246440826	0.009067024726677475	-0.2593598866597395
2200000.0	5.251213138149169	-2.2885684167491247	-2.601078980407673	4.906916616545375	-1.2159083981530994	-0.044219097356341386	0.0003292801703728327	0.009067720391722479	-0.26156512403369564
2210000.0	5.23932355192183	-2.2997770377404363	-2.57985722460392	4.842316518809622	-1.2532965545908175	-0.0069040550727601235	-0.0032579877051553087	0.015090345685610174	-0.26555658170618307
2220000.0	5.287806434673309	-2.312461203131602	-2.579919793674903	4.848288275147884	-1.2684165391165823	-0.006256907098307438	-0.0032914525795305826	0.01508301936665345	-0.26777520829411405
2230000.0	5.336436700647704	-2.325262455091234	-2.579977102430203	4.863026597439519	-1.2801251959631907	-0.005730875529990256	-0.0033250364954992757	0.015075596794756906	-0.2700030112521891
2240000.0	5.385256008055481	-2.33826704285402	-2.580030125323614	4.881930740777666	-1.300458776278613	-0.005302289341081123	-0.0033586989175941073	0.015068069136739429	-0.27223691300909664
2250000.0	5.434133877556315	-2.3514258319811456	-2.5800766639987405	4.887786950083409	-1.3158789127125612	-0.00465386751266883	-0.0033924506143484653	0.015060442889647516	-0.2744778556684738
2260000.0	5.483154116231655	-2.364703194365692	-2.58011786133305	4.9020238675340515	-1.3277362384546532	-0.004119733430958256	-0.0034263203117444858	0.015052718086211588	-0.27672797958500245
2270000.0	5.5323625708095365	-2.3781880535873996	-2.5801547606670217	4.9208454577881255	-1.3484859221707555	-0.003689933397148945	-0.003460266752639825	0.015044886355587383	-0.27898414776689207
2280000.0	5.581629934778628	-2.3918305435660345	-2.5801851763201182	4.926736396909131	-1.3642489978635082	-0.0030415653096710626	-0.0034943006076387333	0.015036954076348402	-0.28124729961292144
2290000.0	5.631031614076429	-2.405592032445554	-2.5802101279017644	4.940167929780064	-1.3761488879519659	-0.0024951581646147913	-0.003528451618227686	0.015028920959770374	-0.28351964726092144
2300000.0	5.680620437198109	-2.419565144574797	-2.5802307711700747	4.958882312168052	-1.3973112129242675	-0.002064326831014693	-0.003562677542417585	0.015020778993738368	-0.28579798711180354
2310000.0	5.730267632353457	-2.433699132210737	-2.58024492742435	4.964719515534812	-1.413398763593971	-0.001415625427536052	-0.0035969890361474267	0.015012534545453515	-0.2880832627217397
2320000.0	5.780043539798801	-2.4479533429525846	-2.580253534007833	4.977590744534397	-1.425421074184752	-0.0008606583482632241	-0.0036314166769370665	0.015004186965657177	-0.2903777421701031
2330000.0	5.830004247679702	-2.4624229443450525	-2.580257798766812	4.996070788090116	-1.4469601392467808	-0.0004264758979037331	-0.003665917476788209	0.014995728663847855	-0.2926781626642988
2340000.0	5.880022059125967	-2.4770564752900444	-2.5802555590167255	5.001781144626451	-1.463353094499191	0.00022397500864020092	-0.0037005020809074266	0.014987165976773268	-0.29498547233046263
2350000.0	5.930167267880878	-2.491812823862812	-2.5802477441682927	5.0145208754911526	-1.475634857276784	0.000781484843273117	-0.003735201625900806	0.01497849788750914	-0.29730198611926184
2360000.0	5.980495934079711	-2.506788667913054	-2.58023557062397	5.03286661988321	-1.497584405024188	0.0012173544322776897	-0.0037699726555556518	0.014969717132909696	-0.29962439785490447
2370000.0	6.030880941964798	-2.521931676013569	-2.5802168834303285	5.038500788508733	-1.5143008100514872	0.0018687193641411248	-0.003804825670277142	0.014960830039094868	-0.30195365271022057
2380000.0	6.081388486175308	-2.537198913656908	-2.580192554162034	5.0507544210509225	-1.526723764333894	0.0024329268294636247	-0.003839792604702053	0.014951835286171332	-0.30429212124567556
2390000.0	6.132080350825604	-2.5526904874211414	-2.5801638877721613	5.069186465029655	-1.5491573764233422	0.0028666389872741005	-0.003874828933476494	0.01494272600121857	-0.30663642716911765
2400000.0	6.182828635041688	-2.568352726146754	-2.5801287127124453	5.074828421608415	-1.5662238725612359	0.0035175059715979173	-0.003909945469642271	0.014933508480978706	-0.3089875309290223
2410000.0	6.23267693718072	-2.5569728924153208	-2.6621818728258733	5.064622297677019	-1.549057951453469	-0.0793638180105162	-0.0011440052280627154	0.01839480025063674	-0.3124429246084539
2420000.0	6.283503551954938	-2.5726886487781053	-2.662973041554195	5.082661477421785	-1.5715756362784647	-0.07911687283216184	-0.0011875236356619285	0.018391973810279294	-0.31480920392141176
2430000.0	6.33438331989243	-2.588574891789926	-2.6637590685046946	5.087976793749191	-1.5886243011820527	-0.07860269504996051	-0.0012311595628366583	0.01838903655807204	-0.31718223672697543
2440000.0	6.385370000407019	-2.604583376286635	-2.6645405644978783	5.098668051458923	-1.6008484496709114	-0.07814959931838464	-0.001274955269417678	0.01838599294507513	-0.31956451404356895
2450000.0	6.436535672059638	-2.620821255480682	-2.665319584058727	5.116567165261918	-1.6237879194046583	-0.077901956084866	-0.001318852429574843	0.01838282719008887	-0.3219525316075469
2460000.0	6.4877535503529895	-2.6372328989188984	-2.666093453836897	5.121787829335146	-1.6411643438216554	-0.07738697781700807	-0.0013628653683156978	0.018379547914964746	-0.324347257711709
2470000.0	6.539073086236789	-2.6537679258911666	-2.666862703317101	5.131953588379963	-1.6535026972268096	-0.07692494802041636	-0.001407037326162333	0.018376159283462198	-0.32675123890209073
2480000.0	6.59056894688236	-2.670536162461583	-2.6676294506211393	5.149586064557111	-1.6768236570416446	-0.0766747304038223	-0.0014513088627609871	0.0183726459026133	-0.3291609107939612
2490000.0	6.642116028746687	-2.6874814614756493	-2.6683910456991167	5.154708186432726	-1.6945299014065942	-0.07615950779774386	-0.00149569431914258	0.01836901635551662	-0.3315772446821684
2500000.0	6.693763219729721	-2.704552655280276	-2.6691480033163866	5.164719098303396	-1.7071193804626517	-0.07569576172698572	-0.001540237800144298	0.018365274416969453	-0.3340028361043634
2510000.0	6.74558504796639	-2.721861247056801	-2.6699024470159487	5.182182823666918	-1.7308591776524835	-0.07544436995622336	-0.0015848791308384642	0.01836140508574688	-0.33643407724114505
2520000.0	6.797456446172827	-2.7393499998719535	-2.670651723001101	5.187139820643712	-1.748875281515282	-0.07492759851522976	-0.0016296325810440996	0.018357416901915415	-0.33887193743677985
2530000.0	6.849423179539403	-2.756965927303904	-2.671396283245327	5.196673336657557	-1.7615927431950462	-0.07445602442256141	-0.001674543128195281	0.018353313348307414	-0.3413190668673559
2540000.0	6.901564807974494	-2.7748241561394056	-2.6721383537757393	5.214162843509116	-1.7858228835501402	-0.07420705304122963	-0.0017195494948771188	0.018349079795279215	-0.3437717890388644
2550000.0	6.953755797874158	-2.792866148054967	-2.672875272504207	5.219098989966357	-1.804199191556146	-0.07369187284678011	-0.0017646661228921346	0.018344724693019798	-0.3462310879721094
2560000.0	7.006034421059895	-2.8110353570749624	-2.6736073369496047	5.227862318573723	-1.8169209019995514	-0.07320644453977182	-0.0018099391723901	0.018340251148713776	-0.34869967778908745
2570000.0	7.058486513013246	-2.8294512550045834	-2.6743369080554373	5.2452091953351	-1.8415897929620872	-0.0729571105832384	-0.0018553060965075551	0.018335644978661005	-0.35117381530440644
2580000.0	7.110986773061871	-2.8480542397207236	-2.675061320143757	5.25002600486244	-1.8602984716140318	-0.07244120883198221	-0.0019007814359195843	0.018330914666663888	-0.3536544881757052
2590000.0	7.163569473809272	-2.866785465183057	-2.675780786897358	5.258270074740057	-1.8731225462333567	-0.07194667536008834	-0.001946412298098892	0.01832606279045167	-0.3561444669446561
2600000.0	7.216322698061553	-2.8857672083546286	-2.6764977322245285	5.27532242522813	-1.8981743171571732	-0.07169453271703366	-0.001992135157792681	0.01832107574917562	-0.3586399485897455
2610000.0	7.380097936635013	-2.8745854835729445	-2.640429340707234	5.400028398779653	-1.886022022623443	-0.05194731553270354	0.0026490852472141253	0.010574516371465552	-0.3569116741748243
2620000.0	7.434188256716537	-2.893574396126167	-2.640943274642096	5.409032008152364	-1.8988912553222745	-0.05139339348622998	0.0026225287000242376	0.010581070686372013	-0.35942267848565473
2630000.0	7.488456876860668	-2.9128156838510013	-2.641453517451235	5.426862014413109	-1.924128772483414	-0.05102428091386549	0.002595894507052235	0.010587561727874673	-0.3619391497533747
2640000.0	7.542780127987112	-2.9322487105656454	-2.6419584221508616	5.432325112644428	-1.9433026714644301	-0.05049046996265319	0.0025691755668353707	0.010594002719858211	-0.3644620756975384
2650000.0	7.597188698931345	-2.95181161714579	-2.6424577509892018	5.440857094423277	-1.9562906580144737	-0.04993288383403363	0.0025423446703878865	0.010600409574612155	-0.3669943313943121
2660000.0	7.651775536685407	-2.971631910027708	-2.642953419383384	5.4586837754062	-1.9820292881918062	-0.0495668394181997	0.0025154368203147517	0.010606751238863343	-0.36953200137251335
2670000.0	7.706415565164709	-2.9916472596130768	-2.6434437561842175	5.464002847930184	-2.0015349585368707	-0.04903368008335726	0.002488444694400565	0.010613041029060934	-0.3720760953825176
2680000.0	7.761135722087392	-3.0117934501049897	-2.643928476363242	5.472015692268306	-2.014619049191286	-0.04847201790246072	0.0024613405519368485	0.01061929476945425	-0.37462953638622154
2690000.0	7.816031250179956	-3.0322009942552617	-2.6444095334790054	5.48955280925639	-2.040754415027214	-0.0481057115763622	0.002434160034086828	0.010625481443162896	-0.37718835024661274
2700000.0	7.870979659714553	-3.0528073760324146	-2.644885279044306	5.494840953459807	-2.0606381777152856	-0.04757455653003087	0.0024068958417033212	0.010631614296001889	-0.37975354051083954
2710000.0	7.926000375408791	-3.073544335427233	-2.645355339590178	5.502071569423832	-2.0736959394818397	-0.04700605458720716	0.0023795194931174146	0.010637709205623506	-0.3823281051463467
2720000.0	7.981194433136384	-3.094546986377118	-2.645821749447031	5.519405772759245	-2.1002650949884822	-0.04664098568526079	0.0023520673259328695	0.010643735198402404	-0.3849080032429338
2730000.0	8.036439270306804	-3.1157515916107372	-2.646282846486106	5.524483717041948	-2.120460523361914	-0.046109703907517424	0.002324532030835632	0.010649705517497672	-0.3874942432213006
2740000.0	8.09175489730325	-3.1370892456047845	-2.646738250454516	5.531562699644611	-2.1337653994047376	-0.04554039684099115	0.002296884599997411	0.010655635962885816	-0.39008986867681283
2750000.0	8.147241583750882	-3.158696864888696	-2.64719000849363	5.548668644763114	-2.1607619283911754	-0.04517580391142775	0.0022691619102803125	0.010661495581454376	-0.3926907951264114
2760000.0	8.20277748266621	-3.180509816604425	-2.647636464559611	5.55358989153283	-2.181295171572924	-0.04464560659810815	0.002241356667082595	0.010667297641147877	-0.39529802659278945
2770000.0	8.258379513951663	-3.2024568900427504	-2.6480771969826304	5.560203128545272	-2.1947073438325186	-0.04407324230193285	0.0022134392255151124	0.010673057882614276	-0.39791466447921
2780000.0	8.31415222561446	-3.2246790234806224	-2.6485143152900066	5.577271166279668	-2.2222133437872267	-0.043711830737591995	0.0021854472850285477	0.010678745416335495	-0.4005365528447773
2790000.0	8.369972434992274	-3.247109829826587	-2.6489461335986206	5.582020937781362	-2.2430806345964522	-0.043181830861422854	0.0021573733716825035	0.010684373449660863	-0.4031647173972202
2800000.0	8.425853601600352	-3.269675570909391	-2.6493721835969812	5.588116660807828	-2.2565741082804105	-0.04260499983606039	0.002129187190729366	0.010689957758002404	-0.4058023078711772
2810000.0	8.396884985802712	-3.289872054969167	-2.644804532527577	5.5043851260527985	-2.2868760732728752	-0.05997688969646511	3.938913428001871e-05	0.017122609350669	-0.4134423593598787
2820000.0	8.451968000052961	-3.3129528281564293	-2.645399482409351	5.508301425024793	-2.308077318726261	-0.059494988177402036	-5.973007502777696e-06	0.017122574477496884	-0.41609163096614254
2830000.0	8.507099650893538	-3.336168967717976	-2.645989095972761	5.513165084057782	-2.321613956154703	-0.05896135634101818	-5.149356615725e-05	0.01712242897616796	-0.41875035535828675
2840000.0	8.562389594309437	-3.35966919744602	-2.6465764233759135	5.52899434158982	-2.3500229728044033	-0.058732740315264736	-9.710549612942473e-05	0.01712215065025683	-0.4214142475679786
2850000.0	8.617716903056479	-3.3833848133760647	-2.6471589274638205	5.532730874704315	-2.3715615930044365	-0.05825040879071161	-0.0001428226127940844	0.017121750388733113	-0.4240843310862706
2860000.0	8.673085364411815	-3.407235300585966	-2.647735970629775	5.536846135533628	-2.3850487209901154	-0.057704316595475286	-0.00018869746669622654	0.017121236369713362	-0.4267638862665338
2870000.0	8.7286096739967	-3.431374250954212	-2.648310721559588	5.552430958488627	-2.4138950368246284	-0.057475092981290915	-0.00023466197812368138	0.01712058686599486	-0.42944856770104944
2880000.0	8.784169624311671	-3.4557320413498434	-2.648880645988341	5.555995031496953	-2.4357790395631147	-0.0569924428753244	-0.0002807300337274347	0.01711981268581444	-0.43213940296820136
2890000.0	8.839765610196475	-3.480225366004431	-2.6494450351279224	5.559598588480362	-2.449332465458766	-0.05643891395812889	-0.00032695508674122496	0.01711892165302251	-0.4348397287777728
2900000.0	8.895513749604682	-3.5050109561259717	-2.6500071013594475	5.574813940820788	-2.478559012154068	-0.05620662315249114	-0.0003732681466875286	0.01711789248189478	-0.43754514125800326
2910000.0	8.951295617379103	-3.530018771508931	-2.650564331814489	5.578186777441996	-2.500781538295938	-0.05572304550415891	-0.00041968300736892075	0.01711673592529929	-0.4402566682235778
2920000.0	9.00711165667559	-3.5551643884943904	-2.6511160109433756	5.581603929648776	-2.514561698545918	-0.055167912888648335	-0.000466253936324512	0.01711545937622438	-0.44297769835171635
2930000.0	9.063077059469322	-3.5806065502474085	-2.6516653581254013	5.596540279373055	-2.544216175301817	-0.054934718202578836	-0.0005129111977477261	0.017114042005600356	-0.44570378290827123
2940000.0	9.11907358499591	-3.6062740207475095	-2.6522098521432804	5.599652552658877	-2.5667470500100853	-0.054449401787932644	-0.0005596686358819555	0.017112494520676497	-0.44843594760909294
2950000.0	9.175099637694771	-3.632080136696791	-2.652748724108143	5.602605269886072	-2.580611594928145	-0.05388719648625864	-0.0006065813652755464	0.01711082386404948	-0.4511776363976374
2960000.0	9.23127441360109	-3.6581881401442873	-2.6532852864043304	5.617477590632002	-2.6108003447496144	-0.05365622961870778	-0.0006535784608409194	0.017109009715526494	-0.453924332642945
2970000.0	9.287479280920943	-3.6845252919544835	-2.6538170063965065	5.620486731985312	-2.6337151810196247	-0.053171999217604154	-0.0007006739732180712	0.01710706266644334	-0.45667707613475644
2980000.0	9.3437063188595	-3.711000388436416	-2.654342991068477	5.622703793855685	-2.6475096481932847	-0.052598467197050885	-0.0007479241599622083	0.017104989299496772	-0.45943937597988777
2990000.0	9.400079297203776	-3.737781747882746	-2.654866653882576	5.637297834427707	-2.6781359446329716	-0.052366281409886445	-0.0007952569657874076	0.0171027698132126	-0.4622066470785833
3000000.0	9.456480209721269	-3.7647956299476832	-2.655385464128132	5.640091251749273	-2.70138820649371	-0.05188102455558616	-0.0008426863594524364	0.0171004147195704	-0.46497993182290875
3010000.0	9.651745869002081	-3.747600205457625	-2.605795913612021	5.786736994269242	-2.663701425247134	-0.021348632423574543	0.005078695976916967	0.01003592970672057	-0.4604044803164674
3020000.0	9.70976617687339	-3.7745439509446035	-2.6060061514888004	5.802030787131044	-2.6943745486978603	-0.02102378767796935	0.005050697511522138	0.010049961311894444	-0.4631919793949594
3030000.0	9.767822077827997	-3.8017208467139434	-2.606211503720133	5.805590095460683	-2.717689576933992	-0.02053522313326739	0.005022599733568528	0.010063945328664227	-0.46598545934450925
3040000.0	9.825902740726994	-3.8290359591801058	-2.606410897413806	5.808066289899669	-2.7315112466162232	-0.01993936936724179	0.004994369531631508	0.010077909260075953	-0.46878853399461595
3050000.0	9.884133237606093	-3.8566620827010323	-2.6066070589695043	5.8230496879099505	-2.7626123520926362	-0.019616155569846902	0.00496604730351799	0.010091806577804474	-0.4715965166734141
3060000.0	9.942397050344976	-3.8845247228840227	-2.6067983505998726	5.826381273888245	-2.7862640182990286	-0.019129163036855856	0.004937625955548182	0.010105654119041576	-0.4744104466654232
3070000.0	10.000681020167173	-3.912526311745864	-2.6069836626999283	5.828396982219645	-2.8001588861841307	-0.01853121000555326	0.004909071665558664	0.010119479489589847	-0.4772339977096598
3080000.0	10.05911384310373	-3.94084431948776	-2.6071657824867835	5.843282293655711	-2.831800774189628	-0.01821197868553867	0.004880425701738749	0.01013323599503909	-0.4800624125770359
3090000.0	10.11757852563919	-3.969402625541739	-2.6073430578080146	5.846468253545963	-2.8558306053979097	-0.017727532123098938	0.004851680751382967	0.010146940601243364	-0.4828967429500181
3100000.0	10.176058273207353	-3.998100309444298	-2.607514320391646	5.847974756816195	-2.8697683902559072	-0.017126258363143798	0.004822802227558056	0.010160620951616819	-0.48574072765338555
3110000.0	10.23468374029043	-4.0271187676917775	-2.607682410740704	5.862546708307788	-2.901845824747915	-0.016809034905798048	0.0047938323293289665	0.010174230254592907	-0.4885895403191261
3120000.0	10.29333863804059	-4.056380886671562	-2.60784567164707	5.865489775015897	-2.926211897978416	-0.01632609063660455	0.0047647637751243276	0.010187785462282857	-0.4914442349946782
3130000.0	10.35200126907624	-4.085781400604107	-2.6080028593865476	5.866263103564952	-2.9400513932544916	-0.015718773947759238	0.0047355611101319185	0.010201314243301967	-0.49430860890318945
3140000.0	10.410805327373252	-4.115506435434321	-2.608156881632305	5.880405829701212	-2.972503483021414	-0.01540222457575946	0.004706267386708937	0.010214769790087761	-0.4971777768942428
3150000.0	10.46963588145639	-4.145478251210813	-2.6083060796352364	5.8830554083137985	-2.9971815776491577	-0.014919800293127145	0.004676875183074468	0.010228169077864717	-0.5000527967559407
3160000.0	10.528472544278808	-4.175590806350721	-2.6084492132358696	5.883666282241693	-3.011255513990844	-0.014313360063316294	0.004647348530180581	0.010241539738875066	-0.5029375163093971
3170000.0	10.587449201433104	-4.206033239992702	-2.608589219052197	5.89766571542962	-3.0442433641980653	-0.01400058163275096	0.004617731111900075	0.010254835053797838	-0.505826997928315
3180000.0	10.646450658245053	-4.236726235027145	-2.6087244256419444	5.900145681194945	-3.0692995034443316	-0.013520658974727151	0.004588015457288177	0.010268071889712705	-0.5087223032733628
3190000.0	10.705450953875202	-4.26755888476109	-2.608853510251694	5.900029563014926	-3.083264973394504	-0.012908460974950312	0.004558164717800652	0.010281277974821855	-0.5116273465720993
3200000.0	10.764586759823175	-4.298725115987859	-2.6089794727083113	5.913580594797343	-3.116623122676803	-0.012596245661700645	0.0045282235748033165	0.01029440651988747	-0.5145371229507891
3210000.0	10.740233082033903	-4.401413741325701	-2.5272893522590834	5.830409800901553	-3.2163088622749663	0.056877153607145056	-0.0029383734017838963	0.011958387425642947	-0.518977635595541
3220000.0	10.798528476936685	-4.433723746275063	-2.5267124871532918	5.8295394902782265	-3.231000494936181	0.05768651057914935	-0.002973346399640901	0.011949662019357906	-0.5219030398857324
3230000.0	10.85695015301246	-4.4663770659640125	-2.526130123462926	5.8421676075775055	-3.2653319688950053	0.05823636903657489	-0.00300835346924593	0.011940807873169593	-0.524833153952873
3240000.0	10.915384582867343	-4.499292390217636	-2.5255404598666034	5.843442985488166	-3.291532425362308	0.05896635963224327	-0.0030434034810170414	0.011931834052765388	-0.5277690421731283
3250000.0	10.97379680314067	-4.532349906262896	-2.5249425241031287	5.841222027332661	-3.305751604525983	0.059793576347446656	-0.003078540433437796	0.011922738309263358	-0.5307147202615149
3260000.0	11.032327116616385	-4.565752548471672	-2.5243390005073114	5.853031347571421	-3.340264220877615	0.060352359581735945	-0.003113709238915842	0.011913512374712257	-0.5336650391991521
3270000.0	11.09086444602414	-4.599418983752486	-2.52372811312878	5.853732940775588	-3.3666435280813345	0.06108873785316009	-0.0031489183914049524	0.011904165274978562	-0.536621038367983
3280000.0	11.149366596458371	-4.633223104141969	-2.523108783461929	5.850215043423088	-3.3804120389482892	0.06193296668510809	-0.0031842124473332157	0.01189469414349276	-0.5395867846027617
3290000.0	11.207978607255544	-4.667374014437898	-2.5224837753432556	5.86120107971722	-3.415091029592873	0.06250081186731354	-0.0032195354786060102	0.011885091518539163	-0.5425570493817453
3300000.0	11.266592083298555	-4.701790572222201	-2.5218513446170046	5.861347604301078	-3.4416557784303303	0.06324307262509944	-0.0032548957727552685	0.011875366535114366	-0.5455328584996668
3310000.0	11.32515795693531	-4.73634039474002	-2.5212103132539614	5.85658736367564	-3.4549822517819253	0.06410313630431308	-0.003290338382116993	0.011865515593613917	-0.5485183288242764
3320000.0	11.383825577899911	-4.771238623408745	-2.5205635139547424	5.866762096460076	-3.489822866872465	0.06467992992188441	-0.0033258065760044682	0.011855532138718814	-0.5515081600538935
3330000.0	11.442489132046727	-4.806404284333829	-2.519909231124293	5.866355414681693	-3.516566092508337	0.06542828304491034	-0.003361308567983506	0.011845425062614818	-0.5545033681657086
3340000.0	11.501093169963047	-4.841698855109897	-2.519246186497427	5.860403791631901	-3.5294570776067413	0.06630446268661712	-0.0033968898395182346	0.011835190328445964	-0.5575081213675402
3350000.0	11.559790956471767	-4.877343391386308	-2.518577282246725	5.869778650871946	-3.56445362764117	0.06689042507020222	-0.003432493076090023	0.011824822133606958	-0.5605170531783694
3360000.0	11.618479179779762	-4.913257060270275	-2.5179008408131667	5.868822330799371	-3.59136688839671	0.06764414335586333	-0.0034681263602042572	0.011814329322137388	-0.5635311729195758
3370000.0	11.677096451353654	-4.9492953316453425	-2.517215494514583	5.861727157389264	-3.603827137506813	0.06853462985840635	-0.0035038356102599457	0.011803707326090457	-0.5665547002302067
3380000.0	11.735799587877862	-4.985685053596455	-2.5165242006122	5.870313652420752	-3.638972195111269	0.06912939023826545	-0.0035395630143359074	0.011792951078237001	-0.5695822075288421
3390000.0	11.794487695898157	-5.022345515505816	-2.5158253075068	5.868810802029468	-3.6660461909360658	0.06988931054000248	-0.003575316562208521	0.011782069335130756	-0.5726146997840927
3400000.0	11.85309389258325	-5.0591263058602	-2.5151173606205712	5.860619668509256	-3.6780790354384356	0.07079468862285888	-0.003611142626065348	0.01177105690158817	-0.5756564477817673
3410000.0	11.963028751796449	-5.107826109729857	-2.5150886976386997	5.91982912055947	-3.7331140766334214	0.08081045550773007	-0.004136215110289434	0.008924809743416372	-0.5727801637222123
3420000.0	12.022210279385604	-5.145431493225197	-2.5142724415629614	5.918152758915529	-3.760538349533968	0.08162560757381293	-0.004163426855874976	0.008912057001146941	-0.5758303611020495
3430000.0	12.081302149520383	-5.183155381680648	-2.513446954757328	5.909187013477943	-3.7723888455451307	0.08254868056335224	-0.0041906772636195015	0.00889919429423122	-0.5788896531467747
3440000.0	12.140468647848776	-5.221234901440935	-2.512614499430359	5.916649832839383	-3.8079519760287317	0.08324553269690263	-0.004217923256464329	0.00888622108652198	-0.5819525020513273
3450000.0	12.199612997392572	-5.259590100714982	-2.511773842762982	5.914434954379646	-3.835519927404714	0.08406566673768819	-0.004245169894494102	0.008873145611647459	-0.5850199087843582
3460000.0	12.25865759797809	-5.298059635481981	-2.5109238511939185	5.904460058551674	-3.846953476699905	0.0849991569063316	-0.004272452178845222	0.00885995961241787	-0.5880962441280874
3470000.0	12.317769295050669	-5.33688608095943	-2.510066820373045	5.911169707257879	-3.8826445477448663	0.08570308208734208	-0.004299726785013469	0.008846663148935573	-0.5911759199520037
3480000.0	12.37685350414499	-5.375989546044934	-2.509201530396011	5.908420909432028	-3.910346508550446	0.08652899770338643	-0.00432699871687041	0.008833264390475172	-0.5942599368335209
3490000.0	12.435828286619362	-5.415203191758845	-2.5083268032896835	5.897478247437239	-3.921364571391102	0.08747271063277094	-0.00435430326871318	0.00881975460892903	-0.5973527141562698
3500000.0	12.494862748543879	-5.454774927523417	-2.507444963285966	5.903446192451774	-3.957173576457111	0.0881840003717363	-0.004381596811071017	0.008806134532498292	-0.6004486161292122
3510000.0	12.553864426827612	-5.494624902680664	-2.5065548192242693	5.900167828373289	-3.9849975157248076	0.08901440616968333	-0.004408884470021037	0.008792412282735536	-0.6035486436315997
3520000.0	12.6127474116229	-5.534580905711425	-2.5056551459358505	5.8882984795287125	-3.9956003030760425	0.08996732884187789	-0.004436201602736101	0.008778578583199137	-0.6066572632799071
3530000.0	12.671682769701553	-5.574896090834612	-2.5047482901344837	5.893535807865316	-4.031518512318702	0.09068558013667884	-0.004463504614246239	0.008764634833850402	-0.6097687941337819
3540000.0	12.730580102372713	-5.615490634975345	-2.503833080833996	5.889733267116016	-4.059454414073336	0.09152093004875261	-0.004490798360559042	0.008750589073466658	-0.6128842380274059
3550000.0	12.789349860628583	-5.656187063771654	-2.5029082474672415	5.876975825586991	-4.069642879630901	0.09248333667544463	-0.004518118572811818	0.008736431421315732	-0.6160081073696037
3560000.0	12.848164790343326	-5.6972436679709775	-2.5019761626399877	5.881492971474208	-4.105660419932342	0.0932084827253961	-0.004545421444182475	0.008722164061919037	-0.6191346783373208
3570000.0	12.90693649818465	-5.738580638526074	-2.5010356725018204	5.877170784132574	-4.133697055509625	0.09404901381672465	-0.004572711886892237	0.008707794904140984	-0.6222649540249345
3580000.0	12.965572132463882	-5.780015338441381	-2.5000854684267986	5.863563427923074	-4.143469991530762	0.09502040750218303	-0.004600025784579776	0.008693313515023091	-0.6254034912747641
3590000.0	13.024245848106652	-5.821811105871934	-2.4991279458586955	5.867371564277091	-4.17957674305527	0.09575225681032959	-0.004627319209580913	0.00867872278756972	-0.6285445253558699
3600000.0	13.08287119484103	-5.863888130469363	-2.4981619725475435	5.8625346734377	-4.2077024597429205	0.09659733111521662	-0.004654597069202272	0.008664030564475868	-0.6316890607879743
3610000.0	13.222600090339478	-5.9636980380160844	-2.5656855437571986	5.940948110489345	-4.286880053950916	0.061219399898638935	-0.006857653345188457	0.003682828033778508	-0.6206648162380288
3620000.0	13.282048589459839	-6.006932991836427	-2.5650653476156364	5.944849912036083	-4.323495382034279	0.06201961415619861	-0.006869248475447269	0.0036610747057127585	-0.623819614163609
3630000.0	13.341450413123537	-6.050455480167545	-2.564436636101853	5.940182366369798	-4.352248833111802	0.0628711513783373	-0.006880787015650161	0.0036392626310868996	-0.6269777160154741
3640000.0	13.40070429853325	-6.094074296885666	-2.563799202771726	5.925388540971402	-4.3618816718120925	0.06374333301271841	-0.006892282071575115	0.0036173706702343055	-0.63014376316467
3650000.0	13.459990332861755	-6.138060059758181	-2.563153712567138	5.92860343285048	-4.398576287251509	0.0645490204587976	-0.0069037187948639105	0.003595415741758238	-0.6333119146898704
3660000.0	13.519224657228516	-6.182334111622215	-2.5624996691119915	5.923432436676025	-4.427405186403356	0.06540434551467271	-0.00691509707406163	0.003573403634361749	-0.6364831785964675
3670000.0	13.578303530404513	-6.226700440378796	-2.561836869301951	5.907887317599625	-4.436632875658117	0.06627998100406624	-0.0069264299158560035	0.0035513127088525054	-0.6396622365166856
3680000.0	13.637407779332616	-6.271434414529266	-2.561165963833504	5.910424892810205	-4.473397415047017	0.06709054684467951	-0.006937702593204846	0.0035291604865823976	-0.6428432116622947
3690000.0	13.696455325174508	-6.316457322947976	-2.560486471312022	5.904754584189188	-4.502290841870934	0.06794925214822284	-0.00694891511580385	0.003506952625349338	-0.6460271139235768
3700000.0	13.755340236690056	-6.361568449664873	-2.559798184876769	5.888491151554862	-4.51111267168965	0.06882864352528757	-0.00696008030033181	0.0034846671251608187	-0.6492186637117138
3710000.0	13.814243854834425	-6.407047826304419	-2.559101746103564	5.890361814436885	-4.547937663954608	0.06964387732051285	-0.006971183699974917	0.003462321848906295	-0.6524119500345573
3720000.0	13.873085837668677	-6.452816679032254	-2.5583966840407446	5.8841982834252	-4.576885272783485	0.07050620628193069	-0.006982225180626623	0.003439922497413667	-0.6556079846276966
3730000.0	13.931758309885389	-6.498669682099128	-2.557682792273088	5.86724722167107	-4.5853003066873885	0.07138917676565917	-0.0069932173871764865	0.0034174466975007765	-0.6588115253228874
3740000.0	13.990442911649982	-6.544891446205266	-2.5569606985553786	5.868460176459349	-4.622176410613828	0.07220937177092687	-0.007004146258231338	0.003394912736426031	-0.662016628218391
3750000.0	14.049060993940632	-6.59140312318971	-2.556229942524762	5.861808229065011	-4.651167698444377	0.07307560306166044	-0.007015011646784687	0.0033723262411471206	-0.6652243070394235
3760000.0	14.107502998071782	-6.637994878582079	-2.555490327409613	5.844200413114923	-4.659175539236957	0.07396151151489717	-0.007025825907426377	0.0033496645026084163	-0.6684393555240072
3770000.0	14.165950649639912	-6.684955810663317	-2.5547424632420865	5.844765156813051	-4.696093208123873	0.07478641675266724	-0.0070365752789111535	0.003326946176986416	-0.6716557983831801
3780000.0	14.224326950607228	-6.732206991076397	-2.553985907104402	5.837630096731564	-4.725118041307931	0.07565561376841734	-0.007047259535621655	0.0033041768386904914	-0.6748746511368512
3790000.0	14.282520895474113	-6.779534171602295	-2.5532204601264157	5.819394486688461	-4.732718052589822	0.0765446977986506	-0.007057890953542054	0.0032813333653236854	-0.6781007422715929
3800000.0	14.34071410006149	-6.8272308517829385	-2.5524467179623582	5.819320458737713	-4.769668018064397	0.07737421640575949	-0.007068456009423712	0.0032584349274489798	-0.6813280661706823
3810000.0	14.402988440655434	-6.741241201176006	-2.5884691230335766	5.824621981344707	-4.677092534258099	0.05294555342367395	0.0011646438485488871	0.005568548672827212	-0.6983522124446863
3820000.0	14.461048675910549	-6.788073772918046	-2.5879319679241903	5.806023525511385	-4.683257174204012	0.05371551093861236	0.0011466053270058959	0.005572197888634508	-0.7015890119653201
3830000.0	14.519100109456822	-6.835268280239104	-2.587389418194071	5.805143354627342	-4.719450732105856	0.05425497301195001	0.001128545689581567	0.005575777810713901	-0.7048268896901796
3840000.0	14.577070017039073	-6.8827446042639995	-2.5868406749552038	5.796990758225111	-4.747632402489543	0.054874323886707224	0.001110462817055655	0.005579302035231392	-0.7080668648282394
3850000.0	14.6348482676244	-6.930278404680222	-2.5862841970786854	5.7778250585327875	-4.753380041622264	0.05564778765185277	0.0010923328298414177	0.005582786561710803	-0.7113138314613984
3860000.0	14.692611505991126	-6.978174196563491	-2.5857223011571873	5.776323836672511	-4.789579188326844	0.05618959214981174	0.00107418308965085	0.005586201131880099	-0.7145617270183555
3870000.0	14.75028854427347	-7.026351784099184	-2.5851541965917817	5.767703828234389	-4.817758753569311	0.05681045654057504	0.0010560113968235312	0.0055895592384153986	-0.7178115724952753
3880000.0	14.807768516406032	-7.074582674869139	-2.584578315907753	5.747997213256271	-4.823089076995496	0.05758806840287993	0.001037793722541798	0.00559287665862878	-0.7210682929090512
3890000.0	14.865227351809185	-7.123175531956463	-2.5839969964068517	5.745883540315247	-4.859285708732368	0.05813195009012907	0.0010195575755495426	0.005596123474528507	-0.7243257989042228
3900000.0	14.922595360296759	-7.1720500740141215	-2.583409454110414	5.7368008487573565	-4.887454205765879	0.058754229643769945	0.0010013007921146643	0.005599313109216205	-0.7275851131512581
3910000.0	14.979761156123494	-7.2209737482605165	-2.58281410342957	5.716579582673625	-4.892367424639526	0.05953506808434027	0.0009829990230518391	0.005602461153951627	-0.730851190449236
3920000.0	15.03689977137582	-7.270259282855026	-2.582213287975619	5.713861525232554	-4.928553459450951	0.06008154539509705	0.00096468008800763	0.005605537986683583	-0.734117915698295
3930000.0	15.093942992334998	-7.319826298200951	-2.5816062272235287	5.704322095917803	-4.956701534592488	0.06070607520904006	0.0009463417741198548	0.005608556963189809	-0.7373863132304539
3940000.0	15.150779091134783	-7.369438274395384	-2.58099131815572	5.68360987997844	-4.961197619443352	0.061490906780890406	0.0009279596068791841	0.005611533443347315	-0.7406613664750737
3950000.0	15.207582060176467	-7.41941191687842	-2.5803709227014737	5.680296904168422	-4.997364248303489	0.06203954542463863	0.0009095615641741184	0.005614438165002478	-0.7439369355855838
3960000.0	15.264285120500002	-7.469666751491314	-2.5797442637090064	5.670306032353521	-5.025483461289405	0.0626658992467179	0.0008911453987411854	0.00561728441171596	-0.7472140465001538
3970000.0	15.320776383858991	-7.51996238237484	-2.5791097209850924	5.649126335898935	-5.029563088352592	0.06345427239139853	0.0008726863621102628	0.005620087276760247	-0.7504977101330672
3980000.0	15.37722864595019	-7.570619404514412	-2.5784696745388245	5.645226209119957	-5.065702213957246	0.06400464462679896	0.0008542127545108421	0.005622817815631183	-0.7537817628649177
3990000.0	15.433576536809014	-7.621557238579137	-2.577823351425366	5.634789085882386	-5.09378340647249	0.0646323113458432	0.0008357222687833749	0.0056254893430672	-0.7570672322299152
4000000.0	15.489708189698025	-7.672531700836271	-2.5771691098245633	5.613165288901145	-5.097446225713434	0.06542416008027081	0.0008171900243761241	0.00562811658022658	-0.7603591556075672
4010000.0	15.549939007299342	-7.693976731444821	-2.6385395342262545	5.628287654731462	-5.101825462475301	0.020275533256670294	0.003916880882442956	0.0058916134891097895	-0.7677096890340778
4020000.0	15.606113833594861	-7.745272680968998	-2.6383323009032122	5.617482629551904	-5.129594952417656	0.02072333230423698	0.003897443692100282	0.0059043765076994045	-0.7710031577010171
4030000.0	15.662069935343649	-7.796597996257707	-2.638118550549522	5.595610174878806	-5.132531528870962	0.021375035369044185	0.0038779302029816436	0.005917111429475788	-0.7743029860452519
4040000.0	15.71797593172494	-7.848281509448492	-2.6379011485120745	5.590599638129117	-5.168351319078539	0.021740203744749095	0.003858370543624111	0.005929770388716262	-0.7776029656596555
4050000.0	15.773769520667429	-7.900242165830589	-2.6376792633603094	5.579358894248812	-5.1960656382096255	0.022188515176486928	0.0038387621646848087	0.005942369728373358	-0.7809041270236908
4060000.0	15.829340386874486	-7.952228016114826	-2.6374508236301137	5.5570866207058405	-5.19858502842374	0.02284397301957415	0.0038190781903169593	0.005954939548616557	-0.7842115573174863
4070000.0	15.884855514047274	-8.004571535785475	-2.637218721096738	5.551512717278818	-5.234351967064852	0.023210253337569306	0.0037993492147520252	0.005967432335173215	-0.7875190270729092
4080000.0	15.940253924491236	-8.057191555071471	-2.6369821238015043	5.539841044396254	-5.262001928599595	0.02365972952339966	0.003779572593010046	0.005979864310075247	-0.7908275680720098
4090000.0	15.995425820388428	-8.109832606112233	-2.636738939297773	5.517189589719299	-5.264105104076138	0.024318450373097808	0.0037597211408094107	0.0059922652955927865	-0.7941422910484702
4100000.0	16.050536415337266	-8.162830725841449	-2.6364920815713297	5.5110594948838125	-5.2998119729214785	0.024685772644350998	0.0037398257631571443	0.006004588159426824	-0.7974569461888327
4110000.0	16.10552603998258	-8.2161046314795	-2.636240715613523	5.498962464531384	-5.327390563805076	0.025136595780657064	0.003719883842256651	0.006016849085281298	-0.8007725666299309
4120000.0	16.160285553269006	-8.269395414751816	-2.6359827272778396	5.475951328642795	-5.329078327231727	0.025798833568367402	0.0036998678789226997	0.006029077676224332	-0.8040942856474123
4130000.0	16.21497827869411	-8.323042602160985	-2.6357210511933262	5.469272542510523	-5.364718740916828	0.026167608451326818	0.0036798091114408106	0.006041227047171266	-0.8074158339856914
4140000.0	16.26954583303991	-8.376964788859375	-2.635454853799879	5.456755434579783	-5.392218669839058	0.026619739344733273	0.00365970483669399	0.006053313382237959	-0.8107382459912427
4150000.0	16.32387987273035	-8.430899707996971	-2.6351820056422013	5.433403969043889	-5.393491913759679	0.02728481576777772	0.0036395272685060755	0.006065366065547645	-0.814066676628647
4160000.0	16.37814170713299	-8.48519028928406	-2.6349054591383	5.426183440264177	-5.429058128708857	0.027654650390097055	0.0036193080260580146	0.006077338533656197	-0.817394837925755
4170000.0	16.432274216349384	-8.539755003756218	-2.6346243841884447	5.413250921639506	-5.456471447215905	0.028107494985543366	0.003599044319804663	0.006089246887778565	-0.8207237654800659
4180000.0	16.486169999135328	-8.594328314965574	-2.6343366207109593	5.389578278594399	-5.457331120935725	0.028776347748530662	0.003578708085086251	0.006101120289467807	-0.8240586352040906
4190000.0	16.539988227241256	-8.649256482312285	-2.634045139904915	5.38182281059293	-5.492816734671117	0.029148080604428306	0.0035583312758643527	0.00611291249442209	-0.8273931409496422
4200000.0	16.593673029477394	-8.7044578485548	-2.6337491153451422	5.368480223613779	-5.520136624251356	0.029602455977275927	0.0035379110973835703	0.00612463952104745	-0.8307283194977333
4210000.0	16.616485153089005	-8.656674104040654	-2.610533296709832	5.321918670852935	-5.418529139645071	0.04282239941673385	0.00894065272740505	0.008499799499480742	-0.8520838669981752
4220000.0	16.66961757512468	-8.711206389230314	-2.6101026028797607	5.3132422035674685	-5.453228518966119	0.04306938300715371	0.008912196645844032	0.008529511409834331	-0.8554244058888413
4230000.0	16.722610068982164	-8.766002915531486	-2.609668305177898	5.299249385748275	-5.47965263011711	0.04342977018623809	0.008883636412259314	0.00855913374695571	-0.8587655291850046
4240000.0	16.775362395469585	-8.820790010094528	-2.6092269991491475	5.275232648742159	-5.478709456304267	0.04413060287505567	0.00885493085473137	0.008588723178373775	-0.8621124519490907
4250000.0	16.828022764138673	-8.87592306904781	-2.6087832200352667	5.266036866908718	-5.513305895328153	0.04437791138807781	0.008826127782114383	0.00861819958608913	-0.865458834327582
4260000.0	16.880539217982	-8.931319227119603	-2.608335829121708	5.2516453843329645	-5.539615807179437	0.044739091355862556	0.008797221904683647	0.008647584286298601	-0.8688057152398155
4270000.0	16.932812881096783	-8.986701799643145	-2.6078813830392975	5.227366311478373	-5.538257252354166	0.045444608241059295	0.00876817133650845	0.00867693367059125	-0.8721583282160265
4280000.0	16.984989465198215	-9.042429240145397	-2.6074244537860727	5.2176584101431205	-5.572744050225236	0.0456929253225032	0.008739024677761902	0.00870616803068633	-0.8755103174022385
4290000.0	17.03701820356308	-9.098418571917586	-2.6069639020163335	5.202873836486538	-5.598933177218793	0.046055176973915785	0.008709776521241575	0.008735308608368925	-0.87886272266684
4300000.0	17.088801695796207	-9.154390188925458	-2.606496244457517	5.17834922331273	-5.59716170078715	0.04676575588167342	0.008680384412235832	0.008764411469035982	-0.8822207954414938
4310000.0	17.140483049402565	-9.210705514437265	-2.6060260947295437	5.168135360635923	-5.63153255118075	0.04701497279729268	0.008650897620779625	0.008793397389152515	-0.8855781644031567
4320000.0	17.19201267821715	-9.267281458347718	-2.6055523074408735	5.152962881458323	-5.657594391045181	0.047378728867024766	0.008621310709946232	0.00882228751603353	-0.8889358705018752
4330000.0	17.243294758856802	-9.323835576139597	-2.605071362065575	5.128208063965196	-5.655411779187887	0.04809453752986882	0.008591580574797633	0.008851137608606134	-0.8922991821460858
4340000.0	17.294469708469755	-9.380732189358442	-2.604587915278736	5.117494961295498	-5.68966132188438	0.048344678683917244	0.008561757243383752	0.008879868902368726	-0.8956617133068775
4350000.0	17.345489098468192	-9.437888087123596	-2.6041008209714582	5.101938999843693	-5.715589776515479	0.04870943072777199	0.008531835147200004	0.00890850243644224	-0.8990245057797953
4360000.0	17.396258789803415	-9.4950180629286	-2.603606526057923	5.076969133522435	-5.712997580500353	0.049429491353494545	0.008501770588588826	0.008937093670478667	-0.9023928444942236
4370000.0	17.446916428186263	-9.552489260458728	-2.6031097216037646	5.065763838284822	-5.747119753012862	0.049680445415838645	0.008471614300264229	0.008965564236496453	-0.9057603291724279
4380000.0	17.497414724926188	-9.61021835097599	-2.6026092583204905	5.049829673992594	-5.7729090517261525	0.050046328327394085	0.008441360568360954	0.008993935143440202	-0.9091280024914453
4390000.0	17.547661317753864	-9.66791744364169	-2.6021015457321925	5.024659282767675	-5.769909266570005	0.050771258829781105	0.008410965150091149	0.009022261523804266	-0.9125011651297544
4400000.0	17.597790986492125	-9.725956429336314	-2.601591315290903	5.01296687382597	-5.803898569462412	0.051023044128958236	0.00838047950086766	0.009050465498285675	-0.9158734031698549
4410000.0	17.67222903533642	-9.769174387597051	-2.6435049387362772	5.029321431323088	-5.804801213182905	0.025421308988478858	0.011079176052693207	0.008777075942006817	-0.9225519837462224
4420000.0	17.722271038615816	-9.827186147731082	-2.6432445005039567	5.0042003279394445	-5.801176013403157	0.026043823232075422	0.011049457427531705	0.008814351583104802	-0.9259296773867107
4430000.0	17.77219244394909	-9.88553463610962	-2.642982817425708	4.99214053332767	-5.834848837853874	0.02616830782488601	0.01101961856899033	0.008851503732488927	-0.9293063792669468
4440000.0	17.82194848859695	-9.944136142629182	-2.642718724204763	4.9756044647856585	-5.86015065195615	0.02640932209448639	0.010989654014278044	0.00888855593171256	-0.9326831337341518
4450000.0	17.871451615751365	-10.00269735062894	-2.6424483573955135	4.950312715441477	-5.856120799975862	0.027036680924949916	0.010959519654668598	0.008925577085526867	-0.936065271057736
4460000.0	17.920829401518805	-10.061593832432953	-2.6421767433677683	4.937778576744078	-5.889648180401324	0.02716140277450893	0.010929266459015874	0.008962472566347513	-0.9394463517679608
4470000.0	17.97003820054763	-10.120741758929626	-2.641902712065646	4.920879902882448	-5.9147926496673415	0.0274031302122187	0.010898888800381578	0.00899926590529861	-0.9428274209485327
4480000.0	18.018992501988972	-10.17984536300141	-2.641622355514788	4.895430144134016	-5.910360407178509	0.028035655085783623	0.010868341946562565	0.009036025625649672	-0.9462138229084918
4490000.0	18.06781677868519	-10.239282731751524	-2.6413407461986473	4.882427669621801	-5.9437368750114565	0.02816093161409325	0.010837677700668269	0.009072657547856758	-0.9495991059891841
4500000.0	18.116468477021787	-10.298969911435263	-2.6410567062753256	4.865169833659664	-5.9687179683738325	0.028403992332191194	0.010806890301244819	0.009109185159991503	-0.9529843160320367
4510000.0	18.16486422641773	-10.358608771022363	-2.640766290661171	4.839574939594229	-5.963885958709963	0.029041561415473982	0.010775934281328252	0.009145676559577761	-0.9563748107903357
4520000.0	18.213125324460727	-10.418579830433126	-2.640474615192026	4.826109804299526	-5.997105941076356	0.029167546914508735	0.01074486230604677	0.009182038168914618	-0.9597641270292798
4530000.0	18.261210309098065	-10.478799018525462	-2.6401804992371773	4.808498463733765	-6.021918809233676	0.029411595484843497	0.010713668506490116	0.009218293328325803	-0.9631533112866664
4540000.0	18.309038021482593	-10.538965896442248	-2.6398799572390867	4.782771238452659	-6.016687791678546	0.03005419980904428	0.01068230674763166	0.009254509844980203	-0.9665477341742532
4550000.0	18.35672651760336	-10.59946336254707	-2.6395781528388214	4.768849612076828	-6.049746610482242	0.030180440026560104	0.010650830467313943	0.00929059457837224	-0.9699409212558645
4560000.0	18.404235408330194	-10.66020722802516	-2.6392738961979427	4.7508890726836075	-6.074386547809033	0.030425664087842266	0.010619233693860022	0.009326570738863704	-0.9733339198216465
4570000.0	18.451485826923488	-10.720894832696965	-2.638963163194513	4.7250418593292025	-6.06876046718064	0.031073300342979712	0.010587469601118532	0.009362505820188771	-0.976732112858763
4580000.0	18.498592525569833	-10.7819113540034	-2.6386511610736494	4.7106698646346326	-6.101652130643493	0.031200212086359355	0.010555592442127363	0.009398307150211583	-0.9801290151293756
4590000.0	18.545516168739738	-10.84317249029829	-2.6383366951408727	4.692364316990422	-6.126113629489045	0.0314465932776888	0.01052359620790811	0.00943399791436074	-0.9835256745555182
4600000.0	18.59218024962746	-10.904373427033335	-2.638015707535247	4.666408088772356	-6.120093673504475	0.032098760562551745	0.010491433280682673	0.0094696451731629	-0.9869274861360507
4610000.0	18.56692776820287	-10.996433753572326	-2.6530761523691693	4.600588402134085	-6.171755138228111	0.030089822193195087	0.007958476360749684	0.01033193664494496	-0.989146640424059
