2857.518798828125	0.6962195682436512	0.572144539711987	934.0000001242772	-0.00018588292010102898	1.425115241324618e-06	-1.2427722903565752e-05	4.27952180360915e-06	-0.0005822526299823767	-2.9511507316188356e-05
2964.40966796875	0.6962195682736326	0.5721445397093923	933.9996816654714	0.019076114759131697	-0.0012717034593683883	0.03184588058403255	1.3488902721512735e-05	0.0005274149962189328	-2.391411528301972e-05
3076.93994140625	0.6962195682840114	0.5721445397071765	933.9997546949643	0.006603657172020305	-0.00108600205588196	-0.007302949295417471	1.2910678465285992e-05	0.000527365133900184	-2.280002675317777e-05
3192.82763671875	0.6962195682942715	0.572144539704964	933.9998278515795	0.006528052961320123	-0.0010843600452262745	-0.007315661524989997	1.2377895312146973e-05	0.0005273280759901226	-2.232493671518501e-05
3307.4951171875	0.6962195683044522	0.5721445397027529	933.99990113634	0.0064776098832167155	-0.0010837217306922907	-0.007328476045635718	1.1845835481345041e-05	0.0005272903802973772	-2.1928660803989765e-05
3411.903076171875	0.6962195683145543	0.572144539700545	933.999974549254	0.00642760453056711	-0.0010821589076159843	-0.007341291399751648	1.1314173352561742e-05	0.0005272525220022857	-2.1555171560352384e-05
3519.8984375	0.696219568324577	0.5721445396983417	934.0000480903248	0.006377012552378562	-0.0010799174247443594	-0.0073541070741525855	1.0783048289190776e-05	0.0005272145171600781	-2.1183102627634178e-05
3634.32666015625	0.6962195683345196	0.5721445396961438	934.000121759543	0.0063260794990446095	-0.0010772322061643423	-0.007366921832395901	1.0252406763170267e-05	0.00052717636273162	-2.0798474837593276e-05
3742.96240234375	0.6962195683443818	0.5721445396939517	934.0001955569069	0.006274973668211422	-0.0010743557182237608	-0.007379736382689614	9.722183178102406e-06	0.0005271380485511084	-2.0394096691654746e-05
3851.8818359375	0.6962195683541593	0.5721445396915397	934.000269571544	0.006221071065504385	-0.0011822378073763414	-0.00740146370988852	9.989013909292443e-06	0.000526812796052138	-1.6958229369441154e-05
3960.10693359375	0.6962195683638682	0.5721445396892805	934.0003436585382	0.006177444301806943	-0.0011072730163440446	-0.007408699426201218	9.525508911601731e-06	0.000526683567673128	-1.846960894953288e-05
4070.49755859375	0.6962195683735156	0.5721445396870609	934.0004178755678	0.006138263690582846	-0.0010878600014954992	-0.0074217029597423295	8.999404348990119e-06	0.0005265461400370748	-1.8661802986692543e-05
4188.211181640625	0.6962195683830675	0.5721445396848823	934.0004922206255	0.006077504671892732	-0.0010677848460449407	-0.0074345057638555145	8.476747523200862e-06	0.0005264089408220343	-1.832940912669906e-05
4297.10546875	0.69621956839253	0.5721445396827152	934.0005666937163	0.006020604945055344	-0.0010621829416561372	-0.007447309085100648	7.942996473915416e-06	0.0005262711001296302	-1.7885725963563243e-05
4409.898681640625	0.6962195684019108	0.5721445396805526	934.0006412949048	0.005968653402769215	-0.0010599459574834609	-0.007460118842552488	7.407651648205401e-06	0.0005261327950076224	-1.743546213384641e-05
4525.02197265625	0.6962195684112111	0.5721445396783937	934.0007160241859	0.005917471193255696	-0.0010580733111276075	-0.0074729281066372305	6.872032521289025e-06	0.0005259944062405683	-1.6984105572183644e-05
4635.62890625	0.6962195684204312	0.5721445396762386	934.0007908815586	0.005866373261585581	-0.0010563126454412632	-0.007485737278702595	6.3363710764698565e-06	0.000525855992614776	-1.6532573888367736e-05
4747.09228515625	0.6962195684295709	0.5721445396740868	934.0008658670229	0.005815252671593947	-0.001054621900150803	-0.007498546421854949	5.800704689315858e-06	0.0005257175633676694	-1.6081015808046262e-05
4862.768310546875	0.6962195684386302	0.5721445396719385	934.0009409805783	0.005764092408122518	-0.0010529942737691792	-0.007511355544440448	5.265039397319991e-06	0.0005255791200594689	-1.5629455108444002e-05
4973.987060546875	0.696219568447609	0.5721445396697932	934.0010162222248	0.005712889723023423	-0.0010514286647685292	-0.007524164648204532	4.729376158427788e-06	0.0005254406629643325	-1.5177895181327638e-05
5089.40478515625	0.6962195684565073	0.572144539667651	934.0010915919622	0.005661644157761926	-0.0010499248976890653	-0.007536973734207253	4.193715110668666e-06	0.0005253021921031703	-1.4726336295366288e-05
5206.150390625	0.696219568465325	0.5721445396655118	934.0011670897902	0.005610355629129488	-0.0010484829464936624	-0.007549782802315136	3.658056260746103e-06	0.0005251637074777603	-1.4274778346857917e-05
5335.105712890625	0.696219568474062	0.5721445396633754	934.0012427157087	0.0055590241175946225	-0.001047102806773016	-0.007562591852335709	3.1223995930833015e-06	0.0005250252090913217	-1.3823221174597566e-05
5458.75	0.6962195684827183	0.5721445396612417	934.0013184697176	0.005507649623024088	-0.0010457844817648317	-0.007575400884134956	2.5867450978434934e-06	0.000524886696946785	-1.3371664656174223e-05
5585.951416015625	0.6962195684912937	0.5721445396591105	934.0013943518165	0.0054562321349701645	-0.0010445279716850082	-0.007588209897422649	2.051092759700971e-06	0.0005247481710600198	-1.2920108693702549e-05
5698.735595703125	0.6962195684997883	0.5721445396569818	934.0014703620054	0.005404771654872192	-0.0010433332795968273	-0.007601018892111969	1.5154425734357683e-06	0.0005246096314440032	-1.2468553233599443e-05
5811.5869140625	0.6962195685082019	0.5721445396548553	934.0015465002841	0.005353268172700945	-0.0010422004035470227	-0.007613827868027737	9.797945233876968e-07	0.0005244710781169493	-1.201699817486691e-05
5923.16552734375	0.6962195685165344	0.5721445396527312	934.0016227666524	0.005301721688632164	-0.0010411293489533007	-0.007626636824992178	4.4414860667539214e-07	0.0005243325110969907	-1.1565443506458997e-05
6035.929931640625	0.696219568524786	0.572144539650609	934.0016991611101	0.005250132198276662	-0.001040120113525485	-0.007639445762952168	-9.149518440019389e-08	0.0005241939304025158	-1.1113889164717886e-05
6140.840087890625	0.6962195685329563	0.5721445396484888	934.0017756836569	0.005198499693383412	-0.001039172698495767	-0.007652254681717402	-6.271368624323956e-07	0.0005240553360539342	-1.0662335095292306e-05
6228.137939453125	0.6962195685410455	0.5721445396463704	934.0018523342927	0.0051468241752269306	-0.0010382871080119288	-0.00766506358115189	-1.1627764278036492e-06	0.0005239167280698209	-1.0210781292739359e-05
6315.1533203125	0.6962195685490533	0.5721445396442536	934.0019291130174	0.00509510563117366	-0.001037463333257436	-0.007677872461123655	-1.698413900613825e-06	0.000523778106482189	-9.759227628237087e-06
6393.98583984375	0.6962195685569798	0.5721445396421384	934.002006019818	0.005043326645076773	-0.0010366852801193466	-0.0076906800688706645	-2.234092954075721e-06	0.0005236394325278757	-9.307280292340918e-06
6470.321044921875	0.6962195685648248	0.5721445396400247	934.002083054719	0.004991538606338884	-0.0010360004727601418	-0.007703490101163252	-2.769726284703214e-06	0.0005235007837903626	-8.855726769305436e-06
6555.651611328125	0.6962195685725884	0.5721445396379122	934.0021602177083	0.004939690978490389	-0.0010353621791900649	-0.007716298922053638	-3.305357544131949e-06	0.0005233621215059415	-8.40417331299244e-06
6634.0546875	0.6962195685802705	0.5721445396358009	934.0022375087855	0.004887800317899656	-0.0010347857147879579	-0.00772910772299637	-3.840986731361938e-06	0.0005232234456935598	-7.952619927173714e-06
6718.514892578125	0.6962195685878709	0.5721445396336907	934.0023149279505	0.00483586662054145	-0.0010342710807343003	-0.007741916503865631	-4.3766138447282065e-06	0.0005230847563723329	-7.5010666128549346e-06
6799.58154296875	0.6962195685953897	0.5721445396315814	934.0023924752031	0.004783889882359678	-0.001033818277627522	-0.007754725264543322	-4.9122388832299515e-06	0.0005229460535612547	-7.049513374650769e-06
6885.11865234375	0.6962195686028266	0.5721445396294729	934.0024701505432	0.004731870099272909	-0.0010334273065612438	-0.0077675340049025016	-5.4478618455128864e-06	0.0005228073372792849	-6.597960213904972e-06
6969.04541015625	0.6962195686101817	0.572144539627365	934.0025479539705	0.004679807267260756	-0.0010330981683579657	-0.007780342724822656	-5.983482730328848e-06	0.0005226686075454223	-6.146407134105421e-06
7046.015869140625	0.696219568617455	0.5721445396252577	934.0026258854848	0.004627701382265442	-0.0010328308638943963	-0.007793151424174083	-6.519101536007041e-06	0.0005225298643785514	-5.6948541379706535e-06
7126.242431640625	0.6962195686246463	0.5721445396231508	934.0027039450858	0.004575552440226288	-0.0010326253940742892	-0.00780596010283445	-7.0547182617592715e-06	0.0005223911077976193	-5.243301228251364e-06
7212.729248046875	0.6962195686317556	0.5721445396210443	934.0027821327734	0.004523360437127987	-0.0010324817596663982	-0.007818768760679232	-7.59033290568896e-06	0.0005222523378213906	-4.791748407571857e-06
7293.0517578125	0.6962195686387828	0.5721445396189379	934.0028604485474	0.004471125368803517	-0.0010323999613813834	-0.007831577397587289	-8.12594546720302e-06	0.0005221135544693783	-4.3401956753305165e-06
7379.87890625	0.6962195686457278	0.5721445396168315	934.0029388924075	0.004418847226093424	-0.0010323799964066403	-0.007844386013371146	-8.661555955041551e-06	0.0005219747577688386	-3.888642980881352e-06
7459.33935546875	0.6962195686525905	0.5721445396147251	934.0030174643537	0.004366526007906713	-0.0010324218687600404	-0.00785719460796988	-9.197164372809262e-06	0.0005218359477381947	-3.437090311143468e-06
7547.170654296875	0.696219568659371	0.5721445396126185	934.0030961643855	0.004314161718091135	-0.0010325255797942277	-0.00787000318097096	-9.732770718061594e-06	0.0005216971244116749	-2.9855376045055504e-06
7634.890380859375	0.696219568666069	0.5721445396105115	934.0031749925029	0.00426175435077082	-0.0010326911270819986	-0.007882811732039197	-1.0268374997535225e-05	0.0005215582878385543	-2.5339847207391297e-06
7715.5439453125	0.6962195686726848	0.5721445396084041	934.0032539487055	0.004209303907659812	-0.0010329185121131727	-0.007895620261524877	-1.0803977214165976e-05	0.0005214194380263513	-2.0824314537507425e-06
7774.217041015625	0.696219568679218	0.572144539606296	934.0033330329932	0.004156810372694085	-0.0010332077366866108	-0.00790842876938487	-1.133957737511383e-05	0.0005212805749884368	-1.6308777492447506e-06
7816.66796875	0.6962195686856686	0.5721445396041872	934.0034122453658	0.0041042737490624434	-0.0010335588005693744	-0.007921237255632693	-1.1875175484279242e-05	0.0005211416987266537	-1.179323453685698e-06
7858.840087890625	0.6962195686920365	0.5721445396020776	934.003491585823	0.004051694025255	-0.0010339717065317713	-0.007934045719949559	-1.2410771546864168e-05	0.0005210028092593655	-7.277685490067998e-07
7902.664794921875	0.6962195686983217	0.572144539599967	934.0035710543646	0.00399907120401152	-0.0010344464546061499	-0.007946854162436387	-1.2946365564999351e-05	0.0005208639065887279	-2.762129330081137e-07
7943.806884765625	0.6962195687045242	0.5721445395978554	934.0036506509904	0.003946405272924661	-0.001034983045077282	-0.00795966258277217	-1.3481957547226975e-05	0.0005207249907317453	1.7534343394669333e-07
7984.515869140625	0.6962195687106438	0.5721445395957425	934.0037303757002	0.0038936962316684673	-0.0010355814811611062	-0.007972470980813759	-1.4017547494086118e-05	0.0005205860617059473	6.269005582061217e-07
8025.01416015625	0.6962195687166806	0.5721445395936283	934.0038102284938	0.00384094407895943	-0.0010362417616101094	-0.007985279356571173	-1.4553135409616645e-05	0.000520447119520292	1.0784585181364473e-06
8066.28076171875	0.6962195687226344	0.5721445395915126	934.0038902093709	0.003788148806152803	-0.001036963888011147	-0.007998087709777238	-1.5088721300193612e-05	0.0005203081641933388	1.5300173504943738e-06
8107.416748046875	0.6962195687285051	0.5721445395893953	934.0039703183313	0.003735310411861182	-0.0010377478628942752	-0.008010896040303361	-1.5624305165905442e-05	0.0005201691957431877	1.981577059239258e-06
8147.16064453125	0.6962195687342927	0.5721445395872762	934.0040505553748	0.003682428892834513	-0.0010385936869014858	-0.0080237043480626	-1.615988700616819e-05	0.0005200302141864002	2.433137649732912e-06
8188.57177734375	0.6962195687399971	0.5721445395851553	934.0041309205011	0.00362950424330714	-0.001039501358064067	-0.008036512632944512	-1.6695466828749643e-05	0.0005198912195395615	2.8846991917019953e-06
8228.32666015625	0.6962195687456183	0.5721445395830325	934.0042114137101	0.0035765364588714573	-0.0010404708797192854	-0.008049320894784079	-1.723104463666695e-05	0.0005197522118206541	3.3362617002006995e-06
8269.724365234375	0.6962195687511561	0.5721445395809075	934.0042920350014	0.003523525537460831	-0.0010415022534206438	-0.008062129133438553	-1.7766620429556003e-05	0.0005196131910479688	3.787825176163322e-06
8311.851318359375	0.6962195687566105	0.5721445395787803	934.0043727843749	0.0034704714754358688	-0.0010425954801838138	-0.00807493734879304	-1.8302194206484128e-05	0.0005194741572396738	4.23938962197299e-06
8351.838623046875	0.6962195687619817	0.5721445395766507	934.0044536618343	0.003417478266117931	-0.0010437650906262484	-0.008087745937011864	-1.8837859095415235e-05	0.000519335074996812	4.690639586187825e-06
8391.626708984375	0.6962195687672692	0.5721445395745186	934.0045346673713	0.0033642468022651007	-0.001044972490859729	-0.008100553702875962	-1.9373405799345192e-05	0.000519196020979792	5.142114187179415e-06
8435.18359375	0.696219568772473	0.5721445395723898	934.0046158043609	0.003311002106871524	-0.0010433904234434053	-0.008113698953726614	-1.9916634656275515e-05	0.0005190485231043808	5.5213716055833495e-06
8475.456787109375	0.6962195687775933	0.5721445395702524	934.0046970660605	0.0032578131182364025	-0.0010475772980810276	-0.008126169967671903	-2.0452127946349123e-05	0.0005189094262278152	5.97295725376077e-06
8516.388916015625	0.6962195687826298	0.5721445395681121	934.0047784558413	0.0032045535727441084	-0.0010489901169518864	-0.008138978074972492	-2.098769511737112e-05	0.00051877032659243	6.424540723538038e-06
8557.232666015625	0.6962195687875825	0.5721445395659688	934.0048599737029	0.0031512430614292386	-0.0010504558575962475	-0.008151786147493317	-2.1523257419191117e-05	0.0005186312147853885	6.876113604645259e-06
8597.484619140625	0.6962195687924515	0.5721445395638236	934.0049416191956	0.0030979489419888304	-0.0010513963007753868	-0.00816454927628256	-2.2055568627624863e-05	0.0005184932635360466	7.31416871357453e-06
8638.096435546875	0.6962195687972365	0.572144539561674	934.005023393218	0.003044482364805216	-0.0010535675310255782	-0.008177402241103943	-2.259111641996355e-05	0.0005183541189736225	7.765819229772532e-06
8679.510009765625	0.6962195688019374	0.572144539559521	934.0051052953203	0.002991046372508187	-0.0010552213421976707	-0.008190210222907696	-2.3126674485999294e-05	0.000518214968062164	8.217402496324643e-06
8719.64892578125	0.6962195688065542	0.5721445395573646	934.0051873255022	0.002937562463928999	-0.0010569339772010435	-0.008203018198180118	-2.3662228658833758e-05	0.0005180758048035254	8.66897926812714e-06
8761.506591796875	0.696219568811087	0.5721445395552045	934.0052694837638	0.002884034479370201	-0.0010587081319986087	-0.008215826149349431	-2.4197780545366848e-05	0.000517936628792536	9.120556031687669e-06
8802.175048828125	0.6962195688155356	0.5721445395530407	934.0053517701045	0.0028304631684039926	-0.0010605440960733035	-0.008228634075806318	-2.4733330397888006e-05	0.000517797439982337	9.572133779155735e-06
8844.95361328125	0.6962195688198998	0.5721445395508729	934.0054341845167	0.0027767927706842666	-0.0010624753180683473	-0.00824144122124891	-2.5268593229887894e-05	0.0005176583064873626	1.0022311592014326e-05
8886.014404296875	0.6962195688241776	0.5721445395486817	934.0055169133831	0.0027217733578770234	-0.0010739004710688027	-0.00827288663561955	-2.383036448120701e-05	0.0005180367457793691	1.0553296408876578e-05
8927.072509765625	0.6962195688283701	0.5721445395465055	934.0055999582095	0.0026675808042243045	-0.0010666224828787488	-0.008304482638621838	-2.4394873649916527e-05	0.0005189300100337353	1.1009791357291856e-05
8967.531494140625	0.6962195688324819	0.5721445395443241	934.0056831310943	0.00261618427098958	-0.0010691354175982205	-0.008317288485673147	-2.4954622163302565e-05	0.0005198231104044967	1.1461284459005138e-05
9008.318603515625	0.6962195688365109	0.5721445395421376	934.0057664320603	0.002563537614616902	-0.0010716561888936315	-0.008330096604837245	-2.5514015740645227e-05	0.0005207162846620285	1.191135300527366e-05
9049.99853515625	0.6962195688404573	0.572144539539946	934.0058498611108	0.0025109806175311602	-0.0010741651678776265	-0.008342905048655216	-2.6073352746606284e-05	0.0005216094596328094	1.2361206034458734e-05
9090.861328125	0.6962195688443216	0.5721445395377492	934.0059334182474	0.0024586574733560028	-0.0010767187464626297	-0.008355713661765504	-2.6632681184452383e-05	0.0005225026234406689	1.2811029263311343e-05
9131.875732421875	0.696219568848104	0.5721445395355471	934.0060171034715	0.002406590447985846	-0.0010793256334578815	-0.008368522417180752	-2.7192008315256175e-05	0.0005233957742906528	1.3260851491798772e-05
9172.78662109375	0.6962195688518089	0.5721445395333543	934.0061010679506	0.0023572952358475556	-0.0010747256000038913	-0.008396447904574791	-2.77525509363974e-05	0.0005238594644578212	1.3567231679920917e-05
9213.781982421875	0.6962195688554328	0.5721445395311553	934.0061851604353	0.0023057373122642925	-0.0010778092792139476	-0.008409248474116338	-2.8314264038986957e-05	0.0005243241466197891	1.387284399274558e-05
9254.923095703125	0.6962195688589756	0.5721445395289505	934.0062693810312	0.0022541860362224665	-0.0010806148585914479	-0.008422059588868935	-2.8875833783682756e-05	0.0005247887904198201	1.417793197550975e-05
9295.49755859375	0.6962195688624375	0.5721445395267399	934.0063537297393	0.0022026999552505018	-0.0010834480395263489	-0.0084348708179397	-2.9437381644618875e-05	0.0005252533638578602	1.4482956563575826e-05
9336.386474609375	0.6962195688658159	0.5721445395245219	934.0064382674094	0.0021495326523566067	-0.001087109175185053	-0.008453767012555971	-2.9993222693805093e-05	0.0005255426495245409	1.4808080841531919e-05
9377.397216796875	0.6962195688691128	0.5721445395222838	934.0065230364013	0.0020977158798004217	-0.0010969579444793343	-0.008476899190926049	-3.05511448356574e-05	0.0005255490358288508	1.5264029335821524e-05
9418.04345703125	0.6962195688723283	0.5721445395200399	934.0066079334871	0.002045829788524009	-0.001099811087643806	-0.008489708577680569	-3.111014864503713e-05	0.000525555122371765	1.572308246679602e-05
9458.65185546875	0.6962195688754628	0.5721445395177898	934.0066929586576	0.001994356486819833	-0.0011028076832271087	-0.008502517045407318	-3.166935149658852e-05	0.000525561175754172	1.6182688164212272e-05
9501.102294921875	0.6962195688785165	0.5721445395155343	934.0067781112797	0.0019429855281257104	-0.0011054596943304079	-0.008515262209020324	-3.222559630550918e-05	0.0005255689915813636	1.6631157985759573e-05
9540.876220703125	0.6962195688814894	0.5721445395132705	934.0068633926278	0.001891479761715402	-0.0011095700829329381	-0.008528134810658228	-3.278595647481102e-05	0.0005255750737524415	1.7100568965055926e-05
9581.780029296875	0.6962195688843814	0.5721445395110002	934.0069488020565	0.001840086478932576	-0.001112723603643596	-0.008540942873276225	-3.3346213189880025e-05	0.0005255812447589247	1.7568563853567503e-05
9622.254150390625	0.6962195688871927	0.5721445395087271	934.00703433901	0.001788741705301651	-0.0011140871207265235	-0.008553695348192794	-3.3901766229834274e-05	0.000525588749654647	1.7987602812992508e-05
9663.320556640625	0.6962195688899232	0.5721445395064436	934.0071200045877	0.001737313108078365	-0.0011192223055470486	-0.008566557765326	-3.4461315870373776e-05	0.0005255948243330227	1.8456705833862777e-05
9704.42578125	0.6962195688925729	0.5721445395041568	934.007205800855	0.0016859098924311348	-0.0011208130071585357	-0.008579626729331338	-3.502807334467478e-05	0.0005255943494728055	1.888144542188249e-05
9745.740478515625	0.6962195688951418	0.5721445395018623	934.0072917216654	0.0016345448067609052	-0.0011245932929623958	-0.008592081041869717	-3.5580762742160307e-05	0.0005256030785822063	1.931275984688379e-05
9787.832763671875	0.6962195688976299	0.5721445394995608	934.007377773675	0.0015830912434643895	-0.0011279894208953882	-0.008605200963260881	-3.614621047136603e-05	0.0005256036855267256	1.9743674980299467e-05
9827.61669921875	0.6962195689000372	0.5721445394972474	934.0074639515848	0.0015316976136671506	-0.0011338280821756226	-0.008617790974798978	-3.6707895892251125e-05	0.0005256097947323556	2.0229231633577193e-05
9868.619140625	0.6962195689023639	0.572144539494927	934.0075502574748	0.0014804227617850343	-0.0011372607246731136	-0.008630589001972083	-3.726858744279374e-05	0.0005256160673345728	2.07173574555285e-05
9909.611572265625	0.6962195689046099	0.572144539492602	934.0076366908592	0.0014290665107070293	-0.0011395775964453203	-0.00864333843239648	-3.7823404034363265e-05	0.0005256239492713196	2.1172192340630276e-05
9949.385009765625	0.696219568906775	0.5721445394902714	934.0077232524192	0.0013776339502664557	-0.0011422800887715347	-0.008656156001016255	-3.837957491386103e-05	0.0005256315165127622	2.159779261811282e-05
9989.916015625	0.6962195689088595	0.5721445394879293	934.007809942471	0.0013262417317500806	-0.0011479525246484957	-0.008669005187688483	-3.893849154606418e-05	0.0005256380481720284	2.2075909676542895e-05
10031.86328125	0.696219568910863	0.5721445394855792	934.0078967608246	0.0012747453745016004	-0.0011518475446766312	-0.008681835360228624	-3.949915806782277e-05	0.0005256441785498999	2.2552142365163102e-05
10073.63623046875	0.6962195689127856	0.572144539483221	934.0079837072705	0.0012232968588361374	-0.001155814793453551	-0.008694644594216247	-4.006016246442075e-05	0.0005256502274697373	2.3031006083656027e-05
10113.5888671875	0.6962195689146276	0.572144539480858	934.008070780935	0.0011719625923228998	-0.0011581536879216566	-0.008707366453014773	-4.061422212035536e-05	0.0005256586911200458	2.3468802734090387e-05
10154.4326171875	0.6962195689163886	0.572144539478484	934.0081579835328	0.0011204986213144265	-0.001163523016325571	-0.00872025978166352	-4.117420852602735e-05	0.0005256647504543945	2.394325450068368e-05
10194.700927734375	0.696219568918069	0.5721445394761044	934.0082453137471	0.0010691806951016512	-0.0011662864503077508	-0.008733021436842486	-4.173211564694086e-05	0.0005256720154550157	2.4384655534075247e-05
10234.768798828125	0.6962195689196685	0.5721445394737152	934.0083327723737	0.001017719321907539	-0.0011710048823915082	-0.008745862654862616	-4.228980818965835e-05	0.0005256784961386324	2.4843108043477508e-05
10275.44287109375	0.6962195689211871	0.5721445394713212	934.008420361988	0.0009661794405894455	-0.0011733732901016963	-0.008758961423883257	-4.285618609683149e-05	0.0005256777669332368	2.5252148536674908e-05
10317.170166015625	0.696219568922625	0.572144539468917	934.008508075962	0.0009149468426616356	-0.0011783512691209452	-0.00877139740930985	-4.3409216292267954e-05	0.0005256865568682821	2.5683799747383997e-05
10357.2841796875	0.6962195689239821	0.5721445394665001	934.0085959190071	0.0008634015395250129	-0.0011845469682274373	-0.008784304511364555	-4.397041506841742e-05	0.0005256926424888767	2.6160472790363653e-05
10398.578857421875	0.6962195689252583	0.5721445394640755	934.0086838901369	0.0008120179023076353	-0.0011883787784388597	-0.008797112983229508	-4.453031807450667e-05	0.0005256987003033673	2.6630073815274017e-05
10440.695068359375	0.6962195689264538	0.5721445394616416	934.0087719893305	0.0007606449069944825	-0.001192909019600486	-0.008809919361024557	-4.5090361505940224e-05	0.0005257047720874969	2.7104242515022333e-05
10480.73828125	0.6962195689275685	0.5721445394591983	934.0088602166085	0.0007092641239360053	-0.001197495948443583	-0.00882272779697671	-4.565096731779579e-05	0.0005257108060170452	2.7583672675924013e-05
10521.3671875	0.6962195689286025	0.5721445394567461	934.0089485719365	0.0006578450227994193	-0.0012018303255151635	-0.008835532802200688	-4.621085542822486e-05	0.0005257169475386722	2.8060103247504075e-05
10561.845703125	0.6962195689295555	0.5721445394542845	934.009037055409	0.0006063934707362661	-0.0012065574350064306	-0.008848347245596758	-4.677209557204531e-05	0.000525722998692503	2.8537848909398707e-05
10601.671142578125	0.696219568930428	0.5721445394518164	934.0091256658949	0.0005551546740678502	-0.0012096247958937737	-0.008861048589075465	-4.732612733223167e-05	0.0005257319287113066	2.898055711039454e-05
10642.922607421875	0.6962195689312195	0.5721445394493362	934.0092144054776	0.0005036054060663666	-0.001215598628398543	-0.00887395826725465	-4.7886074932758785e-05	0.0005257380592737957	2.9457735683812053e-05
10683.58154296875	0.6962195689319304	0.5721445394468461	934.009303273091	0.0004522742775549717	-0.0012204533258115516	-0.008886761340650154	-4.8446512092591954e-05	0.0005257443039754864	2.993970513223315e-05
10724.051513671875	0.6962195689325603	0.5721445394443477	934.0093922685294	0.000400821009918933	-0.0012245183580187984	-0.008899543842832688	-4.9004087055400324e-05	0.0005257513160139772	3.04028935409512e-05
10766.1396484375	0.6962195689331095	0.5721445394418403	934.0094813917558	0.0003494274138802143	-0.0012289685787560398	-0.008912322645436024	-4.9560649221630774e-05	0.0005257591831990447	3.085662582246147e-05
10807.018798828125	0.696219568933578	0.5721445394393245	934.0095706427064	0.00029801156639206356	-0.001233009743240719	-0.00892509505720579	-5.011358736119894e-05	0.0005257680728983727	3.128886698401982e-05
10848.467529296875	0.6962195689339655	0.5721445394367976	934.0096600222216	0.00024657083494841997	-0.001238548742239994	-0.008937951519632698	-5.0668717661205355e-05	0.0005257755763005368	3.1738343705734406e-05
10890.748779296875	0.6962195689342722	0.5721445394342577	934.0097495303703	0.00019508733744986082	-0.001244834147207663	-0.008950814872523527	-5.123021675128146e-05	0.0005257816225009793	3.22179420266316e-05
10930.7021484375	0.696219568934498	0.5721445394317084	934.0098391665878	0.0001436841074227169	-0.0012494453598217033	-0.008963621743518974	-5.179027056114642e-05	0.0005257876775394176	3.2688955500827314e-05
10971.828369140625	0.6962195689346431	0.5721445394291519	934.0099289303395	9.235698674707152e-05	-0.001252998485839248	-0.00897637517228278	-5.234722489558891e-05	0.0005257951192609454	3.312095218038394e-05
11012.5390625	0.6962195689347075	0.5721445394265852	934.0100188216205	4.0937621862853635e-05	-0.0012579965994888617	-0.008989128107179306	-5.289955750927648e-05	0.0005258042482469288	3.355014915214199e-05
11053.271484375	0.6962195689346911	0.5721445394240056	934.0101088416955	-1.0458082606033623e-05	-0.001264349282659009	-0.009002007493648864	-5.345595275673756e-05	0.0005258112753173693	3.401421240786138e-05
11093.755859375	0.6962195689345936	0.5721445394214142	934.01019899021	-6.200417252265221e-05	-0.0012700743707140586	-0.009014851456623507	-5.401546276691337e-05	0.0005258174165580776	3.448695465860102e-05
11134.670166015625	0.6962195689344155	0.5721445394188145	934.0102892658699	-0.00011330575754366257	-0.0012741903763100841	-0.009027565988982453	-5.456967065209262e-05	0.0005258261622458234	3.492968076162543e-05
11176.623291015625	0.6962195689341566	0.572144539416201	934.0103796704158	-0.0001647567902063985	-0.0012809163581181224	-0.009040454586661986	-5.512911588921843e-05	0.000525832640823516	3.540814789714473e-05
11216.1494140625	0.6962195689338168	0.5721445394135777	934.0104702029289	-0.00021622748926911062	-0.001285781889670673	-0.009053251310971441	-5.5687077031860495e-05	0.0005258394928862479	3.587178878598262e-05
11256.485595703125	0.696219568933396	0.5721445394109421	934.0105608638495	-0.0002677431418387586	-0.001291735832479007	-0.009066092064047973	-5.624786646186394e-05	0.0005258455543972453	3.634257648141682e-05
11297.36474609375	0.6962195689328945	0.572144539408297	934.0106516523774	-0.0003190447636341459	-0.0012964206728583432	-0.009078852798109369	-5.680665191982983e-05	0.0005258527602045684	3.679639427856934e-05
11337.95263671875	0.6962195689323121	0.5721445394056386	934.010742569453	-0.0003705632960743586	-0.0013029459511489346	-0.009091707561363488	-5.736775333820243e-05	0.0005258587889332652	3.7275502003129995e-05
11378.698486328125	0.6962195689316489	0.5721445394029726	934.0108336135667	-0.0004219086919284251	-0.0013066753247810703	-0.009104411370023852	-5.7920224155318514e-05	0.0005258677493517336	3.770483154367063e-05
11420.81689453125	0.696219568930905	0.5721445394002928	934.0109247866625	-0.00047338379475779784	-0.0013134662060420804	-0.009117309584056654	-5.847812826223385e-05	0.0005258741876061206	3.816380020610406e-05
11461.046142578125	0.6962195689300801	0.5721445393975993	934.0110160879631	-0.0005248172504577359	-0.0013200841059856957	-0.009130130062559624	-5.9039165267809144e-05	0.0005258802562199002	3.8645397408885226e-05
11502.55224609375	0.6962195689291744	0.5721445393948938	934.0111075173667	-0.0005762773111628957	-0.0013260123472082104	-0.00914294036387335	-5.960082911364907e-05	0.0005258863236050214	3.91263431679603e-05
11542.95556640625	0.6962195689281877	0.5721445393921776	934.0111990748532	-0.0006277382460512325	-0.0013313107604779543	-0.0091557486510368	-6.0160863623749933e-05	0.000525892556095762	3.959260807216703e-05
11584.18603515625	0.6962195689271204	0.5721445393894525	934.0112907593639	-0.0006790645085679085	-0.0013355931881600534	-0.009168451066551883	-6.071302731943963e-05	0.0005259015813564937	4.002090660147477e-05
11623.94970703125	0.6962195689259724	0.5721445393867153	934.0113825719493	-0.0007304486292167879	-0.001341590633760914	-0.00918125854203071	-6.126573012214225e-05	0.000525910587173907	4.045169465421345e-05
11665.641845703125	0.6962195689247436	0.5721445393839634	934.0114745132825	-0.000781838842535559	-0.0013487913398899257	-0.00919413331890069	-6.1822476177742e-05	0.0005259176041085171	4.091792230586084e-05
11706.224365234375	0.696219568923434	0.5721445393811981	934.011566582886	-0.0008332892762797913	-0.0013553043658925807	-0.009206960350358298	-6.238142037197109e-05	0.0005259241328277901	4.1394756962901205e-05
11747.2236328125	0.6962195689220433	0.5721445393784199	934.0116587807935	-0.0008848480183722732	-0.0013616551105628454	-0.00921979075505254	-6.294258747423387e-05	0.0005259301655743305	4.187415391473843e-05
11789.58251953125	0.6962195689205717	0.5721445393756296	934.011751106791	-0.0009363385938450649	-0.0013676176573012505	-0.009232599757346374	-6.350304207937524e-05	0.0005259362621295736	4.234302243430933e-05
11828.676513671875	0.6962195689190194	0.5721445393728292	934.0118435601038	-0.0009876787008978344	-0.0013725766532639411	-0.009245331269134599	-6.405777338597862e-05	0.0005259444563813882	4.27828806230714e-05
11869.82568359375	0.6962195689173862	0.5721445393700133	934.0119361421929	-0.0010391207322041948	-0.001380133708454829	-0.009258208912965762	-6.461750319736113e-05	0.0005259506362045339	4.325831828787013e-05
11911.46630859375	0.696219568915672	0.5721445393671893	934.0120288551221	-0.0010906808292303635	-0.0013840826711289417	-0.00927129292381118	-6.518363673891894e-05	0.0005259500286349516	4.3668208076090486e-05
11953.3046875	0.6962195689138772	0.572144539364347	934.0121216934474	-0.0011420132059334577	-0.0013931270510779909	-0.009283832521575205	-6.574511197576418e-05	0.0005259560695964218	4.4145802204780175e-05
11993.669921875	0.6962195689120014	0.5721445393614919	934.0122146598227	-0.001193440387667489	-0.0013993213060267437	-0.009296637532740432	-6.630526777375549e-05	0.0005259621529949617	4.462058783714483e-05
12034.26904296875	0.6962195689100449	0.5721445393586233	934.012307754308	-0.001244886606152542	-0.001405960247895028	-0.009309448539493892	-6.686633683144905e-05	0.0005259681964345971	4.509873720340972e-05
12074.704345703125	0.6962195689080077	0.572144539355744	934.0124009758488	-0.001296165023794336	-0.0014111619257521884	-0.009322154068686389	-6.742077217489544e-05	0.0005259770215877862	4.554360484248686e-05
12115.210205078125	0.6962195689058897	0.5721445393528539	934.0124943258162	-0.0013476815806241242	-0.0014165238838311962	-0.009334996737623266	-6.797554762118603e-05	0.000525984798650936	4.595253068424693e-05
12156.082275390625	0.6962195689036907	0.572144539349947	934.0125878041249	-0.001399060993634191	-0.0014247624230645057	-0.00934783086789076	-6.853108887626664e-05	0.0005259918834929165	4.6408981666439957e-05
12196.281982421875	0.6962195689014109	0.5721445393470265	934.0126814104999	-0.0014505588682963374	-0.001431451981291671	-0.009360637503482566	-6.908984744256422e-05	0.0005259990527153186	4.685994090483748e-05
12236.662353515625	0.6962195688990501	0.5721445393440903	934.0127751453862	-0.0015020779498997017	-0.0014391145226964064	-0.0093734886282279	-6.965010524166808e-05	0.0005260050867544175	4.733428354119633e-05
12277.14208984375	0.6962195688966085	0.5721445393411423	934.012869007816	-0.0015534797504704924	-0.0014448628633603562	-0.009386242976547568	-7.020477159396135e-05	0.0005260126253683486	4.778105937281961e-05
12317.607177734375	0.6962195688940863	0.572144539338179	934.0129629984516	-0.0016048072245078155	-0.0014523579673828915	-0.009399063562553586	-7.076144167919065e-05	0.0005260196869737789	4.82476747721366e-05
12359.221923828125	0.696219568891483	0.5721445393352004	934.0130571176053	-0.001656414616044562	-0.0014598980413118071	-0.009411915363576967	-7.132262655186934e-05	0.0005260257313326825	4.872092545340015e-05
12399.938232421875	0.6962195688887988	0.5721445393322099	934.0131513643265	-0.0017078181980940594	-0.0014657326874103107	-0.0094246721251795	-7.187767296853638e-05	0.0005260331675845187	4.9168699211419566e-05
12440.87548828125	0.696219568886034	0.572144539329204	934.0132457392101	-0.0017591369416182655	-0.001473298375219021	-0.009437488362261784	-7.243424744212478e-05	0.0005260402261746803	4.9634357408897914e-05
12481.5205078125	0.696219568883188	0.5721445393261821	934.0133402426071	-0.0018107453583920245	-0.0014810418581707597	-0.009450339696802854	-7.29953995105063e-05	0.0005260462802852236	5.010738560450957e-05
12521.2314453125	0.6962195688802614	0.5721445393231481	934.0134348735971	-0.0018621508714814548	-0.0014870659939079944	-0.009463099003311479	-7.355062209685223e-05	0.000526053650569579	5.055562190696438e-05
12561.939453125	0.696219568877254	0.5721445393200983	934.013529632719	-0.0019134639970629366	-0.0014947842668598728	-0.009475912190787819	-7.410720841944975e-05	0.000526060721278488	5.102168009864055e-05
12602.960693359375	0.6962195688741656	0.5721445393170325	934.0136245203602	-0.0019650763969770507	-0.0015026751413981002	-0.009488764112385556	-7.466838452185674e-05	0.0005260667705794054	5.149484144809761e-05
12642.02099609375	0.6962195688709962	0.5721445393139523	934.0137195360298	-0.0020165071333905684	-0.001509657897509941	-0.009501566970641168	-7.522778316561273e-05	0.0005260729400644418	5.196244732359806e-05
12683.945068359375	0.6962195688677462	0.5721445393108605	934.0138146792734	-0.002067922686402976	-0.0015153354662178291	-0.009514324356961285	-7.578334704335738e-05	0.0005260804557639065	5.2381859239846834e-05
12724.195068359375	0.6962195688644154	0.5721445393077538	934.0139099504613	-0.002119248941172495	-0.0015226737794781027	-0.009527118793574263	-7.633932405712989e-05	0.000526088154438995	5.280418695568464e-05
12764.40771484375	0.6962195688610037	0.5721445393046304	934.0140053496568	-0.0021707195139923346	-0.0015308683048773153	-0.009539919550304116	-7.689279128531831e-05	0.0005260961797296841	5.324793170154909e-05
12805.350341796875	0.696219568857511	0.572144539301491	934.0141008772107	-0.0022222320352888944	-0.001538708394152268	-0.009552755382516667	-7.744845742813249e-05	0.000526103524301858	5.369788950573843e-05
12846.3193359375	0.6962195688539377	0.5721445392983353	934.014196532691	-0.0022736281834737603	-0.0015466705093112436	-0.009565548033179702	-7.80042244592779e-05	0.0005261112253086065	5.415703679073623e-05
12887.000244140625	0.6962195688502831	0.5721445392951693	934.0142923205274	-0.0023252665886283057	-0.0015517641211330447	-0.009578783632995483	-7.857288071663666e-05	0.0005261082000018628	5.454995904216668e-05
12927.541748046875	0.6962195688465478	0.5721445392919856	934.014388235643	-0.0023766736236440936	-0.0015603874734085664	-0.009591511561222218	-7.913994779391574e-05	0.0005261071492776084	5.4966258492566384e-05
12967.060302734375	0.6962195688427317	0.5721445392887832	934.0144842755939	-0.002427986864926579	-0.0015695909268210837	-0.009603995093707393	-7.969570536733857e-05	0.0005261142234745608	5.542358936738063e-05
13007.130615234375	0.6962195688388346	0.5721445392855679	934.0145804433994	-0.0024795515475308726	-0.0015758983249233012	-0.00961678055602358	-8.025001063641025e-05	0.0005261219461820128	5.583345905344253e-05
13048.06689453125	0.6962195688348567	0.5721445392823336	934.0146767395507	-0.002531026095107279	-0.0015851914362615446	-0.00962961514082139	-8.080586761194934e-05	0.000526129033740459	5.628360254256735e-05
13087.74462890625	0.6962195688307982	0.5721445392790838	934.0147731629593	-0.00258227575508903	-0.0015927682076067205	-0.00964234085396494	-8.135932816018734e-05	0.0005261382917410311	5.672602020832279e-05
13127.99169921875	0.6962195688266586	0.5721445392758179	934.0148697148109	-0.0026338456890887697	-0.0016007092915382997	-0.009655185156500726	-8.191388868414956e-05	0.0005261466548967012	5.716622893580692e-05
13168.874267578125	0.6962195688224381	0.5721445392725333	934.0149663955692	-0.002685386065885966	-0.0016098574033868583	-0.00966807583509334	-8.247405554549393e-05	0.0005261527138994141	5.7636411074942615e-05
13209.82080078125	0.6962195688181367	0.572144539269232	934.015063204349	-0.002736795645993129	-0.0016179983872032337	-0.009680877979693206	-8.303362219608448e-05	0.0005261589072656245	5.810714253635991e-05
13249.581787109375	0.6962195688137542	0.5721445392659209	934.0151601448645	-0.002788402123050629	-0.001622871645009831	-0.009694051550711819	-8.360126896706799e-05	0.0005261560995016577	5.848936526745577e-05
13290.066650390625	0.6962195688092913	0.5721445392625897	934.0152572092454	-0.0028395984909231624	-0.0016327040116082554	-0.009706438092700984	-8.41578700156999e-05	0.0005261636384096185	5.891848796360293e-05
13331.02978515625	0.6962195688047472	0.5721445392592386	934.015354402318	-0.002891208578561267	-0.001642433830156673	-0.009719307261393625	-8.471774396427859e-05	0.0005261697008905207	5.9385934422850194e-05
13369.976806640625	0.6962195688001224	0.5721445392558747	934.0154517228398	-0.0029425973184684633	-0.001648721592353091	-0.009732052171659525	-8.527247520852737e-05	0.0005261774021286834	5.9797319986838774e-05
13411.06298828125	0.6962195687954166	0.5721445392524912	934.0155491715573	-0.0029941349263198904	-0.0016583178884630532	-0.009744871752091239	-8.582812197775024e-05	0.0005261849677950307	6.024215011694032e-05
13452.134765625	0.6962195687906299	0.5721445392490887	934.0156467488615	-0.003045608947838895	-0.0016676434345988833	-0.00975773042439515	-8.638813716279566e-05	0.0005261911570937029	6.070714987287292e-05
13492.46142578125	0.6962195687857623	0.5721445392456687	934.0157444542522	-0.0030970424714753127	-0.0016762293114802882	-0.009770539067881598	-8.694866821486098e-05	0.0005261972406538757	6.117840299737714e-05
13533.56201171875	0.6962195687808139	0.5721445392422305	934.0158422876908	-0.003148438836996406	-0.0016850903953539245	-0.009783343868228461	-8.750977999558703e-05	0.0005262033379294563	6.165985179820287e-05
13575.3896484375	0.6962195687757846	0.5721445392387757	934.0159402492311	-0.0031999685433157466	-0.0016932894101844614	-0.009796154028649695	-8.806995935328552e-05	0.0005262095490580819	6.21260104353218e-05
13614.88427734375	0.6962195687706745	0.5721445392353076	934.0160383416735	-0.0032513998570080104	-0.0016998212994943274	-0.009809244239692497	-8.863724563955035e-05	0.0005262085255700991	6.254474660190301e-05
13654.6318359375	0.6962195687654836	0.5721445392318193	934.016136558533	-0.00330273621488529	-0.0017097162160250997	-0.009821685952853987	-8.919280028871646e-05	0.0005262168706286541	6.299491845340373e-05
13695.380615234375	0.6962195687602117	0.5721445392283113	934.0162349043109	-0.003354336450975563	-0.0017193603665445571	-0.009834577786988014	-8.975291618806116e-05	0.0005262229402155066	6.346686125289164e-05
13736.507080078125	0.696219568754859	0.5721445392247849	934.0163333780978	-0.0034057008790314095	-0.0017283707625999865	-0.009847378694709127	-9.031309430036029e-05	0.0005262291251860539	6.394574379682719e-05
13776.68896484375	0.6962195687494254	0.5721445392212448	934.0164319794893	-0.0034572125182369086	-0.0017351299065828756	-0.009860139154725611	-9.08685937909892e-05	0.0005262366482328577	6.436512733171115e-05
13818.021484375	0.6962195687439111	0.5721445392176862	934.0165307088612	-0.0035085476705540458	-0.001744167119940146	-0.009872937181851935	-9.142494693127482e-05	0.0005262442626208187	6.47913574991014e-05
13858.125244140625	0.6962195687383156	0.5721445392141125	934.0166295706495	-0.0035602595027162806	-0.0017515429516370242	-0.009886178829143291	-9.199327418245171e-05	0.0005262411870313977	6.517389237668354e-05
13899.8388671875	0.6962195687326393	0.5721445392105164	934.0167285559262	-0.003611599969421672	-0.0017624678087729139	-0.009898527676808835	-9.254642575302873e-05	0.0005262497731767462	6.56071445928899e-05
13940.827392578125	0.6962195687268823	0.5721445392069014	934.0168276694737	-0.0036630219151142585	-0.0017717889544592352	-0.009911354756479751	-9.309968204724092e-05	0.0005262577076934794	6.604951502218751e-05
13981.507080078125	0.6962195687210444	0.5721445392032666	934.0169269109649	-0.0037144189750582925	-0.0017815421655484852	-0.009924149116892322	-9.365583997931298e-05	0.0005262660211242089	6.650621477433493e-05
14022.04296875	0.6962195687151255	0.5721445391996131	934.0170262811773	-0.003766001829216011	-0.0017906547643732004	-0.009937021240306695	-9.421287310664964e-05	0.0005262725741503371	6.696302635189545e-05
14062.61181640625	0.6962195687091257	0.5721445391959386	934.0171257796507	-0.003817453710223723	-0.001800984855909485	-0.009949847329516065	-9.477452605966639e-05	0.0005262786471617115	6.744312477983815e-05
14102.493896484375	0.6962195687030408	0.5721445391922417	934.017225405829	-0.0038715702022533295	-0.0018119153164073652	-0.009962617836115614	-9.534765536648194e-05	0.0005262889595473531	6.791721546464944e-05
14143.467529296875	0.6962195686968801	0.5721445391885305	934.017325160452	-0.003919865662804202	-0.0018189698132661338	-0.009975462295661874	-9.590602709520686e-05	0.0005262953066318675	6.837369012222231e-05
14182.85986328125	0.6962195686906377	0.5721445391848003	934.0174250431571	-0.00397176266787099	-0.0018282146539174355	-0.00998827051592864	-9.646511605142167e-05	0.0005263014453615626	6.883268919788036e-05
14224.23681640625	0.6962195686843144	0.572144539181051	934.0175250539381	-0.004023296177075965	-0.0018376335067868614	-0.010001078098053187	-9.702436936308916e-05	0.000526307554518647	6.929213204556507e-05
14264.3125	0.6962195686779102	0.572144539177282	934.017625192772	-0.0040747375578934625	-0.0018472796440928225	-0.010013883394296014	-9.758374272039574e-05	0.0005263136862669993	6.975629157937684e-05
14305.24267578125	0.696219568671425	0.5721445391734927	934.0177254597118	-0.004126341114339755	-0.0018572008158646233	-0.01002669397204134	-9.81440629490323e-05	0.0005263198426888591	7.022332577118968e-05
14345.314697265625	0.6962195686648591	0.5721445391696873	934.0178258541324	-0.004177635670521927	-0.0018651139636955492	-0.010039442066555479	-9.870066290058433e-05	0.0005263273888872778	7.065174595537439e-05
14386.18212890625	0.6962195686582121	0.5721445391658584	934.0179263772259	-0.004229250768239644	-0.0018766384806116747	-0.010052309348190916	-9.926153446386968e-05	0.0005263334920568536	7.112353447795132e-05
14426.979736328125	0.6962195686514843	0.5721445391620097	934.018027028325	-0.004280655387514136	-0.0018863133181862505	-0.010065109912116385	-9.982148364921676e-05	0.0005263396958010866	7.159947991948568e-05
14467.812744140625	0.6962195686446757	0.5721445391581448	934.0181278064206	-0.004332065184893597	-0.0018942570255359534	-0.01007780955380326	-0.00010037339217622408	0.0005263489517267878	7.202587808678269e-05
14509.19921875	0.6962195686377861	0.5721445391542566	934.0182287136971	-0.004383587918341326	-0.001905736436403118	-0.010090727654902154	-0.00010093314259879846	0.000526355076726226	7.249636336640292e-05
14549.058837890625	0.6962195686308154	0.5721445391503488	934.0183297490705	-0.004435201184650763	-0.0019153097930133367	-0.0101035373410968	-0.00010149187377346936	0.0005263613065620455	7.295461550554373e-05
14589.930419921875	0.6962195686237638	0.5721445391464249	934.0184309154839	-0.004486677311636406	-0.0019231545142664827	-0.010116641341604837	-0.0001020586111150117	0.0005263601073770467	7.335846214594089e-05
14628.886474609375	0.6962195686166316	0.5721445391424776	934.0185322060986	-0.004537937174087674	-0.0019346442144449808	-0.010129061466234199	-0.00010261344166463697	0.0005263687107999152	7.380452518178176e-05
14670.733154296875	0.6962195686094184	0.5721445391385128	934.0186336250031	-0.004589485433970919	-0.0019432709695322455	-0.01014189045269355	-0.00010316737091869734	0.0005263766273991709	7.420782864860663e-05
14710.100341796875	0.6962195686021243	0.5721445391345246	934.0187351719978	-0.004640903229116663	-0.001954745556772773	-0.010154699476488685	-0.00010372133887401352	0.0005263845255566147	7.465297543701015e-05
14751.541748046875	0.6962195685947494	0.5721445391305146	934.0188368473799	-0.004692362638645346	-0.001965399433497711	-0.010167538213250643	-0.00010427756289273591	0.000526391573692791	7.511190799910449e-05
14791.783935546875	0.6962195685872935	0.572144539126482	934.0189386512033	-0.004743921515280748	-0.00197646212442022	-0.010180382328643031	-0.00010483823168224743	0.0005263977444196618	7.558763013718356e-05
14832.6826171875	0.6962195685797568	0.5721445391224311	934.0190405824394	-0.0047953361747458765	-0.001985446274269989	-0.010193123620151553	-0.00010539232134399014	0.0005264056057764395	7.603309424807233e-05
14871.777587890625	0.696219568572139	0.5721445391183565	934.0191426424396	-0.0048469329728079895	-0.0019970945858140137	-0.010206000024110082	-0.00010595341650442419	0.0005264116946511041	7.650545724944039e-05
14912.123779296875	0.6962195685644401	0.572144539114261	934.0192448304997	-0.00489846017069389	-0.002007289225304835	-0.01021880601020865	-0.00010651364284756527	0.0005264179005926888	7.697116564105542e-05
14952.88232421875	0.6962195685566606	0.5721445391101433	934.0193471466242	-0.004949845296737169	-0.0020181910362883867	-0.01023161245209639	-0.00010707522952166349	0.0005264239900448645	7.74533997214314e-05
14993.865966796875	0.6962195685488002	0.572144539106006	934.0194495905843	-0.005001240739402392	-0.002027763069154277	-0.010244396007404469	-0.000107632248047642	0.0005264306418403975	7.791808483475419e-05
15034.220703125	0.6962195685408588	0.5721445391018459	934.0195521628743	-0.005052867212099074	-0.002038983956553819	-0.010257229005232946	-0.00010819314474150422	0.0005264367580364864	7.83898673439974e-05
15074.984619140625	0.6962195685328365	0.5721445390976667	934.0196548626404	-0.005104273995619406	-0.002048356263965116	-0.010269976606532477	-0.00010874750929758912	0.0005264444522682632	7.883551707316907e-05
15116.40283203125	0.6962195685247333	0.5721445390934647	934.0197576906141	-0.0051557334534940834	-0.0020594601199538103	-0.010282797373909011	-0.00010930639353665934	0.0005264517104492344	7.929162390399383e-05
15156.11279296875	0.6962195685165492	0.572144539089239	934.019860647119	-0.005207279275156046	-0.0020711061511502304	-0.010295650483486463	-0.00010986770298664795	0.000526457776588335	7.977117860259729e-05
15198.43017578125	0.6962195685082841	0.5721445390849921	934.0199637316737	-0.005258752817159999	-0.002081547071838683	-0.010308455467204367	-0.00011042765764606547	0.000526463917369353	8.024106980005569e-05
15237.9404296875	0.6962195684999383	0.5721445390807279	934.0200669436185	-0.005310160113836995	-0.0020899731213939606	-0.010321194485187868	-0.00011098220318754135	0.0005264717995197223	8.064727515718095e-05
15279.12060546875	0.6962195684915116	0.5721445390764368	934.020170284019	-0.005361618148532085	-0.0021031840042805942	-0.010334040038905798	-0.00011154046693326546	0.0005264786802392995	8.111871338841706e-05
15319.11328125	0.6962195684830039	0.5721445390721268	934.0202737521996	-0.005413111029629042	-0.0021124431062658536	-0.010346818063043786	-0.0001120967665679255	0.0005264862840299178	8.15443208177713e-05
15359.822998046875	0.6962195684744151	0.5721445390677905	934.0203773490779	-0.005464742006634201	-0.002125331145666252	-0.010359687828804476	-0.0001126574701226188	0.0005264923785279696	8.201533339128368e-05
15399.872314453125	0.6962195684657454	0.5721445390634362	934.0204810769383	-0.00551622250137066	-0.0021341379341650274	-0.010372786041525792	-0.00011322513042054314	0.0005264911350725818	8.243339571322441e-05
15440.4619140625	0.6962195684569947	0.5721445390590547	934.0205849299717	-0.005567698044194654	-0.0021474920496762032	-0.010385303342385799	-0.00011378617804220501	0.0005264971855466415	8.290536287095131e-05
15481.16748046875	0.6962195684481632	0.5721445390546496	934.020688911044	-0.005619150687847272	-0.0021590757212582067	-0.010398107227810788	-0.00011434794325270287	0.000526503296720524	8.338814251541242e-05
15520.869384765625	0.696219568439251	0.5721445390502236	934.0207930199458	-0.0056705398689293265	-0.0021692867954666343	-0.01041089018298881	-0.00011490491236986214	0.0005265099633128112	8.38531416828271e-05
15561.66064453125	0.6962195684302577	0.5721445390457731	934.0208972571883	-0.005722136666129005	-0.0021812833889974827	-0.010423724243686039	-0.0001154663239570619	0.0005265160190674282	8.432908777479901e-05
15602.1845703125	0.6962195684211836	0.5721445390413005	934.0210016221141	-0.005773482359289169	-0.0021921719428482193	-0.010436492581284859	-0.00011602403484954061	0.000526523011599615	8.47996081419058e-05
15643.238525390625	0.6962195684120286	0.5721445390368054	934.0211061147116	-0.005825002955306316	-0.0022031657492149496	-0.010449259750040352	-0.00011658063714861325	0.0005265311887292189	8.525780977488907e-05
15683.475341796875	0.6962195684027926	0.572144539032285	934.0212107360494	-0.005876521524042327	-0.0022155278698575815	-0.010462133777860497	-0.00011714135008757294	0.0005265374568848075	8.574122219769197e-05
15724.96337890625	0.6962195683934755	0.5721445390277414	934.0213154855653	-0.0059281039980467656	-0.00222691822782567	-0.010474951589383524	-0.00011770245391695019	0.0005265435318810159	8.62195471521247e-05
15763.922119140625	0.6962195683840776	0.5721445390231743	934.021420363114	-0.00597953847663336	-0.002238476664452187	-0.010487754865310783	-0.0001182631322206933	0.0005265497531312252	8.669767392930341e-05
15804.633544921875	0.6962195683745989	0.5721445390185849	934.0215253685104	-0.0060309519426783535	-0.002249405668676892	-0.010500539646550719	-0.00011882036130970326	0.0005265564228264254	8.716470729392557e-05
15844.412841796875	0.696219568365039	0.5721445390139764	934.0216305057506	-0.006082601185465638	-0.0022586834376528953	-0.01051372402525988	-0.00011938928588777262	0.0005265537279171344	8.756570273779743e-05
15886.552490234375	0.696219568355398	0.5721445390093391	934.0217357675426	-0.0061341564725689406	-0.002272867739702354	-0.010526179194974783	-0.00011994862012044926	0.0005265599268951007	8.802670072223692e-05
15927.658935546875	0.6962195683456764	0.5721445390046802	934.0218411564176	-0.0061854778559969565	-0.002283466335457521	-0.010538887504725286	-0.00012050186501546268	0.0005265687872575109	8.845986510767801e-05
15967.47900390625	0.696219568335874	0.5721445389999964	934.0219466734303	-0.0062369485651911655	-0.0022956418604247433	-0.010551701263069257	-0.00012105649435317637	0.0005265773972923247	8.890457841873764e-05
16010.223876953125	0.6962195683259903	0.5721445389952857	934.0220523194522	-0.0062885691656190176	-0.0023088028690007928	-0.010564602187675173	-0.00012161763408330503	0.0005265834416128556	8.93795265808239e-05
16049.752197265625	0.6962195683160258	0.5721445389905506	934.0221580935361	-0.00634004763034575	-0.0023207751042111173	-0.010577408382993037	-0.00012217885098054026	0.0005265895296003504	8.985537484176991e-05
16090.198486328125	0.6962195683059805	0.5721445389857907	934.0222639955722	-0.006391445258149019	-0.002332962267889833	-0.010590203611046387	-0.00012273964047474853	0.000526595834049017	9.033969714452032e-05
16131.28125	0.696219568295854	0.5721445389810133	934.0223700291949	-0.0064431705076185754	-0.0023415147369585192	-0.010603362269883385	-0.00012330714805967389	0.000526593537252352	9.072838506182108e-05
16172.0107421875	0.6962195682856467	0.5721445389762043	934.0224761874814	-0.006494546150569466	-0.002356979902968552	-0.010615828648132833	-0.00012386827251281853	0.0005265996120014847	9.120758049532712e-05
16211.9599609375	0.6962195682753585	0.5721445389713709	934.0225824737719	-0.006545980030166812	-0.0023690183975030228	-0.010628629044210636	-0.0001244285152128013	0.0005266058183785175	9.168581095844657e-05
16251.7470703125	0.6962195682649891	0.5721445389665132	934.0226888881956	-0.006597624813558528	-0.0023808473896357266	-0.01064144237230169	-0.0001249879981147035	0.0005266120146022007	9.214828010046685e-05
16292.353515625	0.6962195682545391	0.5721445389616331	934.0227954301571	-0.006648943329636778	-0.002391826134122476	-0.010654196145185021	-0.0001255450640308196	0.0005266194554547281	9.25815736259142e-05
16333.2861328125	0.6962195682440082	0.5721445389567247	934.0229021006338	-0.006700444837639833	-0.002405707832761128	-0.010667047675054608	-0.0001261049693817758	0.0005266256704690314	9.305918808322363e-05
16374.0751953125	0.6962195682333963	0.5721445389517906	934.0230088992652	-0.0067520221097270095	-0.0024183192794981277	-0.010679863138739296	-0.00012666625887424018	0.0005266317421103433	9.35391098963141e-05
16414.511474609375	0.6962195682227034	0.5721445389468315	934.0231158259002	-0.006803476366634467	-0.002430567994894723	-0.01069266349474822	-0.00012722645061185125	0.0005266379503991348	9.401645530279589e-05
16454.7490234375	0.6962195682119297	0.5721445389418498	934.0232228796199	-0.006854886739685559	-0.002441612960617596	-0.010705371972184297	-0.0001277803209718595	0.0005266469011394144	9.445689364903626e-05
16493.738037109375	0.6962195682010747	0.5721445389368408	934.0233300624458	-0.0069065894660386585	-0.002455049509126327	-0.01071828258433137	-0.0001283395835429475	0.0005266530933565408	9.491667394114155e-05
