40000.0	0.16643626332712566	-0.01615838662287735	0.0034289882175251186	0.16721873872711174	0.00012145867093567991	0.003429261589878675
80000.0	0.40105036852513737	-0.040046568676405915	0.0032532337836600773	0.4030443265208989	-0.0006210227058501966	0.003254915831107224
120000.0	0.6065336858312096	-0.06165978610705447	0.003393592526708248	0.609657593724613	-0.0016220349614794807	0.0033978165777202004
160000.0	0.8588256666052089	-0.08855029711068872	0.003179536497318442	0.8633747192918163	-0.002592328045164266	0.0031881207151044956
200000.0	1.0403980117461837	-0.10915158325073444	0.003381749887212566	1.0461021692778307	-0.003499641179924018	0.003395754361352453
240000.0	1.2127654899004132	-0.1294078500117259	0.0034302341441726277	1.2196418273442287	-0.00449397358784992	0.0034509184506728813
280000.0	1.3888744445718626	-0.15074670728860426	0.0030954125945910635	1.3970225045266729	-0.004973343496546823	0.003124391584689201
320000.0	1.5446134369852424	-0.17136048379125887	0.00017245942161190177	1.5540794341897863	-0.0056741460179334235	0.00017651660349208678
360000.0	1.6592420798679857	-0.1871342103093137	0.00018105209793245556	1.669752236168902	-0.005564220389418895	0.0001852376862687564
400000.0	1.8446745259417399	-0.2140209390720991	-0.00038081278503454227	1.8570347399861373	-0.007144710868336401	-0.0003763366717451451
440000.0	1.9490332755944377	-0.230401506927833	-0.00039718858476384307	1.9625955587123214	-0.005851562579484548	-0.00039200232253729556
480000.0	2.109393361909795	-0.25779218077583727	0.00020848092328731613	2.125069450005417	-0.008774629599874628	0.0002138495326364857
520000.0	2.2425385962059474	-0.2814970680052735	-0.0004454341096206681	2.2601187179749123	-0.00912908811990823	-0.00043998862543427353
560000.0	2.334387589240149	-0.29928740269012427	-0.00046054975300261625	2.3534845410548	-0.006991922434952308	-0.00045425791365304315
600000.0	2.4763353641985955	-0.32931057493991994	0.00024121983361559047	2.4981131456041092	-0.01063011786208315	0.0002475662389776243
640000.0	2.5617080152209266	-0.34832971034762483	0.000249039728179222	2.585268350044949	-0.008312489547727842	0.0002552492270972952
680000.0	2.701588550431325	-0.381696747825887	0.0002610043749206632	2.7283967848565425	-0.011139281626370179	0.00026839355299996056
720000.0	2.804488008992938	-0.40849023725758293	0.00027173978729341515	2.834054405278687	-0.012364888007642849	0.00027897575203113695
760000.0	2.911078287959973	-0.43745478866700316	-0.0005611461809392	2.9437361825690864	-0.012680145625172945	-0.000554062453897306
800000.0	2.985430592911983	-0.4594231756372174	-0.0005740597173990512	3.020561062258298	-0.00873830422494326	-0.0005658270358872553
840000.0	3.101366792189683	-0.49676710304765004	0.00030238342759472366	3.1408689925400384	-0.013982171904305896	0.0003104390102684298
880000.0	3.1715039290238134	-0.5204318587553781	0.0003097876109730022	3.213905068237382	-0.010034886552032496	0.00031748918130887764
920000.0	3.2666921909158253	-0.5536914961557995	-0.0006292947133656919	3.3132708615258313	-0.009399609097776152	-0.0006201856230664931
960000.0	3.3536268661080517	-0.587557940938221	0.00031697127415820697	3.4046904097395467	-0.01098632110386144	0.0003257118622428366
1000000.0	3.43800294096833	-0.622049740491839	0.00033973883646643715	3.493808138803734	-0.010713786931122071	0.00034810015168978904
1040000.0	3.5451102314065683	-0.6686221903449304	0.0003339434358951447	3.607577416255241	-0.015727846890095154	0.00034397785723443554
1080000.0	3.6248289078483547	-0.7061357585528704	0.0003613578395552293	3.6929286583625514	-0.017036370880984864	0.00037090618317415337
1120000.0	3.684919815681057	-0.7357593378929367	0.00036972117276096064	3.757638655263586	-0.011295177895302433	0.0003787010647884329
1160000.0	3.76650900335404	-0.7772332848410345	-0.000734149540907411	3.8458513572009787	-0.010440563957237858	-0.0007234134530857097
1200000.0	3.858681232583879	-0.8296530749969606	0.0003920630757971238	3.9468218931675882	-0.018493648231270587	0.000402304015509806
1240000.0	3.9360868177479156	-0.8745987481082881	-0.0007753969482523166	4.032039952725256	-0.01887436258250702	-0.0007657325555327335
1280000.0	3.990694014990408	-0.9088508128478	-0.000788724674191481	4.092863462360043	-0.01082671670822477	-0.0007772158409561161
1320000.0	4.060770297942857	-0.9561127571747713	0.00038604361749967084	4.171791752761422	-0.012672024734759035	0.00039685996729678293
1360000.0	4.129052056688691	-1.0040501055924445	0.00043040164494441733	4.249357409966237	-0.012210443659165737	0.0004405241922768136
1400000.0	4.215769150182997	-1.0684618109312376	0.00040219227704254245	4.3490131544279995	-0.020118189843677914	0.0004145616710595386
1440000.0	4.265830921613147	-1.107934023501394	0.0004088038778441483	4.407341706201723	-0.013050957711335631	0.00042026321997790984
1480000.0	4.348223972599965	-1.1757248550976518	-0.0008822212380625557	4.5043205246633296	-0.02184675642471612	-0.0008714540275178934
1520000.0	4.395841122499028	-1.2179554387590616	-0.0008954722043577821	4.561436731157358	-0.011384015474421194	-0.0008824777116584002
1560000.0	4.456902951453061	-1.2762464142782328	0.00043060124408042023	4.63601237335528	-0.013345117931696293	0.000442685688091804
1600000.0	4.516370849261936	-1.335222367033294	0.000492513561218755	4.7095923921369796	-0.012802588821109795	0.0005036899181559036
1640000.0	4.577951551007512	-1.3979882460313726	-0.0009503551729419512	4.78663537870086	-0.011546283849394101	-0.0009366362441226695
1680000.0	4.6344773533040415	-1.4624379700826742	0.00045298411909420273	4.859724471717732	-0.013535211527134827	0.000465681116794946
1720000.0	4.689189122739186	-1.5274765775898167	0.0005261152562100811	4.93168443726527	-0.012958499617613417	0.0005377931331305941
1760000.0	4.757954529399889	-1.614404435449826	0.0004689308727116358	5.024323282184298	-0.024668345504619882	0.0004834914907773343
1800000.0	4.809038227671234	-1.6842885555455451	0.0005505626346714227	5.0953919738891065	-0.02563651734422523	0.0005639761875536084
1840000.0	4.8472268941798085	-1.7391316560713992	0.0005577292975702123	5.149758980217635	-0.013035058845882352	0.000569895037470961
1880000.0	4.8985324592098	-1.8150114452469541	-0.0010594258711525682	5.223959357691397	-0.011638785853284928	-0.0010442916149715098
1920000.0	4.9450503587517805	-1.8929926781113096	0.0004958621294142269	5.2949749283524925	-0.013595003840542241	0.0005097474742550952
1960000.0	5.002738159507081	-1.9926735402006774	-0.0010967968908058203	5.384919427092328	-0.027923502517166354	-0.0010840195727108248
2000000.0	5.03526828219773	-2.0545854227722007	-0.0011099858343859628	5.438300684628927	-0.011559914330447119	-0.0010941609918478437
2040000.0	5.075873962534399	-2.1398349696976835	0.0005154629720152488	5.508467068613008	-0.013443212515563907	0.0005299255608080293
2080000.0	5.125854302337457	-2.248579058577258	-0.001153988972511961	5.597287017180933	-0.029465049930076703	-0.0011407385938284208
2120000.0	5.1616829291554955	-2.339504449439186	0.0005316464307496232	5.667043516243052	-0.029487235782065135	0.0005483269524977342
2160000.0	5.187792224367371	-2.4089188882322214	0.0005362829060314299	5.719781971104057	-0.013136208392575122	0.0005513165410219303
2200000.0	5.22003864341554	-2.502267735899687	0.0006604519486345364	5.788781373271587	-0.012548117156870986	0.0006740123159970649
2240000.0	5.258487686188333	-2.626079177952337	0.0005494548443043615	5.877670865918659	-0.0311410855316534	0.0005668268657451972
2280000.0	5.285516977837312	-2.7253670704032698	0.0006864074207846174	5.946708555313858	-0.031188583279450732	0.0007021610394922152
2320000.0	5.311727765748521	-2.82967755708689	-0.0012591377245929742	6.018344033907495	-0.03258925464958451	-0.0012449675728666183
2360000.0	5.333031900999269	-2.936591314130068	0.0005675289659528044	6.0879983026992175	-0.032778786119984527	0.0005855775821301286
2400000.0	5.352075342170999	-3.043812453740089	0.0007185420466811649	6.156983793467905	-0.03248484383144301	0.0007348574992455542
2440000.0	5.369697017751963	-3.156184414073503	-0.0013087133786106099	6.228481508041795	-0.034121256262982014	-0.0012940935028936122
2480000.0	5.38228814288651	-3.2711464796342726	0.0005847136268543637	6.298273012552129	-0.03437995615999756	0.0006034421219028047
2520000.0	5.392363813454477	-3.3862525937378916	0.0007475186313498882	6.367350978184158	-0.033698966656900975	0.0007643935595429924
2560000.0	5.397994052316361	-3.4755518898630773	0.0007586004553115482	6.4201000291790065	-0.010785198877903412	0.0007734785995857116
2600000.0	5.403401929979752	-3.5978226965571873	-0.0013601667202722742	6.491609147157998	-0.009555369105042844	-0.0013409997510725545
2640000.0	5.403688262680339	-3.722506474905837	0.0006002520509503853	6.561767793742684	-0.010232104847873735	0.0006174782030748861
2680000.0	5.401463851070576	-3.847275601437173	0.0007855793887475753	6.63153401622588	-0.009892178378243077	0.0008008850749275444
2720000.0	5.393297772845852	-4.010574045818544	0.0006081743512109947	6.72093498723184	-0.037388717454599485	0.0006282224397961334
2760000.0	5.382897231853843	-4.14077861788455	0.0008054189024338345	6.7911965157620555	-0.035777451883798994	0.0008233876862107386
2800000.0	5.372426955123512	-4.241246774132308	0.0008117607782311677	6.844783945372593	-0.008848876120738258	0.0008274913655981197
2840000.0	5.355385993742768	-4.378193048319462	-0.0014413845515009504	6.917273301243949	-0.007977766506792161	-0.0014209355110768847
2880000.0	5.333312138002228	-4.5170257819053	0.0006199442081895449	6.989111561311887	-0.007735391791635515	0.0006382321350462259
2920000.0	5.308326491429381	-4.655447314607279	0.00084058561260149	7.0605566934148385	-0.007680517515203711	0.0008567408427772431
2960000.0	5.270189996006693	-4.83513882869814	0.0006234716354888404	7.152054114420819	-0.03989992652466978	0.0006448022125805632
3000000.0	5.235984438427717	-4.977840046851457	0.0008546102036006467	7.22447468085963	-0.03728436937844071	0.0008736544833611778
3040000.0	5.207106262382051	-5.087277159955975	0.0008596851539602524	7.279718602554793	-0.0064473855870503805	0.0008762667685510782
3080000.0	5.164577106279272	-5.235655621221217	-0.001499058529504535	7.354244300250364	-0.006107995526526966	-0.0014773393204050482
3120000.0	5.105795096189616	-5.42055646510821	0.0008743504725171971	7.446485469398367	-0.0378163336162447	0.0008939462434616738
3160000.0	5.053130347627081	-5.5717880496917305	-0.0015148602688690605	7.521782601118119	-0.04165254241787719	-0.0014976067170332913
3200000.0	5.011055616265465	-5.685107722419161	-0.001512661586925786	7.578331057295312	-0.005163136800909074	-0.0014903061528094845
3240000.0	4.950823762990179	-5.837530322013977	0.0006291238447207934	7.654240951381505	-0.0034096020346751077	0.000649019237554291
3280000.0	4.887470107729362	-5.988466021052919	0.0009031654763912768	7.729752482534766	-0.003983236091602449	0.0009206189112068859
3320000.0	4.798058301550901	-6.178889571102785	0.0006133083372593768	7.822930551828083	-0.04239515536356586	0.0006365436836265136
3360000.0	4.740441559200421	-6.2895144875040545	0.000606629464694176	7.875898192608197	-0.0025098239435531466	0.0006270342179357624
3400000.0	4.660072285071	-6.431768089002042	0.000855609172606487	7.94253748792771	-0.003560150655227856	0.0008735268476654599
3440000.0	4.549442583635794	-6.605324064800747	0.000593473621835346	8.020344795286443	-0.04246361685692679	0.0006172605627761656
3480000.0	4.4584537230591845	-6.735970263656204	0.0008404289368886701	8.077723681153852	-0.03853684480087094	0.0008616035980035397
3520000.0	4.386438763452681	-6.831156641467242	0.0008372502731543652	8.11822210898642	-0.003980437742509224	0.0008555990807385469
3560000.0	4.285458744778466	-6.953163070114673	-0.0014195839795040177	8.167717583328809	-0.004783256990093521	-0.00139551330175376
3600000.0	4.182904987290237	-7.070359195099826	0.0005833782871234939	8.215026499973423	-0.0035860471105150227	0.0006047817394244879
3640000.0	4.0791540901333345	-7.180597408687788	0.0008302198393073938	8.258356713074095	-0.004648108936487927	0.0008489273370828328
3680000.0	3.9691488791331886	-7.28576956708378	-0.0014105812758293595	8.296779658286226	-0.005327278580788297	-0.0013860226492202427
3720000.0	3.8327480158745515	-7.411047461044595	0.0008288193958945318	8.343386247180021	-0.03857092708024856	0.0008508459832109115
3760000.0	3.74826642203692	-7.482176375713294	0.0008288299597402593	8.368538446727898	-0.0053592576130284675	0.000847824004699584
3800000.0	3.632113762368903	-7.571872568723595	-0.0014083521163801944	8.39794440488497	-0.005867022221225371	-0.0013833819397659527
3840000.0	3.516397506547067	-7.658878125797203	0.0005783886398660694	8.427540430946735	-0.005275275807592794	0.0006005181027420562
3880000.0	3.4013847178376064	-7.740169384338599	0.0008304004180571507	8.45456110628519	-0.006046882993555269	0.0008496189881217715
3920000.0	3.281237845394559	-7.8159657167760015	-0.0014096217775578243	8.476780129265347	-0.006371395667828961	-0.001384308587420739
3960000.0	3.134205358772945	-7.907814893248717	0.0008324585149490313	8.506191722688076	-0.03849617610436684	0.0008550629430886291
4000000.0	3.0441940099444733	-7.95913881469186	0.0008331884672604983	8.521441371686059	-0.0066901376876379315	0.0008525809828664699
4040000.0	2.8912645135998702	-8.039582184685488	0.0005777610420876437	8.54357023414208	-0.04122882112274384	0.0006035828553413737
4080000.0	2.7721317172302316	-8.100328797249135	0.0008352104068430797	8.561458035747329	-0.038433640532902436	0.0008580249343750507
4120000.0	2.680938456740829	-8.14333058694859	0.0008357595897824265	8.573284723849198	-0.0072847757917872125	0.0008552859580388306
4160000.0	2.526453501730175	-8.210192454651267	0.000578015409809006	8.590026241128564	-0.040946119994401786	0.0006040688209175922
4200000.0	2.4064623106135574	-8.260930502620289	0.0008367516700486377	8.604217695335977	-0.03835927266408812	0.0008597366675161788
4240000.0	2.2824571473133175	-8.305791564516186	-0.0014154463139327202	8.61359758711715	-0.041482591796187185	-0.0013956309105373707
4280000.0	2.1598639999820484	-8.351215997659581	0.0005786052623193809	8.62599269434564	-0.008434930635600635	0.0006015052913322754
4320000.0	2.0682014676729072	-8.382216528502193	0.0005788117916426336	8.633594025221619	-0.008088396827332645	0.0006017450982598142
4360000.0	1.9160151369470082	-8.428766081088858	-0.0014142532029973592	8.64369784612744	-0.04122202613227921	-0.0013943635102109725
4400000.0	1.7936334980138795	-8.465703154820488	0.0005796054845277189	8.653532200170606	-0.04039133609887935	0.000606016687979468
4440000.0	1.7023323478451935	-8.49049349576824	0.0005799366937985434	8.65946535072644	-0.008662361327887447	0.0006029874952057404
4480000.0	1.582907635195745	-8.522311228621918	0.0008294350373485792	8.668062513188085	-0.008803029669015361	0.0008492059919019925
4520000.0	1.460230751935011	-8.547985247291994	-0.0014077796761207046	8.67180813888526	-0.008325423455474712	-0.0013814302384237416
4560000.0	1.3387999935406656	-8.575439123725685	0.0005816701715695817	8.67931201365911	-0.009193993636674613	0.0006048168823853589
4600000.0	1.1889795210779235	-8.602867035880047	-0.0014006694903518336	8.684545822940667	-0.040711711203836765	-0.0013806751668487072
4640000.0	1.0684037532757815	-8.625146239415598	0.000583476259386054	8.690974991705982	-0.03984837547651454	0.0006101445866670747
4680000.0	0.9787828614811265	-8.63921019118404	0.0005841872701912933	8.694473804771127	-0.009687510595211335	0.0006074119398847964
4720000.0	0.8308107469234788	-8.65837306059466	-0.001386976784995783	8.69804766916641	-0.040464227609456005	-0.0013669426446160761
4760000.0	0.7419812957852229	-8.669279666387359	-0.0013827706384628752	8.700969300091371	-0.008915660040036855	-0.0013561934363769922
4800000.0	0.5957173827994231	-8.687915867325508	0.0007868717498537267	8.708233342011754	-0.037859496829088624	0.0008103317267164916
4840000.0	0.5076925511001353	-8.695863560580543	0.000780794147484498	8.710665575496451	-0.009999552904726206	0.0008006980522660144
4880000.0	0.3898406790885524	-8.701777941007746	-0.00136277480990851	8.710501181031683	-0.009183512299419827	-0.0013361077536963334
4920000.0	0.27274044214391924	-8.710427490203818	0.0005919742354698063	8.714690043836432	-0.010574618799330082	0.0006153114411514761
4960000.0	0.15901450956536062	-8.717109535945104	0.0007528011234454254	8.718553623506299	-0.010342124572883082	0.0007727427992476607
5000000.0	0.013601985132605474	-8.719740675073592	0.0005957939785525808	8.719663830843928	-0.0390525132661288	0.0006227219660263593
5040000.0	-0.07203523942375949	-8.720903786018841	0.0005971538702524255	8.721194382120556	-0.01097458524017847	0.0006205296103820701
5080000.0	-0.21288270051559813	-8.719187292765094	-0.0013160442811084765	8.72169505637931	-0.03976790959413801	-0.0012959023249018132
5120000.0	-0.29747436136761274	-8.717890796621713	-0.001308251583857218	8.722959209933	-0.009676195669843235	-0.001281443423624878
5160000.0	-0.4369220914581569	-8.716798300976958	0.0006910616199153272	8.72766104907042	-0.03749817771297359	0.0007146274406067944
5200000.0	-0.5488725579908239	-8.708712343640466	-0.0012834152415795758	8.725902077964363	-0.03955687500445937	-0.0012632351251731222
5240000.0	-0.6318670768198439	-8.703943120021691	-0.00127469100968133	8.726842717032078	-0.009904508363210218	-0.0012478289913904718
5280000.0	-0.7430315955679275	-8.69782945215275	0.0006088083634761276	8.72950148539818	-0.011701201094159175	0.0006322337968349717
5320000.0	-0.878392651781618	-8.684716352850167	-0.001247369515482257	8.728935941143376	-0.03935944129489455	-0.0012271487868287965
5360000.0	-0.9879481127811535	-8.67538176288171	0.000613087743674927	8.731370034605058	-0.038307834061418244	0.0006401682262519296
5400000.0	-1.0687530977762694	-8.666341473527122	0.0006144448710972039	8.731985049946116	-0.012032370759040067	0.0006378844631601522
5440000.0	-1.174220963308423	-8.654529693664642	0.0005956214641993922	8.733816265828484	-0.011510846637243777	0.0006157275260828376
5480000.0	-1.3086450655308246	-8.634724625134067	0.0006182088098029494	8.733245162274281	-0.03808097674447686	0.000645321649810317
5520000.0	-1.387764578879579	-8.622726515729136	0.000619338970592408	8.733679103206894	-0.012344394002355097	0.0006427875478980634
5560000.0	-1.4910229580841576	-8.606984416345142	0.0005510510534461943	8.735169819838463	-0.011764383097710995	0.0005712031160591784
5600000.0	-1.6225810718872666	-8.5825098933425	0.0006222738409388982	8.734461137845962	-0.03786820720431705	0.0006494114319677554
5640000.0	-1.7241708106612614	-8.563963415045807	0.0005179764891765045	8.735723189776948	-0.03707674696209462	0.0005415782317849157
5680000.0	-1.8267936589926905	-8.54023196217405	-0.0011280741121514049	8.733339956586816	-0.03886243004352541	-0.001107719117223394
5720000.0	-1.9297341877945735	-8.519412477285261	0.0006249520961568156	8.735149904911738	-0.037670913287335406	0.0006521078226643666
5760000.0	-2.005464142988556	-8.502008296424588	0.0006253783065236756	8.735322814661771	-0.012914915654042458	0.000648834773340022
5800000.0	-2.1042687164641385	-8.479030361347784	0.00046506301283220686	8.736232198989004	-0.012232982186799246	0.0004853095452094004
5840000.0	-2.2039976262165886	-8.451205116151723	-0.0010779700691558676	8.733862531551376	-0.010899040919946756	-0.0010509647609066007
5880000.0	-2.3272621333643873	-8.420512915584029	0.00043534349173350784	8.7361922929955	-0.011445551313692626	0.0004556251942107414
5920000.0	-2.400754190741108	-8.399794051110586	0.0004258527842427491	8.736132200215899	-0.012447814626253884	0.00044614607001139893
5960000.0	-2.498203595961379	-8.36888778087667	-0.0010394685066042121	8.733795362672478	-0.011068612195675231	-0.0010124528413714025
6000000.0	-2.6187283244924946	-8.334095282818055	0.00039876563457095083	8.73576112539392	-0.03687494092513299	0.0004223642916408071
6040000.0	-2.7144922990904945	-8.300972928044782	-0.0010119836936605293	8.733449286019027	-0.038517574480703476	-0.0009914912200847301
6080000.0	-2.785763332234355	-8.277191207000664	-0.0010031366191303765	8.733398285878838	-0.011227384504707283	-0.0009761144302765162
6120000.0	-2.903568088046945	-8.23846454533652	0.0003661442536577503	8.735081521494559	-0.036830716783392226	0.00038974168284867786
6160000.0	-2.9971188051109814	-8.202493711972913	-0.0009776458115132278	8.732820108308076	-0.03843465318566197	-0.0009571107460555445
6200000.0	-3.0667558179576906	-8.176494238987564	-0.0009695204734478127	8.732692594609704	-0.011374836116487819	-0.0009424947180983324
6240000.0	-3.1603847603129163	-8.142060338342372	0.0006186870686695959	8.73389870540163	-0.013847766226071423	0.000642147959902299
6280000.0	-3.2504268468658757	-8.106511022860795	0.00033135007060156	8.733878087613551	-0.013007203511949395	0.0003517720108203007
6320000.0	-3.341265313767866	-8.067119972180132	-0.0009390142975255777	8.73168632622293	-0.01151056100477521	-0.0009119871508657108
6360000.0	-3.4327560901589558	-8.029778808913216	0.0006136887144175784	8.73275243183595	-0.014036720045177087	0.000637151979445624
6400000.0	-3.5206664882223686	-7.9913801353441265	0.00030837257819866	8.732529742355753	-0.013163384837317937	0.0003288314908571671
6440000.0	-3.609376250475423	-7.94934239965166	-0.0009118699719564926	8.730378353534483	-0.011634306682285156	-0.0008848429371114799
6480000.0	-3.7191741282209985	-7.899615840608517	0.00029390770205452556	8.73125623955805	-0.03675717577365745	0.00031750738662387513
6520000.0	-3.806309269586637	-7.855634697743781	-0.0008937982220090182	8.729119205417252	-0.03827132386922305	-0.0008731537330836621
6560000.0	-3.871169516056075	-7.823391992463023	-0.0008882140941647956	8.72876152550319	-0.011745975944606135	-0.0008611881188987161
6600000.0	-3.9584482948369044	-7.780464956682384	0.0006014647427103718	8.72953272412369	-0.014360874929158385	0.0006249356609613514
6640000.0	-4.042172282473843	-7.736618445525742	0.000274799129355472	8.728931285468011	-0.01342887660422809	0.00029532087465262963
6680000.0	-4.126719858163417	-7.689460154953214	-0.0008680692183995296	8.726824966177567	-0.011845600917751775	-0.0008410448109707675
6720000.0	-4.231312102543741	-7.632904361649844	0.00026613733011426714	8.727192009713612	-0.03675208422121734	0.0002897442561164233
6760000.0	-4.3143262340432535	-7.583868395109669	-0.0008552316352053607	8.725079329509818	-0.03822848197564155	-0.0008345325951453523
6800000.0	-4.376094108233141	-7.547702583548718	-0.0008513763929470287	8.724555666360809	-0.011933301093463466	-0.0008243537313522874
6840000.0	-4.459235519491435	-7.499417664429364	0.0005880587550921835	8.72501192629045	-0.014614437030895489	0.0006115406492956403
6880000.0	-4.559106806791466	-7.436323569466013	-0.000841052412941666	8.722551340458388	-0.038226339351930094	-0.0008203319536343048
6920000.0	-4.640712184244563	-7.38607112273805	0.0005831016550468663	8.722963444539756	-0.012842290380814303	0.0006065882393055856
6960000.0	-4.7188275672919815	-7.335124714044073	0.000252121398883516	8.721813763370173	-0.03678104178364938	0.00027573903706966114
7000000.0	-4.778057290089999	-7.2957603948020875	0.0002512036669148601	8.721110203215622	-0.013711978219318244	0.0002717901221294286
7040000.0	-4.877373127144269	-7.228294676014113	0.0005767468928724452	8.71984383508502	-0.0365513931240693	0.0006039126350266043
7080000.0	-4.95348215615521	-7.174836793004649	0.00024943976602122877	8.71859584827497	-0.03680896222731267	0.00027306352676579205
7120000.0	-5.011203983967572	-7.13358755028739	0.0002491652761327291	8.71780057701119	-0.013776622263726335	0.00026976547512763015
7160000.0	-5.087685921142656	-7.076540043481682	-0.000820636651393601	8.715607839588815	-0.012126388797260246	-0.0007936184029225397
7200000.0	-5.164717885305091	-7.020464806605687	0.0005693995522262245	8.715561707628531	-0.014867036792987065	0.0005929008487372411
7240000.0	-5.257104685540918	-6.9481302533881495	-0.0008170866474956743	8.712760576468986	-0.038299652859926425	-0.0007963247719360981
7280000.0	-5.332619109879119	-6.890126264665711	0.0005653852627195347	8.712596084578177	-0.036550644658579046	0.0005925477120037561
7320000.0	-5.404748517403067	-6.8316926757757805	0.0002511632073123592	8.711025780409905	-0.03689435215863024	0.00027479959531971344
7360000.0	-5.459470279901689	-6.786685161319919	0.00025195786545927215	8.710035535888165	-0.013862494767096556	0.0002725743642794615
7400000.0	-5.55124014235619	-6.709753529005902	0.0005605559417545305	8.70837078023369	-0.03657678084814653	0.000587717411118539
7440000.0	-5.6213877781346975	-6.648832745539087	0.0002550209480713007	8.706641825286697	-0.03695326596824833	0.0002786633970424515
7480000.0	-5.692394086075565	-6.584980993535564	-0.0008146878668131034	8.704243164228016	-0.03841988828407683	-0.0007939163183741152
7520000.0	-5.763860729874441	-6.521813892196785	0.0005563680902792173	8.703723671557025	-0.036622070627783776	0.0005835289289021779
7560000.0	-5.816076443209431	-6.473638849468278	0.0005554251178895755	8.702558301925063	-0.014970688583256453	0.0005789440148547176
7600000.0	-5.901028477090883	-6.392015426890784	-0.0008169961713752685	8.699339964718918	-0.038503464783533836	-0.0007962248039668544
7640000.0	-5.952244472001993	-6.342573805994273	-0.0008179092863245885	8.698120912422869	-0.012221918729913073	-0.0007908938347738748
7680000.0	-6.021167351527464	-6.27613355081388	0.0005520776387155655	8.697360774108402	-0.01497201474721277	0.0005756010124689484
7720000.0	-6.086842423744453	-6.209541878274748	0.00026956615318953034	8.695278505504339	-0.013882712934147112	0.0002901808037892889
7760000.0	-6.171005238616785	-6.1229056051518205	0.000550015879336464	8.693096469536622	-0.03677560809296865	0.0005771760023439907
7800000.0	-6.235175772124009	-6.054381830507128	0.00027595184550173647	8.690890170946348	-0.03720593755156587	0.0002996090180903268
7840000.0	-6.28385477380044	-6.001672191589768	0.00027823120146433413	8.689459581096102	-0.013859658067748692	0.0002988386076663735
7880000.0	-6.348278769164492	-5.929445072755633	-0.0008296782032261351	8.686703258258522	-0.01219626611448732	-0.0008026644686863046
7920000.0	-6.413074389269333	-5.857621610923606	0.0005474322075861549	8.685564537682808	-0.014922951904360882	0.0005709612734270728
7960000.0	-6.490440738187606	-5.7662853232300435	-0.000835995424371161	8.68184067087218	-0.03885877866842091	-0.000815243465161574
8000000.0	-6.537046548979136	-5.7108754933726695	-0.0008383163298035232	8.680260859474576	-0.012163073546391234	-0.0008113041626128227
8040000.0	-6.599735267460809	-5.636263445727866	0.0005461203543884741	8.678925627352504	-0.014871410293061604	0.0005696502523486304
8080000.0	-6.6744928801496695	-5.5415241602446	-0.000845900380172794	8.675011414776357	-0.039015559716817694	-0.0008251609496190032
8120000.0	-6.735574481523837	-5.464766018619912	0.0005455655829695763	8.673537237182906	-0.03718869787086576	0.0005727233492458359
8160000.0	-6.793565951683819	-5.388153051249848	0.000307710804701241	8.670831453172873	-0.03759706260048723	0.00033137357183185215
8200000.0	-6.837509859305253	-5.329213405095163	0.0003107551682710032	8.669017767747784	-0.013693882226353593	0.00033132174722903964
8240000.0	-6.911030782502786	-5.228576436044885	0.0005453800243721176	8.665965640858651	-0.037383223033113255	0.0005725357621085411
8280000.0	-6.966871387295241	-5.149092762642285	0.0003202195712553697	8.663084151685814	-0.03776467270545503	0.0003438813047931445
8320000.0	-7.009157828446338	-5.087934421802884	0.00032348197177807145	8.661130703985666	-0.01360365387933482	0.00034402861914057824
8360000.0	-7.079843118707881	-4.98349324566011	0.0005458037840724825	8.657827034879919	-0.03761008881134553	0.0005729564087616274
8400000.0	-7.120982056958637	-4.92079135282556	0.0005460015757476869	8.655770321672717	-0.014598143038629496	0.0005695235017501788
8440000.0	-7.174036608203488	-4.8375588075915195	0.0003370499793388549	8.652664004083253	-0.013494107453217774	0.0003575734969069311
8480000.0	-7.227449655600637	-4.750850615748278	-0.0008886721988017911	8.649073317660564	-0.011869725369659911	-0.0008616771958947613
8520000.0	-7.281157487637582	-4.664075191820786	0.0005471456221640867	8.646886291541406	-0.01446338850307849	0.0005706606562005323
8560000.0	-7.331884202016713	-4.57769547252482	0.0003514186077165353	8.643589716313071	-0.013363838411898366	0.00037191574066441083
8600000.0	-7.382845501688392	-4.487733963687226	-0.000904791737799243	8.63979315980198	-0.011748811728169328	-0.0008778054319804794
8640000.0	-7.434090497546182	-4.397580750768442	0.0005488293213176685	8.637373058393532	-0.014304160915779907	0.0005723349212691537
8680000.0	-7.482379324496734	-4.3079044847208765	0.0003665568671940019	8.6338790154587	-0.013211212377259307	0.00038702428224273317
8720000.0	-7.5307615051605366	-4.2145366038888294	-0.0009221864268490303	8.629864020061065	-0.01160505951574986	-0.0008952114107438961
8760000.0	-7.579414498797286	-4.12083549483426	0.0005510169798796601	8.627201745768987	-0.01411847805496047	0.0005745103063837369
8800000.0	-7.625131412652196	-4.027697054381215	0.0003824404179148989	8.623502925836814	-0.013034343979443364	0.0004028746831276815
8840000.0	-7.683150596961491	-3.9062379800974294	0.0005529650708365351	8.619047820410476	-0.0388959058533499	0.0005800870845702757
8880000.0	-7.716686114534078	-3.833318736318721	0.000553669490381098	8.616343991226595	-0.013904055501492985	0.0005771473711079199
8920000.0	-7.759669209477287	-3.7365368703208195	0.0003990483965080516	8.612433417483675	-0.012831075244061352	0.00041944596357590576
8960000.0	-7.80240615576151	-3.635840195141952	-0.000960555254771482	8.607946879018643	-0.011239355045685517	-0.0009336127141844082
9000000.0	-7.854846060308929	-3.5106312595214937	0.00041196730458059974	8.603580403121292	-0.03927720073431251	0.0004355765940206062
9040000.0	-7.8952585653014715	-3.406992315055167	-0.0009760896658734738	8.598895977307869	-0.04113950541959055	-0.0009555598388260671
9080000.0	-7.925035973814577	-3.3291988009581095	-0.000981397504214709	8.595908249417537	-0.011011914710196802	-0.0009544773872303952
9120000.0	-7.964838921904605	-3.223665045370597	0.0005601903560617503	8.592467420609413	-0.013378175889855015	0.0005836262875796489
9160000.0	-8.001734747992996	-3.1189977266165867	0.0004343496984393051	8.588117000838556	-0.012335223032323817	0.0004546626941518628
9200000.0	-8.037960296768636	-3.0102030555306856	-0.001003240646451085	8.583123711300024	-0.010750707457088615	-0.000976348037009889
9240000.0	-8.074330836474534	-2.900282142989484	0.0005639544339526403	8.579410490525145	-0.0130603944681138	0.000587362974998302
9280000.0	-8.107793807612138	-2.7913524655594943	0.00045298374618073765	8.574836681268826	-0.012036799219798833	0.0004732485899142248
9320000.0	-8.14033974847818	-2.6782003281223052	-0.001025984425383245	8.569584530063796	-0.010452496940416278	-0.00099912523792258
9360000.0	-8.180055950995444	-2.5368207898543487	0.00046735332402128777	8.564294516711536	-0.040428822908929574	0.0004908923036997094
9400000.0	-8.202669617715213	-2.4502460343469847	0.0004722130204998803	8.56080355865844	-0.011700289931426133	0.0004924256253263634
9440000.0	-8.231190418727524	-2.3325297661863167	-0.0010495014570172734	8.555295937722567	-0.010114003089561896	-0.0010226825277546198
9480000.0	-8.259690572626866	-2.213129973165773	0.0005721666754213554	8.551039785010344	-0.012296405352898443	0.0005955050191167801
9520000.0	-8.291080846570983	-2.0639173951438856	-0.0010675496578980213	8.54400001136241	-0.04290066683859406	-0.0010472057730153146
9560000.0	-8.316211240501787	-1.940728444402722	0.0005753774889501065	8.539555587442464	-0.04226853190165569	0.0006023390962949804
9600000.0	-8.33331701285106	-1.8480672495117816	0.0005764518501167992	8.535770893476467	-0.011841540105466786	0.0005997462203044108
9640000.0	-8.354338258737922	-1.7250665162332128	0.0005121443869055928	8.530574625307871	-0.010898068968553831	0.0005322398866979653
9680000.0	-8.373555446176882	-1.5976484901872174	-0.0010981513654363712	8.524601163920249	-0.009303893998290458	-0.0010714375658563988
9720000.0	-8.392459220617532	-1.4678954975968952	0.0005807235631498197	8.51985683710636	-0.011331781365963689	0.0006039672205382069
9760000.0	-8.408429312219049	-1.3398302974233696	0.0005326059539570273	8.514500574529041	-0.01042444649066443	0.0005526365531111348
9800000.0	-8.426376178791813	-1.1725655614869017	0.0005838462914317857	8.507455847159576	-0.043823270642447065	0.0006106981579284452
9840000.0	-8.43819866836223	-1.0406179147666856	0.0005480267627364463	8.502016635563587	-0.042373502586059986	0.00057139778574745
9880000.0	-8.44760180911364	-0.9042406535256976	-0.001141168126199616	8.495742765354516	-0.04452409875386398	-0.0011210039649686564
9920000.0	-8.45629629619604	-0.7649301163425751	0.0005877909076068735	8.49070491353205	-0.04466733782240584	0.0006145725801542219
9960000.0	-8.462063272146585	-0.627746864726509	0.0005684943310680399	8.485207141665878	-0.042903192885691666	0.0005918061578886642
10000000.0	-8.465032772700924	-0.48617540817740146	-0.0011651638718388172	8.478862662245968	-0.04510400887971	-0.0011450668953270474
10040000.0	-8.46626406091624	-0.37916990624161756	-0.0011710245867446025	8.474747035669076	-0.007727204634051077	-0.001144546451582311
10080000.0	-8.466444694939408	-0.23297679667883603	0.0005921464724177375	8.469644331904558	-0.009424620513629467	0.0006151918610331675
10120000.0	-8.463729149105866	-0.08928449615197287	0.0005934954520978184	8.464195629331178	-0.008669208626024383	0.0006133082942435361
10160000.0	-8.457725497902372	0.058683098247765415	-0.001193657199256142	8.457926096328155	-0.007107405186474236	-0.0011672823613551506
10200000.0	-8.450298849909512	0.21023883941635754	0.0005949535988430737	8.45290933237469	-0.008649461443173356	0.0006179162955928444
10240000.0	-8.440027606534986	0.358960043985405	0.0006125669695024105	8.447653807068157	-0.007965149763004775	0.0006323014295620883
10280000.0	-8.422660899645672	0.5525319897933603	0.0005965365965846722	8.440632129503951	-0.04730171492245916	0.0006230344945049795
10320000.0	-8.410315954252033	0.6684254890541946	0.0005969480006993871	8.436832710623428	-0.007801915691794226	0.0006198198344245711
10360000.0	-8.385897728255998	0.8610868239115453	-0.0012286267467281728	8.429861099707463	-0.04683070765795572	-0.001208745623319636
10400000.0	-8.369207312371838	0.9791917229345108	-0.0012329705916588256	8.426293037046223	-0.005760668126312707	-0.0012068418578037325
10440000.0	-8.338310368355375	1.177793425896235	0.0006424760790887877	8.420962550290005	-0.044797875433236545	0.0006654716520031931
10480000.0	-8.30881958205824	1.3381400315716883	-0.00124478360105928	8.415750683150923	-0.04735059931933927	-0.0012249751996266385
10520000.0	-8.285159318768635	1.4592198730337533	-0.0012482800195741195	8.412678648607459	-0.005059120842061171	-0.00122229247010566
10560000.0	-8.250754464873578	1.6242164974316733	0.000597710020101354	8.409101824979773	-0.005910978621156193	0.0006203800024374086
10600000.0	-8.213882836681652	1.7852469176596482	0.0006598764629096084	8.405649714004632	-0.005538148130384668	0.0006793767338231813
10640000.0	-8.172216461746126	1.9496082061052031	-0.0012598073620825828	8.40155194422512	-0.0043643861933369	-0.0012339699962672437
10680000.0	-8.117039161392187	2.1563977132564975	0.0006682909002588888	8.398471596871204	-0.04528411273685651	0.0006910906159171087
10720000.0	-8.080956933706771	2.2809240096389263	0.0006707245862169046	8.396693245455555	-0.0046709152787065555	0.0006901549491393656
10760000.0	-8.015491525454532	2.4915719385782	0.0005940423964604677	8.39366049358681	-0.049986064392816054	0.0006199973376175055
10800000.0	-7.961172794151646	2.6561017995779626	0.0006768696658379766	8.392442725492774	-0.04532213740243207	0.0006995704959338771
10840000.0	-7.917386502761798	2.781478387807705	0.000678530296426621	8.391758840153644	-0.003820732646017899	0.0006979001729279389
10880000.0	-7.838904472723921	2.992890623826816	0.0005900441571240445	8.390666983849156	-0.0502509074974159	0.0006158514595786822
10920000.0	-7.78995427271084	3.11820388256795	0.0005888493997054968	8.390862566978651	-0.0028947245664220356	0.0006112098337384327
10960000.0	-7.723044089113506	3.282697460148763	0.0006833012076002237	8.39175210553466	-0.0030314572624464686	0.0007026238098943725
11000000.0	-7.63174985605326	3.492904526519076	0.0005848757676093328	8.392941036067024	-0.050285496565483534	0.0006105435797304769
11040000.0	-7.557489527184092	3.656180317246737	0.0006851118161375655	8.395313244071335	-0.044921801678937556	0.0007076384916854689
11080000.0	-7.498643129504323	3.7797862439228433	0.0006854375504057762	8.39740598392866	-0.002355349326640055	0.0007047297701809355
11120000.0	-7.395106788156915	3.98663052940443	0.0005789470131417572	8.40109036414817	-0.050080429397249326	0.0006044929691730059
11160000.0	-7.311532948138463	4.146782830607155	0.000685802263172007	8.405494735347878	-0.044498524186201927	0.0007082667082262691
11200000.0	-7.222325679689943	4.307777765126295	-0.001259791453379418	8.409316028739138	-0.04838878859664353	-0.0012402535804935868
11240000.0	-7.1543332672047875	4.4273374874785265	-0.0012582571528503464	8.413429597573279	-0.0020483282430047156	-0.0012330880824974679
11280000.0	-7.060818749517965	4.58692648171387	0.0005713985975001252	8.419920148765017	-0.0007904308883288635	0.0005935728082336435
11320000.0	-6.966731020514158	4.7407349915762405	0.0006855567415155193	8.42673762156059	-0.001550193735861849	0.0007048492076514009
11360000.0	-6.841704867717535	4.934191252755696	0.0005673316140948298	8.435209838975831	-0.04902814199873562	0.000592725301223769
11400000.0	-6.765862688149221	5.047329243264983	0.0005661178854531532	8.441115451391747	-0.000561686946521256	0.0005882859853625007
11440000.0	-6.664481987349319	5.194223180903601	0.0006861531625733157	8.449572318206265	-0.0014917273209836823	0.0007054771452909231
11480000.0	-6.5575483415844875	5.340406953955189	-0.0012496848691305419	8.457031507326485	-0.002198241492518682	-0.0012245832505806912
11520000.0	-6.424500240763271	5.518683040242201	0.0006879062657757717	8.46936023147501	0.0017563382089549329	0.0007072657942730282
11560000.0	-6.342251172970091	5.6235268984093825	0.0006888213866742461	8.476331866454478	-0.0016675844562316078	0.0007081946598250662
11600000.0	-6.229200890462649	5.76072510399444	-0.001250694758266523	8.484626753628993	-0.002524157541717309	-0.0012255617576702493
11640000.0	-6.116051269401178	5.895853356756822	0.0005600159033496679	8.495126193943266	-0.0009262223361455879	0.0005822657546812757
11680000.0	-6.0033473648233295	6.02505034868515	0.0006943676997485467	8.505375187261485	-0.0020453534183468847	0.0007138030724070383
11720000.0	-5.856010662975845	6.1847449586943934	0.0005595434020383714	8.517145084076772	-0.046590520733720164	0.0005850094069914783
11760000.0	-5.767741028523571	6.277199011220265	0.0005595905814191923	8.524673711547516	-0.001443863294133374	0.0005819192063337308
11800000.0	-5.650946754515419	6.39633275446171	0.0007030048975995459	8.535002359768631	-0.002572762790524097	0.0007225091447828019
11840000.0	-5.528912121490753	6.512926586851838	-0.0012668489896146612	8.543247029787649	-0.0034963379350688717	-0.001241547756110784
11880000.0	-5.407920196927469	6.627329519922821	0.0005606389243048835	8.553776533313204	-0.0021010645222279134	0.0005830614943157017
11920000.0	-5.287968141905482	6.736111901819404	0.0007144157368988698	8.563749202579793	-0.0031922724188465645	0.0007339897560182201
11960000.0	-5.162905551289837	6.841890720047622	-0.001280921012450494	8.571291967279347	-0.004053731384194292	-0.0012555023745040176
12000000.0	-5.039302345963678	6.9457273497290055	0.0005627028019324161	8.581240498247585	-0.0028348171534525735	0.0005852266320290192
12040000.0	-4.917016945892165	7.044204063392354	0.000727960700488174	8.590567597631843	-0.003854146067866271	0.0007476006924639926
12080000.0	-4.789763511872994	7.139278095848344	-0.0012975247076503008	8.597156798975723	-0.004611832025780638	-0.0012719792241620083
12120000.0	-4.634956428425651	7.25484216099363	0.0007390684465708005	8.60894538684195	-0.04018913305814076	0.0007619146190412069
12160000.0	-4.506544756766633	7.342096847850475	-0.0013109296315957715	8.61471838473104	-0.04426027059956905	-0.0012910138218416576
12200000.0	-4.411661800922786	7.405952168648236	-0.0013154885435959153	8.620374754554854	-0.005150529193886144	-0.0012898136557899884
12240000.0	-4.28492333743687	7.4895581952294865	0.0005680487646971724	8.62867492574774	-0.004355097905317962	0.0005907741912790902
12280000.0	-4.1600203639151	7.568429053895037	0.0007584515254775967	8.636368504071122	-0.005177216468215007	0.0007782014824182058
12320000.0	-4.030476520217949	7.64321644155803	-0.0013337664617864497	8.640802427216638	-0.005659902952841356	-0.0013079639807731427
12360000.0	-3.873347073831556	7.735082453779327	0.0007700997247461414	8.650592670083277	-0.03955428456637766	0.0007931278295788424
12400000.0	-3.7776482955306268	7.787195487838775	0.0007739163113521628	8.655114469002932	-0.005805856643406937	0.0007937085290061766
12440000.0	-3.615863980163941	7.870251387624868	0.0005724133651131538	8.661034466472039	-0.04255781267858416	0.0005985638358365089
12480000.0	-3.5201169347018726	7.917893157478919	0.0005729541663781145	8.665115211196571	-0.005799753633326854	0.0005958610687777391
12520000.0	-3.3606868111080015	7.992263681763389	-0.0013637535816248864	8.669986027107159	-0.042859598351168926	-0.0013437295108017066
12560000.0	-3.2650544475998635	8.0356484914336	-0.0013676157770882095	8.673648827673455	-0.006580913823534984	-0.001341572142602319
12600000.0	-3.1078946648011767	8.106386672400559	0.0007984491787541761	8.681646589692528	-0.03907152529521318	0.000821635771626749
12640000.0	-2.9786313841004666	8.156619599731902	-0.0013782845816442957	8.683368332226674	-0.0424579652987217	-0.0013582388995246604
12680000.0	-2.8833684194954214	8.193960929160767	-0.001381492496824539	8.686469956078733	-0.006994632299572978	-0.001355337128962612
12720000.0	-2.726853586135479	8.255078004236713	0.0008095883432459955	8.693706479305073	-0.03887093701978317	0.0008328446400941866
12760000.0	-2.631940910571428	8.288654114931118	0.0008119053194335845	8.696484557487599	-0.007503493559270935	0.0008317803282697973
12800000.0	-2.5037659771812684	8.329025876647984	-0.0013922502577238113	8.697209996718872	-0.00738022824629847	-0.0013659895039855477
12840000.0	-2.3482552928655682	8.381104883617542	0.0008174979929049128	8.703776481484786	-0.038689951535678335	0.0008408177238144957
12880000.0	-2.220958188034736	8.415926050113374	-0.0013978069317712393	8.70394880723183	-0.04173452743857353	-0.0013777324670725425
12920000.0	-2.095456180671072	8.452359532118956	0.0005787681094449838	8.708136698924738	-0.04090802731611254	0.0006053334619903964
12960000.0	-2.001897633694686	8.477000673602081	0.0005791030924358143	8.710170254775317	-0.008286221818649242	0.0006022941037927634
13000000.0	-1.8470185351288642	8.513674197106955	-0.0014013016529094416	8.711625070885832	-0.04140632552976842	-0.0013812169290798248
13040000.0	-1.7541651346734826	8.535009302594187	-0.0014014114028915409	8.713404268722055	-0.008077024831857571	-0.0013749594136791355
13080000.0	-1.6302234692473085	8.563216242597381	0.0005806155228436363	8.717007691872084	-0.008823235063488477	0.0006038614789418442
13120000.0	-1.5094112559435993	8.588814034135687	0.0008186849240943644	8.720434007680327	-0.008918363886275538	0.0008386050570210018
13160000.0	-1.3855653304544582	8.608514541211845	-0.0013985540622849502	8.719302926602452	-0.008392787342721753	-0.001372016459292143
13200000.0	-1.2630980582040294	8.630581322321653	0.0005826067366511444	8.722514753248781	-0.009328318059163232	0.0006059012354789817
13240000.0	-1.1438690945667456	8.650285555981679	0.0008099526565334995	8.72558247934491	-0.00933107660204624	0.0008298867766817889
13280000.0	-1.0218760742012145	8.663953046569405	-0.0013901502654115206	8.72400353449457	-0.008689511115278936	-0.001363533928196865
13320000.0	-0.9010565970653043	8.680245643001275	0.0005853171080512647	8.726882106023648	-0.009802737300317999	0.0006086536622032177
13360000.0	-0.7835652254353586	8.694399157566838	0.0007947369876518493	8.729630962109184	-0.009716320655414834	0.0008146870501269008
13400000.0	-0.6635778510323618	8.702426214202186	-0.001376014570755868	8.727684527226108	-0.008969056024939248	-0.0013493265691898162
13440000.0	-0.5445557083604493	8.71328864675571	0.0005889041015514093	8.730282636432879	-0.010247980992169836	0.0006122761589011323
13480000.0	-0.42893360280496096	8.722209303866357	0.0007728932892634521	8.732743991630093	-0.01007578531845732	0.000792862441372587
13520000.0	-0.31107625197404437	8.724968019217574	-0.0013562027019224563	8.730506869082786	-0.009233182422053732	-0.0013294502898736214
13560000.0	-0.1939777643455575	8.730723571761246	0.0005933955689039355	8.732871673873822	-0.010665781752763781	0.0006167966113828905
13600000.0	-0.08033513569466949	8.734706335830019	0.0007446681776005255	8.735069551878382	-0.010411574736572837	0.0007646604405744016
13640000.0	0.06487908949724111	8.734130349649023	0.0005972864084255107	8.734283961233293	-0.0390629297910281	0.0006242789377904228
13680000.0	0.15036628422214687	8.733499603170268	0.0005986629754292888	8.73478694809663	-0.01105806367396811	0.0006220866897786217
13720000.0	0.2619399112369931	8.73281822959047	0.0007107123430741703	8.736739189768715	-0.010726102199549725	0.0007307322340769927
13760000.0	0.3752710112592923	8.726072467934223	-0.0013010142106905011	8.734132733545392	-0.009721600106592065	-0.0012741552054342186
13800000.0	0.5143603347945229	8.722484911792948	0.000682084198148241	8.737556992406054	-0.037514825995704326	0.0007056847699129462
13840000.0	0.5976693650278507	8.717410433482472	0.0006720415205094739	8.73786769336986	-0.011021864240627677	0.0006920936499492987
13880000.0	0.7086540364957312	8.706383400145047	-0.0012669335872028328	8.735170493282086	-0.009948592730947392	-0.0012400323770880557
13920000.0	0.8450737404606634	8.697466885423138	0.000640715444278322	8.738345490778869	-0.03738853865274472	0.0006643241291390261
13960000.0	0.954280687869801	8.68341483526735	-0.001239241947769042	8.735605102165742	-0.03934947738366745	-0.0012189948383314125
14000000.0	1.0353081367450396	8.674257271834689	-0.001229687710391978	8.735817013067196	-0.010165417552896572	-0.0012027514420282896
14040000.0	1.1438963755229603	8.662402136193164	0.0006157521004243091	8.7375948190284	-0.012101078716099556	0.0006392112762995042
14080000.0	1.2489197462387611	8.649175844035287	0.0005858897639809388	8.73887346978937	-0.011565837983092853	0.0006060186936346796
14120000.0	1.3551539752360233	8.630403229135396	-0.0011902833144299915	8.736143008583475	-0.010372613488281446	-0.0011633187502062938
14160000.0	1.4615125307831671	8.614739799705038	0.0006203946030928699	8.737826198109598	-0.012409521537555368	0.0006438574922126589
14200000.0	1.5642957919492437	8.597753150651156	0.0005413413748672608	8.738892429682172	-0.011817124811690727	0.0005615133628139922
14240000.0	1.6681612930834333	8.575462324517424	-0.0011497616953782624	8.73620080514404	-0.010570358949778647	-0.001122775060268125
14280000.0	1.7963308571932866	8.552125302459537	0.0005084493996890388	8.738665648571079	-0.03707283896935776	0.0005320608196106402
14320000.0	1.8728212467095604	8.535617362739387	0.000497689978440612	8.738654234355396	-0.012055582739592619	0.0005179068093381298
14360000.0	1.9743403373914774	8.510008069218113	-0.0011091375296591313	8.736025493297234	-0.010758514792095886	-0.0010821343829568169
14400000.0	2.0762283161702357	8.487282648219589	0.0006257333846343884	8.737535260770313	-0.012973377233331918	0.0006491974288900131
14440000.0	2.1995177089652724	8.45432600413859	-0.0010791688419722982	8.735674419001189	-0.03871466343127905	-0.0010587515716637198
14480000.0	2.299738583042512	8.429115242627725	0.0006261034385294175	8.737126408112205	-0.03746221738992006	0.000653280611420591
14520000.0	2.373400000843233	8.408526587565508	0.0006260196451732605	8.737057393200303	-0.013229353541015065	0.0006494829573430097
14560000.0	2.493861438710906	8.371658577364764	-0.0010405442568541374	8.73513149402401	-0.038600980924998196	-0.0010200823947374114
14600000.0	2.5918748612593414	8.343250755955834	0.0006251577436987509	8.736489983338126	-0.0372989207990051	0.0006523402145953508
14640000.0	2.6638676007196564	8.320341878103493	0.0006246725471997984	8.736366415593928	-0.013467936207962605	0.0006481352329043276
14680000.0	2.7815408801235817	8.279728862553256	-0.0010040842701323043	8.734380183093279	-0.03850406655181171	-0.000983579043719023
14720000.0	2.877367863812942	8.248241438018574	0.0006226576626201259	8.735636913518482	-0.03715271364126016	0.0006498423862437863
14760000.0	2.9477132122264242	8.223100392095393	0.0006218099801555471	8.7354568183139	-0.013688888109802178	0.0006452726534061699
14800000.0	3.0626410316333144	8.17888611221227	-0.0009703422397135422	8.73341123729025	-0.038422974992564085	-0.0009497956977554563
14840000.0	3.1318984049618086	8.152319014770294	-0.0009623814093859852	8.733210342550578	-0.011406210994444055	-0.0009353523144509353
14880000.0	3.2250246554469766	8.117123705829092	0.0006176369117428715	8.734316702942964	-0.013891980799142445	0.000641100512038297
14920000.0	3.3372502421091053	8.069431215808631	-0.00093971674065252	8.732283068482875	-0.013848721266997432	-0.0009126873113325185
14960000.0	3.404898630088104	8.040752896228934	-0.0009325800537928464	8.731947589719688	-0.01153947407368161	-0.0009055506894688946
15000000.0	3.5167156139938403	7.993669136953034	0.00030888499780138345	8.732965294693987	-0.03677128387415962	0.0003324847674954624
15040000.0	3.605455704461019	7.951621531135232	-0.0009124619752112883	8.730757618725084	-0.03830471933787638	-0.0008918414140929201
15080000.0	3.6948613633883394	7.911452899651291	0.0006079729364991791	8.731651182280308	-0.036811346823563795	0.0006351533561208951
15120000.0	3.7806966158159905	7.87029570594546	0.00029000064725621634	8.731200964996098	-0.036757236991672326	0.0003136021938328453
15160000.0	3.8673401612044604	7.825675096705931	-0.0008887055162242311	8.729034676194892	-0.038266169612201084	-0.0008680530858862706
15200000.0	3.9546492970054565	7.782757255895744	0.0006015858283583378	8.729788803598598	-0.03672843082156374	0.0006287630873090235
15240000.0	4.038403139706019	7.738922138239435	0.0002751081175545561	8.729161761893637	-0.03675189340705165	0.0002987127010909458
15280000.0	4.101858034723354	7.7048482373689255	0.00027197541291596334	8.728673704684686	-0.013455239488825876	0.00029250405567659475
15320000.0	4.185921801876305	7.65707403361264	-0.0008639558404971064	8.726544752392208	-0.011866680691934639	-0.0008369309463278486
15360000.0	4.289907343103648	7.599708729175202	0.0002639147149732425	8.726827993632908	-0.03675509818561329	0.0002875234333720646
15400000.0	4.372441672463787	7.5500672407046405	-0.0008516961691244737	8.724694845623565	-0.03822831213437117	-0.0008309913508984402
15440000.0	4.455612637187834	7.5018040749071675	0.0005881740149193298	8.725148032537554	-0.036607766487293913	0.0006153448210933267
15480000.0	4.5165071117414595	7.464515351861958	0.0005865069067586288	8.724540767068584	-0.014639134332921744	0.0006099907524502183
15520000.0	4.615784619798754	7.4006719320527745	-0.0008382644452507998	8.722038253226295	-0.03822886106821244	-0.000817539226328772
15560000.0	4.67567010224951	7.362132607117769	-0.0008354106107575681	8.72139569523537	-0.012025032384523793	-0.0008083895189220833
15600000.0	4.75628460901293	7.31060428859617	0.0005799868572135339	8.721637527533888	-0.014736243986984698	0.0006034769465276711
15640000.0	4.833423928058238	7.258425563921575	0.00025053863770035673	8.720466734248562	-0.013728125840730576	0.00027112888123015296
15680000.0	4.911430345334037	7.203245140102416	-0.0008259283602865149	8.718299291740603	-0.012086728869097896	-0.0007989088303198981
15720000.0	4.990011676827036	7.149131223136649	0.0005738158503268173	8.718375664251187	-0.014816543883838795	0.000597312410769324
15760000.0	5.06515122574388	7.094454692136395	0.0002490756816831089	8.717043888811737	-0.013789426126555648	0.0002696787175226983
15800000.0	5.161355386485206	7.023088532774958	0.0005694903019985657	8.715619685551362	-0.036543534963830226	0.0005966540639142548
15840000.0	5.2177191422592415	6.980135250944162	0.0005681142599222205	8.714738075245508	-0.014880241289761065	0.0005916172828573456
15880000.0	5.290869411732081	6.922974248743045	0.000249930538275427	8.713247392828077	-0.013836235331939006	0.00027054264030713037
15920000.0	5.364892575953616	6.8628815273251655	-0.0008156170897203259	8.710973941334982	-0.01217564567933549	-0.0007885997742170584
15960000.0	5.439425354259108	6.803624580677693	0.0005629706874417863	8.71070793697911	-0.014927457417018064	0.0005864799348939783
16000000.0	5.5105925878998665	6.743981155005843	0.00025282800531530606	8.709059658707611	-0.013868637715405696	0.00027344555802990406
16040000.0	5.601770041879725	6.666297111837776	0.000559516982389979	8.707353571258857	-0.03658605405291593	0.0005866784277251347
16080000.0	5.671451234949362	6.6047862591973	0.0002561938168235129	8.705584065065942	-0.0369690882520165	0.0002798377458385684
16120000.0	5.74198706755525	6.540341104048956	-0.000815048222449082	8.70316033211733	-0.03843836848908122	-0.0007942763603357852
16160000.0	5.794356184046979	6.49236589489981	-0.0008155486528949881	8.70202443456186	-0.012218203053170784	-0.0007885326606274392
16200000.0	5.864837315674122	6.427931909805437	0.0005545801901281487	8.70140225350544	-0.014972390199276653	0.0005781003042944037
16240000.0	5.9320373702653315	6.363283072875053	0.000263808431033133	8.699439400550672	-0.013890018200998444	0.0002844264730840199
16280000.0	6.018155754639283	6.2791615704701185	0.0005521251737453511	8.697397386861415	-0.036706667695092676	0.0005792856210082991
16320000.0	6.068504514735392	6.2286022885358365	0.0005513923660280137	8.696091615989134	-0.014969767717900373	0.0005749167120068342
16360000.0	6.133708725989147	6.161406074154621	0.00027149923185957296	8.693970032095898	-0.013878591624563064	0.00029211250456937383
16400000.0	6.217266477728346	6.073986043331679	0.0005494508371243667	8.691740599837757	-0.0367997856063933	0.0005766109411799133
16440000.0	6.266088863080349	6.02145947421088	0.000548889087468224	8.690317618580233	-0.014949963077982575	0.0005724166023972633
16480000.0	6.329279772465472	5.951669004725487	0.00028044508958177775	8.68803513413542	-0.013851931176749654	0.0003010503517942484
16520000.0	6.41024378221102	5.860876899417317	0.0005474582643918907	8.685605360619006	-0.036917023306472174	0.0005746178912706175
16560000.0	6.457519826329191	5.8063379841597005	0.0005470654829536152	8.684060149861185	-0.014912445317789902	0.0005705949115505907
16600000.0	6.518671615524282	5.733892845866501	0.0002905203891139254	8.681613679752212	-0.013809492031463866	0.0003111144512683777
16640000.0	6.580512761527865	5.65831225343549	-0.0008405983171505891	8.678680666333658	-0.012153127091045768	-0.0008135865898132222
16680000.0	6.656597307952843	5.565154420737765	0.0002987557193347782	8.676394787744806	-0.03748225444590492	0.00032241822703132407
16720000.0	6.701777423301217	5.507857757276691	0.00030162281775527683	8.674683199674114	-0.013750575133112508	0.0003222025200111515
16760000.0	6.777408039019863	5.410034219329109	0.0005454665248456046	8.671813175444194	-0.03723172721029977	0.0005726239208208078
16800000.0	6.8348990390636395	5.332755124075695	0.0003105737118334615	8.669066022493375	-0.03763469066688585	0.0003342364036267429
16840000.0	6.892950371454093	5.252196655472701	-0.0008603317246818681	8.665840692330596	-0.03923852007298456	-0.0008396118537516864
16880000.0	6.935951754375559	5.192005888390546	-0.0008635332930122231	8.663960244690925	-0.012033637584834223	-0.0008365278931787988
16920000.0	7.006645876530071	5.091607682558899	0.000323287033624868	8.661185013423967	-0.03780713649716694	0.0003469482868789644
16960000.0	7.062439222270797	5.008059627626411	-0.0008736827227292546	8.65777992280801	-0.03944421499092854	-0.0008529820161899415
17000000.0	7.103750728340964	4.94560065724151	-0.0008772434595872391	8.655755169886396	-0.011948093565711138	-0.0008502432569637745
17040000.0	7.159269944516	4.861304920127233	0.0005462205834165058	8.653740196928977	-0.014568552123850997	0.0005697411133060335
17080000.0	7.225075815663076	4.754708462196334	-0.0008884427051544499	8.649127072665978	-0.03967391779428453	-0.0008677641554610943
17120000.0	7.278819471333722	4.6679819903573145	0.0005471247777001787	8.646954918857846	-0.03793888987483085	0.000574271574136272
17160000.0	7.329581607985518	4.5816500672383365	0.00035119904152731773	8.643657975525192	-0.03821873508259843	0.0003748516876506045
17200000.0	7.380580298007118	4.49173798383484	-0.0009045423825470966	8.63985424436587	-0.03992898453105753	-0.0008838890294405216
17240000.0	7.431862878095966	4.4016362016036945	0.0005488005898315435	8.637448938526799	-0.038247796092209074	0.0005759405842806673
17280000.0	7.480188956459434	4.312010148078145	0.00036632579431767996	8.633955006070297	-0.03846136681966339	0.0003899707878949155
17320000.0	7.516648840316982	4.24299394981224	0.0003702248462563557	8.631502414571612	-0.0131718813459063	0.0003906847845759003
17360000.0	7.577303340771114	4.125047194696204	0.000550980940557764	8.627285229516099	-0.03859811487845255	0.0005781118114723546
17400000.0	7.612425535526035	4.054239529957894	0.0005516003702734059	8.624713484401184	-0.014070740012869898	0.0005750903683400142
17440000.0	7.668752160531029	3.9350743876671608	-0.0009405091217182396	8.619334559887495	-0.04052060173738614	-0.0009199155733076196
17480000.0	7.714698705471954	3.8376949403215006	0.0005536267727298272	8.616435347423428	-0.038992872284848934	0.0005807457015443069
17520000.0	7.757723918004897	3.7409687781671392	0.00039879543103730494	8.612526023596454	-0.03902897234275993	0.0004224169954802604
17560000.0	7.800505815213424	3.640329465261721	-0.0009602523624704317	8.608032302032925	-0.04085969957572866	-0.0009396936140903193
17600000.0	7.832066033092638	3.5648364167929314	-0.0009653603534760304	8.605184012456656	-0.011188755980791276	-0.0009384226645103789
17640000.0	7.874310754194952	3.4625030926145106	0.00055752224071418	8.601948189336701	-0.01359563386532714	0.0005809761082024982
17680000.0	7.9136454490396755	3.3609500258456455	0.0004205289499652139	8.597767855818981	-0.012539906576975679	0.00044087610123724145
17720000.0	7.952482706053341	3.255348278966282	-0.0009864456844214603	8.592971178648147	-0.01095366344180193	-0.0009595315450537224
17760000.0	7.991504633180171	3.1488041247120346	0.000561048914656718	8.589466608299382	-0.013306991169043547	0.0005844788260950528
17800000.0	8.02761975014411	3.0431544290621106	0.00043867368658863614	8.585063610852755	-0.012268309250870302	0.00045897572513654296
17840000.0	8.07277371757513	2.9052070528682936	0.0005638962291524155	8.579525943989742	-0.040472958428370065	0.0005909563720355593
17880000.0	8.098528273110622	2.8223678213999595	0.000564878589890835	8.576231795306208	-0.012979824319729216	0.0005882799950258714
17920000.0	8.138893438135463	2.6832570075469864	-0.0010256388733407688	8.569695759509413	-0.0420618213799262	-0.001005205529750329
17960000.0	8.162772210378588	2.5981977117051276	-0.0010314484983255873	8.566292890572525	-0.010376667766907932	-0.001004598122492621
18000000.0	8.194459994401024	2.4825334713872027	0.0005689447131746862	8.562241995518725	-0.012610290881038377	0.0005923125327721401
18040000.0	8.229924197107284	2.33779525897884	-0.0010491454284158653	8.555415279095705	-0.04252537604777806	-0.0010287612936230902
18080000.0	8.250752933262419	2.249219291081872	-0.0010551250242127404	8.551830849321966	-0.01002823773451822	-0.0010283166572563726
18120000.0	8.278224185685067	2.1286449593070373	0.0005731694615578296	8.547512872556425	-0.012194155976950172	0.0005964980420078281
18160000.0	8.30277410575728	2.0094052065891868	0.00049667628668235	8.542461066829679	-0.011226610635524992	0.0005168185821425611
18200000.0	8.32576708806204	1.8857807829605908	-0.0010793656876342378	8.53665472987181	-0.009635665294930207	-0.0010526074222424345
18240000.0	8.348576709183288	1.7600789377951591	0.0005774613934981063	8.53208493807063	-0.011726828379582499	0.0006007444721824402
18280000.0	8.368457045485178	1.6359015644447328	0.0005169348645876991	8.526847645895598	-0.010791348569035741	0.0005370154855928759
18320000.0	8.386454595754179	1.5072998660103727	-0.001103945887490017	8.52082678261423	-0.00919628408351536	-0.0010772469089913115
18360000.0	8.404093790073373	1.3762827717156842	0.0005817130370155995	8.516033181902387	-0.01120344776842963	0.0006049437287380253
18400000.0	8.418798536904697	1.2470070396806876	0.0005374377403362516	8.510645635750643	-0.010305472645530278	0.0005574524822505182
18440000.0	8.435035334315973	1.0781745652433934	0.0005848004323841824	8.503548896928633	-0.04401828861486334	0.000611636793045653
18480000.0	8.443167362429188	0.9768241027908996	0.0005857986581111598	8.499479257328813	-0.010619055333532135	0.0006089694777158036
18520000.0	8.452130282831172	0.8423411256563984	0.0005579825165903186	8.493994908709311	-0.009765146623660348	0.0005779273476729341
18560000.0	8.458492469034674	0.7034436495538002	-0.0011529019709149674	8.487688796988826	-0.008170850311597921	-0.0011263535799798437
18600000.0	8.464010927901382	0.5614535565531802	0.0005895726069275484	8.482606420028356	-0.009968897556482448	0.0006126755494856178
18640000.0	8.466610478207764	0.42172974882420367	0.0005783050358552454	8.477102388908731	-0.009167078081778857	0.0005981762805038743
18680000.0	8.466223941025738	0.2776529124806493	-0.0011764698124396154	8.470772189262215	-0.007585418605306371	-0.0011500147755579846
18720000.0	8.463907954671614	0.09586179068394951	0.0005932031116654152	8.464338759033676	-0.04355103086855383	0.0006164308549002236
18760000.0	8.460251771358955	-0.014713792261627945	0.0005980716988691258	8.460260285687703	-0.008509101682843134	0.0006178662903834658
18800000.0	8.452440837534503	-0.16385443101840483	-0.0011987458616547389	8.454026027109402	-0.00695571840731235	-0.0011723972313911468
18840000.0	8.443121021641762	-0.3166336467126041	0.0005955029181450172	8.449051894086008	-0.008456684381429769	0.0006184449696057087
18880000.0	8.430973100737017	-0.4664957470477963	0.0006168772146135053	8.443865523685831	-0.007791056505276561	0.0006365930314260434
18920000.0	8.41504613137171	-0.6204439236508322	-0.0012191091644566886	8.437885550803898	-0.006288903561018522	-0.0011928802128184002
18960000.0	8.392711195912414	-0.8148325092117619	0.0006300702818052222	8.432056268191785	-0.044500522601185755	0.0006531357482478448
19000000.0	8.37668147894888	-0.9326411469285187	0.0006342525593858771	8.428437747200329	-0.007016051854159433	0.0006538888544684296
19040000.0	8.35196329796627	-1.0909670415327632	-0.0012368764689178829	8.42291331792695	-0.005596324731528046	-0.001210779948647493
19080000.0	8.318343525354758	-1.2907644025965928	0.0006460400749906786	8.417772722860724	-0.044878779759237264	0.0006690134448608991
19120000.0	8.286623051702271	-1.4519693371314468	-0.001248077750908729	8.412733426688462	-0.04746469702067657	-0.001228286129358081
19160000.0	8.261263354242745	-1.5736625823499721	-0.0012513514294413774	8.409807503217296	-0.004894318283358068	-0.001225398505394667
19200000.0	8.224519649750189	-1.739424441938082	0.0005974670005339544	8.406443280142826	-0.00567525399638702	0.0006201120811785764
19240000.0	8.17412229082246	-1.9422233172526766	-0.0012596657194431284	8.401560083099291	-0.047904684242570994	-0.001239942982581722
19280000.0	8.129768795956062	-2.1100237494596845	0.0005961775448520869	8.398980668699364	-0.04964467783018134	0.0006222459160640779
19320000.0	8.083165862201835	-2.2734770641994837	0.0006705845792914097	8.39667884257193	-0.04530674282691216	0.0006933608234527639
19360000.0	8.045279578640026	-2.3982949493920103	0.0006728382320690241	8.395136816783282	-0.004468081002727442	0.0006922533919463119
19400000.0	7.9910105543367305	-2.5650125814357465	-0.0012681294547275445	8.39258760134489	-0.0035553599227311494	-0.0012424833310015408
19440000.0	7.9336858244608	-2.7346122855676236	0.0005922665269426238	8.391749628874491	-0.0036404442861958097	0.000614701174206048
19480000.0	7.858029557747329	-2.9411614874030434	-0.0012698909397135614	8.390274647534133	-0.048485191272423234	-0.0012502839077545788
19520000.0	7.792931541242285	-3.1107227764470884	0.000588922752635086	8.390700211893293	-0.05028042867744609	0.0006146962016066689
19560000.0	7.742191611168886	-3.2358928057654435	0.0005876629289768909	8.391217194710473	-0.0026756118994727407	0.0006100019895795824
19600000.0	7.653908793345314	-3.441676420156745	-0.0012686832040791915	8.391966173771348	-0.04858173993380799	-0.0012491161705499246
19640000.0	7.598181968634117	-3.5661114512732754	-0.0012678357170057971	8.393420868443913	-0.0025100196316412138	-0.00124248062516753
19680000.0	7.520544817018646	-3.733502478877864	0.0005820615083311441	8.396286783732497	-0.0018230427863137333	0.0006043200734388861
19720000.0	7.441683479944729	-3.8954806516126412	0.0006856395980223915	8.399608179728283	-0.0022187815044982795	0.0007049274716195163
19760000.0	7.335390041252405	-4.101209887001169	0.0005775050571378037	8.403890154288248	-0.049998390672752246	0.0006030260166764112
19800000.0	7.249732678225432	-4.2603745504492965	0.0006857846880366507	8.408771936694258	-0.044381315984406755	0.0007082379413225343
19840000.0	7.18241730269701	-4.380298371241841	0.0006857297066660027	8.412736119693827	-0.0017563506138539298	0.000705011987197469
19880000.0	7.065046912004655	-4.579902415720207	0.0005714847783225739	8.419497722568135	-0.04951844402296435	0.0005969193049847886
19920000.0	6.993550122238289	-4.696961091312312	0.0005700652042397833	8.424439819574513	-0.000711449388036578	0.0005922350703918937
19960000.0	6.8976531160999395	-4.849283811312965	0.000685571986576088	8.431676563505304	-0.0015146972435075012	0.0007048700688696563
20000000.0	6.796152613150763	-5.0014289243837196	-0.0012517208323034519	8.438126419023934	-0.00205564868028163	-0.0012266140004806305
20040000.0	6.669150380873351	-5.187619350720197	0.0006861317069774756	8.449088360356559	-0.04321085841701555	0.0007085539309186991
20080000.0	6.5623165750061645	-5.333927669800212	-0.0012497034950093079	8.456507775694822	-0.04753425548981216	-0.0012301169813241522
20120000.0	6.454695020245109	-5.478599792127388	0.0005622461395952477	8.466158026396972	-0.04808044889572194	0.0005876258017634043
20160000.0	6.347193484544722	-5.6173132402804	0.0006887616722713886	8.47580438100518	-0.042582075776665285	0.0007112137916647528
20200000.0	6.263963814494271	-5.72052054611768	0.0006898485804229203	8.483018032123217	-0.0017399415195230583	0.0007092355141759023
20240000.0	6.121150001520068	-5.889929487940791	0.0005600352089929128	8.494557967199647	-0.04724009733707302	0.0005854499379714732
20280000.0	6.035364501746727	-5.988234214572833	0.0005597640721296739	8.502033438395436	-0.0010317496191504238	0.0005820306378183067
20320000.0	5.921609835071881	-6.115111818528285	0.000696124464854774	8.512346968219843	-0.002158032338374083	0.0007155756476204191
20360000.0	5.802523423532981	-6.239856304507791	-0.0012585310828744814	8.520861182698003	-0.003090242374077734	-0.001233307561649587
20400000.0	5.684087865801934	-6.362346465430469	0.0005597198589481279	8.53160623001962	-0.0015883023005552888	0.0005820695101949925
20440000.0	5.566471364721556	-6.479059173856254	0.0007054580125675616	8.541885263155235	-0.002712151197758028	0.0007249787789451135
20480000.0	5.443643944846942	-6.593116295964479	-0.0012698650691647436	8.549995836710009	-0.0036257835399535754	-0.0012445375459114176
20520000.0	5.293452839581359	-6.73127208453608	0.0007142278396945167	8.563234920373134	-0.040920734620492394	0.0007369045703802642
20560000.0	5.168429035071412	-6.837212261114933	-0.0012806892463221168	8.570769185206018	-0.04523072411300011	-0.001260870217937354
20600000.0	5.04485920070022	-6.941205397367584	0.0005626669077106099	8.580730016068102	-0.04482281903114216	0.0005883626607836004
20640000.0	4.951640244427741	-7.015994316511731	0.0005632824926579195	8.587369111471196	-0.003012806267688961	0.0005858304682873902
20680000.0	4.8289142395012	-7.112083262464522	0.0007313735764048177	8.596518187122635	-0.004011735191188248	0.0007510281613699154
20720000.0	4.701255664144844	-7.204682965844948	-0.0013016661536182314	8.602862259128743	-0.0047407148169456015	-0.001276090281624783
20760000.0	4.54603160942275	-7.317337476828979	0.0007426593548538913	8.61441946479095	-0.040104785468562665	0.0007655278608483888
20800000.0	4.417334599074418	-7.40219009666628	-0.0013152155637523252	8.619937063773904	-0.044139052556586345	-0.0012952886354956953
20840000.0	4.290610659810449	-7.485940568030064	0.0005680082538522602	8.628253178122666	-0.043509610804293386	0.0005939482215042673
20880000.0	4.195319479023822	-7.545662431089246	0.0005686817151399331	8.6335222534547	-0.004530754969690687	0.0005914297545248059
20920000.0	4.070260708752636	-7.622351218868966	0.0007621228299384494	8.641020305940575	-0.005327552983682926	0.0007818834825512834
20960000.0	3.9087394248852183	-7.714212405080894	0.0005706177319553432	8.647859404557313	-0.04294893415356571	0.0005966785474064659
21000000.0	3.7833653456996323	-7.784130248447406	0.0007736897197438218	8.654766173087078	-0.03949071824051098	0.0007967377616173244
21040000.0	3.687633807187182	-7.834664983818253	0.0007774569264745816	8.65913292884079	-0.005949290880866709	0.0007972578785754328
21080000.0	3.557803333267765	-7.897926496057499	-0.0013553984322023501	8.66228425869408	-0.0062439251735560974	-0.0013294443997080838
21120000.0	3.4301061133407384	-7.961218824697255	0.0005734409207757468	8.66871372008045	-0.00596120464278127	0.0005963674369611202
21160000.0	3.304752712717706	-8.020504950582518	0.0007917562818314169	8.674666988009713	-0.0065398676137882195	0.0008115896831478854
21200000.0	3.175195742770055	-8.075030931752076	-0.0013711157744374684	8.676862796598865	-0.0066808283916864886	-0.0013450453145034329
21240000.0	3.047733528505807	-8.130077126210537	0.0005752786253918269	8.68255663956091	-0.006626667957106203	0.0005982844428714416
21280000.0	2.8890547394113066	-8.191771627541065	-0.0013813062506095272	8.686193914386877	-0.042367697108803726	-0.0013612563123952023
21320000.0	2.793914456007313	-8.227746507509634	-0.00138433104512636	8.68917259671651	-0.007087707287560807	-0.0013581503278479652
21360000.0	2.667018706811492	-8.27504184030766	0.0005767872904619479	8.694208045985441	-0.007257223397147072	0.0005998657859649068
21400000.0	2.5428490834268476	-8.31895277334315	0.00081388669266592	8.698907893701831	-0.007624325288777101	0.000833766060977934
21440000.0	2.414932477630661	-8.357556036224452	-0.0013942419098686527	8.699458953620207	-0.0074670628510199455	-0.001367957319692162
21480000.0	2.2888907590225096	-8.3975675890639	0.0005781013689340211	8.70391294876152	-0.007853198142294349	0.0006012460581241371
21520000.0	2.132713625270046	-8.440726728081563	-0.0013990499736756309	8.7058945533843	-0.04165557214794846	-0.0013789729575497812
