200000.0	-0.805430364060011	-1.5304702939005574	-0.8142874614836281	0.04928010798822292	0.005058415482918901	-0.03871858560337258
400000.0	-0.7851214460554524	-1.476583594676766	-0.8035304601197206	0.0900281742456855	-0.04169542348531476	0.10669468470421083
600000.0	-0.7583397325180193	-1.4721013171677433	-0.803158299431346	0.23600538813696553	0.11314696492278949	0.06047293106823452
800000.0	-0.7222924307857997	-1.4651786506241324	-0.8021652521516989	0.13268006401018156	-0.06474957053941169	0.049793417404491926
1000000.0	-0.6834825710959571	-1.4910382030139313	-0.8037972842374776	0.22083633514400003	0.027014427008600277	0.049697473253219486
1200000.0	-0.6293260064059661	-1.4383290124654011	-0.7951540912613309	0.2605592772966075	0.009866864981716893	-0.09492682769949347
1400000.0	-0.5598849530221296	-1.4267959401889359	-0.8016094987783199	0.33872735737569143	-0.11640115521338736	0.12263279138594047
1600000.0	-0.4768890798643679	-1.4217537738248494	-0.7917076882556199	0.5362877734272158	-0.1065368071575265	0.08158631854949437
1800000.0	-0.38928839349056155	-1.3662969468820947	-0.7871203516688907	0.4427569442748756	-0.024664747997044562	-0.06476219068356705
2000000.0	-0.28632006620347483	-1.3713874792797156	-0.7905555107749906	0.46099273438324695	0.28590172991005347	0.13418252784995266
2200000.0	-0.18804386661495587	-1.370778170931354	-0.7953963993099553	0.4547682668877471	-0.0628652805769986	0.08552709010002996
2400000.0	-0.07536078645568567	-1.371265481841696	-0.792506090237042	0.6377480284622865	0.1807184567111407	-0.1228287982730285
2600000.0	0.04451326888997176	-1.3967663689195606	-0.7933193264172458	0.4902568849639831	-0.06480827645354219	-0.059767472031549335
2800000.0	0.17119675477973267	-1.3467361855353768	-0.7786023440040599	0.7222446265469692	-0.0303922241304902	-0.04071563844809391
3000000.0	0.31105976587569845	-1.3674009574111539	-0.7800302375066943	0.7808810042067966	0.027197098521234732	0.0048519875261006625
3200000.0	0.45343789904471843	-1.36194320474501	-0.7770501228145206	0.6438594396418241	-0.06644186645037084	-0.09225087988140666
3400000.0	0.6011576283364113	-1.3871600460589768	-0.7618947843163066	0.7741729570975596	0.07444112407196811	0.006819059294841678
3600000.0	0.7489532195210654	-1.384357364347674	-0.7627288410507891	1.0779759677868759	0.029470116023135623	0.15002839270107515
3800000.0	0.9186433429081717	-1.414508386603064	-0.7738366865802242	0.8298320024581369	0.03141632623380876	-0.1104808726077597
4000000.0	1.0941118236625071	-1.4503642243279178	-0.7641345502684225	0.9100692168094561	0.018981826290279783	0.13829607240894654
4200000.0	1.2828571688052257	-1.5217441727166006	-0.7747015730810594	0.9792339346557103	-0.04299439608919144	-0.07025696599996328
4400000.0	1.46842611464433	-1.5378473170265	-0.7673512271028075	1.0978787981376945	-0.033859934755678486	0.15178335536599044
4600000.0	1.6690000880198246	-1.528816745020381	-0.7606406918505035	0.8336505107527306	-0.047158793228281246	0.07672903906108577
4800000.0	1.8780290392185925	-1.5311075801565421	-0.7441071159475332	0.9264775151941167	-0.1039143110998062	0.006779915954033453
5000000.0	2.100239016424228	-1.5744820416362715	-0.7320700125220103	0.9817478674050253	-0.05237468211594783	-0.09387401603179583
5200000.0	2.3216772161457047	-1.5616426462598567	-0.73009561799618	1.1276561125528635	0.05160787134728337	-0.027383504719937283
5400000.0	2.552409669487322	-1.5758891129604857	-0.7231864147378999	1.1267553527705116	0.028015457684140547	0.09988531875357656
5600000.0	2.794367402078673	-1.5996351531198887	-0.7299211539401085	1.2556010971932192	0.012807403089042442	0.1334303003981221
5800000.0	3.0475873657628183	-1.614998257916959	-0.7287145626172347	1.342175384453229	-0.2655820963632864	0.0731202998060414
6000000.0	3.320309524212383	-1.6005007908711864	-0.7159882302168936	1.422221289444361	-0.05600524444934715	-0.13827012301657582
6200000.0	3.585081976301265	-1.5974472842106568	-0.7139636482428094	1.2895228959109808	0.015138453106308854	0.09232019461837992
6400000.0	3.856606131396583	-1.5851702112599935	-0.7138900150144252	1.463060742095386	-0.12107619772045869	0.045798495773933044
6600000.0	4.1420681822335075	-1.5417462652998335	-0.7039475493859193	1.4831378915573559	-0.10393331789808818	0.041418026004528215
6800000.0	4.430999003903385	-1.5879157201235246	-0.7073759291018824	1.4422574357345754	-0.10919548257971222	-0.09137501123877606
7000000.0	4.744163691663467	-1.6076449505334913	-0.7021325671276781	1.5494922442603123	0.06433829084370535	-0.10468768305508572
7200000.0	5.046163854497507	-1.580893522346687	-0.7068317489964767	1.5748958779209432	-0.006006415564031385	0.02684716804348332
7400000.0	5.364396649989399	-1.5931502620407	-0.7115132905573929	1.7027156311512222	-0.21784962521614246	0.11209054349074088
7600000.0	5.693498909663563	-1.628705978950601	-0.7166642528673889	1.7111473481325217	-0.2184704352373793	-0.02720159586556029
7800000.0	6.0261161905118446	-1.6234989516425258	-0.7141941152309689	1.7160069763282217	-0.058135794593524054	-0.16094243024067553
8000000.0	6.365135550352726	-1.6196605215852398	-0.7131144311452273	1.7898922981900685	-0.057542726242275695	0.12507638992309175
8200000.0	6.713414622385355	-1.6322552712240435	-0.7173156409495309	1.9603800545263097	-0.34126272727091855	0.09612266607660622
8400000.0	7.07011533400453	-1.6810894210938754	-0.7212816064786101	1.6540498057980935	0.13914385473232632	-0.014351451378965915
8600000.0	7.439134422771328	-1.652684986295213	-0.7156695130152952	1.749310660622542	-0.035345576003684515	0.20978600983408296
8800000.0	7.8169015836899165	-1.690148412426159	-0.7203225294246469	1.948827833294313	-0.1453638324062612	-0.08284849130428294
9000000.0	8.202239488457034	-1.6765729080052285	-0.7284120176867142	1.6658926058176828	-0.029757450842293948	0.1721785392869219
9200000.0	8.588648730151391	-1.720358943719283	-0.7256614261136531	1.8930997521129418	-0.06473201235422918	-0.06274234235899932
9400000.0	8.989364016333976	-1.6864758895646412	-0.7474987378754998	2.0128172904264896	-0.19089438635554323	-0.030004432084724
9600000.0	9.403747110164455	-1.69904417651371	-0.7435599882788729	2.0662498128611912	-0.2980970271273618	0.021554880067723513
9800000.0	9.814401299624347	-1.688521153299099	-0.7293711105468099	1.9947097806656091	-0.16107893113451982	0.059385789406768405
10000000.0	10.238187653606303	-1.7348831941205693	-0.7537826457812995	2.1192338534318926	-0.12477815326769053	0.02875610461217709
10200000.0	10.680088782766184	-1.776132434493716	-0.7541121805749098	2.1937385497242805	-0.2119761041950425	-0.09636542475010405
10400000.0	11.128591427792772	-1.7943169356712403	-0.7555219404602072	2.2752734828047645	-0.16438408050269307	0.0048945417069004935
10600000.0	11.575177199705278	-1.8365657803925717	-0.7590006886986932	2.0195165009315907	-0.14110464906138676	0.033819184529791636
10800000.0	12.024752178175687	-1.8587664019042445	-0.7546481619696983	2.388104215838636	-0.13982980635840622	-0.10569116781459229
11000000.0	12.484297777986303	-1.8775579883045004	-0.7668928136621632	2.3599417206097857	-0.02920872254495932	-0.017283612424894772
11200000.0	12.949649295220787	-1.9186973057983678	-0.7731902236999154	2.444109832799641	-0.34005657823635244	0.011144655116979776
11400000.0	13.437496742839649	-1.945680376231429	-0.7662475227381269	2.3675330142502293	-0.2382161544312663	0.26756900118979254
11600000.0	13.932089612720969	-1.9924446008305046	-0.7590286728801847	2.4623142326477243	-0.3742135129496107	0.17586750781070226
11800000.0	14.429141824448983	-2.0589104828406453	-0.7689532792944671	2.3148305102694398	-0.01251004840220804	0.045690516397005124
12000000.0	14.927423079838675	-2.116974228960176	-0.7667668770470568	2.4240530491703094	-0.37923999733735864	0.22234970344141403
12200000.0	15.441520464842977	-2.159514972081343	-0.7851092827964642	2.6248242566040263	-0.4474867713574317	-0.20239835935636302
12400000.0	15.961948028967058	-2.242860019330519	-0.7802907731343298	2.6233252785025556	-0.24567884882973773	0.04897292058324409
12600000.0	16.48814218137311	-2.3548608037559506	-0.7687321043584046	2.683377672914135	-0.25865266793438096	0.10267057519250497
12800000.0	17.020569168942316	-2.4210381970677943	-0.7670259870002407	2.672290036237209	-0.33980446490438576	-0.12560419692910296
13000000.0	17.562426124728912	-2.5085775376042316	-0.767708910124788	2.783644016339191	-0.23490456328569287	-0.16044982746575776
13200000.0	18.11070270277047	-2.589845483334358	-0.7666200579914051	2.8319271091152447	-0.2378186947776459	0.0016084940440092546
13400000.0	18.664014901664014	-2.69856595454237	-0.7601564375181407	2.7274997307893236	-0.3979617103336412	0.022294422631304538
13600000.0	19.233021654394378	-2.7414313523327545	-0.7691509875184654	2.9163432028383696	-0.4763492061609108	-0.17561890252213555
13800000.0	19.80894022142226	-2.7648518783587472	-0.7653111074930792	2.9627854573571755	-0.3441142373078549	0.18977359039614378
14000000.0	20.390992340851348	-2.853405749847391	-0.7751958521636453	3.1648494232772104	-0.27589471926778597	0.10099775380511417
14200000.0	20.981950421858066	-2.9579254506879114	-0.7767097804968275	2.9417409816472566	-0.44080917471919145	-0.14451756545110886
14400000.0	21.58526663828638	-3.0069212401168848	-0.7862040484162471	3.0115178327351972	-0.4997515269055403	-0.07003524101592613
14600000.0	22.18590981349446	-3.1211661805480517	-0.7975899544014098	3.036388381555483	-0.390758424439267	-0.05944414806267611
14800000.0	22.79899892792295	-3.220590006749992	-0.8096936369353793	3.0310250885635317	-0.2977041105830954	-0.0640797527540884
15000000.0	23.414242409235744	-3.341807855226702	-0.8203524466868861	2.997299447336961	-0.3934410877022564	0.03737641916088023
15200000.0	24.04405577849056	-3.466804811040292	-0.8153025722822949	3.1883172748652737	-0.7164101912333598	0.11758985509074887
15400000.0	24.676901879064612	-3.556408693727585	-0.8150491025406601	2.975621162788762	-0.601774810098045	-0.10739356865170337
15600000.0	25.315315236301263	-3.672739204378553	-0.8195694297339636	3.1239854162197624	-0.5160471403224852	-0.11818179745725785
15800000.0	25.963249746113537	-3.795561073655197	-0.8288550302853792	3.3157730453727883	-0.6144918198977021	-0.03825703063183713
16000000.0	26.62160672843657	-3.916933777029276	-0.8186741907960766	3.147346618212244	-0.8179165732842975	0.037864993343232005
16200000.0	27.284791182570267	-4.054744097110823	-0.8058301990762019	3.320158823681735	-0.6123720014903892	0.0036656062055294846
16400000.0	27.94782970984484	-4.178933615895651	-0.8065838220793847	3.384918255803453	-0.6392602046904168	0.035170412784554676
16600000.0	28.614764839748638	-4.326005570653008	-0.8020932292491258	3.4205106234786467	-0.7490607988368512	-0.08809464253372179
16800000.0	29.296053720758117	-4.428104917789482	-0.8114529472629812	3.3302519435455387	-0.6657825705907775	-0.046019891060406555
17000000.0	29.98549551247661	-4.56136151917319	-0.7996616761232747	3.7239892895653237	-0.6096550679311024	-0.09705751104230632
17200000.0	30.689638985366017	-4.725830193618166	-0.7964082288427854	3.578363265831908	-0.767861831575119	-0.13482819850843847
17400000.0	31.397872976384594	-4.8552891649466705	-0.7968299786503589	3.637183184435795	-0.9980102775479768	-0.11747098790190807
17600000.0	32.10898183736108	-4.9947967139704925	-0.8077488159633188	3.629054362866868	-0.9354615985672612	0.08023350785904497
17800000.0	32.83319630765038	-5.171816893713499	-0.8165493634932033	3.508923372048906	-0.8122660269281032	0.20914275269609126
18000000.0	33.551155059317416	-5.296633942540315	-0.8087782369513787	3.6005194260805378	-1.0203337804241097	-0.0015288909149349264
18200000.0	34.276413134789124	-5.5206742001624995	-0.8313674818641643	3.787380313181537	-0.8727344142729138	-0.04759100512543644
18400000.0	35.020844505103476	-5.699487307235874	-0.8129195573756947	3.692126403644236	-0.9035120106468294	-0.022040038187596474
18600000.0	35.773770729304374	-5.909115683414729	-0.8189632462881746	3.6680343194033043	-0.9998378062015155	0.02592259673709153
18800000.0	36.52992803394516	-6.092094195208452	-0.8213942255776743	3.740056769724936	-0.9727193624420796	0.1880145619532455
19000000.0	37.29984529716689	-6.327150129517174	-0.8333960686763615	3.7724175708677223	-1.0620160180775808	0.1346294746163744
19200000.0	38.06725106769089	-6.549057896239769	-0.8234768496208078	3.9101408160340747	-1.1681779576193607	0.04155101422686326
19400000.0	38.841484242850974	-6.7371677503305065	-0.8271305614250399	3.863348789315736	-1.2401080507644195	-0.16088700545759466
19600000.0	39.62807283997128	-6.979205656556482	-0.8244706710376444	3.783802991240228	-1.1898036823450586	-0.12999203597796202
19800000.0	40.42255627315334	-7.25836134186249	-0.8142656143209029	4.1153975346751315	-1.0112255276711937	-0.13425258217122688
20000000.0	41.22513847870409	-7.509306981730157	-0.8248440182685706	4.0707525731391545	-1.3359232261871474	0.03216280805710699
20200000.0	42.03185096270244	-7.7243108246249825	-0.8191761315845889	3.9825807637343895	-1.296881226798241	0.0026742206718068638
20400000.0	42.83252227512417	-7.956102112407885	-0.8232146882518345	3.888671868288392	-1.3412287702687604	-0.12213553806825012
20600000.0	43.656752980822986	-8.21833131060939	-0.8183689120355686	3.989886843497674	-1.171407311876026	-0.08242366076864703
20800000.0	44.470227190993135	-8.472467277998849	-0.8136088949353705	4.0531735016904555	-1.4678122870517183	0.04573748600188075
21000000.0	45.30512201161136	-8.73444063091833	-0.8082876384243536	4.080740070656041	-1.4408637882281072	0.047503794066730394
21200000.0	46.1353523300525	-9.055932316260513	-0.8098592964828538	4.09146819143604	-1.397105471834144	0.1552177296597326
21400000.0	46.975894601859295	-9.363233703151103	-0.8151921394660935	4.1966146219023805	-1.3361465659684564	-0.02907798897052914
21600000.0	47.813053575078115	-9.671076046010572	-0.8226094705771081	4.315720875953013	-1.4148358054190346	-0.07603661106827211
21800000.0	48.65930083110055	-10.033888792169504	-0.8237327697534416	4.29592286194649	-1.6562589202079967	-0.08516929174800106
22000000.0	49.5296031096902	-10.388614499162347	-0.8243388489401715	4.252503083422249	-1.5717364179417699	-0.14936550983225963
22200000.0	50.395577473919836	-10.682326365851797	-0.8291879083359052	4.213642342661316	-1.811710803944029	-0.03166254418263973
22400000.0	51.26900814898647	-11.01045156198847	-0.8373218088044991	4.188182237423458	-1.6810613017573948	0.03583403757150127
22600000.0	52.14499385103384	-11.350485226536536	-0.8205416616411084	4.529753041586016	-1.870460458545657	-0.04629864705046989
22800000.0	53.02229802336405	-11.76391434696477	-0.8129846664140379	4.521967820129938	-1.8267729231193806	0.04270004047613039
23000000.0	53.90849606307373	-12.095865442538615	-0.8098204279165352	4.5100959118823285	-1.7458985204201296	-0.056960162772863164
23200000.0	54.79871731254708	-12.508848216840002	-0.7893668717623659	4.486753250036127	-1.9455969036412282	-0.07509550538770873
23400000.0	55.69294276436861	-12.892707254069615	-0.7868215466460007	4.503286414961305	-2.0951549991968332	-0.1534997034381841
23600000.0	56.58309677893557	-13.288777571829907	-0.7819693461068882	4.495420767544983	-2.0653398517205828	0.05006461187222814
23800000.0	57.49552454426309	-13.70138755991175	-0.7659187825539688	4.620563870053998	-1.9706884311103374	-0.012815163229903972
24000000.0	58.406669473962445	-14.127885417148795	-0.7721888539467472	4.490113504219399	-2.0161413935342147	0.03901027801647205
24200000.0	59.31589258874893	-14.550187506061665	-0.768746968556816	4.550696448942018	-2.1623567672537125	-0.05719815567670904
24400000.0	60.224547140722564	-14.99822602640431	-0.7783221684178379	4.7447907940316325	-2.182380139791943	-0.0013967204825824106
24600000.0	61.1467413663013	-15.399697314368785	-0.7825490827570751	4.489001300474023	-2.3081047043490437	-0.08991555868439341
24800000.0	62.07510019917158	-15.86478463037178	-0.7861741397251144	4.619721673369769	-2.2544912302614226	0.2842064558702348
25000000.0	62.99796391910883	-16.322474680519488	-0.7922884384484048	4.6303355196686455	-2.4403847228678166	-0.10384821672916775
25200000.0	63.924075706527766	-16.82143534152115	-0.7929041611661527	4.694458197671658	-2.479522721083527	0.08051082443869668
25400000.0	64.85902662523971	-17.29242905836191	-0.7899375488140391	4.741977238536852	-2.395064011171715	-0.18884635863691115
25600000.0	65.79560898171569	-17.76956955680793	-0.778487014790407	4.767302755392558	-2.4607800033674576	0.04369347533015173
25800000.0	66.74791660684345	-18.30512649580221	-0.7882375167912972	4.596483657537401	-2.6408040296036033	-0.024869611075068996
26000000.0	67.68886877926718	-18.817261357903504	-0.7844071215052603	4.799669080980644	-2.8174065244583306	-0.08020703879813602
26200000.0	68.62240946668662	-19.37927959567116	-0.7780318661309695	4.853983642064877	-2.684077166064641	-0.07812523127076183
26400000.0	69.57165280139866	-19.95019528636019	-0.7781531809621303	4.736564380557319	-2.7818636208150553	0.008848291559310127
26600000.0	70.52000553400362	-20.511640230491036	-0.7828465548522916	4.735102007067029	-2.7573323583599882	-0.09064863285501047
26800000.0	71.48093590319942	-21.06196098671367	-0.7961592427246831	4.782933395079174	-2.814482215121952	0.08928897259280205
27000000.0	72.44219085948579	-21.657200451408627	-0.7958403446764843	4.8094781127972475	-3.174007449652363	-0.09496695624802647
27200000.0	73.4004696331679	-22.245719473919422	-0.7923701355242814	4.472036444698295	-3.019470012833035	0.06659663176492575
27400000.0	74.35442359445469	-22.873864837947526	-0.7921128024106081	4.739762946601492	-3.160845110876771	0.024511605133411177
27600000.0	75.31561331784437	-23.52445677529953	-0.8005103016624415	4.813160374491958	-3.320137154497149	0.13608095601478348
27800000.0	76.27851237702716	-24.18538211118634	-0.7905485630333233	4.804028718076802	-3.315712476388675	0.06290543195481435
28000000.0	77.24744927316125	-24.85290845019591	-0.7764634848867199	4.851043228955913	-3.2573392166628867	0.22212463906291202
28200000.0	78.2101025367246	-25.488384626027223	-0.7917168683831919	4.733151077003496	-3.302192366523566	0.010341745867296973
28400000.0	79.17334143734877	-26.17274713896875	-0.788423531148674	5.1513230113651955	-3.506518123148222	-0.13102041706597808
28600000.0	80.14391900896366	-26.872205729732052	-0.7761205099364652	4.916247164371206	-3.4687033977328343	-0.0722564660582772
28800000.0	81.10620254448173	-27.592923365950806	-0.7892328403228919	4.8398285362268885	-3.620723249798254	-0.07121962142845102
29000000.0	82.07272209517348	-28.290302779952793	-0.8077101673910645	4.657426035719899	-3.5881448797072486	-0.05216016977334991
29200000.0	83.03952792148371	-29.007955705430113	-0.7987382888692406	4.7254502676572665	-3.6582440585924685	0.16177350576998623
29400000.0	83.99931635850551	-29.743153806992463	-0.7883308964544791	4.919448834555935	-3.910233436815647	-0.1540112109939401
29600000.0	84.96071299658097	-30.535843806336675	-0.7772133587767002	4.898150486955593	-3.8021032574461806	-0.12282897939802913
29800000.0	85.92627847295847	-31.25263124636027	-0.7693057933485696	4.82089868034327	-3.933721855572076	0.1714841482329299
30000000.0	86.89335905413672	-32.021327198038804	-0.7682918335017841	4.899449424401341	-4.045210800752678	0.03371775753687162
30200000.0	87.86092764821586	-32.806897418915355	-0.7721309881021556	4.8486165017921685	-3.8988440714737562	0.1266792180634498
30400000.0	88.82383130693852	-33.632247179066205	-0.7830850562535681	4.866834931805804	-3.9447699893728516	-0.029942922381507232
30600000.0	89.80000287381547	-34.48203455444719	-0.7943769724518998	4.858424495796427	-3.9957447617035493	0.026469220544087745
30800000.0	90.75076297898224	-35.33998502993478	-0.7869473133592695	4.7118592535990445	-4.140336790652794	0.008376422420453115
31000000.0	91.71691992720433	-36.195195523131474	-0.788170096213371	4.889686798329393	-4.228244832086256	0.026531331882213256
31200000.0	92.68097548526833	-37.04406387960934	-0.7875523241505606	4.775497325061801	-4.4256138687032225	0.04731600558715189
31400000.0	93.63397109746262	-37.976933688573794	-0.7706086223781448	4.732514266301651	-4.448932376593621	0.11550606826036912
31600000.0	94.5860335080779	-38.877444816333394	-0.7668691972188452	4.720598859734269	-4.488818052384349	-0.10949874799688704
31800000.0	95.53267375518372	-39.83861726369693	-0.7560759709242469	4.6706226549582075	-4.691862915001143	-0.09768408557860961
32000000.0	96.47950290530127	-40.75305553092088	-0.759268793853114	4.924355808256236	-4.482626372835286	-0.04328445873672237
32200000.0	97.42422999175496	-41.683342713592054	-0.7568925908171915	4.705211444705172	-4.906809436792524	-0.13660818920473414
32400000.0	98.36288368613995	-42.6318564047295	-0.7434362516071158	4.610510853412842	-4.827247275894673	0.03174372868954323
32600000.0	99.30316898434418	-43.57447914521376	-0.7440226648438815	4.694260512737951	-4.8878645438059865	0.06517634695582782
32800000.0	100.2405126911427	-44.584396582474874	-0.7535365020351461	4.628969994446718	-5.164502846248358	0.05655260158818176
33000000.0	101.16567748153574	-45.57526725923978	-0.7475355070638344	4.486624712550654	-4.987095105811134	-0.04548675770993386
33200000.0	102.0720277818631	-46.592828916740494	-0.7591980272134633	4.585659844022221	-5.10016292232206	-0.1683258571367885
33400000.0	102.99232535835954	-47.62208044920275	-0.7665845784123982	4.57373346113703	-5.113256075072414	-0.023977161442849233
33600000.0	103.90857704336555	-48.668834827160154	-0.7933571372210382	4.628405186066738	-5.28988266641054	0.0995975431167583
33800000.0	104.81265601384398	-49.76475352723777	-0.7912103784137813	4.521188822097696	-5.56999821142552	-0.06933404770075204
34000000.0	105.71547044180744	-50.86751277907488	-0.786094265780786	4.498618248372028	-5.383772422495716	0.047536611943748364
34200000.0	106.60988536812918	-52.001950345044214	-0.7876101505866395	4.471747781503747	-5.536949112736289	0.08252075058308128
34400000.0	107.49439180525884	-53.079330780795864	-0.7796312953685214	4.466156395462891	-5.661886212557468	0.2632539913552247
34600000.0	108.37394960751145	-54.21988653463222	-0.7771311579009479	4.313935524207204	-5.588791865005396	0.06219885165315903
34800000.0	109.25279941518596	-55.39031971894866	-0.7691302408445757	4.455471163453897	-5.736301747342939	-0.09506867831374896
35000000.0	110.1241003345306	-56.52942168817964	-0.779060819392833	4.320022998957864	-5.844922781280767	-0.004682309120220343
35200000.0	110.98443399674176	-57.71914049405739	-0.7864520268279644	4.321883467432147	-5.869604263191845	0.0550320326846687
35400000.0	111.83817778586085	-58.93194589168114	-0.7805147550297036	4.2268383904206965	-5.9807189623429995	0.1278720431145223
35600000.0	112.68252885953295	-60.14711646827577	-0.7887968082195369	4.288937257788461	-5.996361554373501	-0.08961045598263015
35800000.0	113.52512059356368	-61.36606916686859	-0.7930044945679333	4.166214321438722	-6.137101735746807	0.025889219953131683
36000000.0	114.34570232699622	-62.68042358751476	-0.8075458623188229	4.019563668126649	-6.265724362515395	0.11827554233330685
36200000.0	115.15755128432954	-63.91440736275001	-0.8150162136800636	4.111720014404363	-6.302220431504474	-0.0008723378485722059
36400000.0	115.9534826790532	-65.24115730366837	-0.8156995359074473	4.08261952356495	-6.371439982585385	0.0025053509295333647
36600000.0	116.7471858298101	-66.51091082946516	-0.8303314843326948	3.8226004908544877	-6.499422313157018	-0.06334062455257972
36800000.0	117.54396852962138	-67.80197467244784	-0.825426334658071	4.079741475899808	-6.526761739496461	-0.04226683673909951
37000000.0	118.32344140411118	-69.14184898051533	-0.8282002726180765	3.871138861685993	-6.622722101202977	-0.0428067924681047
37200000.0	119.0825842627953	-70.48024209099388	-0.8314298100639124	3.7468557076943405	-6.713779136438527	-0.11771554214769261
37400000.0	119.82512005581592	-71.80099891064138	-0.844767610706397	3.731833476265416	-6.720347597259804	0.14048859521647455
37600000.0	120.56444620891077	-73.18712717955269	-0.8509264228896939	3.6076913277862417	-7.011808693157528	-0.09792266922431786
37800000.0	121.31342607347807	-74.56950324204996	-0.8571699637070573	3.5969823913593557	-7.05301805112971	0.013132862747218928
38000000.0	122.03231843898476	-76.00164205218842	-0.8800012524146805	3.643577384854553	-7.257789635243521	-0.13198296437556079
38200000.0	122.73669148411213	-77.37227222547457	-0.8809568625817439	3.5133773363459366	-7.066289655381181	-0.012336765393542492
38400000.0	123.42962824687095	-78.82698261663049	-0.884223018254861	3.2991068605072726	-7.149367260651326	0.11967838255951899
38600000.0	124.10702356982222	-80.26321104778998	-0.885685265470936	3.4150456993798923	-7.352022440034311	-0.036776899048841544
38800000.0	124.77169219429089	-81.74638574850505	-0.8846399816536503	3.2282544858200426	-7.1749949359395755	0.14454081902507787
39000000.0	125.41679922687928	-83.20349767113815	-0.8820669326900619	2.9695126085237735	-7.525927947540115	0.14926168802192466
39200000.0	126.04617571045695	-84.68091763340774	-0.8808774523788051	3.0510056028516805	-7.367282841853028	0.07742382336591157
39400000.0	126.67484208814126	-86.22189767875925	-0.8978640309367322	2.982441756669068	-7.52121936470146	0.01041192081763735
39600000.0	127.27239338619916	-87.70980845511816	-0.8967442832265139	3.038155408281281	-7.430264979424675	-0.0752676403692938
39800000.0	127.8693764770516	-89.23609439168953	-0.8953729391980344	2.9204634394043536	-7.682721306811829	0.0663716785646481
40000000.0	128.44341354605896	-90.80224551450668	-0.9074557282464069	2.8842787620478005	-7.612154453285628	-0.016391747899509153
40200000.0	128.99039715588756	-92.39584114831564	-0.9051720880997799	2.7373318236452024	-7.800802777904862	0.1765452596558005
40400000.0	129.52648785716266	-93.96294224973376	-0.9026593112500925	2.5755501587658665	-7.972756989597012	-0.30722680399296365
40600000.0	130.04024666045987	-95.55568215773128	-0.901129686905354	2.539974189432803	-8.051160455653601	-0.07466427124094856
40800000.0	130.55396395179912	-97.18715192399488	-0.9130036684734131	2.4249003830126834	-8.021927639558704	0.07882901199454509
41000000.0	131.0392048562329	-98.76880853594433	-0.9177410159916464	2.3271706599946533	-7.990004806477244	0.03255172647726466
41200000.0	131.5057812581441	-100.3563496819536	-0.918715495481677	2.173038157899687	-8.03076169308901	0.11668700209976049
41400000.0	131.95720600995273	-102.04033767929296	-0.9295168318797044	2.289575867409368	-8.15133207743532	0.04919235381761199
41600000.0	132.38649943541319	-103.78448080242788	-0.9352959971862861	2.201749662688089	-8.021977894654654	0.10245394899711122
41800000.0	132.78635851293814	-105.47238300371345	-0.9350697185872954	1.9369253141387575	-8.304436159971678	-0.05802215115451581
42000000.0	133.1842415596354	-107.17700863360345	-0.92900775797395	1.8477402383695938	-8.422943350836903	0.033813134241817686
42200000.0	133.5551260948582	-108.9050334387293	-0.9275493337310563	1.902279276117182	-8.478565033220471	0.09091606340952835
42400000.0	133.90996353020486	-110.62765419983201	-0.9390425570126049	1.8032069297673157	-8.577627350937162	0.009125223560163908
42600000.0	134.24392028507742	-112.36724195364609	-0.9579348629681981	1.6277740689311149	-8.623622726063559	0.06428600238136588
42800000.0	134.55500176646322	-114.09075840132225	-0.9485572307355061	1.2786268579409878	-8.780016226863744	-0.033642360232819093
43000000.0	134.8429419045732	-115.79698147223425	-0.9529133962658887	1.358116123088954	-8.758400928299045	-0.08738436481441937
43200000.0	135.10354257705947	-117.51454112394386	-0.9455842732074702	1.400103859236324	-8.973954495775502	-0.0373162747719319
43400000.0	135.3410572750653	-119.26909539709862	-0.9377808565623129	1.246535913975647	-8.903595236131101	0.046943035051971276
43600000.0	135.55566999069217	-121.04183476967803	-0.9297280493993679	1.3257098389702224	-8.979497334595528	-0.12495089456235185
43800000.0	135.7566757547632	-122.8423956191875	-0.9389209194267456	0.9431551400535795	-9.004054595727618	0.07538851422242453
44000000.0	135.92878880227065	-124.66122044558463	-0.9291331451156994	0.8375805790087435	-9.08376025052185	-0.03596547759781627
44200000.0	136.07741379867028	-126.48228402750435	-0.9235565443872145	0.7164596604490906	-9.07826759791165	-0.014301649170593123
44400000.0	136.1989245463664	-128.31158023957306	-0.9151150078513342	0.6281357711309784	-9.430280695543944	0.06414325744070823
44600000.0	136.30161777087093	-130.13062644889945	-0.9081591783168311	0.29861665498156087	-9.100553277192924	-0.029348084529173143
44800000.0	136.3903162219822	-131.9558985904128	-0.907934558186096	0.3595223801564398	-9.465406097234006	-0.1851966628430488
45000000.0	136.44094425355578	-133.76842969268793	-0.8940869360450968	0.26200456652353454	-9.401996435777047	0.12832928221365253
45200000.0	136.47914268608523	-135.58858122741938	-0.8812910521577175	0.1153518060772224	-9.20819786706996	-0.03883602117902892
45400000.0	136.49855128318438	-137.4524476240971	-0.9100846664426949	-0.3220235492339925	-9.46715667313156	0.026149268132995552
45600000.0	136.47640497007416	-139.32643391919336	-0.9094049508658234	-0.06080321120682275	-9.468900773602986	-0.028930549252919123
45800000.0	136.43214814151494	-141.22015329771725	-0.8919216195331425	-0.07075799727992954	-9.463628822021924	-0.11760974943009833
46000000.0	136.34480892197712	-143.0976026342872	-0.8830011413065182	-0.5138644205681088	-9.547239881659486	-0.057987664242628856
46200000.0	136.2394510033782	-145.06769819596013	-0.8843724964565878	-0.6436649836435643	-9.422389434443469	-0.08803317034493444
46400000.0	136.11182807007532	-146.96993267647682	-0.8887018881942697	-0.6784616337372559	-9.540170100595462	0.026950980532141122
46600000.0	135.9493385992881	-148.90051598828236	-0.8760336780622534	-0.9108311679631342	-9.80690419477038	-0.03977787496719313
46800000.0	135.75708426959025	-150.83353744288948	-0.8813484431358946	-0.9321774874327792	-9.554061009763307	-0.0038360262149920426
47000000.0	135.5414900986582	-152.80863007722846	-0.8789184469159458	-1.2514759517992473	-9.773287745798607	0.24285626449360678
47200000.0	135.29111478097738	-154.7398495412086	-0.8856232689679094	-1.3876923077277097	-9.637635072491085	-0.12451079009042222
47400000.0	135.01576615119626	-156.69474407260714	-0.8870528354205125	-1.508080559841221	-9.716672713907586	0.11760784287216633
47600000.0	134.71588056438844	-158.64721780424713	-0.883863576921089	-1.7760121944599565	-9.6904336357441	-0.08647118911723944
47800000.0	134.3664853200833	-160.57440702158937	-0.8950380001898063	-1.7684838608772848	-9.900018751260166	0.04492950226430782
48000000.0	133.9962335726922	-162.5018779076881	-0.8948913756892445	-1.9983436957046417	-9.881347902732987	0.07345079456758795
48200000.0	133.60727425966695	-164.43327591685318	-0.8877771357868317	-2.0850643500509003	-9.714174958470217	0.07449731978448601
48400000.0	133.179180564591	-166.39053319640882	-0.9049029961232912	-2.162904479115595	-9.709413481925429	0.04135913111466071
48600000.0	132.7228906749408	-168.3151971893594	-0.9103169625856651	-2.407905034006228	-9.810738016873623	-0.042110805417669046
48800000.0	132.227375739151	-170.26565811375642	-0.9132298422318856	-2.453743533361019	-9.689994921109294	-0.1184714682607397
49000000.0	131.71176396491848	-172.21682471507273	-0.92744235742019	-2.828576685457107	-9.65975997549076	-0.03491965114308208
49200000.0	131.16005224147992	-174.18003023483425	-0.9358209331589942	-2.9660776193028586	-9.746868800891386	-0.005469356831311977
49400000.0	130.58174814286684	-176.07815897741477	-0.9234244987403037	-2.9593694749968154	-9.627843817625086	-0.01999293528653855
49600000.0	129.96857439322875	-178.00092205618319	-0.9274488182365919	-3.199989990027089	-9.655711086742178	0.004459885516085148
49800000.0	129.31246805221997	-179.93745560092003	-0.9205075049934341	-3.3520530503808392	-9.667396876821623	-0.1660486151396785
50000000.0	128.62334073375808	-181.89730055886844	-0.911887250591068	-3.3897202770820423	-9.84398207589526	-0.015370401357481848
50200000.0	127.91369484382044	-183.83246144231396	-0.9262880402991309	-3.5316812084846685	-9.62855383208366	0.08920798716925003
50400000.0	127.1681384687472	-185.74887612650605	-0.9360395821681231	-3.7326656812259484	-9.687691768619638	-0.058436864649123024
50600000.0	126.38637717303614	-187.70976749448363	-0.9326317085854811	-3.939971010787181	-9.676479049021069	0.00043944757228392113
50800000.0	125.57393817606416	-189.6401689635945	-0.939726383715275	-4.138365503345481	-9.66485473931763	0.0020110976944266966
51000000.0	124.72467650210837	-191.60231297175244	-0.930785857702674	-4.316729080254104	-9.698545821760504	0.03496901102081505
51200000.0	123.83700178454056	-193.5107224999953	-0.942237773392922	-4.464942105068379	-9.409142156931495	-0.04324404213827643
51400000.0	122.91569816311417	-195.4140857749972	-0.9412715703363386	-4.707233577392431	-9.558575462008113	-0.08072313022527816
51600000.0	121.97174865996966	-197.32568683304913	-0.924258680242474	-4.805140903403624	-9.447690544506806	-0.040561046853815105
51800000.0	120.99288891422475	-199.26462266767362	-0.9120465373169123	-4.842910653482429	-9.510767151097756	-0.015393551253474209
52000000.0	119.97084917512483	-201.17079898241326	-0.900106221786554	-5.199009173385136	-9.54153868678809	0.16322811920212205
52200000.0	118.91776532237587	-203.036380194171	-0.9018061768093466	-5.235575878909521	-9.286266154654847	0.05457287129570605
52400000.0	117.83039755966041	-204.91593451541155	-0.8988510151862996	-5.566221700133629	-9.509719956955088	-0.1458312256470668
52600000.0	116.70584560079371	-206.80677992140986	-0.8946293414858519	-5.444061244943975	-9.378943276008268	0.18562709955764853
52800000.0	115.55510617282191	-208.6505447866347	-0.8822452892620296	-5.867102123755479	-9.29476983901178	0.03397006716293552
53000000.0	114.35550026219484	-210.50192397674192	-0.893837594781586	-5.907918927574193	-9.131833082378595	0.09651415822351464
53200000.0	113.1272115599873	-212.361416647872	-0.8935195826873639	-6.082211212586364	-9.06723192847661	-0.04392343828566035
53400000.0	111.8748981190173	-214.15708865148633	-0.89178680824387	-6.379977592667699	-9.094312602364163	-0.11268095375462761
53600000.0	110.57909968222327	-215.915300965052	-0.8878323338908414	-6.626086425819291	-8.837836682225229	-0.11169182439682553
53800000.0	109.26087304092061	-217.6601811195484	-0.914456293722402	-6.701260718728148	-9.040393711180299	0.1869653649079773
54000000.0	107.91369606914148	-219.4799192923448	-0.9005541621030175	-6.777036535894365	-8.954065343002439	-0.22116058768990357
54200000.0	106.52464540282405	-221.20224791449417	-0.8998193936490244	-7.095353745164547	-8.997290091970537	0.2106062852068034
54400000.0	105.09738521322161	-222.95491893060054	-0.9040079227956779	-7.033794437466847	-8.77335226600731	-0.099495643939549
54600000.0	103.63386652655181	-224.64477608382026	-0.9016662502748989	-7.256133491574096	-8.625485070598925	-0.010153250516071957
54800000.0	102.13557571528608	-226.31290699637825	-0.8996944319004929	-7.518542637119314	-8.574455226020474	0.07450599064257904
55000000.0	100.60392747475849	-227.98807507407747	-0.8960344800225625	-7.7623092726513345	-8.178669547457185	-0.002912814640465622
55200000.0	99.03122949047791	-229.64579512477619	-0.8967909959787704	-7.858017552743733	-8.128818560470771	-0.08584709559179515
55400000.0	97.43798419317946	-231.27260779767	-0.8830989517400692	-8.06634028622542	-8.080041387577296	0.15083201201050286
55600000.0	95.80855610510909	-232.8919077845533	-0.8968301779796226	-8.101826776051519	-8.051476906949839	0.05045449165991988
55800000.0	94.15465644110361	-234.505952387038	-0.9029738234065758	-8.425258822409864	-7.79552474029015	0.04273383148184014
56000000.0	92.46356581643616	-236.04246685754794	-0.9104060899673724	-8.653781689828362	-7.926116432003441	-0.1202070876895226
56200000.0	90.72992073105098	-237.6043852832101	-0.9244438683791393	-8.763776085232633	-7.855666898308849	-0.10626179117014682
56400000.0	88.98093887754834	-239.13147895178264	-0.9274314372092343	-8.84885686544447	-7.622969190127069	-0.15963399439227705
56600000.0	87.18056907889844	-240.6554255595278	-0.9220969666218155	-8.98130659626872	-7.467267657326352	-0.08270238699822043
56800000.0	85.36258753430948	-242.1565310046305	-0.9250936137694399	-9.32201341064412	-7.433629564062361	-0.11879855016924945
57000000.0	83.49789459326846	-243.60055890021536	-0.9163735714688694	-9.394093825149467	-7.212393139676785	-0.060209951540489665
57200000.0	81.59708054068574	-244.9969369748286	-0.912568544275535	-9.468800063303703	-6.991805333576633	-0.14632470072724685
57400000.0	79.67628410155291	-246.41723708927182	-0.9238658826020115	-9.702648492590516	-6.92961140900501	-0.07715574951279125
57600000.0	77.7226988121751	-247.8231424137089	-0.9164830830037798	-9.977950819147617	-6.621450408894735	0.11983145194836707
57800000.0	75.73561793769932	-249.17141286992734	-0.9113804461867347	-9.988151199769561	-6.472718473882997	0.0356266790442284
58000000.0	73.72584537025192	-250.44856393290738	-0.909967542056333	-10.047191264580006	-6.446071689177793	-0.03910346780037736
58200000.0	71.67820743305096	-251.73678795067553	-0.8991649716780552	-10.248833143790188	-6.284586819968068	0.060384886517955476
58400000.0	69.60309324810196	-252.9781728785687	-0.8973395153200505	-10.435317943472366	-6.0393198184411006	-0.08096765736621266
58600000.0	67.4967591869321	-254.17579688267045	-0.8923106377804525	-10.477704106791121	-6.0511174872003	0.12298850192874863
58800000.0	65.35114789836317	-255.35617853002492	-0.8987518831133008	-10.75305147566905	-5.822019208819012	-0.2310103606602566
59000000.0	63.1860637114397	-256.4927411434827	-0.9103742163236157	-10.875680624913844	-5.546389389963451	0.09259651617760747
59200000.0	60.996249059989914	-257.55782430878764	-0.9085386478656551	-11.132744895483421	-5.205396113583219	-0.01857100436290133
59400000.0	58.79168648929895	-258.6183679099218	-0.9090636545809216	-11.251737790753095	-5.111493836377148	-0.041691007122839414
59600000.0	56.5571284727343	-259.6364777994029	-0.8906202834749073	-11.417288714054166	-5.086597047133483	0.13041584890826452
59800000.0	54.2983100112486	-260.6164628233079	-0.8976950992478914	-11.451415263573208	-4.887589639762284	-0.065751097424001
60000000.0	52.006505032750994	-261.55424635929285	-0.9008703636587079	-11.544089305585493	-4.573401288076771	-0.039192005029612835
60200000.0	49.68223250314979	-262.44964321665344	-0.8802998032380719	-11.521632948520173	-4.607743793289552	7.137006318074685e-05
60400000.0	47.352289920780024	-263.2813840090979	-0.884666755414321	-11.73141094817196	-4.064582120326499	-0.09655741118712012
60600000.0	44.99511452102643	-264.13657352487223	-0.880949786985069	-11.931819927422115	-3.949333877922458	-0.07113087737148811
60800000.0	42.61280998505729	-264.9237283983497	-0.8753994855906642	-12.153799273173668	-3.874881777958426	-0.09678277059671639
61000000.0	40.1928760214735	-265.65431774437945	-0.88741967587076	-12.083270650278974	-3.532873952988438	-0.08076362733857673
61200000.0	37.77165398249933	-266.3319562351992	-0.8954902132071101	-12.108626945278196	-3.393177296391979	0.11932606918981332
61400000.0	35.311033720828206	-267.021805259973	-0.8805015194936598	-12.144802970976444	-3.0779831158877027	0.17855269323732398
61600000.0	32.84174956482073	-267.65860610510174	-0.8747814654289481	-12.434466092474244	-2.97301129225566	0.04605083717994046
61800000.0	30.359277833249998	-268.21953675639196	-0.8674342815134057	-12.437743272436366	-2.741691910905273	-0.00047667025346173543
62000000.0	27.85012944049327	-268.76829527692115	-0.8755261907721574	-12.445019326489653	-2.5506577698316355	-0.10160774981990663
62200000.0	25.327604519342017	-269.2135463522993	-0.8422396884457221	-12.660611418713843	-2.2414301952889724	0.04316187496932993
62400000.0	22.788716878250803	-269.6148164710268	-0.8430241566077923	-12.90458751735675	-1.8958888760872452	-0.11327939960052198
62600000.0	20.21508925509215	-269.9950780929461	-0.8426956085246529	-12.861914954819765	-1.7195148073009778	0.14183114559771515
62800000.0	17.647883941747033	-270.283172999456	-0.8377074747979223	-12.853259825220777	-1.5803331358256447	-0.158069442951536
63000000.0	15.066152728627051	-270.55032775158116	-0.8228567641794906	-12.98949075051924	-1.230695693729426	0.05053232386135433
63200000.0	12.465378980408815	-270.7672922625322	-0.8194554765176201	-12.984713383413025	-1.1188228742702582	-0.10831693396753128
63400000.0	9.849292790242172	-270.96964284630377	-0.8040425305255834	-13.100838969308207	-0.8005089204376323	-0.05895875566266787
63600000.0	7.2223063204932165	-271.0783824086906	-0.799959080032457	-13.196178327557615	-0.4893530891053079	0.07287517520035015
63800000.0	4.590524410007663	-271.1419589939628	-0.8095324237186015	-13.124497699270913	-0.25018331215179457	0.15268215704199944
64000000.0	1.9510806547681967	-271.1216185366367	-0.7961363545684725	-13.380718161059818	-0.17828606761903373	-0.016594539655073466
64200000.0	-0.6914054473152478	-271.08509374982145	-0.775004120847583	-13.286676993586164	0.3481289641630006	-0.0710420451463322
64400000.0	-3.3491910223150008	-271.02630342211035	-0.7659919741471226	-13.245308544171808	0.6022128379971066	0.17937584535132095
64600000.0	-6.01081191252248	-270.84692017872806	-0.7712398799357755	-13.338301537898618	0.8625190573387124	-0.06735993074888948
64800000.0	-8.667361679362262	-270.6906186788465	-0.767460578481048	-13.311578391086666	1.0036823463407687	-0.012285703718353642
65000000.0	-11.335792695820182	-270.44035549001853	-0.7739051722890802	-13.433743561613854	1.3447188443554827	-0.06082675158311693
65200000.0	-14.013457264623934	-270.12306063225725	-0.7699266539176588	-13.33686995941553	1.7699223265886463	0.22416176328359552
65400000.0	-16.693918825617125	-269.73964370880407	-0.7648026999457123	-13.412419204303564	1.8965098830353768	0.07876550235956951
65600000.0	-19.369830714852878	-269.32773563485074	-0.7792385821521428	-13.353435475077335	2.2102975860351863	0.09125696377462407
