200000.0	0.6427273014936009	-1.5318304450765219	-0.604494092363436	0.01804678051912411	-0.007289884916651428	-0.5334530765157133
400000.0	0.021834579272955734	0.013456712968325402	0.006539584276216259	-0.003673772518506646	-0.05838206417289833	0.15485968848030524
600000.0	0.005685933344545591	0.013289551223762075	-0.021384265834781035	0.10706033446839106	0.14372414375190115	-0.028493109752913512
800000.0	-0.02019752102573269	-0.02274378062871385	-0.010244141619212055	-0.1448500381881045	-0.1909697800997738	0.002789952969144409
1000000.0	0.020534149211061337	0.0022891493173249344	-0.011800054747589273	0.05287221347714244	0.08150046384394682	0.015046352928416183
1200000.0	0.004705971095603889	0.0329549977621304	-0.004687512140855388	0.012204136012227973	-0.02089153880199867	-0.12884359132591644
1400000.0	0.00947676316730528	0.024850694392012596	0.044075859373392534	0.044605798030229904	-0.13585931153988534	0.20741326501472682
1600000.0	0.00023881259362706908	0.08526098463183018	-0.052955919945470775	0.16175441139579333	0.010128006032765549	0.03394879527518117
1800000.0	-0.08933684814926346	0.11790686696505936	-0.047452162410899223	-0.13923222743965774	0.0989964115559943	-0.12038193539577162
2000000.0	0.018213130072931683	0.025298426214417358	0.016878864519851433	-0.04873357300511694	0.3245698062989662	0.15728269702027953
2200000.0	0.03573203989132523	-0.19608526816795946	-0.058121295134986095	-0.052572346068070264	-0.34148472262707835	0.051515336742746234
2400000.0	0.0680307421232825	0.043971582997258674	-0.06305220019091495	0.14227790161042697	0.17071843551510024	-0.1621531632463933
2600000.0	-0.03366575123231973	-0.11757073553563457	0.010538461922334541	-0.1605874760283763	-0.23028097362946126	-0.02946341765726429
2800000.0	0.0814731491111737	0.09111788122069964	0.04266402277681103	0.16253727049596822	-0.025258872292421755	0.015894875832691682
3000000.0	-0.028028740946188513	0.06868736107506868	0.03749524833294682	0.06187561488547366	0.05488788007039119	0.07016879766163894
3200000.0	-0.0722703434421681	0.02698480573622386	0.022303177184148093	-0.1681450993950262	-0.0767996754144513	-0.03246080706052133
3400000.0	0.038304534984702654	0.04757675335444245	0.05899988810959311	0.034355652038153384	0.1181408322668854	0.09078472664874383
3600000.0	0.0034550411020085603	-0.028812141225839083	0.035299479762415764	0.2771396463837609	-0.00032303443060787904	0.2252162177264494
3800000.0	-0.1770577204574224	-0.06053680102816483	-0.041886529780088555	-0.18964939509357026	-0.001501032831050006	-0.07893764401709229
4000000.0	-0.060638418009204775	-0.09292127651780979	0.009133202301207177	-0.049734961766627506	-0.016032651060542403	0.20116019556050904
4200000.0	-0.02989330225952913	-0.14805069680129335	-0.0555310227489767	-0.00046251053737667025	-0.07011233401568608	-0.04207058617873363
4400000.0	-0.04021167805355419	-0.10630311895551237	-0.019908134499732277	0.07465661052086148	-0.02467447250774512	0.19962390697816232
4600000.0	-0.09002106859015635	-0.06677905600959622	-0.06810810276153356	-0.2705828733056137	-0.023693097162573472	0.08873325804808718
4800000.0	0.064416973351763	-0.04176598143256327	-0.0691693871254998	-0.09427217152113765	-0.06413876855909115	0.008139132959982052
5000000.0	0.12639208582581474	-0.03460094063695118	-0.05060440261891319	-0.031833638722883695	0.02124408963999467	-0.08673314635469392
5200000.0	0.14677194394686355	-0.014706578765852019	-0.010176840851065072	0.09814624490020707	0.12216141059086609	0.006557543862447054
5400000.0	0.0973456634564207	-0.08144728928805933	0.002595261688655204	0.02202094648067665	0.05466698482474516	0.14001890765013422
5600000.0	0.0923949319577062	-0.12202018762227107	-0.046782561352738394	0.10662414993256975	0.019625699059358175	0.15008882882111885
5800000.0	0.04451828574376426	-0.13501805441788428	-0.09328037808143663	0.11819021137463825	-0.2654800786096014	0.062374524399694695
6000000.0	-0.0001084057372908731	0.03577196103527003	-0.09770444951557988	0.11331146668109149	0.04644621931931131	-0.15857644425406572
6200000.0	-0.06132911087710902	0.032015282031210957	-0.03057142998033502	-0.10080321516304735	0.10805662582758924	0.11059292827199843
6400000.0	-0.014096759560396688	0.003804736373013373	-0.06628404292909229	0.0666636768282034	-0.05939944692859402	0.04580221671227284
6600000.0	-0.04647800334506069	0.09103920593716541	-0.06871307901239043	0.02020558573153952	-0.015618518488628677	0.03577669573243094
6800000.0	-0.0613349206775311	0.0639615554950903	-0.08178156656936231	-0.06997863766627921	-0.010293906114262882	-0.10074185907452084
7000000.0	-0.014128542718043313	0.06512905733019791	-0.031218875604131613	0.01921630100215621	0.17232112959039522	-0.08881995237135917
7200000.0	-0.03153026271389425	0.021967087972531996	0.006060828304098487	-0.005846946890026183	0.059313501763398675	0.06595719860108155
7400000.0	-0.028573947040682945	-0.008405997666529386	-0.017681782512950384	0.08153545717817856	-0.16586159719852311	0.14292920978242055
7600000.0	-0.06705653892832064	0.050558397927144005	-0.07422055624298962	0.027816352543111877	-0.1165218244424837	-0.02099698341687652
7800000.0	-0.08539038314108804	0.1316409224661419	-0.05651481474745923	-0.021551452113907965	0.08459570529860935	-0.14699527240078042
8000000.0	-0.08175262103251679	0.11428072535917311	0.013140270855386493	0.014851903899157914	0.07025885987683836	0.17220379694737714
8200000.0	-0.09518703490534008	0.0863410001829008	-0.05468308692354784	0.14120659602630492	-0.22504280700150342	0.11425561063472979
8400000.0	-0.17058398155216015	0.16625959012381042	-0.1000372440447812	-0.24805496227822732	0.3213508158486244	-0.015075062177814194
8600000.0	-0.05571362926268275	0.06596519175404225	-0.08154462553606467	-0.13675959794812487	0.07733957750919208	0.21503067691711258
8800000.0	0.00962596273519356	0.01060585674114356	-0.17213848163138	0.05606127149194817	-0.045456888004139065	-0.11508285400261999
9000000.0	-0.01580951397540531	0.06628266556924589	-0.12727095427369683	-0.2851416092038277	0.0895959741281909	0.16261098481237757
9200000.0	0.1133652463827115	0.00039189143504381185	-0.18909918644518853	-0.03478605367447929	0.04047094572179928	-0.09957461147797472
9400000.0	0.13502532153972524	0.03670060117147056	-0.16474004733773806	0.05723292741386721	-0.08937261879287195	-0.04770349788725975
9600000.0	0.11931885777929807	0.08574518328218295	-0.13474565270941852	0.0549403368240764	-0.16806687641745377	0.013986591331767863
9800000.0	0.09178016841955738	0.1975289640286595	-0.12099700933165758	-0.06682215074239894	0.010661452488304662	0.051376203024784906
10000000.0	0.12593101501766313	0.17131665795724693	-0.16300109395393192	0.035653959051582085	0.0524232900801095	0.013961652606483799
10200000.0	0.12334065908900804	0.1336724657397763	-0.16409136929551327	0.05881209598864201	-0.032860572553834955	-0.11188256681250418
10400000.0	0.10766966898405173	0.16068165138813995	-0.11149639144165713	0.0900601320798855	0.029381565874195853	0.009565735197630107
10600000.0	0.0661962255910371	0.13679208487034256	-0.11268685725360028	-0.21866548466923463	0.0553803950832607	0.039091144939449644
10800000.0	0.1612742805164178	0.12318798826994093	-0.11876101585526733	0.14543876500156738	0.05962764360463427	-0.10450800624751815
11000000.0	0.09405646060344353	0.11176041611984977	-0.0792926568957214	0.05234307684545714	0.16814202456553856	0.002357844091326864
11200000.0	0.06554683140668871	0.02873236865173734	-0.07883247642875557	0.09154759928320022	-0.16461787413797474	0.03286615921831411
11400000.0	0.032989830867720116	0.11235168797241135	-0.07825462295557606	-0.047220112659455804	-0.02058351631774255	0.2865110516285715
11600000.0	0.06088703341766433	0.11442251930300862	-0.18928775679895227	0.01629262185039293	-0.1435109602787991	0.15368669564527465
11800000.0	0.05460096122289926	0.15568805308790346	-0.2628087684105075	-0.16972063507339996	0.25212538815050717	0.0016564736555587448
12000000.0	0.12576781680429683	0.031062690244031632	-0.25882436845002754	-0.07864663813563588	-0.14050740757311847	0.17859478798010248
12200000.0	0.16597679717866498	0.09952376259731555	-0.35333968143829886	0.09665036775911284	-0.17543576991094745	-0.27153316714854087
12400000.0	0.1263345233162969	0.14693740360928498	-0.22873347815421985	0.04534259723719236	0.06537520512245482	0.018425704765203936
12600000.0	0.1063178814195247	0.06356222820867785	-0.2219713640543538	0.05196140457835563	0.06005417587558887	0.07024800750670064
12800000.0	0.08110971947748524	0.03268825356626914	-0.24853590875420095	-0.00598348221918199	-0.01778722939630356	-0.16705980281235971
13000000.0	0.082851802552522	0.017648137660994934	-0.1744745078792913	0.0715915217022971	0.1019944456156287	-0.17851044221523504
13200000.0	0.04839445712562096	-0.04061802603067921	-0.09198725407509145	0.06235203775027465	0.10282372753843066	0.008592700065097393
13400000.0	0.014386248558611925	-0.12438250944427143	-0.08416885064801705	-0.09022173147493362	-0.05929568579693861	0.029723893853605764
13600000.0	0.05558420451826862	-0.06678031021897901	-0.10128347611035682	0.07702447037473448	-0.11630800569914107	-0.1704823649319191
13800000.0	0.02214938121729304	0.03813107952711148	-0.018081207188250348	0.06504166614651519	0.05301116555292901	0.21836934654387716
14000000.0	-0.008731270833621352	0.005433119972036771	-0.11660520168141031	0.2191437573374717	0.12848493409414302	0.1035598898028627
14200000.0	-0.10781093130518116	-0.07354865223816365	-0.1583411089955553	-0.06983130011134975	-0.040122394567064845	-0.15374058962612447
14400000.0	-0.07714726602864985	-0.01975590278614492	-0.09691299610892623	-0.03875023162309699	-0.07180927840422452	-0.05907622642730931
14600000.0	-0.07027569391908628	-0.014662494663653103	-0.07678579573513766	-0.04765544229187535	0.06263699577801363	-0.0397154424469291
14800000.0	-0.05440058127534897	-0.048634529896385725	-0.064786216985388	-0.0810587441687054	0.16269124791226663	-0.037809352382768696
15000000.0	-0.02905105224239435	-0.14514028446399463	-0.05131511555105217	-0.15169970799065569	0.06885336159384242	0.0699011231719632
15200000.0	0.035271046856674815	-0.20139182006939382	-0.06805953918544361	0.02148972667270277	-0.24667890774521573	0.14369657560892035
15400000.0	0.020165120786316493	-0.0799458711755614	-0.12233807752241588	-0.22741870947688758	-0.08385851173209868	-0.09658427872201321
15600000.0	0.11216182308521638	-0.050583798307258565	-0.0786029119712357	-0.09597897086135765	0.03827367632480738	-0.09482405186328671
15800000.0	0.1511427461861814	-0.07596608843884667	-0.03941159855680598	0.07190293961715488	-0.046377173626162005	-0.0023812466194340007
16000000.0	0.12045263743627288	-0.058745847244389804	-0.019551479303345776	-0.13746748117564733	-0.22583493070768534	0.07575918283650626
16200000.0	0.1778517377331177	0.025293223564825773	-0.030978239629443904	0.0066814641060055635	0.03598164605950471	0.034655803848493524
16400000.0	0.16622486442552287	0.016143673893802557	-0.03928450994816779	0.03509931266421873	0.025503193981463612	0.06383359686651499
16600000.0	0.13883081051816504	-0.007159190704393303	-0.05511296806858301	0.03534896807470922	-0.06729263027083965	-0.06501675135242926
16800000.0	0.11816395585819706	0.059769940586100745	-0.03003542098457923	-0.10537820462300429	0.05461965893066978	-0.014639665254488267
17000000.0	0.1596471910290269	0.04692290558197776	-0.004540009735070627	0.26669751347572745	0.1263638700964671	-0.06256636395567698
17200000.0	0.04732150195142637	-0.024067988705493093	0.03268389683164685	0.05748283982624791	-0.025425446041135835	-0.09222345019312986
17400000.0	0.019759683350127233	0.010091126955542151	0.07940806921971544	0.062672856815575	-0.22047774816041543	-0.06362027526879158
17600000.0	-0.015277477201074419	0.12340016725072811	0.10417836721015383	0.011455546562100238	-0.1079580371731208	0.1424561448492352
17800000.0	-0.022829608942032564	0.15768610315523102	0.043899997131536805	-0.1407594962091716	0.051508240577903486	0.258274006257939
18000000.0	0.02227941382706433	0.18233074619906287	-0.04993778449389341	-0.07808194192823148	-0.12767162339918037	0.022296941490572108
18200000.0	0.04207535992385658	0.18880062418267318	-0.075632814072217	0.0841127010760836	0.06072668821455429	-0.024970876228639534
18400000.0	0.004487605566104946	0.16777230364398665	-0.03966780423662086	-0.05055098605845876	0.048238369701632755	0.0041773301144658916
18600000.0	0.02591325293382596	0.12656884736207274	-0.04094261430987056	-0.11380024296080604	-0.01653297584203528	0.05271105455052212
18800000.0	0.0716609613868684	0.14608151170005712	-0.059061097273327756	-0.06114699645354005	0.03994936792011594	0.21063342225788861
19000000.0	0.10253765203835741	0.09526115167019977	-0.15416953419116208	-0.04934265690966555	-0.027514702678826275	0.1372161173684491
19200000.0	0.11928977863239965	0.09357451217305357	-0.1974180305752351	0.05041970715209976	-0.09121179888548836	0.031004966537176132
19400000.0	0.09316482101889534	0.16018789946740775	-0.21061769332093583	-0.03478210170230245	-0.12319835320866113	-0.1742293197388622
19600000.0	0.10927200476830023	0.1932946021788089	-0.1307394009664783	-0.13694643481805224	-0.030398154540108413	-0.12592504499176171
19800000.0	0.17178025735383073	0.15787512612557553	-0.06257291355481742	0.16882066729391143	0.1936669850733057	-0.11730675391728018
20000000.0	0.1039358118890874	0.06274046069746664	-0.018374372555972296	0.0728000111143392	-0.12152095567902577	0.061166657783372255
20200000.0	0.07275514163871577	0.14498712549199322	-0.03219275224441864	-0.05082304242221669	-0.03821599330873804	0.026668524937653107
20400000.0	0.08222698107736193	0.1820422275983784	-0.04168306607636163	-0.18154935127092475	-0.03369379223545432	-0.09992589208991848
20600000.0	0.1673273103530093	0.19347073237930168	0.011113254947965667	-0.08726865059427746	0.17273950113084413	-0.049677274634364596
20800000.0	0.19657830616380068	0.1317529733567131	0.04324548866098232	-0.03623759000025473	-0.11240890808296466	0.08439903602775116
21000000.0	0.21934878671666524	0.19077260386346495	0.019687153403206037	-0.04516517035379586	-0.02588625844635839	0.07913555511849116
21200000.0	0.2358587728260062	0.16134441954582002	-0.009245861897874463	-0.056589304207778746	0.05549104392144111	0.18037775349948793
21400000.0	0.26258389736536714	0.12014379486545401	-0.0849473618213169	0.03368481741141416	0.1429059549493279	-0.019840476074660118
21600000.0	0.24126799995367776	0.04821151563566772	-0.07984684203414272	0.10971984384028843	0.0966454509434247	-0.06454824005673979
21800000.0	0.18941158397894498	-0.052153273869274486	-0.049460189937652665	0.049407931334224386	-0.11983458509542233	-0.06727124401720916
22000000.0	0.180360805644753	-0.04210310152598673	-0.01698562745756349	-0.022122231908357826	0.01313758287543454	-0.12475132242011541
22200000.0	0.19227433848490705	-0.018132961060086217	0.03587894046399487	-0.09677889360031067	-0.17721409718451864	0.005030018444257982
22400000.0	0.238754985457021	0.06133983927164799	0.03216906578459655	-0.13585088838607184	0.012158128153734182	0.07301112566377038
22600000.0	0.30148392783989664	0.057134422172486765	0.025245067065318483	0.2041849381270886	-0.1429813510420861	-0.01460134918317689
22800000.0	0.21008979668409467	0.05617244124522358	0.044365049140139834	0.13141114351735705	-0.026813812022078	0.07592679619100329
23000000.0	0.15193251157656817	0.09851745092203679	0.02123229708288299	0.07722879843546782	0.09894567808586352	-0.030079211476046343
23200000.0	0.11516433678147564	0.013524965714211135	0.05907986558841771	0.025156842378070365	-0.07349791566196973	-0.04488599764457252
23400000.0	0.09841124898402143	0.041907672094060544	0.08484768348898553	0.0005956016781984985	-0.15687365707782264	-0.11886805406820777
23600000.0	0.08272870670761279	0.10469987889761256	0.14399212778372583	-0.03162240711034503	-0.06512780839915377	0.09590466922262217
23800000.0	0.09900744505048209	0.12283410341992607	0.12567432259759426	0.079506156356695	0.0786489779184365	0.02534580837486153
24000000.0	0.06008400415637283	0.07533076514051551	0.11326787829202967	-0.09758890546226695	0.08472340877330886	0.07536638795525161
24200000.0	0.09277208931404601	0.03802174796775759	0.0899963657703623	-0.04539281415842478	-0.02732055286691404	-0.02664394500775942
24400000.0	0.09796203522655134	0.03287740622533164	0.09543322690991851	0.138774896106165	-0.0017179476586344222	0.032143341223444505
24600000.0	0.030124663618252612	0.07460057746476245	0.08200434330342476	-0.17032764641269527	-0.06359696259267489	-0.059055277171848275
24800000.0	0.10083422026170297	0.08807019068770039	0.10728090692265435	-0.03689035249652495	0.04363269924352098	0.3210421207147661
25000000.0	0.10443924317979736	0.07418334184301756	-0.02725291793839202	-0.035501408157098346	-0.10316267198560558	-0.09450513247072671
25200000.0	0.10677425889641512	0.0929428097751952	0.013871617089156962	0.0014215875098617659	-0.06433358238893794	0.0981138523619564
25400000.0	0.09811526107380075	0.1355608247900868	-0.02066900143516126	0.030711929310229813	0.07715633581117665	-0.17963804383346552
25600000.0	0.07511578870985147	0.12078602683203954	0.06758768360900969	0.04095447920247963	0.048220060072744264	0.06879315309817371
25800000.0	0.05861016872528069	0.07025076952853837	0.03268794025538091	-0.16533132948236773	-0.06919032739540398	-0.00559256037034352
26000000.0	0.11925649364157209	0.10524321273211967	0.04212830811938606	0.044715156499512965	-0.1877193797872656	-0.05993264410879515
26200000.0	0.07591822022637018	0.15544348191380664	0.07616146924202638	0.08256705722384705	0.017554790551690846	-0.0526096967913809
26400000.0	0.02858003859944347	0.12109927060125614	0.10094966283926132	-0.07372145394204033	-0.010250378673942961	0.03899103963983746
26600000.0	0.04677998923627058	0.12015353993717781	0.08386930970136874	-0.07864568239281677	0.06839950638634251	-0.06335647993933084
26800000.0	0.07894192486637053	0.10722135643134934	0.10037855184443178	-0.026280607654117993	0.051821047839795575	0.12269104931933586
27000000.0	0.08586592369753987	0.06757653190667767	0.05438187092983193	-0.020397772026070626	-0.24048894468875126	-0.07175542805302566
27200000.0	0.08318988563281948	0.17583927754300888	0.0907025451225022	-0.36702569223664927	-0.0007528552937743349	0.09605510685605292
27400000.0	0.23349732163933368	0.15253590396422823	0.05565495515398289	-0.05257854151821473	-0.09286677023817269	0.04674754599666889
27600000.0	0.2515020259509839	0.16139516353057104	0.031107110479633104	0.007494675537244255	-0.16338460853895898	0.15441091637972715
27800000.0	0.24228014720152657	0.20631203546120247	-0.019831745998634354	-0.010201458660041851	-0.0804356186898354	0.06788454544570402
28000000.0	0.2459940168693322	0.22340867626918737	-0.032336042005418286	0.03736175228204175	0.042725021024385246	0.22111979501003604
28200000.0	0.22100977199504257	0.23263531454206898	-0.13824185170593617	-0.10302636083238159	0.07373727692070497	-0.010020583570854748
28400000.0	0.25972369704588516	0.1898110799641053	-0.13142988083357632	0.32639800425657306	-0.0815065565505888	-0.15073958034357132
28600000.0	0.10918084624921676	0.2148878083552681	-0.05854958350627193	0.048361465670570425	0.02488524182133167	-0.08018276901482349
28800000.0	0.07163622938897163	0.1855163766293515	-0.038948571032419	-0.049930562475566376	-0.046853397591081425	-0.07274817318942682
29000000.0	0.08142453933533034	0.22478987304204168	-0.02683226476947209	-0.22772795696325154	0.05298061173794899	-0.047588026101665105
29200000.0	0.17408393114433807	0.21219879858304935	0.003709032130317924	-0.12327041527932625	0.03154532619103412	0.17088578415477007
29400000.0	0.2152793681996883	0.2047969798959457	-0.05424729260367589	0.07699794511693447	-0.13981018075016527	-0.15936346635458715
29600000.0	0.16756688451557977	0.22992248604631982	0.022345991506180662	0.046629464009488863	0.04980133600640135	-0.11507811790191382
29800000.0	0.13859183028469602	0.26258625838647376	0.07859467609217086	-0.028093838395784942	-0.029512788296564896	0.18908853395552785
30000000.0	0.14403076123461744	0.2915840490594164	0.003554631173515621	0.04624219569004406	-0.04906583914591378	0.035166383039805835
30200000.0	0.11699677770012329	0.32656985262183724	-0.014678975463974231	-0.006311226276577209	0.16874469707058282	0.12482536560837601
30400000.0	0.11132767672029331	0.2382171456925164	-0.0768157527875526	0.024878686311324394	0.1604249237731108	-0.04239439061319989
30600000.0	0.10606042922501047	0.14093526162491798	-0.07132179173409492	0.010170077438290015	0.17803303939463966	0.017352006644598735
30800000.0	0.08310876573683856	0.03964472716246803	-0.07105156812949076	-0.12869118609983587	0.07445179145055025	-0.0022461806975105462
31000000.0	0.14003411457910886	-0.0005271944732427869	-0.07157671645812247	0.08143938901383141	0.03448784814554884	0.01617858965478729
31200000.0	0.10197325012585168	-0.002580687193685094	-0.07818073022451155	-0.04357128398751797	-0.07659503986354821	0.03510751446412022
31400000.0	0.1097295713435642	-0.02519056523529173	-0.07635750838117294	-0.06955935360472676	-0.025388725907039777	0.09997020894685663
31600000.0	0.131872419539647	-0.021622047697078983	-0.11500125700121033	-0.05450025415908488	-0.002577454483769337	-0.1338246211544283
31800000.0	0.1458179140663134	-0.07439853425680099	-0.05147933302694774	-0.09238182046721732	-0.11345116753757178	-0.11112123798337158
32000000.0	0.18015341046876188	-0.014491580528300574	-0.010576757082715216	0.18907419646505996	0.17624793551275264	-0.047575994849324184
32200000.0	0.09089997783230785	-0.08534822882938897	0.01060548319030774	-0.03237893094581956	-0.20980441057812627	-0.13694470376500115
32400000.0	0.09353723829664773	0.012666550969520074	0.07974408082518902	-0.1152907271888175	-0.008544278507530478	0.04262233050423696
32600000.0	0.14165182930099718	0.04323560939471349	0.06222622708101189	0.00298957932463928	-0.0011994365754235403	0.07267358174090369
32800000.0	0.13844208637900124	0.017829242684932467	0.02297750649674246	-0.03717427415183572	-0.2160441299536826	0.05791850653240384
33000000.0	0.14329026679784818	0.12508625965352138	0.0047234612331367165	-0.16232931430556352	0.08643724671565156	-0.0495304030716131
33200000.0	0.1946041925518216	0.0857693880584307	0.012824859267882571	-0.017665747571802726	0.02975202353416151	-0.16794494791563816
33400000.0	0.2011597183081335	0.07416144942385472	0.07420167953102408	0.003288037368156971	0.0745364302876732	-0.009227570685967225
33600000.0	0.1997832189035762	0.03977962805676327	0.052606887961533566	0.07672620967983512	-0.013950832356457887	0.11534550902835701
33800000.0	0.15711719748942699	0.010751352039335416	0.009297033216212447	-0.01268425694198605	-0.2230492458193245	-0.06330514409819285
34000000.0	0.1565415994041075	0.08644060922269148	0.04110744981501513	-0.0005450260502763982	0.05524484661686557	0.05870688730103872
34200000.0	0.15061832129678976	0.02348415173552354	0.016903072723522428	-0.0037598124269999644	-0.005265353370706549	0.08879824654867023
34400000.0	0.14199307413200302	0.060578565599207934	-0.01065751299442863	0.023056635000829218	-0.059457727550881856	0.26200415777016384
34600000.0	0.12226908350446308	0.07461476239065945	-0.11576937610466054	-0.09469403215936989	0.08516671235443862	0.03841272700524547
34800000.0	0.16341887438088065	0.009373238165551356	-0.12552647629842595	0.08784253593500502	0.02707315011398581	-0.12247073825632247
35000000.0	0.12201969008125957	0.016030288991629504	-0.08806455779368905	-0.022153711004511578	-0.015077609638995071	-0.02221723614413329
35200000.0	0.12529656908573372	0.006509218240225323	-0.08793019502133914	0.024342303270167065	0.025117503297052757	0.03908592670807531
35400000.0	0.10921341185694189	-0.027982290580972347	-0.09931419140017472	-0.04027273527696629	0.012601971804966361	0.10820169370328178
35600000.0	0.12066899415903265	-0.04334642019712476	-0.15367609860013298	0.06751247473211919	0.06511092796704254	-0.11879623376586494
35800000.0	0.09091342974249983	-0.07148621853475134	-0.11167422017767248	-0.017445796755362508	-0.02158319868832681	0.006417487425318537
36000000.0	0.08434348249201662	-0.14028626168573055	-0.13034029029075844	-0.1231871619753111	-0.04546865463904126	0.0978168135660477
36200000.0	0.12621160213235783	-0.09992931698693752	-0.17908445256829897	0.0292575352098714	-0.006535946456779129	-0.029932903406235688
36400000.0	0.09468163980777433	-0.15478591196860236	-0.1694730265117773	0.04713574447054647	-0.012755667196083564	-0.024441220357167122
36600000.0	0.06221040964665292	-0.13268384523847487	-0.17589178443012876	-0.1741068241860404	-0.0364074879852625	-0.08876215578224413
36800000.0	0.1422857820217871	-0.1054849012524528	-0.13569023508595857	0.1546407527105469	0.009773764835267151	-0.06035838397035725
37000000.0	0.06936562603389973	-0.1331317448915712	-0.11457257519720188	-0.017801306541939788	-0.02566679510399883	-0.05603137842938951
37200000.0	0.062124685973429905	-0.12647720764519477	-0.0950107183085327	-0.08951894746712874	-0.010744497626760996	-0.12640369226690784
37400000.0	0.08231879214064008	-0.0931840242212445	-0.05609030820722638	-0.03870847462211646	0.052461258311438996	0.1426184717257595
37600000.0	0.08989120856189459	-0.13860195211337611	-0.11894164965309884	-0.09829242657721471	-0.18513698964783298	-0.10763047618357821
37800000.0	0.1442181490716763	-0.056946042071089664	-0.08056980434670258	-0.040346589339036676	-0.10025157547029995	0.012260089306206236
38000000.0	0.15626256213730016	-0.04564735584806101	-0.10692992338907903	0.07134450920526181	-0.22382075775145438	-0.13390318233179815
38200000.0	0.11537096450253159	0.10067634693645289	-0.051429959848896756	-0.0024131894824579447	0.057046876284024606	-0.003095062395749264
38400000.0	0.11065881073881201	0.05356365614355241	-0.05035938842760457	-0.15339236230990183	0.07030672281597994	0.12948804391790553
38600000.0	0.17187943167286335	0.03455645350246073	-0.10155869663047001	0.046637899224438506	-0.07384430263292963	-0.03748499454357161
38800000.0	0.14480987753204033	0.047107929620310074	-0.08322794635469266	-0.07559356223458957	0.17175397590269448	0.14704080581630258
39000000.0	0.1687340387552041	-0.008288576600861575	-0.13832356035784166	-0.25547911505910115	-0.09860738757892307	0.13962207568052162
39200000.0	0.2710681766277929	0.05181023945404206	-0.1931883900499325	-0.07236419195447841	0.13824081604310035	0.05583541222213101
39400000.0	0.31085578087609633	-0.04450244887048882	-0.23297802463464712	-0.05647145858388214	0.0232288645857901	-0.015910195276717026
39600000.0	0.32736987197091594	-0.02203097965492873	-0.22552682954993353	0.08319475634727302	0.21167606539610073	-0.10053301321925483
39800000.0	0.2985532978658938	-0.11153856511080562	-0.1829540446144775	0.03213130851649959	-0.0046402347374083774	0.049698931643987976
40000000.0	0.28249198395121766	-0.13069875432255174	-0.21486298943834026	0.07228080263075753	0.11987241434987617	-0.03739955521167523
40200000.0	0.23807454794004457	-0.21960113226850808	-0.19676259992798817	0.0001029262574712142	0.013550458026132972	0.15864501907616352
40400000.0	0.2300782204210634	-0.2201278030149325	-0.2586408291231691	-0.08091880889260494	-0.09975554180531887	-0.33871769597922785
40600000.0	0.2518304523571828	-0.18161914694064762	-0.11905539478912663	-0.0219852685641424	-0.11526133799720828	-0.07768078786230316
40800000.0	0.26584930993931266	-0.15907637196062296	-0.09724878340442356	-0.044546111673683164	0.024546443205787583	0.08237949713344413
41000000.0	0.2805584572570581	-0.1341360207373299	-0.13286353618169122	-0.05060679984653538	0.11187496122682727	0.029427244490132773
41200000.0	0.29866054732744374	-0.14247956843050247	-0.14346927666958798	-0.10915856211621255	0.10522254859756686	0.11143827085335752
41400000.0	0.347011736644248	-0.23291857257999027	-0.1977022790436297	0.11690530747338057	0.0646788499457891	0.03471430690844939
41600000.0	0.29182362681294194	-0.35496036748958204	-0.21640673419430745	0.1067834172515667	0.24015168648013763	0.08507954589801581
41800000.0	0.23054312340622118	-0.48671027085964624	-0.24971381414931482	-0.07745690767829294	-0.028737169469401636	-0.08233285518379521
42000000.0	0.26561890760845586	-0.50241758159558	-0.20941304400058358	-0.05454189936175702	-0.054373877042275254	0.016299642215037574
42200000.0	0.2840912274459697	-0.5169641614045446	-0.21369579823149387	0.1026446014479454	-0.052521510455184384	0.0719328181886602
42400000.0	0.2373345287292068	-0.5145063478983758	-0.254101133712447	0.09018955779290327	-0.10477431668375203	-0.016109700519841584
42600000.0	0.19386671099024966	-0.49217232345377226	-0.26626015826675575	0.013797139871800645	-0.05118642148697461	0.04004258500570865
42800000.0	0.1816907463153825	-0.46399282585029766	-0.27256790195755287	-0.23609228603438948	-0.1533521647955638	-0.061462007758982806
43000000.0	0.2784168053330234	-0.3577684695703738	-0.2514820190420425	-0.024765383722406664	-0.07448086615258909	-0.11028199104415877
43200000.0	0.2790071583289091	-0.2878199749202821	-0.19825013224948307	0.13680136907516438	-0.19679247516454978	-0.051052769505504976
43400000.0	0.20617412621305675	-0.189878473163688	-0.1684072280081237	0.07466296518160731	-0.057492572727793956	0.03733587112210628
43600000.0	0.16010671721636527	-0.1589689071619631	-0.174137754826024	0.2537093962770054	-0.0920907614564932	-0.1376732430637282
43800000.0	0.04201457991891289	-0.1308726133657956	-0.12604851463440758	-0.03587635318099147	-0.025055995430413702	0.07424483667606982
44000000.0	0.044505385066230474	-0.13648470598815265	-0.14422674417238934	-0.026493069522585122	-0.059703217211527715	-0.04316868475721073
44200000.0	0.043042956600999105	-0.11797274448056783	-0.11936252766929156	-0.031857824341064434	-0.016154789052739815	-0.017703339279675295
44400000.0	0.041507271993822314	-0.11619850937094611	-0.10178986770084542	0.01221613965799262	-0.2888137938871882	0.06238274393906497
44600000.0	0.02471290851599406	0.028501198611508016	-0.11894757903002151	-0.20128501701978085	0.11435813827427133	-0.03656881729262064
44800000.0	0.11616701957240139	0.0003346098289398469	-0.10232055176652721	0.0001424139518404477	-0.23718169991950688	-0.18898768785875583
45000000.0	0.10493047524349208	0.14839732069967226	-0.009830025101420947	0.03944730811929073	-0.07155967082311498	0.14045329647041094
45200000.0	0.09077299317300458	0.22513479453513696	-0.052066613438308984	0.010243914171059451	0.16464490250463548	-0.03833453976912959
45400000.0	0.09685791386053211	0.16013420758963548	-0.0637258170369761	-0.30713827740446015	-0.09282755578886714	0.030373471678552286
45600000.0	0.2269357347227583	0.21079837248385047	-0.07315223288164185	0.1325616613479301	-0.013443071446728183	-0.02717994011599182
45800000.0	0.16994182249862888	0.20930581891835232	-0.042714695689615834	0.2340767696400714	0.020704640159989296	-0.11329771969363565
46000000.0	0.04941504778716421	0.21473564610474227	0.014294315465392504	-0.11013897525389477	-0.05110970713900542	-0.04366738185876516
46200000.0	0.0880410142546566	0.1705772564175163	0.03346262484961515	-0.0785409323760432	0.1429485536445423	-0.06968451653199713
46400000.0	0.12004119411170677	0.1149268924524165	0.06095037750194732	0.025487865702426116	0.03047252037135273	0.0519105979745734
46600000.0	0.09904362276225243	0.08440740436790861	0.05611496464144661	-0.0797446452752395	-0.23044526319227465	-0.018559991558537194
46800000.0	0.1216105204164819	0.17597009124847318	0.06133704494199732	0.06456248679738452	0.10690986888267417	0.019148993712929913
47000000.0	0.08782895088398845	0.08041947653899228	0.05934582485113904	-0.12790709534199807	-0.10934048155922049	0.2648988930558761
47200000.0	0.1322879933274521	0.1334038277941545	-0.05279971188776378	-0.1135631208654937	0.0445726261912025	-0.12465813104319892
47400000.0	0.17642260190410752	0.09904225243926135	-0.0018860244882396016	-0.05984925714630984	0.01036956592222893	0.12818097100242848
47600000.0	0.20315958487995545	0.08562861571670055	-0.04902130835632468	-0.18086336016160032	0.04563242223192354	-0.08651819259091054
47800000.0	0.264580205497964	0.08686980060392102	-0.023489088005584136	-0.013279536188489205	-0.1712052499711234	0.05237250772507353
48000000.0	0.2627892367765696	0.1852883545871009	-0.042977029444269066	-0.07236723010618329	-0.08958110593296631	0.07644731243711642
48200000.0	0.29977868866447466	0.24833772463657056	-0.06573087059186045	-0.004908277362551061	0.09182467457242716	0.0710058806483403
48400000.0	0.2998937716447472	0.20629016262924438	-0.11119085242650673	0.0602131074399499	0.07586832055055481	0.03194537468677707
48600000.0	0.2735626040779664	0.20340661952229766	-0.1292295293991439	-0.019048282944869932	-0.0006983063598049455	-0.054232798367674494
48800000.0	0.2728470623343924	0.20902281345811957	-0.10960402710980066	0.0853473302056944	0.11509862315842945	-0.1260750934521854
49000000.0	0.23741102004993309	0.16082734790455788	-0.071278636588752	-0.15549954518205888	0.11288322908281856	-0.03162221602799837
49200000.0	0.30371331597754647	0.10365602304327126	-0.0642977223142498	-0.097305180804931	0.038924150833176796	0.0007557460384409838
49400000.0	0.35097969854862754	0.14160705524136574	-0.0494824676164598	0.07166114359881304	0.14038568419571718	-0.013585114880534727
49600000.0	0.3213986465079586	0.10403832193244966	-0.04550127887775102	-0.031190379141986302	0.06852668589275623	0.012447532581717605
49800000.0	0.3256934849095785	0.08202484223980377	-0.04099945315025855	0.003019587223206166	0.06406328484160007	-0.1588119427030099
50000000.0	0.313933942116563	0.03399490671785088	0.03514629936231628	0.11751155909284572	-0.14306690189739157	0.005706115798567717
50200000.0	0.26288709255395304	0.09757896119057818	0.021704720119006815	0.1120803504902379	0.05206679764323141	0.11020118248348144
50400000.0	0.21046707356313732	0.0912015638814978	-0.029470824879649693	0.08424797933632355	-0.008778094421257876	-0.046253703393169435
50600000.0	0.16458651465492835	0.0618414164157457	-0.004063973950933386	0.021204034342784617	-0.028756537538381366	0.016952500100091913
50800000.0	0.1482801563028886	0.06868610237825123	-0.01472288408896838	-0.02967257223880093	-0.05792933396104161	0.017495584979842337
51000000.0	0.15097274493628277	0.05270080125390564	-0.009553512512024409	-0.013277430706770232	-0.08917864796579877	0.04924985134053038
51200000.0	0.14162666098073373	0.09933369588569008	-0.03819114571173288	-0.002640606007092927	0.1706808487085869	-0.032896311990672
51400000.0	0.12848297942663578	0.029713518603614375	-0.020646272501587015	-0.09528045686031827	-0.05065231040186369	-0.06709817587229046
51600000.0	0.1672469115669486	0.04196846861199788	0.027073376666315818	0.012931638568701942	0.05164713253040176	-0.021029516148994898
51800000.0	0.1577743920459227	-0.02767578744669663	0.05134392666424192	0.130795504610985	-0.06673827507816554	0.006407840432296582
52000000.0	0.08527326700956905	-0.022573215714260186	0.06384485145818075	-0.08942548170801334	-0.15314401369066744	0.18499090679407493
52200000.0	0.11347139887536173	0.057224575816604784	-0.010780356074117536	0.08347238017232872	0.09466559308628852	0.06075193669044267
52400000.0	0.06534581839511588	0.0019087667037638312	-0.031193646208848125	-0.10022834080049403	-0.19860797098277239	-0.144503778543766
52600000.0	0.09415853907404426	0.05624195116550368	0.03302726362154251	0.1883097918023129	-0.1161270450285965	0.19903433821949557
52800000.0	0.004227796687928276	0.10859423180173167	-0.03439684732274839	-0.05783409799374439	-0.05685314618796511	0.030737330338260496
53000000.0	0.007357878240497939	0.12025092964248074	-0.0585650290804165	0.06767582503045588	0.045207325098264306	0.09052278665332912
53200000.0	-0.038787411248151216	0.06516981092832452	-0.09532113552948851	0.03574902548508341	0.02449643055083861	-0.057548101317004066
53400000.0	-0.06166819010344682	0.07037899014980553	-0.07073142945714528	-0.06652307209857966	-0.053724553581114165	-0.12156861981888549
53600000.0	-0.049122791698323454	0.13420895440597747	-0.017276759920092477	-0.14599948733841206	0.13122519928748666	-0.11044918281091178
53800000.0	0.013499014266415088	0.11644863531995497	0.0022058599162314563	-0.05321999118788412	-0.17490600617929175	0.1976211428257169
54000000.0	0.04101207602622026	0.13932961184232795	-0.06301230360995946	0.08132772190870696	-0.12909896457351522	-0.22732401325071908
54200000.0	-0.0006867513175166096	0.22404194114369602	0.030854961800201197	-0.08897811011044165	-0.2472353665295408	0.22374060561060546
54400000.0	0.030389572107324625	0.3170902517506704	-0.0633555573364123	0.13562015235057867	-0.09569690550661925	-0.10544458206803504
54600000.0	-0.040720041073569746	0.3887471923896726	-0.017774877508364706	0.09898365746430038	-0.00981207792086991	-0.007103874361907214
54800000.0	-0.09772660917309395	0.4269473803315975	-0.011908915992380642	-0.020367848700662883	-0.05625310364481173	0.0784256666913025
55000000.0	-0.10147861424826488	0.46070163786470175	-0.03942615157726459	-0.11448933694685604	0.2363632393358177	-0.005580066964436842
55200000.0	-0.06759801370017726	0.3660725422234634	-0.037332532199487733	0.004706699044723983	0.17743380933945474	-0.08806324801218045
55400000.0	-0.07403035835444882	0.3026089483736314	0.013022648698890471	-0.05209754081353246	0.09766326348177934	0.15626696915577645
55600000.0	-0.05733908344217298	0.25849721402582304	-0.06383903879046327	0.062412516310534016	-0.004928423480976107	0.04271347342490952
55800000.0	-0.08415243772549275	0.23954846098712324	-0.08772387736662346	-0.06873816612266204	0.1529670104676848	0.031353211604713965
56000000.0	-0.05588195038073707	0.2082889308005349	-0.10830470518581803	-0.13887259278079433	-0.11446028291921628	-0.1344093919672581
56200000.0	-0.0069338473154800795	0.2431709172479941	-0.06799913387765866	-0.09046399548923034	-0.16369814318411535	-0.10950880119196672
56400000.0	0.03969516766090919	0.31088700369667777	-0.02552585779994576	0.03570513061878344	-0.02477106114636385	-0.15380277199567627
56600000.0	0.01178637703800689	0.2958561171983263	0.04457698273248423	0.046065675889288116	0.0017858613997576711	-0.06354556007917041
56800000.0	-0.0061284746936394185	0.2666039639990174	0.07060400791509214	-0.16503775569838197	-0.1071815793499038	-0.09372773335719331
57000000.0	0.05574737256367257	0.3186385863914438	0.1211709684853195	-0.018992928711991652	0.0014235852040993535	-0.02703747805485468
57200000.0	0.0502992464458174	0.34233694786215096	0.14023735861592435	0.052289354922312015	0.07932640483422215	-0.11028075245954741
57400000.0	0.024811719485640538	0.27834955546958895	0.17863939186358124	-0.057802187942195715	-0.019895335683093762	-0.030946821810887398
57600000.0	0.0463718944377689	0.24379840222232474	0.20427444502148906	-0.13301591472600016	0.15228273760307598	0.16935638567256356
57800000.0	0.10270297878737722	0.16354888913821242	0.14577381800513733	0.012741918442605638	0.1310737830122548	0.07132069059662458
58000000.0	0.1019610319705464	0.12956441553507148	0.12226553643793292	0.07756830511468493	-0.020281397732112794	-0.00888391554176999
58200000.0	0.06147824991649031	0.11599734156538943	0.14029129885838887	0.053556406545856916	-0.009161850245547498	0.09197243654435497
58400000.0	0.03276710867838517	0.11269451667217822	0.1078824445781561	-0.008558921574952194	0.07154560763130036	-0.056645230890195755
58600000.0	0.030084165026309506	0.08588295025839443	0.1388649507073868	0.06807246749635709	-0.12233974249975965	0.15242921847447224
58800000.0	-0.019728872152569465	0.1245320268208161	0.07289787564466355	-0.03463362921927704	-0.046730879968880146	-0.2140054964166965
59000000.0	-0.015468697742889503	0.14261425864884814	0.15085517045392294	-0.02896346743903422	0.05769440570163287	0.12791960669747113
59200000.0	-0.007509237721322393	0.15113411420207967	0.10425616141628835	-0.17175201336545065	0.20793977381247775	0.006284458776474371
59400000.0	0.08078907542311242	0.06274818477896815	0.10402854000391315	-0.09229880762743115	0.0998846360006942	-0.017492962493409543
59600000.0	0.13011960690901248	0.023086313354895083	0.1323491284350884	-0.12821519350982058	-0.07387862829856129	0.15608967578766655
59800000.0	0.19739611543494817	0.05757115110520772	0.06348092087794555	-0.04262745660915712	-0.06417304969050619	-0.05347837303180156
60000000.0	0.21969349733831933	0.09151227289697772	0.08327189090911313	0.03834282416664436	0.06255835605550963	-0.022454548701744674
60200000.0	0.19967621731175456	0.07296216390403742	0.11477042330780651	0.16465725904707895	-0.17681901415464285	0.018840040006057983
60400000.0	0.13604639213404823	0.1799452259502914	0.10410680570867514	0.024553748324390057	0.1802291244528451	-0.07882975094856699
60600000.0	0.13576578382621562	0.07007519887685021	0.14171449805012137	-0.020074600782965746	0.0696038920907518	-0.046599406797066326
60800000.0	0.1511192082448929	0.03334059212960483	0.1683819379477005	-0.14107548355224786	-0.07199738257310662	-0.06820656189497826
61000000.0	0.2044000517245692	0.07225222590756175	0.18633345445214866	0.02976923042183799	0.061091395979048446	-0.04652278001883661
61200000.0	0.20486321371868144	0.06229374460377812	0.20044196556988902	0.14928229451789043	-0.026124795754944863	0.15791598770733334
61400000.0	0.12987718811512394	0.03190632326521836	0.15447614177365687	0.18070367374659568	0.0743538871960876	0.20450044424725236
61600000.0	0.05172321664657176	-0.03267434657351487	0.07866101355643762	-0.06212454955867486	-0.05067575727966789	0.05517721971695701
61800000.0	0.08512668865777329	-0.01057082536777898	0.06344547102875586	0.07886671492886954	-0.048020528331745194	0.003707787542868644
62000000.0	0.04585042783063997	-0.023341412290051267	0.05342819629711826	0.13548083170823055	-0.0783705228394993	-0.09770392304476465
62200000.0	-0.01751991890472482	0.03563345199779633	0.12660902914356087	-0.042096673880880786	0.009519174017699417	0.05564625829664079
62400000.0	0.0007853590327613347	0.054057754236680466	0.10280921104441643	-0.15721965409301042	0.10837999981928448	-0.1057129347817705
62600000.0	0.05463665027142994	0.0028600302214272233	0.14562112747400813	-0.031119407697067558	0.03604786443741825	0.15766196047338982
62800000.0	0.07476807725734957	0.023979681356706806	0.08606370137092412	0.026814371891195066	-0.06881976345574636	-0.15586359827250879
63000000.0	0.06528241919360411	0.062206049530288965	0.16348272096788807	-0.003658049043510303	0.031244940764070916	0.06590889062942865
63200000.0	0.06563728336069552	0.05745593582753372	0.13953792660392894	0.05082072832395035	-0.10430264747692863	-0.0986817421702757
63400000.0	0.034517079519126526	0.07618728812946074	0.19450709921408726	-0.04316112252490001	-0.020301801300382727	-0.040803255590852266
63600000.0	0.048018218054772355	0.1029571393905826	0.21483820539130538	-0.03749124156318295	0.024527796506450594	0.09440686517222875
63800000.0	0.06618917738480246	0.10337789306009881	0.16633942748790875	0.0739963510841708	0.009432071993177804	0.16603985845763886
64000000.0	0.03584919132460462	0.14132864979939086	0.11101155421622466	-0.17548029989307956	-0.1714047105516825	-0.01731290113223092
64200000.0	0.11817621822815971	0.22245533500984038	0.1364227260580939	0.019710676988191622	0.09287688686227874	-0.07087066886102723
64400000.0	0.11209353332713823	0.15895580807250553	0.1716925957998664	0.0790781226226791	0.07974199270442406	0.18510159164943468
64600000.0	0.0818875366344054	0.16668945635041155	0.08825381756383066	-0.021611560696017662	0.07407530026902831	-0.07762682739297973
64800000.0	0.10577392632203875	0.09943139842715709	0.11986569846880557	0.07256571256481337	-0.08109275418861617	-0.016669522957343204
65000000.0	0.0748774831130401	0.13975605064223373	0.11702420386219592	-0.05677694252226395	0.006587232021819434	-0.06388427497016302
65200000.0	0.09704303276808446	0.15531032768689101	0.14399733808512882	0.03130495900187924	0.16776958983017187	0.22595183835402938
65400000.0	0.08470089611571296	0.10906721499605965	0.0538129698920653	0.0012394042961325624	-0.020804593185136833	0.06073936889571571
65600000.0	0.08507524963982505	0.11712410451525557	0.00968988545019922	0.04630998751891369	0.026699701002752985	0.06740445825822733
