200000.0	-2.3303386293583616e-06	1.2987234577528283e-06	6.36975749527864e-05	4.3648987161304426e-12	2.38700477416283e-12	1.1561606259147948e-13
400000.0	-1.0530328280672733e-06	2.1157871817282894e-05	9.238512888702316e-06	1.2273041622112738e-10	1.6930583773524063e-12	2.678184823528942e-12
600000.0	-7.661668421565699e-05	-8.024441190886559e-05	3.216501515574309e-05	-6.855807277867332e-10	6.009284713017847e-10	-1.1515067348451974e-11
800000.0	9.706937768032231e-05	0.00014876178530905029	2.519490218614868e-05	1.5656410043139172e-09	-1.105566421737599e-09	2.4412268894355217e-11
1000000.0	7.613269142872021e-06	1.0299648906647428e-05	-1.8541800534987642e-05	-7.308195798127974e-11	-3.957728514552504e-11	3.755473173511259e-13
1200000.0	-2.5144549013191037e-05	5.0524641912890877e-05	0.0006432089170428283	5.487929056133484e-10	2.5099923469516204e-10	1.270822484243235e-11
1400000.0	-0.0001017415630301296	0.0003564251749328553	-0.0010239876176414307	5.529774851322006e-09	2.020022843857157e-09	1.052829768349695e-10
1600000.0	-0.0004475395795416478	0.0003361176362870166	-0.001388547755558816	5.1025774899938025e-09	9.142130680512386e-09	8.583824425900703e-11
1800000.0	-0.00018614095364601773	0.00012296607647406066	0.0004343293120691969	5.844124397429823e-11	1.9104932297835978e-09	-2.5739888092353584e-11
2000000.0	-4.8675137761950506e-05	-0.0004684011227364689	-0.002713083602754766	-1.869489180774219e-08	-6.797771311395903e-10	-4.6457894835431873e-10
2200000.0	5.585383231121663e-05	0.00012271906254542368	-0.00401989531157292	3.981517298169203e-09	-4.070642421709824e-09	-1.4347653952821991e-10
2400000.0	-0.00022947876444150077	-0.00016835065281171273	0.0007014711220708868	-9.100213726274265e-09	6.6645130510802895e-09	-1.4301462889112885e-10
2600000.0	-2.281596893627757e-05	0.00015081065384673676	0.001513829878372086	1.179839848195162e-08	-7.853809956315612e-09	-1.0184495080502074e-10
2800000.0	-0.00022010970102798622	0.00018034394983087285	0.0010421043118892183	1.4446995041046641e-08	9.451388418223751e-09	6.019772667642705e-11
3000000.0	-0.00024742298938108044	0.00013140555098372275	-0.0017610785864681463	7.537355898809848e-09	1.7354027034988803e-08	-2.2771857918544606e-11
3200000.0	-9.71587271346708e-05	0.00021105729312869965	-0.0004919245271603364	1.899133435212554e-08	-7.433061486660385e-09	1.792608132011836e-10
3400000.0	-6.0751105369656246e-05	0.00012195657280347538	-0.004769945508093725	-1.37599753497037e-09	-1.3186892239558457e-09	-1.4489326962231568e-10
3600000.0	-0.00013975347995675308	0.00016066140092143696	-0.0158384990439521	-1.6228289902365818e-09	5.5309472395145794e-08	-2.366500575974336e-10
3800000.0	-4.4151773464053064e-05	0.00015828624656807251	-0.011885837231950021	-1.008794891707107e-09	1.0832415710843143e-08	-2.334069917265603e-10
4000000.0	0.00014819798490419003	0.00023482528617856162	-0.022977803706453744	3.3614224796452107e-09	-1.0913356962672242e-09	-1.514421000372481e-10
4200000.0	0.00010519981241919753	0.00027243175398266385	-0.020610326720154434	2.4720440128355853e-08	-1.3408524906894105e-09	2.5584087436424334e-10
4400000.0	0.00020865352800923401	0.0003370285366122855	-0.03198560333146297	3.303258755719835e-08	2.6317452582378868e-08	4.179196506751081e-10
4600000.0	0.0004619096105960941	0.00043561005211566607	-0.03749536941864551	4.340450830034278e-08	-7.873885764133005e-08	6.869996376455466e-10
4800000.0	0.0005169313662871283	0.000503830371917867	-0.03808910196746175	7.205176493126044e-08	-1.1983296985678286e-07	1.1615179864317185e-09
5000000.0	0.0004743622814071325	0.0004731726951999311	-0.033055132108292404	6.168367243158833e-08	-1.3652091368765672e-07	1.092194430985874e-09
5200000.0	0.00045511143879468387	0.0003614229769532968	-0.033314447651310336	-5.607163801925889e-09	-8.393996751599533e-08	3.5069303280401397e-10
5400000.0	0.0005735408578300931	0.0003567548371199441	-0.04133712234634763	-3.85663602094303e-08	-6.963727252029484e-08	6.740116977254119e-11
5600000.0	0.000626252935838988	0.00033741158837418344	-0.049710592841131454	-5.253794156164877e-08	2.5607325561518006e-09	-6.6998814807459e-11
5800000.0	0.0004589224327825861	0.0004730917256075297	-0.05303308127360404	1.3900439886033717e-07	9.227797978102571e-08	1.5326060923334934e-09
6000000.0	0.00028489093138752417	0.0003376728741812109	-0.04426133808092187	1.003419720194119e-07	1.7914351399776737e-07	1.0815215768445084e-09
6200000.0	0.000502750524199465	0.0003489025075383842	-0.050250636019561354	8.817025641614094e-09	9.236657125349449e-08	1.4113296651227805e-10
6400000.0	0.00044540198103850494	0.0003574847988810785	-0.0525406892131447	6.339203803645902e-08	1.5672826422589061e-07	7.726119062339681e-10
6600000.0	0.000442728831944583	0.0003617406181346409	-0.05431126183428694	7.895061834041407e-08	1.7829262208822446e-07	9.706848061908696e-10
6800000.0	0.0004245381892302138	0.0004067128747526044	-0.04944865521302222	9.163069960063854e-08	9.980658933296388e-08	1.1974337700029906e-09
7000000.0	0.0005071074692421201	0.00023478325374148558	-0.04523066520502497	-1.1195381841839911e-07	1.1570907603893826e-07	-1.9011684604304016e-09
7200000.0	0.0006114922420134387	0.0002025240932055091	-0.048264435685820686	-1.865447099995664e-07	1.0838637318952715e-07	-3.041591024812526e-09
7400000.0	0.0004430317187043819	0.00027665199100722506	-0.05451561372883593	3.562414977865575e-08	2.2819864313982568e-07	2.9991661397123077e-10
7600000.0	0.00026740399048283327	0.00034330073684016435	-0.05357448987846827	2.0312787298763716e-07	2.720781225753088e-07	2.9939984246295407e-09
7800000.0	0.0003166482871262004	0.0002768563102320594	-0.04750533936688215	7.303883418763035e-08	2.3044017915184532e-07	8.725183340417637e-10
8000000.0	0.0004898974973254252	0.00020821393057723794	-0.05438448890515938	-4.2416682733303514e-08	2.5775782061989914e-07	-9.492628075724116e-10
8200000.0	6.367329001606779e-05	0.00021871977199280695	-0.05866018709215935	3.4382328475301935e-07	5.199100059007172e-07	5.514342491677537e-09
8400000.0	0.0008433468806276276	0.00030549723232303446	-0.05830029495814822	-2.3749372348833763e-07	4.243997144297859e-08	-4.285702174291929e-09
8600000.0	0.0012236548470744828	0.0004834317048108888	-0.06613033526605679	-3.7978839333176235e-07	-2.208699944745615e-07	-6.606565521316187e-09
8800000.0	0.001020362554536531	0.0004196684820032628	-0.06207152008837388	-2.898641059134694e-07	-1.0697813479598785e-07	-5.11077526773069e-09
9000000.0	0.0016063857389377288	0.000928039723717702	-0.06770779949114829	-4.640831278915008e-07	-7.292851554931064e-07	-8.128180048757039e-09
9200000.0	0.0017024918425578397	0.0009606817955971273	-0.06448828452016901	-5.551932784545334e-07	-8.177983794290279e-07	-9.553774379351673e-09
9400000.0	0.001387020984808485	0.0009262360112827705	-0.06293716706363163	-3.431661482115673e-07	-6.732639050289599e-07	-6.261030125320836e-09
9600000.0	0.0008631654822188934	0.000987034767994853	-0.06330259624083881	8.156109531362522e-08	-5.155852134031886e-07	4.485588745642156e-11
9800000.0	0.0009991198130617663	0.0011662738901865577	-0.06482733812759621	6.03340772828575e-08	-6.930609455618967e-07	-3.637956883776873e-10
10000000.0	0.0011219011474673907	0.0009818376384541098	-0.065184709443043	-9.162855345753538e-08	-5.980418828157345e-07	-2.5283523408473125e-09
10200000.0	0.0008919722682964938	0.000839006043650112	-0.06208055700860838	-2.765150932449179e-09	-4.2737121198235154e-07	-1.3108999168936392e-09
10400000.0	0.0008730043598779519	0.00047055849133461843	-0.06227503082998672	-1.0612277120162506e-07	-1.527216370900589e-07	-2.64813440630198e-09
10600000.0	0.001418053340519704	0.0012230740400044054	-0.0633729567713529	-2.5252603215221437e-07	-8.640806706872278e-07	-4.174573142160696e-09
10800000.0	0.0014152739670740598	0.0005533857739135081	-0.06070416859159857	-4.787887452806562e-07	-3.9054283649826006e-07	-7.513747170532854e-09
11000000.0	0.002070592332258682	6.60629982587538e-05	-0.06073152750938117	-1.0818683615090211e-06	-2.3509753298654581e-07	-1.5217241086793187e-08
11200000.0	0.0011723452326145034	-0.0001051836867003558	-0.06144470651953954	-4.923886275496336e-07	1.3425458180823245e-07	-7.548763525021655e-09
11400000.0	0.001219217150671369	9.465043806634817e-05	-0.06792357109106643	-4.007860965393978e-07	-1.9203649019063947e-08	-6.170030300250453e-09
11600000.0	0.00048163683483071803	0.00021165789111030414	-0.07126420612768238	1.7067900127957336e-07	8.908512392437053e-08	1.045042492173471e-09
11800000.0	0.002146812967754437	0.0007058231746545024	-0.071342180140756	-8.374581713324207e-07	-6.711385062809515e-07	-1.1594467110525314e-08
12000000.0	0.0015082427591593	0.0013510901887318237	-0.07504073461382849	-2.086613568881275e-07	-9.579734402343342e-07	-2.6117202291325127e-09
12200000.0	0.00021530181865600994	0.0011571855362673149	-0.06951290413002242	5.479903782604391e-07	-5.054346124169258e-07	6.265590307958205e-09
12400000.0	0.0005588339977339283	0.0007400281422906994	-0.06983487865338604	2.3100830081529402e-07	-3.125094220113866e-07	1.452274572271533e-09
12600000.0	0.0008832020309061963	0.00025178744755739946	-0.07113322990781694	-7.338795492049335e-08	-7.467274296710735e-08	-3.266493017124916e-09
12800000.0	0.0007430976089026343	0.00039028785215119543	-0.06801400557510422	1.439868786949921e-08	-1.1550892744491333e-07	-2.033799549931714e-09
13000000.0	0.0013371493827217913	-0.0002633222103279445	-0.06474518997663803	-5.415505210571506e-07	1.9761212440062105e-07	-1.0801262138859719e-08
13200000.0	0.0020220665726462406	-0.0009535032525085147	-0.06486590194246068	-1.1143597250511013e-06	4.917747662347005e-07	-1.964158954372094e-08
13400000.0	0.0017167749314241968	-0.00011609722676118363	-0.0653993563724057	-7.501748714153076e-07	2.3635872718410597e-08	-1.3288191996002816e-08
13600000.0	0.000542190798148349	-0.0004498881615515941	-0.06250906669681279	-1.219971829073867e-07	4.866321088975548e-07	-6.4307647369856275e-09
13800000.0	0.00091423954880962	-0.0012465660750485817	-0.06607079214784409	-4.5780690398210075e-07	8.691006700529821e-07	-1.2727844225725664e-08
14000000.0	0.0016767382467909944	-0.0035884963607770966	-0.06765609965187509	-1.338865675565157e-06	2.1398820474009132e-06	-2.9880868865451724e-08
14200000.0	0.0014127311090773734	-0.002747942362464594	-0.0652513711183967	-1.0571868126975187e-06	1.7077204654266124e-06	-2.3635482208170865e-08
14400000.0	0.00076495629387117	-0.002175548395598708	-0.06435080008098094	-5.750360776749926e-07	1.4900448954603392e-06	-1.5644901541564812e-08
14600000.0	0.0015165805544884745	-0.0017942389945983367	-0.06375501241411086	-9.66425715998609e-07	1.1391623889220013e-06	-1.9180811515864705e-08
14800000.0	0.0034533255823435017	-0.001250440227077977	-0.06320031328163216	-2.033396152521834e-06	4.961547832099551e-07	-3.1022019121414206e-08
15000000.0	0.004555993797616831	0.0002467657495595914	-0.064237025433808	-2.4225805256353627e-06	-5.815189261868261e-07	-3.022533038549765e-08
15200000.0	0.0015888950142825668	0.0004318061459148436	-0.06628607229512799	-6.49185114596198e-07	-2.5538165269830827e-07	-7.910199926346905e-09
15400000.0	0.0010152336902940011	0.0034425781926064754	-0.06499202582493187	1.2085660245291285e-07	-1.8621668749139278e-06	1.4243345471109966e-08
15600000.0	0.0017017557045569585	0.0046500260498064765	-0.06370703726944878	-1.0664633698463839e-07	-2.6148458650931276e-06	1.6228456933523933e-08
15800000.0	0.0009284088784667256	0.003796828999532778	-0.06366177546469814	2.020391334000904e-07	-2.0355580130716807e-06	1.6271062234861385e-08
16000000.0	-0.0019903064496757253	0.006098875104865604	-0.06471669827033026	2.114589524735155e-06	-2.9193104917812585e-06	5.042519005105301e-08
16200000.0	-0.0014717396029119388	0.005894971080900269	-0.0651584659976617	1.8167113051553341e-06	-2.888234931578419e-06	4.6071645502732656e-08
16400000.0	-0.0011470160450417798	0.0052560961826987026	-0.06596128673987213	1.5769907064522697e-06	-2.614016874208334e-06	4.0668519745881325e-08
16600000.0	-0.002288565245584691	0.004906716881687851	-0.06514133374629431	2.117094935596152e-06	-2.2763898025117748e-06	4.4902746961326134e-08
16800000.0	-0.0011975201539140576	0.0065028475757221964	-0.06496930690528682	1.7363189290476201e-06	-3.2089726687537544e-06	4.886254262386363e-08
17000000.0	0.0005318546649903581	0.0018787572334040019	-0.06413227104204795	3.503749454962492e-07	-1.0541105925859372e-06	1.0182734316906075e-08
17200000.0	-1.3569588736179333e-05	0.0010468421788189586	-0.06301506528438816	5.179042889170189e-07	-5.475902196519815e-07	6.918827713854793e-09
17400000.0	-0.004145820980171491	0.0004351905336614281	-0.062290051793573484	2.490282895118122e-06	2.0704175263572156e-07	2.468476339415352e-08
17600000.0	-0.006199787298095399	0.0002704635167082172	-0.06398972665627846	3.5055024461184477e-06	4.387963625102455e-07	3.474825736580119e-08
17800000.0	-0.005004643323281967	0.002448079912919989	-0.06700837265330069	3.1882393716742145e-06	-8.441201393318895e-07	4.6439135472414405e-08
18000000.0	-0.00743178559151742	0.004122636168855381	-0.06730021573503817	4.528732581089745e-06	-1.4193267722382088e-06	7.149560262020014e-08
18200000.0	-0.006293116137614348	0.0024157478503860344	-0.06698453024004541	3.819475527397872e-06	-7.079174538286419e-07	5.3469066468274166e-08
18400000.0	-0.005219034115552689	0.0033243507337128095	-0.06702785146587031	3.3957989278127596e-06	-1.2346186892913598e-06	5.5272269054398563e-08
18600000.0	-0.005454900688359696	0.005578988028838629	-0.06763495689759907	3.718120455750132e-06	-2.2815450502877733e-06	7.463641404593849e-08
18800000.0	-0.004529330257484367	0.006490141987163589	-0.06995074146369973	3.40391237173914e-06	-2.876705226342712e-06	7.948719451815592e-08
19000000.0	-0.00512245230298369	0.007376372615174338	-0.07145186303532207	3.7753832510842944e-06	-3.292709790240135e-06	9.098634576767966e-08
19200000.0	-0.007293700856775738	0.00637090740258083	-0.07178749346067827	4.676674255241571e-06	-2.6894250247140286e-06	9.265020776356808e-08
19400000.0	-0.01021412365468026	0.0075804910299828296	-0.06994642365036807	6.037515209715806e-06	-2.904435094474153e-06	1.1230509451872888e-07
19600000.0	-0.010908947576118863	0.010895064449132406	-0.06863475801534061	6.563964244347564e-06	-4.212248741225637e-06	1.4248738695134796e-07
19800000.0	-0.006025315092890416	0.006950738317495475	-0.0673126078471003	4.151744238618626e-06	-2.831121161914187e-06	8.769607262461429e-08
20000000.0	-0.009164646547637254	0.005299914826205055	-0.067969918496072	5.387595711977304e-06	-1.959270967889173e-06	8.559940828919837e-08
20200000.0	-0.010181083928319568	0.006496464577963246	-0.06826514416416422	5.902884240101614e-06	-2.3992359362590754e-06	1.0078728554764872e-07
20400000.0	-0.011143732506296578	0.011050016591758199	-0.06727768199903755	6.582176659126816e-06	-4.13568531712794e-06	1.443491666150382e-07
20600000.0	-0.006456771536996976	0.013074043448076927	-0.0667369213991809	4.768626270721394e-06	-5.209447147853249e-06	1.4664378599649934e-07
20800000.0	-0.00964249245357479	0.013908267981021937	-0.06763892138858632	6.127168952411228e-06	-5.3990782012852635e-06	1.669886796546183e-07
21000000.0	-0.010437253695233333	0.014914292393778684	-0.06845787713947926	6.516589209039071e-06	-5.790163120736113e-06	1.801819916999167e-07
21200000.0	-0.00892335312545556	0.01598194701010138	-0.07026738081932708	6.0099184762912535e-06	-6.38213763731986e-06	1.8845927473974656e-07
21400000.0	-0.004610867736559697	0.015069027445516194	-0.07001115713492935	4.295188013524924e-06	-6.246156102974343e-06	1.661577207922019e-07
21600000.0	-0.0014623292881722643	0.0122741810869345	-0.06930760650402584	2.9546538516008876e-06	-5.3368533341456905e-06	1.2945540096543223e-07
21800000.0	-0.005021298554864818	0.011152670312841471	-0.06866544373975639	4.225745455071135e-06	-4.738320105222785e-06	1.2616090388784747e-07
22000000.0	-0.004648993921180478	0.011978682700316734	-0.06743380002680156	4.099847353580686e-06	-4.96444363730012e-06	1.3119388801139711e-07
22200000.0	-0.010496502143961691	0.01459158596545187	-0.06756790891637932	6.342394763472108e-06	-5.637523905583989e-06	1.7142900560352846e-07
22400000.0	-0.010525989444520125	0.01809777881986293	-0.06831418183100049	6.502824021323186e-06	-6.877924883837676e-06	2.0730488253737005e-07
22600000.0	-0.014464060225659651	0.012629958001503568	-0.06816910669340695	7.693301401782576e-06	-4.908969202498478e-06	1.5888033322356256e-07
22800000.0	-0.01488555076925717	0.00891826126769708	-0.06888403395761329	7.722308855667563e-06	-3.7277072930574686e-06	1.2250198892236144e-07
23000000.0	-0.011357958216968514	0.006866664907809579	-0.06853880195221737	6.420407086546253e-06	-3.1542228012628125e-06	9.494625007565808e-08
23200000.0	-0.013661857633358605	0.006283597613590178	-0.0681263587112478	7.185482503112321e-06	-2.8632075184362016e-06	9.184827023826934e-08
23400000.0	-0.01879611077087042	0.006518280559915448	-0.06703885553248431	8.92636845824052e-06	-2.6971516149914993e-06	1.0051058176941094e-07
23600000.0	-0.021097431171576597	0.0071653048834896295	-0.06799877270323659	9.74545934105434e-06	-2.9000610434435588e-06	1.1293136328859518e-07
23800000.0	-0.018132759581598292	0.005035699689714051	-0.06819812980175348	8.683820397329702e-06	-2.3457303712284634e-06	8.300342053119357e-08
24000000.0	-0.01581390137766513	0.007407912555811387	-0.0689247425007337	7.998251975465287e-06	-3.1937305231002814e-06	1.1071955399015593e-07
24200000.0	-0.016933134260172584	0.008648028105477977	-0.06869764966253762	8.402676319900308e-06	-3.521293786383965e-06	1.261989518185982e-07
24400000.0	-0.016264903132724048	0.005033530688314254	-0.06896627364918288	8.084441179032704e-06	-2.487491868763364e-06	7.91754249257056e-08
24600000.0	-0.019278422957414373	0.009483565167101261	-0.06848313241926177	9.18043671442854e-06	-3.678355794305955e-06	1.3900884263350087e-07
24800000.0	-0.01812529194938621	0.009705206933254428	-0.07153238902499648	8.874859799324338e-06	-4.003732450808206e-06	1.505332730657707e-07
25000000.0	-0.021730889296710965	0.01077955128904396	-0.07068077852993733	1.0027991015445798e-05	-4.15956527575029e-06	1.6583152007859058e-07
25200000.0	-0.023871094241735218	0.010513291113383273	-0.07162992514567733	1.0714239076192014e-05	-4.1170899167140846e-06	1.6662546289095235e-07
25400000.0	-0.02107647941866234	0.010140481854109125	-0.06989649864829371	9.804648770463936e-06	-3.928106344747062e-06	1.5546659510946616e-07
25600000.0	-0.01922387133418583	0.008999213276563674	-0.0705194985271183	9.228170395338244e-06	-3.7065297598695654e-06	1.4007514312669708e-07
25800000.0	-0.022618224171328073	0.012988585759828414	-0.07054720795181364	1.0334656743875624e-05	-4.695400208649287e-06	2.0001935654063011e-07
26000000.0	-0.028440877109236727	0.012058152158594451	-0.07002737171290468	1.204298835033044e-05	-4.352358968864366e-06	1.8163502904302408e-07
26200000.0	-0.027246173565435124	0.010242838652747471	-0.06950118406656301	1.1649393712907557e-05	-3.876029874797691e-06	1.5073499369857113e-07
26400000.0	-0.028132232960721076	0.011871808273403195	-0.06990203513751599	1.1941001896213189e-05	-4.29330165071812e-06	1.7805535243297926e-07
26600000.0	-0.026487745643492554	0.013845156101202155	-0.06931921125255364	1.1485061531950378e-05	-4.721155268482619e-06	2.0872364127399592e-07
26800000.0	-0.02504570985042586	0.014158129965732841	-0.07046959811044662	1.11098654692812e-05	-4.89037920008065e-06	2.20458603401355e-07
27000000.0	-0.03292433288410702	0.014759809129213644	-0.06987650619452515	1.3288020532981855e-05	-4.967060299052457e-06	2.1938040362017725e-07
27200000.0	-0.03596915248296869	0.022864511947168015	-0.0709208464366357	1.4210041447243567e-05	-6.800935653720636e-06	3.5610087529383564e-07
27400000.0	-0.03938539452630249	0.023886432275722444	-0.07140747823738855	1.5140043984442445e-05	-7.062599668793544e-06	3.721834316575589e-07
27600000.0	-0.04454076061047497	0.02332982665204294	-0.07289692945660453	1.6520907847059973e-05	-7.119337364868181e-06	3.5982356033203093e-07
27800000.0	-0.047173149790718384	0.023405909796122656	-0.07355728217432199	1.720948696751722e-05	-7.223726710660057e-06	3.5748118814207047e-07
28000000.0	-0.045539878585402094	0.02206111847844788	-0.07559782077591276	1.6852609487152283e-05	-7.1231937293200745e-06	3.4682413906067e-07
28200000.0	-0.0441970233779099	0.024269101239045274	-0.0755197885440958	1.6511834833919952e-05	-7.457573501707444e-06	3.93818760646356e-07
28400000.0	-0.043551405293342484	0.017651693634116818	-0.07399213355890681	1.636515307266591e-05	-6.272236604370864e-06	2.588625764368899e-07
28600000.0	-0.042282461248971275	0.016855766858206847	-0.07321394643078082	1.60531463882616e-05	-6.065125820032017e-06	2.412458870705266e-07
28800000.0	-0.044162863563362124	0.018064080162413062	-0.0725646036527841	1.6461660508461077e-05	-6.241261743109344e-06	2.556396750273285e-07
29000000.0	-0.04480957583061211	0.0228225948820633	-0.07220086395508972	1.655139815910165e-05	-6.877732219185196e-06	3.514636234730896e-07
29200000.0	-0.045176653713456805	0.024797379442791877	-0.07384107670550033	1.6648060452189685e-05	-7.242953600161348e-06	4.073945379454576e-07
29400000.0	-0.04842984906112446	0.023723627910994874	-0.07234989013028015	1.7332078273654627e-05	-7.151603082916366e-06	3.559410355179119e-07
29600000.0	-0.046448045239807854	0.023046661549905614	-0.07124496799225848	1.6900873634629084e-05	-6.908521037034374e-06	3.443237810991123e-07
29800000.0	-0.04764926006545056	0.02309935988767268	-0.0730320825935502	1.7190899875071336e-05	-7.0916954975140985e-06	3.530207408120939e-07
30000000.0	-0.048547514339592784	0.022153741576736937	-0.07335098690384709	1.739840194237475e-05	-7.085010801780109e-06	3.263590466020821e-07
30200000.0	-0.043919330193412175	0.021809177113840603	-0.07448330341078153	1.6522858373030385e-05	-6.852850941612567e-06	3.600065690689425e-07
30400000.0	-0.03915331271585604	0.021382450569623054	-0.07404144542346765	1.5616395282595695e-05	-6.50975949118618e-06	3.77342854188245e-07
30600000.0	-0.034146703014255875	0.02103998292854959	-0.07416129980703423	1.4704126721995109e-05	-6.165847833980707e-06	4.0646730942266234e-07
30800000.0	-0.03354793395284593	0.02338920503910481	-0.07418035902661646	1.4529864958513899e-05	-6.230064257251944e-06	4.7250091780137556e-07
31000000.0	-0.031698152857980805	0.021868992170159637	-0.07428575997080113	1.4263070790412846e-05	-6.058322074900848e-06	4.4570967731208535e-07
31200000.0	-0.03424377903532453	0.022607979521712743	-0.07464291722204036	1.4666487715317546e-05	-6.3011038182783085e-06	4.4743870459895653e-07
31400000.0	-0.03574202242225424	0.02366132036627803	-0.07560857115986683	1.488370795984659e-05	-6.5080965658315286e-06	4.6954735393342025e-07
31600000.0	-0.03637886388589965	0.024980431095623645	-0.07438002600619349	1.4907234657741643e-05	-6.497055802637336e-06	4.897811596504754e-07
31800000.0	-0.040301088092834565	0.026997803426804412	-0.07340086785652483	1.538421711934791e-05	-6.814863881500961e-06	4.981522164415981e-07
32000000.0	-0.03366338114578654	0.02347081247856214	-0.07284155211615932	1.4592405483918882e-05	-6.1084900127845895e-06	4.7085861428522953e-07
32200000.0	-0.03921174946919413	0.024515921423412777	-0.07160883040147525	1.5268961332667923e-05	-6.624547410194959e-06	4.286386103126142e-07
32400000.0	-0.040797793874796526	0.026451189589004498	-0.07206477485060156	1.53881988952163e-05	-6.750156892259389e-06	4.720151770624381e-07
32600000.0	-0.040830233979966754	0.026200742523421073	-0.072744083375297	1.5411530373646564e-05	-6.792802822568404e-06	4.713375890200133e-07
32800000.0	-0.04645954608713438	0.026826893962683205	-0.07332902972789894	1.6039264352439956e-05	-7.494887614682674e-06	4.251597157450078e-07
33000000.0	-0.04632019248314907	0.02971666623452912	-0.07293357145195098	1.5869445438405975e-05	-7.254307832003448e-06	5.134347793023333e-07
33200000.0	-0.04573237780640978	0.030444150029591853	-0.07137218957550341	1.5754431682075003e-05	-7.060903036025676e-06	5.273673411866912e-07
33400000.0	-0.04398619677467319	0.030339899552760605	-0.07127970388248976	1.558858550512464e-05	-6.804025417528291e-06	5.496099861225518e-07
33600000.0	-0.04345011458783411	0.028713011473172498	-0.07232247173922571	1.5643299455396216e-05	-6.914940827863113e-06	5.169071440953619e-07
33800000.0	-0.04844022905497848	0.029401372748269844	-0.07175949335696252	1.6022374021913952e-05	-7.693161623783266e-06	4.432205199060601e-07
34000000.0	-0.04728428846459915	0.02918212303677806	-0.07230409771964844	1.5949819320811682e-05	-7.528015253734996e-06	4.635629466601288e-07
34200000.0	-0.04749686612765761	0.029005520841780028	-0.07313508157144054	1.5983413645028694e-05	-7.604982471823723e-06	4.64260627678182e-07
34400000.0	-0.048639829766899054	0.027981085394923003	-0.07557166558232369	1.6139303512286287e-05	-8.01121619851203e-06	4.3672301773273474e-07
34600000.0	-0.048057818489035314	0.029304302944339743	-0.07596409040656339	1.6022281431949536e-05	-7.665869584025157e-06	5.06945207462644e-07
34800000.0	-0.046376790329899574	0.028127916554845086	-0.07477285985391917	1.5998261404456727e-05	-7.500636956846688e-06	4.825428118938311e-07
35000000.0	-0.046912615202245884	0.028597163254414738	-0.07457374988311867	1.599177914007876e-05	-7.54429134008275e-06	4.839826588158578e-07
35200000.0	-0.04615878317418591	0.02805070890884428	-0.07492151924132881	1.600039687367468e-05	-7.478623246528559e-06	4.855577344966212e-07
35400000.0	-0.046475869257726427	0.02839571741985842	-0.07594492008733543	1.5994533262525696e-05	-7.480278302675504e-06	5.076198699176211e-07
35600000.0	-0.044390030623855325	0.02742547161388597	-0.07479487118122702	1.599767997118197e-05	-7.129008183465064e-06	5.108829017001938e-07
35800000.0	-0.044999831673357624	0.027725551162736325	-0.07485920525827733	1.5989969458394525e-05	-7.217963877200664e-06	5.079092648941815e-07
36000000.0	-0.047344889441408994	0.029572828160676554	-0.07582666554776253	1.5896660931747254e-05	-7.419344706070255e-06	5.338150797370304e-07
36200000.0	-0.047101626330645165	0.02916121731899455	-0.07552598571604296	1.5924145591769433e-05	-7.441748426625203e-06	5.200410901623346e-07
36400000.0	-0.04674929387644361	0.028494415046140146	-0.07526887181005078	1.5972929349065534e-05	-7.522817360248706e-06	4.957263591914482e-07
36600000.0	-0.0493151679114413	0.031687981606709735	-0.07452001954712274	1.5714173659740175e-05	-7.504254706531104e-06	5.39254334035029e-07
36800000.0	-0.04736050210083997	0.029157049594296457	-0.0738747510764579	1.5930795994942328e-05	-7.497789952013555e-06	4.908096434935438e-07
37000000.0	-0.04794073766218672	0.029654093175669596	-0.07335686997144199	1.587914325136738e-05	-7.566953072326546e-06	4.830769412536798e-07
37200000.0	-0.049026541568330584	0.03150638430954577	-0.07221928752397304	1.570173436971155e-05	-7.451694504333274e-06	5.07029315584263e-07
37400000.0	-0.04876775224990782	0.031657218670095376	-0.07356460804819138	1.569981939469524e-05	-7.266140440039815e-06	5.507418754068208e-07
37600000.0	-0.052627741803935195	0.033984518951823764	-0.07260455119674163	1.5355899639813794e-05	-8.051549537347984e-06	4.811534194827096e-07
37800000.0	-0.05458717658398613	0.0348658225892886	-0.07273462067440505	1.5193702505151204e-05	-8.555679340814282e-06	4.381111955542117e-07
38000000.0	-0.05693899732601022	0.034600698574039426	-0.07144609208476332	1.5089950319159114e-05	-9.70710556626081e-06	2.815658446330568e-07
38200000.0	-0.05614812922344018	0.03448436478967431	-0.07141689395261926	1.5145693225593834e-05	-9.390874070868293e-06	3.165386409410975e-07
38400000.0	-0.056976355135221285	0.0364496831866367	-0.07269594331346872	1.493318603388727e-05	-8.964340793012965e-06	4.139407911944408e-07
38600000.0	-0.05743674704652092	0.03597436165880613	-0.07231862514283154	1.4937987262817223e-05	-9.38162604643478e-06	3.5216973505763477e-07
38800000.0	-0.056149916997377626	0.03621431286649608	-0.0737221728646918	1.5028210097257768e-05	-8.448218003443718e-06	4.910705351272001e-07
39000000.0	-0.06028763161972937	0.04038475387095333	-0.07513912986060196	1.4322427493152498e-05	-8.88192492653136e-06	5.138461231089919e-07
39200000.0	-0.05936095787963873	0.04100163226319273	-0.0756896668168067	1.4358496499180138e-05	-8.066430965113938e-06	6.29621918597595e-07
39400000.0	-0.059664665215460704	0.04187118143037798	-0.07555990659358149	1.4252794888270133e-05	-7.854193308656486e-06	6.642263199415208e-07
39600000.0	-0.0561893479799861	0.039959626804310935	-0.07457872171907717	1.479984155348328e-05	-6.578981633808787e-06	7.838674430230749e-07
39800000.0	-0.05596961771078797	0.03926646776210428	-0.07501692646986745	1.4888307109248944e-05	-6.67343269048524e-06	7.719551328275792e-07
40000000.0	-0.05383545986104833	0.037700644720655166	-0.07462763479986288	1.5299494131250054e-05	-5.974591637096384e-06	8.355599965144811e-07
40200000.0	-0.05385252575149444	0.03721251333524057	-0.07609495972673051	1.5347381695318033e-05	-6.028811503779879e-06	8.480374140971479e-07
40400000.0	-0.05533522038219637	0.039959148591994786	-0.07297429870309244	1.4871622502049493e-05	-6.3084391732503035e-06	7.893029744113317e-07
40600000.0	-0.05666308181644613	0.040983518847420075	-0.07225461906837934	1.4567093369206306e-05	-6.959409999491227e-06	7.058821662878273e-07
40800000.0	-0.056937455288923654	0.041451975572440465	-0.07303998149749844	1.4480606714028884e-05	-6.836389488543013e-06	7.386131033803121e-07
41000000.0	-0.05633884543805627	0.04189335137020391	-0.07333942155278303	1.4540888862338511e-05	-6.099792875837614e-06	8.401825227745481e-07
41200000.0	-0.05652429237922161	0.04308748854258546	-0.07442873525735456	1.4399189464645777e-05	-5.402514650310755e-06	9.572343588265922e-07
41400000.0	-0.05487242869779214	0.04061340164106832	-0.07468433799620544	1.4961820951094766e-05	-5.09222937996714e-06	9.811936244092772e-07
41600000.0	-0.05187083964804947	0.03744868107452551	-0.0754186710504758	1.5891886681911702e-05	-3.6095156181969246e-06	1.158635594736413e-06
41800000.0	-0.052750915791163644	0.03917737350207576	-0.07468295057900332	1.5529082491967382e-05	-3.67042553106095e-06	1.1517469690522712e-06
42000000.0	-0.05372377421160906	0.040345183297602345	-0.07485205979869843	1.5193280983825381e-05	-4.027221366812306e-06	1.1173066383119205e-06
42200000.0	-0.05339569035885001	0.03828015973018022	-0.07544951616516245	1.549871457240888e-05	-4.5068158844199354e-06	1.0531887461912022e-06
42400000.0	-0.05342308774918508	0.03698387690176968	-0.07523392795328557	1.563193163259425e-05	-5.298432995849188e-06	9.403177065625364e-07
42600000.0	-0.05376078120537892	0.03676996649777153	-0.07558347749821566	1.5573603136201517e-05	-5.709407614922169e-06	8.922448492673371e-07
42800000.0	-0.05671824183115184	0.04220150810434352	-0.07512747343538614	1.4174649180814455e-05	-6.662912521356817e-06	7.902459456121996e-07
43000000.0	-0.057334285340977356	0.04319928110282223	-0.07410183746237975	1.3890062303578874e-05	-7.081933149813946e-06	7.241132637255801e-07
43200000.0	-0.057586188053363234	0.04119958050381688	-0.07352622146814175	1.4041925819044235e-05	-8.518012296390862e-06	5.168651450393312e-07
43400000.0	-0.05748358149822875	0.039709027052042864	-0.07381672916016484	1.4248083665621624e-05	-8.987867164161145e-06	4.531580481491922e-07
43600000.0	-0.05593520217989113	0.03535627447579201	-0.07238138041166313	1.5199107576081259e-05	-9.656645985656108e-06	3.211234079759327e-07
43800000.0	-0.056450248608659374	0.03597275084184958	-0.07308415179346266	1.4968006797422174e-05	-9.898479878767378e-06	3.0272681595401e-07
44000000.0	-0.05694768891211265	0.03680404020613292	-0.07268834496718667	1.4703468950451475e-05	-1.0287446362111362e-05	2.463078482399176e-07
44200000.0	-0.05725146249101563	0.037535435742623545	-0.07253629867401189	1.4514960118796559e-05	-1.0376700547299883e-05	2.340663773426154e-07
44400000.0	-0.05887021320469598	0.03797095561533071	-0.0730781328691742	1.3877882573896452e-05	-1.2564813680244599e-05	-5.9073850522400134e-08
44600000.0	-0.05944415505875658	0.042071357908377106	-0.07286860968876792	1.3177554336682928e-05	-1.1673793961284782e-05	7.374290784889804e-08
44800000.0	-0.060388610388361595	0.04327733899874428	-0.07109174042144677	1.2628736574416518e-05	-1.3245584218036052e-05	-1.772677722913082e-07
45000000.0	-0.06065777368103812	0.042334521695846804	-0.07236470636462669	1.2636534869523359e-05	-1.3917960965120682e-05	-2.5433125072595235e-07
45200000.0	-0.05977207370535562	0.041737023707790595	-0.07201631023015792	1.307787550927024e-05	-1.2671911725558832e-05	-8.013334928684955e-08
45400000.0	-0.06206717771861641	0.04830392181085298	-0.07246965100232887	1.1363932568426151e-05	-1.332147885673565e-05	-1.5544711678324012e-07
45600000.0	-0.0613346069576602	0.04559802648235074	-0.07213351611135019	1.1983364848641577e-05	-1.3403720488626917e-05	-1.783763579810666e-07
45800000.0	-0.05995192038570915	0.04062118583547257	-0.07093494911770706	1.3196372057611593e-05	-1.3112142018926261e-05	-1.6286979607413063e-07
46000000.0	-0.060667795692242475	0.043205311946593425	-0.0705931401625165	1.2545988789504755e-05	-1.3434817857490837e-05	-2.1550869367200193e-07
46200000.0	-0.0604889993249176	0.04461000207109536	-0.07000882137457248	1.2492516302662824e-05	-1.2306890954826924e-05	-5.1030197759215696e-08
46400000.0	-0.060339127259494085	0.04383969444880784	-0.0704792108576153	1.2677481698883732e-05	-1.2128803428620157e-05	-1.535048695217815e-08
46600000.0	-0.06133394817978747	0.04632320863427622	-0.07034025097986843	1.1779194017105735e-05	-1.3829995845616335e-05	-2.8431013759542303e-07
46800000.0	-0.06078318578279358	0.044556098485351886	-0.07048898363362541	1.2327978353291663e-05	-1.3046684363621222e-05	-1.576246350312933e-07
47000000.0	-0.06187133437311744	0.04717332725639692	-0.07302142954262983	1.140437625996894e-05	-1.416209514703609e-05	-2.892408513044661e-07
47200000.0	-0.06208240773665236	0.04977447097119181	-0.07193862202674901	1.0955714101931007e-05	-1.3716299131241955e-05	-2.387229596679986e-07
47400000.0	-0.062431818241546824	0.0508051823048996	-0.0731667523329873	1.0654435922562919e-05	-1.3786738950801004e-05	-2.2734266626286747e-07
47600000.0	-0.06274312716808324	0.055062460800517	-0.07248921395882049	9.86573926195626e-06	-1.3444705188764954e-05	-1.8693576106225306e-07
47800000.0	-0.06310538823759547	0.055733790736339744	-0.0729687588434339	9.451149228951817e-06	-1.4777034438606649e-05	-4.008494242267537e-07
48000000.0	-0.06353084186526874	0.057444330532051245	-0.0737161146300694	8.902844640558278e-06	-1.5545644532820732e-05	-5.183082641559515e-07
48200000.0	-0.06347953133460044	0.05721822587457924	-0.07438508877015558	9.037248109941163e-06	-1.4948788043499332e-05	-4.027323875385983e-07
48400000.0	-0.06329456273348046	0.05557300669446812	-0.07464325201962495	9.469145542601102e-06	-1.4390020611423949e-05	-2.982888295993046e-07
48600000.0	-0.06326040514393068	0.05611580393089074	-0.0741486504924417	9.389158556165265e-06	-1.4344521477358101e-05	-3.0175974402242117e-07
48800000.0	-0.06287773897016818	0.054095032114745936	-0.0729271589443379	1.0045954410892055e-05	-1.330754384005785e-05	-1.4005212146019835e-07
49000000.0	-0.06306127308481384	0.05746880949198116	-0.07274684547069332	9.485739473950213e-06	-1.2527216330516821e-05	-1.3876912949542103e-08
49200000.0	-0.06315775763509367	0.0596760781321096	-0.07282341087016457	9.075671606723558e-06	-1.2308362851872726e-05	2.0925468239250055e-08
49400000.0	-0.06301195256961489	0.05777474542826377	-0.07266026430154046	9.65819747371046e-06	-1.1208564907289427e-05	2.2109145709871126e-07
49600000.0	-0.06305065998734033	0.05835311148252334	-0.07280263070505812	9.609873106568546e-06	-1.0736436128549452e-05	3.0770555622977613e-07
49800000.0	-0.06284862259323791	0.05847739745391656	-0.07133370037921988	9.769881754393886e-06	-1.0087974450340643e-05	3.9395006169983616e-07
50000000.0	-0.06294393805789057	0.055629709886606274	-0.07128004745331394	1.0139269439289125e-05	-1.1008329135323571e-05	2.3322274698793654e-07
50200000.0	-0.0630687482887753	0.05271179267371573	-0.07222853537939734	1.072925896837128e-05	-1.0637896419932971e-05	3.333473886514766e-07
50400000.0	-0.06303833200945395	0.050753363273975484	-0.07173545528711181	1.1149490545564519e-05	-1.0561912577057571e-05	3.4453805159576826e-07
50600000.0	-0.06308483071246865	0.05018073458836401	-0.071871602456305	1.1212848864205715e-05	-1.0762602022445736e-05	3.123924394561705e-07
50800000.0	-0.06306671135092226	0.050853694829383074	-0.07204629018387138	1.099352211023077e-05	-1.124250790288479e-05	2.23465316075345e-07
51000000.0	-0.06310103235266888	0.05102217555540201	-0.07249694928093461	1.0812150050072762e-05	-1.1967432036977278e-05	9.651140810919269e-08
51200000.0	-0.06300143087242029	0.05141646644209978	-0.07222800110139618	1.099507827449075e-05	-1.069173695925963e-05	3.2913847354840043e-07
51400000.0	-0.0627927713349329	0.05374279570559225	-0.07166586417808539	1.0498718992162889e-05	-1.1110926436614939e-05	2.244303455868634e-07
51600000.0	-0.06279098233431318	0.05355255935655298	-0.07147307950176225	1.0619909195718327e-05	-1.0689093661774378e-05	3.013128002349225e-07
51800000.0	-0.06311793809725796	0.050123305781372904	-0.0714169450524727	1.1201715648708615e-05	-1.0986504792428485e-05	2.6377163657368424e-07
52000000.0	-0.06310564194623569	0.05164826619256256	-0.07316844939095744	1.0566109995932054e-05	-1.2453482359684771e-05	1.1925179214762567e-08
52200000.0	-0.06335480506701414	0.0498250900412998	-0.07369238854695191	1.102164839482598e-05	-1.1699516436373535e-05	1.8119334390060603e-07
52400000.0	-0.06301849747807113	0.051709678451405255	-0.0723711890880497	1.0457621606934356e-05	-1.314451667225389e-05	-1.4151823999989934e-07
52600000.0	-0.06366802559930683	0.04656372355325908	-0.07404874675688415	1.1224386450333639e-05	-1.3932023604602847e-05	-2.178584869390223e-07
52800000.0	-0.06354361659362515	0.04767799775404439	-0.07436029738765533	1.0896636777794694e-05	-1.4475475974927616e-05	-3.2616065976121523e-07
53000000.0	-0.06383174305977506	0.04614965271107691	-0.07516120200928704	1.1202915181327664e-05	-1.412819081537392e-05	-2.2756140108159183e-07
53200000.0	-0.06388196066267174	0.04549312652846356	-0.07460419029544195	1.1411989627988084e-05	-1.3823037549166094e-05	-1.7413863582512338e-07
53400000.0	-0.06355840534889375	0.046936686665785744	-0.073505066211632	1.112855193409841e-05	-1.4198559905138353e-05	-2.865069001703905e-07
53600000.0	-0.06277015367472225	0.05134905936274088	-0.0726376368985661	1.0545785545154432e-05	-1.3401741529696568e-05	-1.878766029664312e-07
53800000.0	-0.06279982759756726	0.051382270424276386	-0.0744531970888523	1.0149867965497134e-05	-1.4999768519150851e-05	-4.677647291604549e-07
54000000.0	-0.06297051876642477	0.048947135388026475	-0.07223240559655829	1.0609403029321764e-05	-1.553597652775479e-05	-6.012142455608234e-07
54200000.0	-0.06305846055746198	0.049045270568810875	-0.0742807882794433	1.0014932606005742e-05	-1.7726877121999136e-05	-1.0035790684066257e-06
54400000.0	-0.06354997199184864	0.04544224559999266	-0.07316505900971405	1.0674847209325633e-05	-1.8043770937217944e-05	-1.0532740950118865e-06
54600000.0	-0.06398274126081338	0.04312945737942461	-0.07302286093931393	1.1122063575084073e-05	-1.790573036518551e-05	-1.0011784376862941e-06
54800000.0	-0.06402624802941177	0.043076992506542656	-0.07374240057785704	1.0976818930096012e-05	-1.8428996330763572e-05	-1.0937946359654707e-06
55000000.0	-0.06334720962152063	0.04743843152863777	-0.0738681582068901	1.0473281603819049e-05	-1.6940363142997285e-05	-8.365399276313145e-07
55200000.0	-0.06310361935164102	0.048887465393499446	-0.07312307247458436	1.054389904297295e-05	-1.5559134454263225e-05	-5.821618132122868e-07
55400000.0	-0.06278672611370788	0.05080880731602529	-0.07466038981999212	1.0238620822104109e-05	-1.5145222906093358e-05	-4.854039438248574e-07
55600000.0	-0.06313919162528045	0.049372800561902304	-0.07500966245024725	1.0480623325335315e-05	-1.5087293662381892e-05	-4.4460069271165614e-07
55800000.0	-0.0625830067048974	0.052258673929229234	-0.0754185399776629	1.0162525085357397e-05	-1.4182382397771799e-05	-2.836573920588485e-07
56000000.0	-0.06192297992862523	0.05424703728765452	-0.07420366501678331	9.670188270293704e-06	-1.5169250608750398e-05	-5.55972590420145e-07
56200000.0	-0.06154810860673123	0.05471020278308925	-0.07316587536972148	9.38774242840511e-06	-1.6429524462731454e-05	-8.619978810900322e-07
56400000.0	-0.061683127432778206	0.05383115799232667	-0.07169839061891399	9.618344904975172e-06	-1.6354533580701432e-05	-8.657892525568197e-07
56600000.0	-0.061916844873293395	0.052929186769656834	-0.071079097379718	9.831634327406363e-06	-1.6159748746412435e-05	-8.22238274943077e-07
56800000.0	-0.06102770026454021	0.05530844673495318	-0.07026430969012253	9.271904466848527e-06	-1.722062033299755e-05	-1.1203855307959456e-06
57000000.0	-0.06088426452678393	0.0557403063028487	-0.07003110167013862	9.214245421812476e-06	-1.7226429980857933e-05	-1.1356156998450366e-06
57200000.0	-0.060935729306747094	0.05568131862512697	-0.06902189369801255	9.459493577772524e-06	-1.642992950984145e-05	-9.773721734451301e-07
57400000.0	-0.060577063878925363	0.05664513014907277	-0.06876715858029804	9.272890215841249e-06	-1.668248871074694e-05	-1.0605468818443717e-06
57600000.0	-0.05940604386209665	0.060982470748208305	-0.07052152301338918	8.679871534382075e-06	-1.6151998534525398e-05	-9.830979920222353e-07
57800000.0	-0.05911529121562812	0.06233344042964411	-0.07126185393743212	8.668544029535043e-06	-1.5298478183486722e-05	-7.932935057879446e-07
58000000.0	-0.05969946566931908	0.06059095082537577	-0.0711248795634737	8.935303368058295e-06	-1.521750497782383e-05	-7.405642677093561e-07
58200000.0	-0.06015670245289428	0.05939899932023376	-0.07194864781920737	9.056030501187543e-06	-1.522391729468676e-05	-6.959017277031601e-07
58400000.0	-0.05980389023878562	0.06054364712539556	-0.07147548214170951	9.056794814111067e-06	-1.4712049948374332e-05	-6.103254838198991e-07
58600000.0	-0.060730386126882495	0.05763345965304888	-0.07278696066723461	9.207838101669023e-06	-1.5500149607766318e-05	-6.993848488245527e-07
58800000.0	-0.060527996533344695	0.05775514913028059	-0.07078787641280454	9.235282229932081e-06	-1.5699740778187133e-05	-8.008333244485887e-07
59000000.0	-0.06012466901543114	0.059034261603063465	-0.0720390997594995	9.072349961479847e-06	-1.5528751818776445e-05	-7.589944307432176e-07
59200000.0	-0.058125028682566166	0.06488890653467042	-0.07232543373566865	8.53578832402484e-06	-1.4655969144357555e-05	-6.862683165348389e-07
59400000.0	-0.057022472339826165	0.06790260142922436	-0.0722803467886209	8.2801124203774e-06	-1.4257285536224818e-05	-6.669675165701127e-07
59600000.0	-0.05640214580348647	0.06896182358406171	-0.07375712025222886	7.855372364033129e-06	-1.5281136633732874e-05	-9.166962213100879e-07
59800000.0	-0.056286342754104504	0.06879155062121657	-0.07324203790611629	7.789604851641211e-06	-1.5779955892910916e-05	-1.0521020652065986e-06
60000000.0	-0.05631577008378336	0.06907577592967969	-0.07305874994746196	7.892712794236866e-06	-1.522957446698623e-05	-9.240863316832776e-07
60200000.0	-0.05855894669628523	0.06369591607952899	-0.07303621803397668	8.246891405818829e-06	-1.5844499410520916e-05	-9.296199615408675e-07
60400000.0	-0.057961238516863335	0.06598884817782423	-0.07241391763531889	8.330977943570337e-06	-1.4526198001267166e-05	-6.719461659779677e-07
60600000.0	-0.057449129169715465	0.06737039174616948	-0.07204181407180252	8.315270990021178e-06	-1.410343575309614e-05	-6.132202988774958e-07
60800000.0	-0.056662419588260425	0.06840442796974171	-0.07142397369747464	8.046605628569934e-06	-1.4958375676513235e-05	-8.908419280434497e-07
61000000.0	-0.05660672319670596	0.06890385494519077	-0.07102638140498489	8.13270384627624e-06	-1.4425829305307628e-05	-7.757981670527224e-07
61200000.0	-0.05801857353891966	0.06628036190602998	-0.07242658916449479	8.332554974588806e-06	-1.4223074316812957e-05	-5.962722930552919e-07
61400000.0	-0.059108158774354734	0.06487908190768502	-0.07432158840527743	8.578299154891156e-06	-1.3325760619314239e-05	-2.519390327237872e-07
61600000.0	-0.05886353045378553	0.0649252066880215	-0.0748274923042374	8.433623602260562e-06	-1.3909726079906475e-05	-3.999600378388081e-07
61800000.0	-0.05979557468283354	0.06309278521961133	-0.07480218621666984	8.559553499892035e-06	-1.3923817305120575e-05	-3.388533099389502e-07
62000000.0	-0.06140524540971927	0.06005448517510828	-0.07378996477080152	8.814224655587306e-06	-1.3815141817037198e-05	-2.2485840526385225e-07
62200000.0	-0.061006749711371655	0.06073050789126923	-0.07433394576103924	8.718006253562032e-06	-1.3963689244012994e-05	-2.77172642438091e-07
62400000.0	-0.05904706939475778	0.06444565222018706	-0.07347692656089788	8.551995888223997e-06	-1.3811314212374856e-05	-4.0121879037635807e-07
62600000.0	-0.05855554013656508	0.06539620563734054	-0.07498828744102733	8.435357996037755e-06	-1.3853666613158495e-05	-4.0986563159902576e-07
62800000.0	-0.05919581920578949	0.0639771477123746	-0.07348203499542241	8.536337679625618e-06	-1.4021916105221185e-05	-4.415921016451285e-07
63000000.0	-0.058957967910961015	0.06453407454266324	-0.07412643878758081	8.508946399559538e-06	-1.3908332005661154e-05	-4.1462273631929374e-07
63200000.0	-0.06012063159234309	0.06222231315036408	-0.07312311257146796	8.57388326485984e-06	-1.4223337881616399e-05	-4.362642213001169e-07
63400000.0	-0.059913601885320016	0.06232774438842956	-0.07274458088501323	8.528685688442102e-06	-1.448117953266253e-05	-5.269486744179405e-07
63600000.0	-0.059444287188584306	0.06310186207210526	-0.0736581522429699	8.443267482810825e-06	-1.4571783227668602e-05	-5.637981066426851e-07
63800000.0	-0.05991167558838284	0.06257639627490752	-0.07520875800170969	8.463243733531432e-06	-1.4345660140629237e-05	-4.2962883054727747e-07
64000000.0	-0.05977824537455612	0.06124487289194494	-0.07495761776799369	8.173693284760071e-06	-1.604351540119764e-05	-8.816006499668073e-07
64200000.0	-0.05923293734334743	0.06268238613744674	-0.07436524492717897	8.287852502414936e-06	-1.5379712448659892e-05	-7.675430026472635e-07
64400000.0	-0.05912706813200994	0.06344183992117301	-0.07614880088908943	8.358444011005677e-06	-1.4745495817297403e-05	-5.617793656007136e-07
64600000.0	-0.05842069268551937	0.06488218171783677	-0.07548160732788049	8.41606671685964e-06	-1.4367637719126783e-05	-5.389879099166124e-07
64800000.0	-0.059578287870747496	0.06296345266191514	-0.07526878128594032	8.444190590714393e-06	-1.447150695566964e-05	-4.7620551017054984e-07
65000000.0	-0.05914307850557895	0.06346577703948908	-0.07468444179422352	8.414040559808951e-06	-1.4639081376812788e-05	-5.72675394722568e-07
65200000.0	-0.0580016584928525	0.06612967424912784	-0.07691214888833324	8.473721217455739e-06	-1.3770951220065673e-05	-3.860034988237093e-07
65400000.0	-0.058166250396426984	0.06576635187512647	-0.07746704793359593	8.429387919452103e-06	-1.3918103902622213e-05	-3.9710210875927827e-07
65600000.0	-0.05821373452822899	0.06598033862703591	-0.07811571626564723	8.478689604478451e-06	-1.3614270588371903e-05	-2.933907003415967e-07
