0.203790	0.463846	0.236678	0.436645	-1.994327	-0.738660	0.100000	-0.001434	0.004957	-0.038719	
0.004468	0.053040	0.010462	0.440938	-1.940490	-0.727903	0.100000	-0.018558	-0.042104	0.106695	
-0.000237	0.003595	0.000081	0.440525	-1.936119	-0.727531	0.100000	0.073507	0.112451	0.060473	
-0.001488	0.005980	0.000702	0.438861	-1.929365	-0.726538	0.100000	-0.081202	-0.065715	0.049793	
-0.008732	-0.026846	-0.001923	0.429953	-1.955439	-0.728170	0.100000	-0.041974	0.025824	0.049697	
-0.002997	0.051676	0.008352	0.426784	-1.902981	-0.719527	0.100000	-0.049346	0.008559	-0.094927	
0.002986	0.010497	-0.006743	0.429599	-1.891723	-0.725982	0.100000	-0.017170	-0.117813	0.122633	
0.007482	0.004000	0.009611	0.436909	-1.886966	-0.716080	0.100000	0.135636	-0.107988	0.081586	
0.003213	0.054421	0.004301	0.439948	-1.831790	-0.711493	0.100000	-0.001821	-0.026009	-0.064762	
0.009848	-0.006084	-0.003720	0.449620	-1.837142	-0.714928	0.100000	-0.027074	0.284674	0.134183	
-0.003461	-0.000350	-0.005127	0.445980	-1.836757	-0.719769	0.100000	-0.076099	-0.063895	0.085527	
0.002409	-0.001391	0.002602	0.448210	-1.837413	-0.716879	0.100000	0.064408	0.180076	-0.122829	
0.001135	-0.026330	-0.001100	0.449166	-1.863008	-0.717692	0.100000	-0.125354	-0.065057	-0.059767	
-0.000465	0.049287	0.014430	0.448521	-1.812976	-0.702975	0.100000	0.064799	-0.030146	-0.040716	
0.004346	-0.021270	-0.001709	0.452688	-1.833520	-0.704403	0.100000	0.081646	0.028172	0.004852	
-0.001480	0.004987	0.002698	0.451027	-1.827800	-0.701423	0.100000	-0.097126	-0.064734	-0.092251	
-0.004460	-0.025518	0.014875	0.446386	-1.852587	-0.686268	0.100000	-0.008224	0.077004	0.006819	
-0.012686	0.002686	-0.001109	0.433521	-1.849160	-0.687102	0.100000	0.254063	0.033165	0.150028	
0.000926	-0.030045	-0.011383	0.434274	-1.878466	-0.698209	0.100000	-0.035494	0.036249	-0.110481	
-0.001557	-0.035509	0.009423	0.432543	-1.913224	-0.688507	0.100000	0.003638	0.025093	0.138296	
0.003471	-0.070765	-0.010842	0.435841	-1.983223	-0.699074	0.100000	0.031464	-0.035281	-0.070257	
-0.007952	-0.015201	0.007071	0.427715	-1.997631	-0.691724	0.100000	0.108813	-0.024539	0.151783	
-0.001197	0.010277	0.006434	0.426347	-1.986555	-0.685013	0.100000	-0.196450	-0.036067	0.076729	
-0.000978	-0.000655	0.016260	0.425198	-1.986416	-0.668480	0.100000	-0.144919	-0.090684	0.006780	
0.003977	-0.041317	0.011770	0.429005	-2.026938	-0.656443	0.100000	-0.130781	-0.037001	-0.093874	
-0.005006	0.015341	0.001712	0.423828	-2.010787	-0.654468	0.100000	-0.025716	0.069308	-0.027384	
-0.003927	-0.011238	0.006647	0.419732	-2.021221	-0.647559	0.100000	-0.067877	0.048458	0.099885	
-0.000920	-0.020201	-0.006994	0.418644	-2.040613	-0.654294	0.100000	0.019848	0.035998	0.133430	
0.002125	-0.011241	0.000945	0.420602	-2.051038	-0.653087	0.100000	0.065590	-0.239440	0.073120	
0.013420	0.019245	0.012465	0.433853	-2.030973	-0.640361	0.100000	0.104393	-0.026449	-0.138270	
-0.002724	0.008484	0.001768	0.430956	-2.021677	-0.638336	0.100000	-0.069303	0.048111	0.092320	
-0.004170	0.018433	-0.000182	0.426614	-2.002435	-0.638263	0.100000	0.063518	-0.084463	0.045798	
0.001572	0.050359	0.009687	0.428015	-1.951275	-0.628320	0.100000	0.042369	-0.063168	0.041418	
-0.003147	-0.038393	-0.003680	0.424697	-1.988887	-0.631749	0.100000	-0.039440	-0.064277	-0.091375	
0.012899	-0.011094	0.004991	0.437426	-1.999186	-0.626505	0.100000	0.027148	0.113654	-0.104688	
-0.006441	0.036309	-0.004950	0.430810	-1.962078	-0.631205	0.100000	0.011389	0.048266	0.026847	
0.001623	-0.001704	-0.004934	0.432261	-1.962997	-0.635886	0.100000	0.098408	-0.158623	0.112091	
0.004330	-0.023966	-0.005405	0.436418	-1.986178	-0.641037	0.100000	0.066319	-0.154026	-0.027202	
-0.000321	0.017883	0.002214	0.435922	-1.967500	-0.638567	0.100000	0.030004	0.012140	-0.160942	
-0.002082	0.017676	0.000824	0.433666	-1.949037	-0.637487	0.100000	0.063129	0.018558	0.125076	
-0.000974	0.002465	-0.004456	0.432519	-1.945793	-0.641688	0.100000	0.193232	-0.259058	0.096123	
-0.000693	-0.032496	-0.004223	0.431653	-1.977511	-0.645654	0.100000	-0.154171	0.228117	-0.014351	
0.003485	0.046070	0.005354	0.434965	-1.930650	-0.640042	0.100000	-0.099581	0.060388	0.209786	
0.004095	-0.018373	-0.004909	0.438886	-1.948251	-0.644695	0.100000	0.059626	-0.042571	-0.082848	
0.003536	0.034131	-0.008347	0.442247	-1.913340	-0.652785	0.100000	-0.264366	0.080812	0.172179	
-0.003519	-0.021676	0.002490	0.438551	-1.934251	-0.650034	0.100000	-0.077755	0.053601	-0.062742	
0.002662	0.057595	-0.022097	0.441038	-1.875882	-0.671872	0.100000	0.001769	-0.064482	-0.030004	
0.008217	0.012848	0.003670	0.449079	-1.862284	-0.667933	0.100000	0.014178	-0.162830	0.021555	
-0.003619	0.037699	0.013922	0.445280	-1.823840	-0.653744	0.100000	-0.097833	-0.016980	0.059386	
0.001405	-0.017342	-0.024673	0.446507	-1.840453	-0.678155	0.100000	-0.013422	0.028491	0.028756	
0.011420	-0.010332	-0.000601	0.457748	-1.850049	-0.678485	0.100000	0.020113	-0.048708	-0.096365	
0.009938	0.014709	-0.001681	0.467502	-1.834600	-0.679895	0.100000	0.061333	0.008850	0.004895	
-0.000047	-0.007290	-0.003751	0.467268	-1.841157	-0.683373	0.100000	-0.234326	0.042448	0.033819	
-0.005121	0.014894	0.004079	0.461960	-1.825527	-0.679021	0.100000	0.093458	0.054927	-0.105691	
-0.003196	0.020528	-0.012516	0.458579	-1.804269	-0.691266	0.100000	0.025194	0.176710	-0.017284	
-0.005424	0.000491	-0.006574	0.452972	-1.803056	-0.697563	0.100000	0.069708	-0.122609	0.011145	
0.009055	0.017033	0.006664	0.461846	-1.785303	-0.690620	0.100000	-0.047479	-0.008294	0.267569	
0.007803	-0.000271	0.006943	0.469464	-1.784859	-0.683401	0.100000	0.007447	-0.131872	0.175868	
0.002280	-0.017415	-0.010198	0.471557	-1.801560	-0.693326	0.100000	-0.179444	0.242635	0.045691	
-0.004461	-0.006373	0.001909	0.466907	-1.807213	-0.691140	0.100000	-0.110655	-0.110281	0.222350	
0.003393	0.011883	-0.018619	0.470113	-1.794607	-0.709482	0.100000	0.050450	-0.164778	-0.202398	
0.001767	-0.026087	0.004535	0.471692	-1.819977	-0.704664	0.100000	0.009681	0.051189	0.048973	
-0.000412	-0.051831	0.011277	0.471091	-1.871080	-0.693105	0.100000	0.029417	0.053444	0.102671	
-0.002100	-0.003013	0.001429	0.468802	-1.873345	-0.691399	0.100000	-0.021075	-0.012566	-0.125604	
-0.000566	-0.021266	-0.000959	0.468049	-1.893862	-0.692082	0.100000	0.051386	0.107888	-0.160450	
-0.002023	-0.011796	0.000812	0.465839	-1.904900	-0.690993	0.100000	0.059662	0.121665	0.001608	
-0.004843	-0.035948	0.006187	0.460810	-1.940087	-0.684529	0.100000	-0.083856	-0.021883	0.022294	
0.003009	0.033298	-0.009268	0.463634	-1.906012	-0.693524	0.100000	0.066380	-0.083243	-0.175619	
0.002103	0.056264	0.003563	0.465552	-1.848987	-0.689684	0.100000	0.073080	0.067221	0.189774	
0.000446	-0.005239	-0.010161	0.465812	-1.853486	-0.699569	0.100000	0.236425	0.153546	0.100998	
0.001592	-0.017495	-0.001794	0.467217	-1.870240	-0.701083	0.100000	-0.024853	0.007178	-0.144518	
0.006208	0.041839	-0.009775	0.473238	-1.827653	-0.710577	0.100000	0.005505	-0.031937	-0.070035	
-0.004181	-0.019469	-0.011670	0.468867	-1.846391	-0.721963	0.100000	-0.007965	0.096741	-0.059444	
0.000574	-0.000624	-0.012392	0.469254	-1.846276	-0.734066	0.100000	-0.051117	0.209935	-0.064080	
-0.004930	-0.018277	-0.010952	0.464137	-1.863815	-0.744725	0.100000	-0.123800	0.135671	0.037376	
0.002022	-0.017815	0.004752	0.465973	-1.880884	-0.739675	0.100000	0.029407	-0.165993	0.117590	
-0.002523	0.021931	-0.000042	0.463263	-1.858201	-0.739422	0.100000	-0.220480	-0.029594	-0.107394	
-0.004501	-0.000315	-0.004816	0.458577	-1.857774	-0.743942	0.100000	-0.110543	0.079307	-0.118182	
-0.002486	-0.002223	-0.009583	0.455907	-1.859254	-0.753228	0.100000	0.043993	0.003845	-0.038257	
0.000462	0.003926	0.009880	0.456186	-1.854584	-0.743047	0.100000	-0.161099	-0.176116	0.037865	
-0.002152	-0.007692	0.012547	0.453852	-1.861534	-0.730203	0.100000	-0.026224	0.054375	0.003666	
-0.009699	0.010860	-0.001046	0.443971	-1.849929	-0.730957	0.100000	0.001834	0.052216	0.035170	
-0.013165	-0.006965	0.004198	0.430629	-1.856154	-0.726466	0.100000	0.001394	-0.032377	-0.088095	
-0.006132	0.043178	-0.009650	0.424325	-1.812234	-0.735826	0.100000	-0.126196	0.077667	-0.046020	
-0.005250	0.017330	0.011497	0.418905	-1.794179	-0.724034	0.100000	0.231520	0.160310	-0.097058	
0.002225	-0.008460	0.002964	0.420963	-1.801921	-0.720781	0.100000	0.050568	0.029103	-0.134828	
-0.000856	0.032084	-0.000710	0.419938	-1.769117	-0.721203	0.100000	0.072775	-0.172417	-0.117471	
-0.005097	0.027706	-0.011207	0.414674	-1.740703	-0.732122	0.100000	0.029416	-0.081529	0.080234	
0.000943	-0.004011	-0.009093	0.415451	-1.744018	-0.740922	0.100000	-0.125208	0.070493	0.209143	
-0.012320	0.054099	0.007475	0.402964	-1.689221	-0.733151	0.100000	-0.069421	-0.107041	-0.001529	
-0.011976	-0.039068	-0.022882	0.390828	-1.727614	-0.755740	0.100000	0.083048	0.070771	-0.047591	
0.000294	0.012307	0.018146	0.390966	-1.714616	-0.737292	0.100000	-0.045874	0.070711	-0.022040	
0.001938	-0.012208	-0.006339	0.392747	-1.726139	-0.743336	0.100000	-0.105034	0.006906	0.025923	
-0.001628	0.020863	-0.002728	0.390963	-1.704585	-0.745767	0.100000	-0.066626	0.066193	0.188015	
0.005395	-0.024648	-0.012300	0.396202	-1.728552	-0.757769	0.100000	-0.067059	0.009556	0.134629	
-0.003783	-0.004821	0.009616	0.392260	-1.732681	-0.747850	0.100000	0.036536	-0.062080	0.041551	
-0.003554	0.035793	-0.003953	0.388549	-1.696195	-0.751503	0.100000	-0.042833	-0.099891	-0.160887	
0.002271	-0.011168	0.002359	0.390665	-1.706684	-0.748843	0.100000	-0.154115	-0.014971	-0.129992	
0.003708	-0.041203	0.009906	0.394216	-1.747205	-0.738638	0.100000	0.144391	0.200173	-0.134253	
0.005427	-0.005790	-0.010874	0.399485	-1.752296	-0.749217	0.100000	0.068269	-0.088413	0.032163	
0.003253	0.037504	0.005368	0.402579	-1.714092	-0.743549	0.100000	-0.050497	-0.012767	0.002674	
-0.009024	0.028225	-0.004336	0.393394	-1.685181	-0.747587	0.100000	-0.176416	-0.018455	-0.122136	
0.008377	0.005427	0.004547	0.401613	-1.679080	-0.742742	0.100000	-0.105503	0.189508	-0.082424	
-0.008447	0.021288	0.004463	0.393006	-1.657120	-0.737982	0.100000	-0.071610	-0.068262	0.045737	
0.006981	0.021364	0.005026	0.399830	-1.635093	-0.732660	0.100000	-0.074787	-0.000560	0.047504	
-0.003576	-0.030106	-0.001865	0.396094	-1.664545	-0.734232	0.100000	-0.093053	0.083386	0.155218	
0.000924	-0.007748	-0.005626	0.396859	-1.671627	-0.739565	0.100000	-0.015984	0.185031	-0.029078	
-0.008184	0.000030	-0.007713	0.388517	-1.670929	-0.746982	0.100000	0.073704	0.149233	-0.076037	
-0.004727	-0.046481	-0.001422	0.383635	-1.716742	-0.748106	0.100000	0.026254	-0.049910	-0.085169	
0.013791	-0.029811	-0.000905	0.397273	-1.745867	-0.748712	0.100000	-0.043821	0.077371	-0.149366	
0.004029	0.039934	-0.005148	0.401143	-1.705234	-0.753561	0.100000	-0.110672	-0.117552	-0.031663	
0.006152	0.014419	-0.008435	0.407134	-1.690133	-0.761695	0.100000	-0.162291	0.057476	0.035834	
0.003479	0.011540	0.016476	0.410451	-1.677917	-0.744914	0.100000	0.154195	-0.087092	-0.046299	
-0.000326	-0.052685	0.007259	0.409961	-1.729932	-0.737357	0.100000	0.119976	0.003820	0.042700	
0.003547	0.038080	0.002869	0.413344	-1.691160	-0.734193	0.100000	0.083538	0.131189	-0.056960	
0.002663	-0.033486	0.020160	0.415842	-1.723970	-0.713740	0.100000	0.036741	-0.021574	-0.075096	
0.001873	0.005218	0.002260	0.417548	-1.718062	-0.711194	0.100000	0.028508	-0.121720	-0.153500	
-0.006880	0.002744	0.004568	0.410502	-1.714631	-0.706342	0.100000	-0.002223	-0.043282	0.050065	
0.010823	-0.003912	0.015768	0.421160	-1.717857	-0.690292	0.100000	0.101183	0.100432	-0.012815	
0.005100	-0.007778	-0.006546	0.426092	-1.724948	-0.696562	0.100000	-0.052254	0.106592	0.039010	
-0.001141	0.006581	0.003163	0.424780	-1.717678	-0.693120	0.100000	-0.012699	0.011126	-0.057198	
-0.005906	-0.008843	-0.009852	0.418705	-1.725834	-0.702695	0.100000	0.161536	0.042277	-0.001397	
0.003558	0.048178	-0.004508	0.422095	-1.676966	-0.706922	0.100000	-0.115374	-0.029611	-0.089916	
0.005791	-0.004824	-0.003908	0.427717	-1.681119	-0.710547	0.100000	-0.003692	0.076862	0.284206	
-0.003491	0.013305	-0.006398	0.424055	-1.667142	-0.716661	0.100000	-0.010845	-0.055795	-0.103848	
-0.003890	-0.017087	-0.000902	0.419995	-1.683562	-0.717277	0.100000	0.034319	-0.038963	0.080511	
0.001450	0.021883	0.002680	0.421277	-1.661005	-0.714310	0.100000	0.064998	0.100412	-0.188846	
-0.000266	0.026895	0.011165	0.420842	-1.633446	-0.702860	0.100000	0.074773	0.089976	0.043693	
0.012263	-0.020223	-0.010032	0.432937	-1.653015	-0.712610	0.100000	-0.112730	-0.031954	-0.024870	
-0.002130	0.014616	0.003545	0.430634	-1.637738	-0.708780	0.100000	0.075897	-0.151584	-0.080207	
-0.012431	-0.023696	0.006092	0.418030	-1.660780	-0.702405	0.100000	0.116965	0.039067	-0.078125	
0.000534	-0.020899	-0.000402	0.418397	-1.681015	-0.702526	0.100000	-0.014788	0.001507	0.008848	
-0.002919	0.000398	-0.004974	0.415312	-1.679944	-0.707219	0.100000	-0.028369	0.085026	-0.090649	
0.007264	0.023492	-0.013596	0.422410	-1.655780	-0.720532	0.100000	0.008723	0.087169	0.089289	
0.005364	-0.009311	0.000031	0.427605	-1.664429	-0.720213	0.100000	0.023475	-0.210059	-0.094967	
0.000332	0.009646	0.003182	0.427766	-1.654117	-0.716743	0.100000	-0.323582	0.005488	0.066597	
-0.005882	-0.017598	-0.000029	0.421713	-1.671054	-0.716486	0.100000	-0.064059	-0.074595	0.024512	
-0.000366	-0.027537	-0.008684	0.421178	-1.697923	-0.724883	0.100000	0.000112	-0.169481	0.136081	
-0.000198	-0.025233	0.009672	0.420811	-1.722477	-0.714921	0.100000	-0.016011	-0.102047	0.062905	
0.004483	-0.019065	0.013799	0.425127	-1.740853	-0.700836	0.100000	0.025493	0.019569	0.222125	
-0.002963	0.025883	-0.015534	0.421994	-1.714274	-0.716090	0.100000	-0.098779	0.041104	0.010342	
-0.003348	-0.009963	0.003007	0.418477	-1.723551	-0.712796	0.100000	0.315253	-0.098314	-0.131020	
0.003204	-0.011897	0.012018	0.421514	-1.734759	-0.700493	0.100000	0.077525	0.004630	-0.072256	
-0.005675	-0.019871	-0.013392	0.415671	-1.753937	-0.713606	0.100000	-0.002345	-0.079028	-0.071220	
-0.001822	0.016869	-0.018763	0.413682	-1.736367	-0.732083	0.100000	-0.185908	0.020312	-0.052160	
-0.001715	0.010137	0.008679	0.411802	-1.725536	-0.723111	0.100000	-0.117487	0.017136	0.161774	
-0.008705	0.006253	0.010118	0.402932	-1.718593	-0.712704	0.100000	0.076156	-0.164589	-0.154011	
-0.006865	-0.037459	0.010833	0.395906	-1.755365	-0.701586	0.100000	0.056789	0.012119	-0.122829	
-0.002249	0.052326	0.007627	0.393499	-1.702337	-0.693679	0.100000	-0.016883	-0.050842	0.171484	
-0.000056	0.014443	0.000737	0.393286	-1.687213	-0.692665	0.100000	0.064659	-0.090311	0.033718	
0.001347	0.011680	-0.004116	0.394476	-1.674858	-0.696504	0.100000	0.019202	0.126207	0.126679	
-0.002168	-0.013885	-0.011233	0.392150	-1.688073	-0.707458	0.100000	0.044514	0.150437	-0.029943	
0.012480	-0.024011	-0.011575	0.404474	-1.711409	-0.718750	0.100000	0.042615	0.173124	0.026469	
-0.011310	-0.017765	0.007142	0.393002	-1.728490	-0.711320	0.100000	-0.095066	0.100224	0.008376	
0.005935	-0.000508	-0.001507	0.398780	-1.728306	-0.712543	0.100000	0.093359	0.083997	0.026531	
0.005932	0.020456	0.000333	0.404553	-1.707159	-0.711925	0.100000	-0.010677	-0.038146	0.047316	
-0.002784	-0.048820	0.016659	0.401607	-1.755296	-0.694981	0.100000	-0.041124	0.011669	0.115506	
-0.001122	-0.001673	0.003461	0.400324	-1.756267	-0.691242	0.100000	-0.038708	0.044805	-0.109499	
-0.003690	-0.047442	0.010517	0.396474	-1.803007	-0.680449	0.100000	-0.074653	-0.081638	-0.097684	
-0.000387	0.014247	-0.003465	0.395929	-1.788039	-0.683642	0.100000	0.195489	0.201983	-0.043284	
0.000887	0.013464	0.002103	0.396657	-1.773860	-0.681265	0.100000	-0.005435	-0.147971	-0.136608	
-0.001550	0.010387	0.013184	0.394948	-1.762764	-0.667809	0.100000	-0.082158	0.009518	0.031744	
0.003984	0.031503	-0.000853	0.398774	-1.730555	-0.668395	0.100000	0.021949	0.024474	0.065176	
0.005218	-0.020482	-0.009781	0.403833	-1.750345	-0.677909	0.100000	-0.021130	-0.176820	0.056553	
-0.002509	0.013923	0.005730	0.401162	-1.735722	-0.671908	0.100000	-0.141326	0.079629	-0.045487	
-0.016590	0.002662	-0.011931	0.384412	-1.732366	-0.683571	0.100000	-0.017771	0.043109	-0.168326	
0.002363	0.006467	-0.007660	0.386622	-1.725206	-0.690957	0.100000	-0.003304	0.106282	-0.023977	
0.003610	0.004527	-0.027049	0.390077	-1.719989	-0.717730	0.100000	0.077763	0.009743	0.099598	
-0.002980	-0.029023	0.001860	0.386941	-1.748324	-0.715583	0.100000	-0.000682	-0.192943	-0.069334	
0.001629	-0.020210	0.004830	0.388415	-1.767835	-0.710467	0.100000	0.007460	0.070315	0.047537	
-0.000598	-0.036186	-0.001800	0.387662	-1.803313	-0.711983	0.100000	0.011492	-0.002023	0.082521	
-0.004031	0.036603	0.007694	0.383476	-1.765990	-0.704004	0.100000	0.039142	-0.048907	0.263254	
-0.002204	-0.010770	0.002219	0.381118	-1.776053	-0.701504	0.100000	-0.077868	0.101761	0.062199	
0.004167	-0.024827	0.007720	0.385133	-1.800170	-0.693503	0.100000	0.099167	0.035723	-0.095069	
0.004006	0.022351	-0.010208	0.388985	-1.777099	-0.703434	0.100000	0.001505	0.005670	-0.004682	
0.000735	-0.012368	-0.007673	0.389565	-1.788756	-0.710825	0.100000	0.043150	0.058993	0.055032	
0.002155	-0.019549	0.005653	0.391564	-1.807590	-0.704888	0.100000	-0.011649	0.029785	0.127872	
0.001093	-0.006002	-0.008564	0.392500	-1.812868	-0.713170	0.100000	0.092969	0.092961	-0.089610	
0.007986	0.006148	-0.004493	0.400329	-1.805995	-0.717377	0.100000	0.014805	0.030363	0.025889	
-0.005044	-0.073313	-0.014828	0.395126	-1.878585	-0.731919	0.100000	-0.086690	-0.016166	0.118276	
-0.004480	0.022974	-0.007763	0.390488	-1.854860	-0.739389	0.100000	0.052820	0.026235	-0.000872	
-0.010769	-0.053840	-0.000979	0.379563	-1.907958	-0.740072	0.100000	0.073149	0.035117	0.002505	
-0.003037	0.019065	-0.014928	0.376374	-1.888130	-0.754704	0.100000	-0.136663	-0.010824	-0.063341	
0.010346	0.013670	0.004603	0.386570	-1.873705	-0.749799	0.100000	0.172860	0.040472	-0.042267	
0.003683	-0.019247	-0.003074	0.390098	-1.892203	-0.752573	0.100000	0.018724	0.022260	-0.042807	
-0.005659	-0.001916	-0.003531	0.384283	-1.893362	-0.755803	0.100000	-0.050153	0.012901	-0.117716	
-0.010935	0.031537	-0.013640	0.373194	-1.861068	-0.769140	0.100000	-0.007652	0.084446	0.140489	
-0.002469	-0.018043	-0.006466	0.370576	-1.878367	-0.775299	0.100000	-0.072179	-0.129885	-0.097923	
0.019212	0.001437	-0.006554	0.389640	-1.876179	-0.781543	0.100000	-0.022174	-0.090002	0.013133	
0.001515	-0.032650	-0.023144	0.390999	-1.908078	-0.804374	0.100000	0.087176	-0.217427	-0.131983	
-0.000266	0.044461	-0.001277	0.390576	-1.862854	-0.805330	0.100000	0.021851	0.050280	-0.012337	
0.001392	-0.024053	-0.003588	0.391812	-1.886162	-0.808596	0.100000	-0.126278	0.047370	0.119678	
-0.000697	0.009892	-0.001786	0.390959	-1.875515	-0.810058	0.100000	0.057747	-0.079008	-0.036777	
0.000387	-0.021650	0.000721	0.391189	-1.896415	-0.809013	0.100000	-0.058859	0.173088	0.144541	
-0.005003	0.019721	0.002250	0.386030	-1.875936	-0.806440	0.100000	-0.245972	-0.098836	0.149262	
-0.006201	0.014641	0.000867	0.379674	-1.860544	-0.805250	0.100000	-0.091002	0.134766	0.077424	
0.007986	-0.033787	-0.017309	0.387508	-1.893588	-0.822237	0.100000	-0.083974	0.054417	0.010412	
-0.007859	0.034284	0.000791	0.379494	-1.858546	-0.821117	0.100000	0.048955	0.222867	-0.075268	
0.007206	0.010818	0.001043	0.386548	-1.846984	-0.819746	0.100000	0.010232	0.043655	0.066372	
0.000271	-0.014272	-0.012411	0.386664	-1.860518	-0.831829	0.100000	0.055127	0.185950	-0.016392	
-0.010405	-0.027079	0.001951	0.376104	-1.886853	-0.829545	0.100000	-0.008946	0.072923	0.176545	
-0.004554	0.013908	0.002181	0.371400	-1.872190	-0.827032	0.100000	-0.086234	-0.027785	-0.307227	
-0.009768	0.002641	0.001199	0.361484	-1.868800	-0.825502	0.100000	-0.035234	-0.036561	-0.074664	
0.007679	-0.021871	-0.012204	0.369018	-1.889924	-0.837376	0.100000	-0.061754	0.066153	0.078829	
-0.002931	0.041993	-0.005072	0.365940	-1.847174	-0.842114	0.100000	-0.069447	0.167045	0.032552	
-0.003359	0.050024	-0.001311	0.362435	-1.796411	-0.843088	0.100000	-0.131475	0.193480	0.116687	
0.000102	-0.032681	-0.011139	0.362392	-1.828374	-0.853890	0.100000	0.079338	0.143876	0.049192	
-0.003042	-0.079313	-0.006121	0.359205	-1.906956	-0.859669	0.100000	0.087134	0.339503	0.102454	
-0.013116	-0.009752	-0.000118	0.345945	-1.915945	-0.859443	0.100000	-0.080039	0.121442	-0.058022	
0.004640	-0.013325	0.005718	0.350447	-1.928505	-0.853381	0.100000	-0.069212	0.071018	0.033813	
-0.002243	-0.023793	0.001117	0.348064	-1.951526	-0.851922	0.100000	0.086537	0.078609	0.090916	
0.002196	-0.005668	-0.011834	0.350120	-1.956413	-0.863415	0.100000	0.090663	0.040750	0.009125	
0.002177	-0.010129	-0.019238	0.352158	-1.965760	-0.882308	0.100000	0.020973	0.059577	0.064286	
0.000538	0.018203	0.009025	0.352554	-1.946771	-0.872930	0.100000	-0.221396	-0.037047	-0.033642	
-0.000995	0.047530	-0.004705	0.351419	-1.898462	-0.877286	0.100000	-0.033182	0.042156	-0.087384	
-0.006354	0.047989	0.006978	0.344924	-1.849714	-0.869957	0.100000	0.120258	-0.112272	-0.037316	
-0.007092	0.022527	0.007456	0.337694	-1.826447	-0.862154	0.100000	0.078991	0.014040	0.046943	
-0.007276	0.015595	0.007708	0.330282	-1.810123	-0.854101	0.100000	0.272363	-0.008293	-0.124951	
0.002203	-0.001259	-0.009534	0.332353	-1.810658	-0.863294	0.100000	0.006917	0.024152	0.075389	
-0.003235	-0.008851	0.009443	0.328985	-1.818784	-0.853506	0.100000	0.019104	-0.003854	-0.035965	
-0.002906	-0.000710	0.005235	0.325947	-1.818767	-0.847929	0.100000	0.017570	0.050826	-0.014302	
-0.005841	0.001133	0.008102	0.319976	-1.816907	-0.839488	0.100000	0.051926	-0.248662	0.064143	
-0.000122	0.021145	0.006620	0.319726	-1.795036	-0.832532	0.100000	-0.154466	0.128132	-0.029348	
0.010781	0.024372	-0.000108	0.330379	-1.769946	-0.832307	0.100000	0.031315	-0.192280	-0.185197	
-0.002033	0.046230	0.013515	0.328214	-1.723008	-0.818460	0.100000	0.061948	-0.081298	0.128329	
0.011139	0.047378	0.012469	0.339221	-1.674940	-0.805664	0.100000	0.043675	0.154426	-0.038836	
0.018305	0.012082	-0.029116	0.357391	-1.662189	-0.834457	0.100000	-0.263663	-0.065390	0.026149	
0.003055	0.010008	0.000346	0.360303	-1.651516	-0.833778	0.100000	0.131042	-0.024945	-0.028931	
0.007582	-0.002054	0.017150	0.367741	-1.652910	-0.816294	0.100000	0.254567	0.016803	-0.117610	
-0.008521	0.021506	0.008594	0.359073	-1.630743	-0.807374	0.100000	-0.053502	-0.033306	-0.057988	
0.000766	-0.064241	-0.001694	0.359696	-1.694331	-0.808745	0.100000	-0.044649	0.127881	-0.088033	
0.006138	0.010074	-0.004653	0.365690	-1.683580	-0.813075	0.100000	0.058951	0.040556	0.026951	
-0.000764	-0.012195	0.012343	0.364780	-1.695102	-0.800406	0.100000	-0.033573	-0.198783	-0.039778	
-0.002246	-0.008976	-0.005635	0.362388	-1.703400	-0.805721	0.100000	0.088712	0.084198	-0.003836	
0.003010	-0.045815	0.002108	0.365253	-1.748534	-0.803291	0.100000	-0.087465	-0.110826	0.242856	
-0.002860	0.002843	-0.007026	0.362247	-1.744992	-0.809996	0.100000	-0.079239	0.045759	-0.124511	
0.001379	-0.016484	-0.001754	0.363481	-1.760778	-0.811426	0.100000	-0.051241	-0.009832	0.117608	
0.006352	-0.010189	0.002865	0.369687	-1.770263	-0.808236	0.100000	-0.171585	0.033732	-0.086471	
-0.013352	0.018501	-0.011498	0.356188	-1.751054	-0.819411	0.100000	-0.015280	-0.161920	0.044930	
-0.004123	0.021160	-0.000181	0.351922	-1.729194	-0.819264	0.100000	-0.092267	-0.126972	0.073451	
0.007535	0.019677	0.006787	0.359317	-1.708825	-0.812150	0.100000	-0.027213	0.050234	0.074497	
-0.000956	-0.004243	-0.017451	0.358217	-1.712385	-0.829276	0.100000	0.047756	0.061472	0.041359	
0.001753	0.029770	-0.005746	0.359827	-1.681929	-0.834690	0.100000	-0.040207	-0.031266	-0.042111	
-0.006310	0.004885	-0.003247	0.353373	-1.676372	-0.837603	0.100000	0.069607	0.091827	-0.118471	
0.005006	0.004558	-0.014547	0.358238	-1.671143	-0.851815	0.100000	-0.148701	0.120722	-0.034920	
0.000565	-0.007641	-0.008719	0.358659	-1.678116	-0.860194	0.100000	-0.125317	0.034164	-0.005469	
0.005860	0.056717	0.012052	0.364376	-1.620728	-0.847797	0.100000	0.040561	0.147394	-0.019993	
0.003108	0.030834	-0.004363	0.367339	-1.589246	-0.851822	0.100000	-0.040200	0.109886	0.004460	
-0.007493	0.015230	0.006601	0.359698	-1.573381	-0.844880	0.100000	-0.027935	0.090197	-0.166049	
-0.007985	-0.010505	0.008282	0.351570	-1.583257	-0.836260	0.100000	0.096675	-0.100795	-0.015370	
0.004227	0.011165	-0.014735	0.355657	-1.571458	-0.850661	0.100000	0.117510	0.096316	0.089208	
0.001243	0.026319	-0.010092	0.356758	-1.544511	-0.860412	0.100000	0.083910	0.020292	-0.058437	
-0.001861	-0.022351	0.003064	0.354754	-1.566244	-0.857005	0.100000	0.041601	0.008200	0.000439	
0.000733	0.003322	-0.007437	0.355345	-1.562296	-0.864099	0.100000	0.008515	-0.007529	0.002011	
-0.002659	-0.033851	0.008595	0.352543	-1.595522	-0.855159	0.100000	0.000129	-0.067434	0.034969	
-0.007500	0.013805	-0.011794	0.344902	-1.581079	-0.866611	0.100000	0.019160	0.189342	-0.043244	
-0.007417	0.012163	0.000620	0.337348	-1.568284	-0.865644	0.100000	-0.055797	0.003108	-0.080723	
0.003776	-0.003408	0.016667	0.340988	-1.571065	-0.848631	0.100000	0.018405	0.078119	-0.040561	
0.002821	-0.038734	0.011873	0.343673	-1.609170	-0.836419	0.100000	0.149643	-0.027250	-0.015394	
-0.006300	-0.014642	0.011606	0.337235	-1.623169	-0.824479	0.100000	-0.037599	-0.104620	0.163228	
-0.003201	0.016623	-0.002030	0.333899	-1.605897	-0.826179	0.100000	0.099515	0.104676	0.054573	
-0.003265	-0.007344	0.002625	0.330500	-1.612599	-0.823224	0.100000	-0.060912	-0.171122	-0.145831	
-0.006156	-0.029312	0.003892	0.324212	-1.641266	-0.819002	0.100000	0.231113	-0.097022	0.185627	
0.002002	0.006392	0.012057	0.326084	-1.634217	-0.806618	0.100000	-0.017191	-0.069191	0.033970	
-0.012481	-0.013286	-0.011915	0.313473	-1.646850	-0.818210	0.100000	0.112865	0.031046	0.096514	
-0.006760	-0.034178	-0.000009	0.306588	-1.680369	-0.817892	0.100000	0.108788	0.028455	-0.043923	
0.003631	0.016140	0.001406	0.310097	-1.663556	-0.816160	0.100000	-0.013846	-0.065753	-0.112681	
-0.005443	0.039393	0.003628	0.304530	-1.623498	-0.812205	0.100000	-0.089112	0.117267	-0.111692	
0.006517	0.037798	-0.026949	0.310924	-1.585051	-0.838829	0.100000	0.005631	-0.163296	0.186965	
0.011925	-0.052721	0.013567	0.322725	-1.637138	-0.824927	0.100000	0.104700	-0.155206	-0.221161	
0.004359	0.028251	0.000405	0.326955	-1.608232	-0.824192	0.100000	-0.043450	-0.282878	0.210606	
0.000392	-0.019239	-0.004518	0.327216	-1.626829	-0.828381	0.100000	0.187074	-0.147982	-0.099496	
-0.001707	0.025657	0.002010	0.325378	-1.600521	-0.826039	0.100000	0.138604	-0.089709	-0.010153	
-0.002424	0.028725	0.001641	0.322824	-1.571156	-0.824067	0.100000	0.044971	-0.134366	0.074506	
-0.001833	0.002278	0.003330	0.320862	-1.568249	-0.820407	0.100000	-0.031483	0.161141	-0.002913	
-0.009062	-0.000456	-0.001085	0.311672	-1.568078	-0.821164	0.100000	0.044985	0.109842	-0.085847	
0.004056	0.009498	0.013364	0.315603	-1.557954	-0.807472	0.100000	0.003333	0.051526	0.150832	
0.001384	-0.004707	-0.014054	0.316861	-1.562038	-0.821203	0.100000	0.132752	-0.031613	0.050454	
0.010246	-0.021946	-0.006472	0.326980	-1.583359	-0.827347	0.100000	-0.020937	0.111478	0.042734	
0.006193	0.032310	-0.007763	0.333042	-1.550416	-0.834779	0.100000	-0.085609	-0.137715	-0.120207	
-0.003431	-0.017120	-0.014372	0.329478	-1.566916	-0.848817	0.100000	-0.033825	-0.190478	-0.106262	
0.013933	-0.007116	-0.003327	0.343279	-1.573406	-0.851804	0.100000	0.047679	-0.082432	-0.159634	
-0.004997	-0.029566	0.004994	0.338145	-1.602342	-0.846470	0.100000	0.075504	-0.056928	-0.082702	
0.009577	-0.033114	-0.003335	0.347586	-1.634816	-0.849466	0.100000	-0.107351	-0.158108	-0.118799	
-0.005229	-0.003213	0.008380	0.342218	-1.637375	-0.840746	0.100000	-0.016897	-0.073471	-0.060210	
-0.009762	0.016485	0.003469	0.332319	-1.620235	-0.836941	0.100000	0.064176	0.005181	-0.146325	
0.001518	-0.036170	-0.011632	0.333704	-1.655757	-0.848239	0.100000	-0.016631	-0.079128	-0.077156	
-0.000347	-0.051315	0.007044	0.333224	-1.706410	-0.840856	0.100000	-0.134344	0.080426	0.119831	
-0.003286	-0.024012	0.004766	0.329804	-1.729739	-0.835753	0.100000	0.005926	0.075516	0.035627	
0.004204	0.016006	0.001079	0.333876	-1.713041	-0.834340	0.100000	0.094296	-0.055974	-0.039103	
-0.003878	-0.026935	0.010469	0.329865	-1.739291	-0.823538	0.100000	0.044483	-0.055034	0.060385	
-0.002003	-0.012766	0.001496	0.327729	-1.751361	-0.821712	0.100000	0.002251	0.024920	-0.080968	
-0.004304	-0.002445	0.004700	0.323294	-1.753106	-0.816683	0.100000	0.100790	-0.156561	0.122989	
-0.015116	-0.019410	-0.006768	0.308049	-1.771815	-0.823125	0.100000	-0.029382	-0.099860	-0.231010	
-0.006617	-0.010581	-0.011952	0.301309	-1.781688	-0.834747	0.100000	-0.014782	-0.001053	0.092597	
-0.003868	0.025143	0.001502	0.297320	-1.755832	-0.832911	0.100000	-0.138357	0.158818	-0.018571	
0.008339	-0.006826	-0.000858	0.305540	-1.761956	-0.833436	0.100000	-0.119824	0.068574	-0.041691	
0.004744	-0.001679	0.018110	0.310162	-1.762930	-0.814993	0.100000	-0.156251	-0.094766	0.130416	
0.006317	-0.001597	-0.007401	0.316355	-1.763822	-0.822068	0.100000	-0.065354	-0.088159	-0.065751	
-0.001423	0.001811	-0.003504	0.314805	-1.761306	-0.825243	0.100000	-0.029141	0.030343	-0.039192	
-0.009258	0.004664	0.020241	0.305422	-1.755938	-0.804673	0.100000	0.113486	-0.203348	0.000071	
0.009081	0.028051	-0.004689	0.314381	-1.727185	-0.809040	0.100000	0.019453	0.136474	-0.096557	
0.005215	-0.036387	0.003393	0.319470	-1.762881	-0.805323	0.100000	-0.061609	0.044814	-0.071131	
0.002766	-0.010090	0.005228	0.322108	-1.772265	-0.799772	0.100000	-0.173375	-0.090891	-0.096783	
-0.012874	0.004034	-0.012340	0.309106	-1.767522	-0.811792	0.100000	0.002584	0.037159	-0.080764	
0.007110	0.013847	-0.008395	0.316093	-1.752968	-0.819863	0.100000	0.086028	-0.040920	0.119326	
-0.011748	-0.042191	0.014661	0.304218	-1.794458	-0.804874	0.100000	0.149225	0.053734	0.178553	
-0.000625	-0.033675	0.005398	0.303471	-1.827416	-0.799154	0.100000	-0.046161	-0.065408	0.046051	
0.005207	-0.003005	0.007028	0.308557	-1.829690	-0.791807	0.100000	0.047941	-0.062265	-0.000477	
-0.003252	-0.036682	-0.008409	0.305182	-1.865640	-0.799899	0.100000	0.128261	-0.101680	-0.101608	
0.000766	0.020312	0.032967	0.305825	-1.844582	-0.766613	0.100000	-0.005242	-0.026241	0.043162	
0.000960	0.017165	-0.001091	0.306663	-1.826679	-0.767397	0.100000	-0.164290	0.081227	-0.113279	
-0.018086	-0.009576	0.000022	0.288455	-1.835525	-0.767068	0.100000	-0.046760	0.017793	0.141831	
0.003152	0.034220	0.004681	0.291491	-1.800571	-0.762080	0.100000	0.030997	-0.085881	-0.158069	
0.002553	0.006212	0.014546	0.293928	-1.793639	-0.747230	0.100000	-0.033660	0.016399	0.050532	
-0.003496	0.006864	0.003102	0.290314	-1.786058	-0.743828	0.100000	0.032321	-0.120259	-0.108317	
-0.006756	-0.028627	0.015115	0.283442	-1.813970	-0.728415	0.100000	-0.028696	-0.053218	-0.058959	
-0.006562	0.014318	0.003792	0.276767	-1.798927	-0.724332	0.100000	-0.066778	0.001979	0.072875	
-0.001252	0.008303	-0.009863	0.275404	-1.789904	-0.733905	0.100000	0.051578	-0.015383	0.152682	
0.000205	0.040524	0.013103	0.275499	-1.748664	-0.720509	0.100000	-0.164334	-0.202422	-0.016595	
0.005267	0.004529	0.020844	0.280656	-1.743436	-0.699377	0.100000	-0.028169	0.060202	-0.071042	
-0.002968	-0.025874	0.008732	0.277576	-1.768613	-0.690365	0.100000	0.044522	0.050547	0.179376	
-0.000796	0.041578	-0.005524	0.276669	-1.726328	-0.695613	0.100000	-0.023860	0.045075	-0.067360	
0.009202	-0.035056	0.003501	0.285760	-1.760694	-0.691833	0.100000	0.028880	-0.084534	-0.012286	
0.001148	0.004908	-0.006721	0.286794	-1.755081	-0.698278	0.100000	-0.078275	-0.013557	-0.060827	
-0.005371	0.017560	0.003699	0.281308	-1.736819	-0.694299	0.100000	0.026694	0.139941	0.224162	
-0.006567	0.028931	0.004846	0.274628	-1.707194	-0.689176	0.100000	-0.039646	-0.010298	0.078766	
-0.001572	0.002326	-0.014711	0.272947	-1.704186	-0.703611	0.100000	0.017369	0.028063	0.091257	
0.000677	-0.002998	0.006079	0.273515	-1.706502	-0.697251	0.100000	-0.017969	-0.111758	0.132327	
-0.004567	0.005635	0.003135	0.268839	-1.700184	-0.693837	0.100000	0.022175	-0.110030	0.051048	
0.001578	-0.035241	-0.004970	0.270310	-1.734745	-0.698529	0.100000	-0.008208	0.004005	0.035253	
