200000.0	-1.9605891663521418	-1.7646443339649438	0.4889088983985879	-0.11988596189349497	-0.014188972806647306	0.046202999269765926
400000.0	-1.9640829722941793	-1.778942701828541	0.4908803798494877	0.18327943951375028	0.2023834793963464	-0.07421041587577216
600000.0	-1.945544276294717	-1.8061209716247772	0.49180777629320827	0.009906830188472493	-0.012697961281339069	-0.12394945125174812
800000.0	-1.9144950071068618	-1.7766080705428227	0.4958687712660718	0.297986693662372	-0.09715392122866685	-0.09896303279081349
1000000.0	-1.9127697762391684	-1.7667530938681448	0.49956282050054157	0.0990458402488354	0.01937892543980683	-0.041203138081789284
1200000.0	-1.8892738020824447	-1.7720760658176489	0.4941166285711316	0.12736272944500157	-0.05262501351792398	0.041299955789386056
1400000.0	-1.8586068928539405	-1.7693750786415077	0.4836125645999547	-0.012632287829523706	-0.09815992948227346	-0.07826057218338435
1600000.0	-1.8102123882149876	-1.7562548165139908	0.4905874484788003	0.27027588666659663	0.03957061323721951	-0.05058019789532903
1800000.0	-1.776105133261837	-1.7661326474694412	0.4869584651055929	0.11067745588422653	-0.16592730566467392	0.1321538527184391
2000000.0	-1.7439858130574304	-1.7912992953839264	0.47486956186336554	0.02757225193883381	0.06697834470360574	-0.13623944757502468
2200000.0	-1.711364723800695	-1.7992730361922513	0.4757460358077633	0.22053072404595647	0.09961110846039059	0.2035956919460078
2400000.0	-1.6711181983025023	-1.7884244789589896	0.47185655208574134	0.2806448403237005	0.1540870218739953	-0.11676291330673276
2600000.0	-1.6167475442348345	-1.7741433509066524	0.48101989600732376	0.2243851718490345	0.048874248397372616	0.058605460011475465
2800000.0	-1.555041978388418	-1.7621833418842006	0.480887178703777	0.4611386000075417	0.02756434411607182	0.003025606674829886
3000000.0	-1.4924171628090526	-1.7704085963118046	0.47072591534654745	0.35808519931156657	0.005066332243384606	0.0014832878283721459
3200000.0	-1.4133560789437993	-1.7756865652971334	0.46692527386575244	0.4506633448940847	-0.12077780196286292	-0.1322345523735912
3400000.0	-1.348163475016791	-1.7850827008373502	0.458458455887402	0.3967452205801278	0.21521820934092814	-0.09330550678257629
3600000.0	-1.2734250011692008	-1.8164973860435065	0.46473164966920655	0.2755017261188314	-0.039541143851698574	-0.18999769028879487
3800000.0	-1.1908729828343851	-1.8355472958745611	0.46658314524052696	0.4725405130564085	0.0693157836920545	0.11315569036415435
4000000.0	-1.097530309787936	-1.8156503030149647	0.4734468173842859	0.332154719093392	0.006905788281666541	0.010611168614748003
4200000.0	-1.001107580149822	-1.8239740139269938	0.4822679347027727	0.39302166825536733	0.2017621833321722	-0.1408477264145152
4400000.0	-0.8931287308157934	-1.8250177752673769	0.4738424625232487	0.5168553433880689	-0.13052109522099933	-0.08832813423100483
4600000.0	-0.7837376876820119	-1.8401545796720522	0.4672437326629356	0.5234654266192472	0.02025651472284424	-0.04070743175282937
4800000.0	-0.6816690792382225	-1.8403395741831137	0.4672752994827247	0.5193502917451257	0.09605655959064441	0.015452479616277427
5000000.0	-0.5550704081333587	-1.8461646370924698	0.46956978131916216	0.5941209624227347	0.14822603460423592	0.024282689219719412
5200000.0	-0.4409231948215499	-1.8489418341389767	0.4700476541018813	0.7165183541926959	-0.21708752981578366	-0.0700977495821481
5400000.0	-0.30152623190206385	-1.8471919755391863	0.4748170540501757	0.7489259042961594	-0.006537749808808737	0.03328710583542451
5600000.0	-0.154161850878675	-1.866581065143706	0.4763897862289633	0.7927573419151348	-0.03824023019946431	0.07233422565651525
5800000.0	-0.0034991380100440894	-1.851234665791301	0.47843324467457443	0.8350120721180148	0.08074219385936474	-0.018303566022898884
6000000.0	0.12784911549622957	-1.8522468575961395	0.4716115426163903	0.7547577507566767	0.007156322609846747	-0.08114908828029184
6200000.0	0.27446501534237344	-1.836612181247155	0.45797276605959725	0.8473483516331766	0.14834167509869586	-0.05243368916473887
6400000.0	0.4457085181154825	-1.8260883976329154	0.46303547312230764	0.6358847861306911	0.036046301611513856	0.045636851878548705
6600000.0	0.613755133730785	-1.8319397963032205	0.46915650060500347	0.7413893366260513	0.0700321940187959	-0.058856406252087975
6800000.0	0.7918195342949249	-1.8216335740274092	0.4779832669086177	0.7156681539322944	-0.12999058709778097	-0.04281209090028449
7000000.0	0.9597882785522197	-1.8581025031935157	0.4718392854236514	0.961877230360349	0.11174180560208954	0.07648546779370823
7200000.0	1.148477059164773	-1.8679896772301863	0.46657156159369917	0.9262118981958081	-0.00526743615028746	0.03832601355260245
7400000.0	1.3403721680020035	-1.8531510526653903	0.467727334387632	0.9728354071069757	-0.1034911060409226	0.1526072360829296
7600000.0	1.5311241620734255	-1.848893807198313	0.47299473835008904	1.1803523823057906	-0.1931210369950302	-0.05485866770541274
7800000.0	1.7318104203864593	-1.8514922585645164	0.4671561703186023	0.870074855858179	-0.0915299244675947	0.21169687057704378
8000000.0	1.9301121047934666	-1.8578052915385554	0.4690926680211608	1.1052329824051397	-0.06425660006675504	-0.05318410851531419
8200000.0	2.1442667027634443	-1.8234452550466511	0.4616992837513253	1.1685979875226402	0.007332255375501341	0.04895180635233215
8400000.0	2.350657842238363	-1.8472290384620982	0.4710856014950332	1.19908729181634	-0.04507054502619816	0.07680778076980883
8600000.0	2.576339097952003	-1.833679916802832	0.47132288292347724	1.191036707501529	0.20426287300410007	0.05433662326272515
8800000.0	2.808532157552591	-1.7836259947280617	0.46824460554779695	1.0697859318919118	-0.05802900322777767	0.06810357791120204
9000000.0	3.0393486216702574	-1.7677345935356716	0.4671453238265923	1.28257668236	-0.03877754484543802	0.06520545323172564
9200000.0	3.289498657869197	-1.793335144250168	0.4723534962777802	1.242788487343166	0.15213769024480567	-0.09836824591421402
9400000.0	3.542195155941776	-1.778213872472428	0.46875708692278567	1.181135335348036	0.029263464561693653	-0.10191119447337367
9600000.0	3.7985221505776487	-1.795024934832054	0.46946231263122323	1.3096844842241049	0.028066649261526855	0.2262575631177086
9800000.0	4.061065543676398	-1.785329522488338	0.4765001809907429	1.3536699566001453	-0.08005597363684563	-0.05681826867785914
10000000.0	4.327454540864603	-1.778906276474599	0.4806082275886631	1.5291990233938257	-0.06149238500714167	0.021562746417368044
10200000.0	4.591193837984804	-1.772343951165729	0.475217123323216	1.323907671148497	-0.12597356017433972	-0.1419294328805594
10400000.0	4.870632196306246	-1.7678382237827726	0.4838287470169558	1.4146901938880903	-0.06850164155387259	-0.011610794747674777
10600000.0	5.1628143209914565	-1.777330666022579	0.49030070907052603	1.3402936636460783	0.028347030405715356	0.05521521449181881
10800000.0	5.453035458596077	-1.775267604120433	0.49142458510509435	1.3930894659771176	-0.10754316042538524	-0.1475453869487151
11000000.0	5.752016908463409	-1.7798363339217058	0.4921324705388372	1.4128885910358346	-0.11863408143280266	0.042846299003103036
11200000.0	6.043186722267825	-1.7764257694920633	0.4910560302371916	1.4651792403993598	0.03158334841634752	-0.11526212259860763
11400000.0	6.342660734286583	-1.7520617029091925	0.4943435937801714	1.5536988415917565	0.009987248678480429	0.048329238171072604
11600000.0	6.665600090803471	-1.7835011311227795	0.5004374983045119	1.6220813550227158	-0.05890178291581242	-0.10996259756640173
11800000.0	6.979663114875315	-1.7789369034132745	0.5025589742024322	1.4935504647217352	-0.12830006875258484	-0.019760841951064975
12000000.0	7.321000304216827	-1.7823963237385991	0.501115951077036	1.4975691866851089	-0.13133385828074684	-0.03975072872138786
12200000.0	7.649848996561783	-1.7705893732213642	0.49998230031672913	1.5590674541136784	0.016854207485457833	0.11511632468257349
12400000.0	7.982341117467977	-1.7500269697985957	0.49975302248024184	1.7930472785847829	-0.0036226340278933417	0.051285962237352815
12600000.0	8.329014723215142	-1.7625804829841532	0.49577377385899396	1.6679941335811217	0.09048965012137651	0.15770809649981787
12800000.0	8.67873872960133	-1.7834796130746013	0.49827579749169676	1.9636195590027312	0.06793447092785296	-0.14285568141581337
13000000.0	9.041626960130374	-1.7701824850610315	0.49304634215607984	1.7908601506668749	-0.023971064626556526	-0.05384550988481536
13200000.0	9.416463826023332	-1.812873451422812	0.48974993109930237	1.7878852682287194	-0.17947503982288335	-0.05703220275362878
13400000.0	9.781291276145248	-1.8089392902432047	0.4888275904323528	1.8291238063831026	-0.03189958041897867	-0.10413108289312194
13600000.0	10.14305930961324	-1.7970475211755679	0.48570463557522914	1.8356493806047218	0.0018144326014691414	0.17857305318847086
13800000.0	10.521276275149944	-1.82384518990234	0.49327483419703605	1.5973257634167752	-0.06759896350229096	-0.07356357106922495
14000000.0	10.898200682904218	-1.8188757154961726	0.5004179414397765	1.7437105300499904	-0.04277871699981681	0.015603608667501837
14200000.0	11.26572412868007	-1.8173636224705378	0.5087572138304646	1.921142230376781	-0.06329293976023162	-0.03826539380506696
14400000.0	11.655439832134588	-1.8380341372165807	0.5072674131909316	1.816656337647532	-0.023041720086265698	0.07521512760670279
14600000.0	12.060104463311408	-1.8023851009089928	0.5168510797281045	1.9551485101922468	0.09084014664992734	-0.02298679288683586
14800000.0	12.480925872400407	-1.7909412143807253	0.5159525764707338	2.0649722370868995	-0.0746973512210165	0.030553957086037444
15000000.0	12.890414993480672	-1.7932043386489085	0.517954371094018	2.0487533026292977	-0.0193326477616421	0.06961264425280426
15200000.0	13.306939449929155	-1.8000146080467465	0.5109826606611737	1.976583538391138	0.043617004364673334	-0.08822342959018417
15400000.0	13.734640541879454	-1.8105079962714807	0.5182777661197209	2.169244271640624	0.05469259179813317	0.0766897221922462
15600000.0	14.153706517628244	-1.8299557008544207	0.5229602695363111	2.1182768260684313	-0.10528795945365907	-0.2634460369971343
15800000.0	14.584590848650437	-1.8342034864894279	0.5163732108646462	2.2027195732880145	-0.13878756480787124	0.030860304184575294
16000000.0	15.010186207457577	-1.8725447513586335	0.5017951506041486	2.2861167928034964	-0.08722428141127987	0.014724311048089796
16200000.0	15.467750037780563	-1.863556239149541	0.5104172449642278	2.1659389111163816	0.13420033586242236	-0.0552197626340723
16400000.0	15.915721839974287	-1.8473814773695925	0.513190446628701	2.1214937880477422	-0.05875760786238879	-0.005155225080882227
16600000.0	16.373713876438522	-1.8671763784378648	0.5177713518085203	2.2437562351086537	0.14002862860651363	-0.018621538310870774
16800000.0	16.829205089163803	-1.8481571292224608	0.5157416798712493	2.256313782334179	-0.055260508213349546	-0.07755595701954544
17000000.0	17.295497492239246	-1.8432162736754598	0.5183204211551469	2.344100688478418	-0.001615844414228025	0.014981543716934656
17200000.0	17.76424182741935	-1.8381609854487517	0.5231607142739325	2.4469746365638687	-0.04224114539098564	0.09334875193689528
17400000.0	18.24354300091927	-1.8269047813410864	0.5235791174146702	2.6047919069953145	0.08495077655090683	-0.011886312533855749
17600000.0	18.739249946690265	-1.82137880397814	0.5295122232485452	2.2255189117256116	-0.05857488751662032	-0.29032156936938724
17800000.0	19.231625641518214	-1.816495148273433	0.5314757455413954	2.5239490070743167	-0.1030017126129423	0.09097575646026078
18000000.0	19.73110510111944	-1.785337388176801	0.5240103701122599	2.5183810543610026	-0.14743194694766262	-0.10273619388158996
18200000.0	20.223052261973816	-1.8111476951474024	0.5268578660949825	2.4841805646679176	-0.11484722754134205	-0.010482858017489417
18400000.0	20.707600450293448	-1.8219957371375641	0.5266203678314498	2.421865559469242	-0.12014006000895908	-0.02119534999718526
18600000.0	21.196198010798927	-1.8403984865345406	0.5264182738060356	2.2591688179579927	-0.01463056271828287	-0.08633078744118905
18800000.0	21.66870289494157	-1.851820291155237	0.52346256431071	2.6085047936143373	0.013683842860186798	-0.10736233580518449
19000000.0	22.13812468430755	-1.853349953577315	0.5200955193018734	2.5015537005366557	-0.24374382924914234	-0.02295193184246626
19200000.0	22.608663883884134	-1.8455041429757628	0.5192755177154829	2.3430108195589243	-0.24051064990056925	-0.11724514296734669
19400000.0	23.074872433795573	-1.8818062417085026	0.515177705593898	2.2511118170036917	0.2469235958067953	0.08040346829966186
19600000.0	23.52401726805247	-1.9084016543582998	0.5208483131623305	2.147004649901313	-0.025805564894626393	-0.09661827888088084
19800000.0	23.972903196728943	-1.8840226857872062	0.5058544295961361	2.099432512280527	-0.045835288797994936	0.1836579308377448
20000000.0	24.428433411978162	-1.9103741885397658	0.5084724213921905	2.2350164827312926	-0.20574476009484463	0.06251239891924606
20200000.0	24.86605564693303	-1.9038308349609494	0.5066431111995855	2.113204975500051	-0.02519129961830778	-0.030537630954504038
20400000.0	25.301240899537245	-1.925698855778272	0.5073813069113413	2.0147208476841896	-0.005677190886996197	-0.08183207694714485
20600000.0	25.723715559914346	-1.9403194468774232	0.5087663423569415	1.9804902265021707	-0.1268026201837648	-0.022672985436363657
20800000.0	26.15573881998132	-1.9316045307241039	0.5039190247369001	2.226820158719362	-0.14640926949805122	-0.19627563802173628
21000000.0	26.569615488003617	-1.9367594541242417	0.5053142895580549	2.22423962577463	-0.07933880504582821	-0.2428538939617785
21200000.0	26.97615619782061	-1.9429477540750497	0.5000205235039671	2.034531837544809	0.03519324744855785	-0.18521195419159023
21400000.0	27.3799546111444	-1.9404470918192251	0.5024965155482428	1.9691766235548966	-0.11687257867251316	-0.027211946469809362
21600000.0	27.787292580053244	-1.9354463611206218	0.49810922822668785	2.0094911974030816	-0.1151039473385092	-0.18378954618690488
21800000.0	28.184523893214376	-1.949115674801973	0.4923435450684396	1.9764528183032177	0.04587291386851277	-0.09753142670200876
22000000.0	28.593266028059872	-1.9752272705932676	0.48996390634159065	1.9054857042751479	-0.023241542835513475	-0.11465970733132409
22200000.0	28.990974350422132	-1.988987214439324	0.48925603194997	2.0882688454849685	-0.012109808146960152	-0.019468816761693836
22400000.0	29.364599595927935	-1.987399399825514	0.4903576133634832	1.899948403540782	0.015286646496961563	-0.0910490228726407
22600000.0	29.731102063355078	-1.9944010393046048	0.49049740423755533	1.8555040978421413	-0.07206517499551374	-0.05096247327373279
22800000.0	30.108203365075905	-1.9973259918519781	0.49282378636588997	1.7560955636248416	-0.018394555532708717	-0.08738492040385046
23000000.0	30.475826188730636	-1.966523636413387	0.4880114786235154	1.9293717502528986	-0.03628193004436452	-0.065204362027638
23200000.0	30.882177871226002	-1.9772032862681266	0.4905765855471381	2.0277773148981644	-0.05096529615017567	-0.09943955384827702
23400000.0	31.298755548057166	-1.9913280666249986	0.4808202899832985	2.214728617378303	-0.024444725112601543	-0.0977618043414148
23600000.0	31.733802858010066	-2.0184827546810284	0.48188600821196576	2.261253373456157	0.01870284181189972	-0.1451303739078749
23800000.0	32.18649612949799	-2.0255578451520204	0.48655899529374086	2.3966194331755752	-0.169748325226757	-0.11393093986702182
24000000.0	32.64702407083662	-2.0466637268734855	0.4965178283757544	2.4724039419773134	-0.11715524943815525	0.19122396816848677
24200000.0	33.1437121985411	-2.052546904184146	0.4936343665270206	2.4390224756458565	-0.0431044965244716	-0.08857521826887231
24400000.0	33.6276171078933	-2.0781235101621447	0.5006490896890456	2.583378267308651	-0.11392979539420736	-0.03884154283104344
24600000.0	34.132208876524324	-2.0796204567518926	0.5021979882660816	2.451623128705517	0.030515756717819323	0.0751319078396772
24800000.0	34.64384887561052	-2.110829365373392	0.5064007723798528	2.6850966646929577	-0.12007705153033413	0.05742320221987891
25000000.0	35.1840169187826	-2.131052475470831	0.5054708811090259	2.7432134359608003	-0.06259937038749423	0.1071984732371506
25200000.0	35.72283178668005	-2.137036017623962	0.5093307955720372	2.7706977328008753	-0.09882868666089448	-0.001544252669855284
25400000.0	36.2944658638728	-2.1568226164643938	0.5063064920369513	2.787900283709311	0.10396674412961104	-0.077764889755022
25600000.0	36.86018368643372	-2.1653218909822267	0.5000704417291356	2.709033160741113	-0.013246994122500078	0.132996459696782
25800000.0	37.433851269479234	-2.196412509650294	0.4872344854049245	2.8703308152779203	-0.004047322007353346	-0.0657469604392037
26000000.0	38.006528154952235	-2.1798128934680365	0.4837957910036447	2.9597988440713072	-0.1685045107336774	0.028089595934678163
26200000.0	38.58241721003869	-2.1801169980131525	0.48150858173811084	2.938728201364867	-0.12264758834137802	0.022813828128119506
26400000.0	39.16491462176795	-2.200826560826034	0.4787571830540134	2.882633961736888	0.08959253941683033	-0.0480277134460728
26600000.0	39.754051903727316	-2.2236961930456802	0.471775289114041	2.9459655651277106	0.08535814881731965	-0.060264349615051144
26800000.0	40.36008176757382	-2.237869249549135	0.4789869944282226	3.0391865041656287	-0.14746575133408563	0.01401671962314121
27000000.0	40.96054064979524	-2.298844337360999	0.4876506141786421	3.077858632786239	0.003602682249828404	-0.225254752849845
27200000.0	41.57331777022491	-2.3362640684840916	0.49584346322101885	3.0592193289672074	-0.15864539971409664	0.08502317826738717
27400000.0	42.190548012766776	-2.332144315060075	0.49675957324519593	2.93286091594852	-0.19302677823325695	0.08101292058827153
27600000.0	42.82301006029705	-2.3258746034518576	0.5002224401064657	3.0504185389681298	0.029279033258463316	-0.047952739020945996
27800000.0	43.46992953997058	-2.3433709193579118	0.49890685116761985	3.112464100403621	-0.12165158142546417	-0.03058566539837623
28000000.0	44.10959368210871	-2.366036829792674	0.5008544209409894	3.1646505828224645	-0.09039845245714095	-0.06057900020974216
28200000.0	44.771927794693816	-2.401376083737606	0.49705757138291595	3.2775864466190567	-0.13146153965389196	-0.06915119482159521
28400000.0	45.418465274798955	-2.422716952547952	0.49052903674007653	3.381552903821268	-0.12897772669390029	0.01958656120779827
28600000.0	46.07613550760571	-2.4328341403175644	0.49034055607033966	3.298215675925725	-0.22600363030597811	-0.002271398862363658
28800000.0	46.72524800441741	-2.4588583867261744	0.4934648185134334	3.2835814435002164	-0.17726969410758972	-0.18541571948278157
29000000.0	47.38754993443787	-2.4939443198695805	0.4912205918334394	3.450155539177889	-0.1935425307286062	-0.10732566312643257
29200000.0	48.06149412219405	-2.548946825992763	0.49857779904707433	3.2678139665887724	-0.1379806413937258	0.05102837723204115
29400000.0	48.7326004621601	-2.5896785379036524	0.49343563780085115	3.4218087593709283	-0.0956904606735671	0.053215192196274935
29600000.0	49.43192699749089	-2.5945233730449235	0.489086765168419	3.4343490184018166	-0.21489041112426488	-0.06105111141932858
29800000.0	50.11367275004307	-2.6164479998621064	0.4925389433690828	3.619211777851591	-0.036371161602938795	-0.07782563644763515
30000000.0	50.82431812774047	-2.630309459597566	0.4920632591610467	3.3913292942068236	-0.2523534370423772	0.12008744417733698
30200000.0	51.528614832507074	-2.6695705660560733	0.4950341232728352	3.590428807464778	-0.43193964304814336	0.0741857331226286
30400000.0	52.232375125950945	-2.7259586724413074	0.4926847644432586	3.60453959083832	-0.0817436832845269	-0.027838371680147852
30600000.0	52.95050812078911	-2.7623961228311265	0.4939040869730223	3.5745411616452047	-0.31925786872501083	5.421847753327137e-05
30800000.0	53.68143902507153	-2.778501117753021	0.49673984115434544	3.7692935531635605	-0.2691417421800424	-0.03426265287308544
31000000.0	54.41015411903019	-2.7934743420537904	0.5028412171380308	3.801081436569214	-0.11305592605696188	0.056049480330789506
31200000.0	55.13639455800016	-2.8335093184079696	0.49312674433643966	3.7335492906084307	-0.19971032790269488	-0.10715247229996806
31400000.0	55.868671576158405	-2.8954008636234327	0.5049536827998278	3.7033930398021466	-0.23294257704051555	-0.07253792205939377
31600000.0	56.6083944253415	-2.9507258797070106	0.5118261566770803	3.7409111820490852	-0.09183809760479544	-0.159362984478788
31800000.0	57.35864579974376	-2.997845243594266	0.5189927887586653	3.9602846179641964	-0.24116241959168658	-0.02327725929934193
32000000.0	58.118509356969255	-3.036799894433139	0.5160674079095764	3.844303012884271	-0.2613547065010759	-0.14092066493019548
32200000.0	58.88285100143368	-3.0807713462204966	0.516729263882215	3.710481393745299	-0.29340677671789295	0.1391263833621185
32400000.0	59.656002085457054	-3.120634086311385	0.5184382877618786	4.061113341081936	-0.3072826910529539	-0.0756893858961322
32600000.0	60.438001521489404	-3.1457793219158043	0.5185773232131429	3.8544124755661415	-0.2775292220208293	-0.03730783206776152
32800000.0	61.219026398826045	-3.1779254704928332	0.5169375129037239	4.0415563606895155	-0.4228891839958107	0.08401699435876271
33000000.0	62.00484998179	-3.224123740943711	0.5174910721571871	4.035165578255815	-0.19117508692470603	0.039761682469345194
33200000.0	62.800999351184345	-3.284660576573948	0.5232284889261762	3.792165487833685	-0.2870120075107442	-0.009853041822024372
33400000.0	63.6021973018921	-3.313751886790615	0.5138003658739312	4.089510646799594	-0.21050372584930405	0.17488338296348285
33600000.0	64.39953636246507	-3.3779767348486756	0.508580941094726	3.9173746098257505	-0.3843262810856962	-0.029943181727980626
33800000.0	65.1917935114056	-3.4377745986694634	0.5099772298577764	3.928716110587683	-0.2862782881858195	-0.09451633857921193
34000000.0	66.00774648482621	-3.4765889346829093	0.5120284323209243	4.048935008241141	-0.16116968652461805	0.008846755879384233
34200000.0	66.82954880618082	-3.497155490675159	0.5114229670640638	4.115391146459721	-0.1669312412219235	0.06841380855508399
34400000.0	67.64913427723256	-3.581501092803236	0.5127777496244286	3.9241223902889657	-0.37465677166633227	-0.15802535559395822
34600000.0	68.48838182424971	-3.6402102580490365	0.5154373524722343	4.318766586487594	-0.40926825957569013	0.134324505979244
34800000.0	69.32049876524648	-3.7295875765813222	0.5056286830524811	4.161329123645088	-0.3774801098448805	-0.06096962898926043
35000000.0	70.16393776420631	-3.797489145847919	0.5212767262222184	4.2009949337697226	-0.38878854332248036	-0.09079625996743002
35200000.0	70.99579054786392	-3.854012477656881	0.5270874817276968	4.2597154110369	-0.46568926567128577	-0.059314556129353324
35400000.0	71.85294397840454	-3.922107768576226	0.5276513572618317	4.208909934504154	-0.24704641410852474	0.013911127462423782
35600000.0	72.71211926291815	-4.024631883749439	0.5268723473975042	4.327896410838326	-0.39937719256163223	-0.027186327217421882
35800000.0	73.5652371967029	-4.109370450701557	0.5283663667515719	4.243659217581732	-0.4979772696642262	-0.09715621896584882
36000000.0	74.42618543272222	-4.183612745309457	0.5293138028530108	4.35687769447135	-0.2912100034623104	0.04878193782852357
36200000.0	75.31617905248324	-4.274987895889774	0.531117336808568	4.438076291043529	-0.3306789864783426	-0.013584576914577932
36400000.0	76.20949881058047	-4.374930118278059	0.53800886274696	4.352392804220848	-0.25264724412738737	0.1290484670253615
36600000.0	77.10186821079154	-4.4532113142029495	0.5401669116105898	4.395927368902082	-0.4965253934297924	0.09861967437235561
36800000.0	77.99207955713257	-4.514794288554802	0.5351607396935993	4.574095610927635	-0.6278276202196036	0.0273901554611965
37000000.0	78.87718642559885	-4.650166078766997	0.5301929296234917	4.5527921148301145	-0.45988214096124275	-0.0571150385949913
37200000.0	79.77374974036478	-4.746129231698918	0.5290073602522339	4.4692859229695845	-0.6213104236325554	0.1225396549773703
37400000.0	80.67202363628266	-4.839173511472205	0.5353231535872505	4.541320440811471	-0.5511820018641235	0.07018615409954311
37600000.0	81.57389889853741	-4.94842044040025	0.5376947467854665	4.652974369827715	-0.47754013747728824	0.012818798621840514
37800000.0	82.50220936908536	-5.054847696300339	0.5384503350668004	4.591428390620687	-0.45345132391078347	-0.00011117981764507685
38000000.0	83.42188104652836	-5.146081207515635	0.5460382540285438	4.661402795665065	-0.7243557167537226	-0.021592383716986623
38200000.0	84.35111677197352	-5.292068914062599	0.5488392759399258	4.3971687450392425	-0.6121896535829328	-0.06028894795963954
38400000.0	85.28690154006506	-5.406494284502996	0.5478386582515323	4.5263355636846665	-0.5630275354060631	-0.004374762011517133
38600000.0	86.21662380299979	-5.5276441629843545	0.5487102830169389	4.60445840183354	-0.4561461199417093	0.1797867669832406
38800000.0	87.16561533730517	-5.648940799617482	0.5417532557855403	4.6078228598018525	-0.6446390882553318	-0.051642776759463584
39000000.0	88.12942955720537	-5.756899865121884	0.5357754272951807	4.66679689784464	-0.6892543782161652	0.11297332919216288
39200000.0	89.0857406053253	-5.865693663449486	0.5398684534097348	4.84099956681895	-0.5994088425913867	-0.017470973278425145
39400000.0	90.04316655692773	-6.015288212809703	0.5435417499216659	4.736122804741273	-0.7786140669886152	-0.09522284990760801
39600000.0	91.00417717449466	-6.139603497258561	0.5439252218809181	4.9742774449334295	-0.6431841500666232	0.012002301765776876
39800000.0	91.97733037154784	-6.282217289051157	0.5476053775052563	4.870572436775208	-0.6697163118804195	-0.022975679528217902
40000000.0	92.95792294281385	-6.449044300648639	0.5497963020595222	4.84615284217762	-0.5506269122754573	0.09650030450024426
40200000.0	93.94087893755535	-6.561878188777628	0.547467870967159	4.994268079700716	-0.7429806255206733	0.07700283233927174
40400000.0	94.92709256986574	-6.706281816032265	0.5497645348378468	5.029258207391512	-0.7255312933936751	0.05659216894223817
40600000.0	95.91952392305345	-6.860948545318397	0.5496640549802888	4.90289109476709	-0.8378824877036851	-0.057859276714232584
40800000.0	96.9058661324653	-7.026260440166826	0.5507364788979632	4.975135981333735	-0.7684237602533929	0.05189305214924069
41000000.0	97.91934950366641	-7.203603069430653	0.5536236932444878	4.968365173415907	-0.7017323595963739	-0.1158038879249068
41200000.0	98.91830683236161	-7.340416255437057	0.5545319879829786	5.241972752647764	-0.9719148887727821	-0.14442384555274632
41400000.0	99.92056804274847	-7.494719914641401	0.5491393869197655	5.145964099210864	-0.8955917560179686	-0.22592323702380057
41600000.0	100.93787380652473	-7.687733029733091	0.5475292553492536	5.053229305530916	-0.9150465189333076	0.08234263850219764
41800000.0	101.95195904348918	-7.846195791019536	0.5442038886916309	5.081014573139919	-0.721485288838392	0.030594632784865124
42000000.0	102.96419746217185	-7.990390651652389	0.5389248636935613	5.12514925731948	-0.8312878338860967	-0.06870066589689205
42200000.0	103.9991112716441	-8.176648644219846	0.5291811375180062	5.244148263214459	-0.8743139532887213	0.11627132156827165
42400000.0	105.02500824145461	-8.321492591540446	0.5239386694804565	5.151394507166804	-0.8799560180653814	0.0703904334265946
42600000.0	106.06827939143305	-8.479153163853454	0.5175711406431649	5.220818944526452	-0.8781676129430716	0.045450840322811
42800000.0	107.11860263925917	-8.669610108251062	0.5177510103670712	5.241558008678712	-1.0015455797423305	-0.0034598630333435676
43000000.0	108.15379298552394	-8.878448810388326	0.5176619398677812	5.399657629113131	-1.1292384973996894	-0.14110432592799324
43200000.0	109.21437741299272	-9.053320812764408	0.5120282387511427	5.251473508840012	-1.0422457207341895	-0.013089047819783848
43400000.0	110.28251117309478	-9.26291447916583	0.5065882869355369	5.339016167334795	-0.9799017747786065	0.16707387486772962
43600000.0	111.34836020602275	-9.445228467931415	0.5101933380045647	5.326803068485104	-1.2140475348016289	-0.009911953049601057
43800000.0	112.41642104439677	-9.65370072461294	0.5114873445031725	5.484590263519424	-0.9956007433066795	0.03198530579675144
44000000.0	113.49254303549318	-9.886152357247814	0.5056122454918196	5.369039883482573	-1.0386125370794095	0.09112100517068476
44200000.0	114.5677910011286	-10.109381663145035	0.5107630582617658	5.605636581011257	-1.0505605433219738	0.028068053882413388
44400000.0	115.6603360166416	-10.307210693186535	0.5193117224176749	5.517589227200474	-1.0054003048985378	0.015065595381067146
44600000.0	116.7521653739868	-10.534069834667424	0.526914865394414	5.636455373174451	-1.203245718508549	-0.041152474277119454
44800000.0	117.8524657948493	-10.772129402052062	0.5305819149394677	5.467240735251904	-1.166750897176527	-0.06803313052735416
45000000.0	118.96117192703427	-11.001166994050028	0.5224990812336748	5.377128205102379	-1.1748528521438124	-0.06851462958596752
45200000.0	120.06399271822696	-11.253203336330033	0.5327772610625885	5.465704851333217	-1.2990543349466084	0.08577718621544005
45400000.0	121.17460511924217	-11.461043855406514	0.5343378527997609	5.5485411342708195	-1.268955834677791	0.052580682114118885
45600000.0	122.27165438713959	-11.711665272471238	0.5237218728375274	5.670851368333738	-1.3762106898867503	0.07420355133892545
45800000.0	123.40149788717547	-11.955194799601735	0.5163361072239634	5.586105882573683	-1.4766322288084026	-0.023354735449474147
46000000.0	124.5093339501731	-12.201327627543133	0.5202021410047963	5.6495552216172555	-1.2178558104955284	-0.12045785235935047
46200000.0	125.64611468038957	-12.456190568685056	0.5169880784408583	5.822305705934722	-1.4153158191741424	-0.023037513783856815
46400000.0	126.77466710855602	-12.760578443384333	0.5139141196151863	5.775201289668785	-1.3349330640736465	-0.017450199878816235
46600000.0	127.9182867177011	-13.042060351777687	0.5092208135328817	5.644433963672215	-1.4325378563804636	-0.06620137691525114
46800000.0	129.05126473838558	-13.310354605570463	0.5056855616690263	5.77480977646878	-1.360888534792755	0.0499356350718412
47000000.0	130.20557654689767	-13.580333286619117	0.5075764130792462	5.9123263241191495	-1.5882652295727857	0.12628201143565831
47200000.0	131.354859934126	-13.897941203112413	0.512067768078776	5.862349823450505	-1.5007816794914028	-0.18928598145306602
47400000.0	132.51097166856295	-14.207440503600912	0.5121070638912084	5.715657198055742	-1.6139724252434602	-0.012617955289103441
47600000.0	133.66710294292864	-14.539449850531458	0.5096589596800167	5.963385652990148	-1.3992306315548815	-0.09493574234816365
47800000.0	134.83530515663605	-14.851979092825271	0.5121277136751462	5.7996523762533485	-1.5302262454482667	0.016808197255350092
48000000.0	136.00869997313353	-15.169487324488134	0.5180693676493979	5.916464104575673	-1.5258223803095141	-0.23945837283060548
48200000.0	137.18685830495835	-15.506004042846456	0.5128270710700613	5.805384515496924	-1.7001845006667025	-0.04871322815954019
48400000.0	138.3454050192752	-15.844006244736985	0.5135594647547285	5.6995768406991205	-1.627879748002499	0.03967962099214178
48600000.0	139.53560538457896	-16.1956604819236	0.5129270673442297	5.9134255281655745	-1.8383769360053919	0.010225825207448804
48800000.0	140.73629573873004	-16.56537722963808	0.5047720456674814	5.905504364531309	-1.82720926895363	0.030402767354422856
49000000.0	141.91955885834383	-16.905961034728104	0.5003577356925666	6.019347842279767	-1.8969049484996254	-0.12652304693067318
49200000.0	143.10794337871755	-17.265518547686728	0.5079709530057468	6.056051755170835	-1.7200087835728595	-0.07273237404068951
49400000.0	144.3014187598947	-17.60599119961539	0.4919716869752868	6.003252239645579	-1.9472502128473776	0.0029211481977282788
49600000.0	145.49825562615752	-17.97790865936319	0.48992733101052055	5.944513571318889	-1.6884161067651107	0.031964576009244655
49800000.0	146.70046867061131	-18.337039060361178	0.4967638351887525	6.02750316723112	-1.9321454562166862	0.24818232821065242
50000000.0	147.91468723687416	-18.724408110566394	0.5022876829525741	5.967600548439689	-2.04893495144412	-0.05516112536005393
50200000.0	149.129345161493	-19.09518387641796	0.5015095081232137	6.0773325333873105	-1.9688546345865623	0.05879558590139395
50400000.0	150.33356228673063	-19.465707076232658	0.5038252828153682	6.0158505700959415	-2.12011776142124	0.011728794702044595
50600000.0	151.55448886429744	-19.881001423137608	0.500926914597662	6.163501511681814	-2.0823482729395564	0.0451005114664079
50800000.0	152.7744047736185	-20.277906682388362	0.5075474995142613	6.078394914602642	-2.239391641423572	-0.1279481542139827
51000000.0	154.0036383559395	-20.64504585413262	0.5078132067513387	6.066561711227068	-2.1974897719594715	0.015718379172863155
51200000.0	155.23524407662592	-21.06940278936856	0.5050676422306124	6.097792362745046	-2.2230190057866817	-0.055565429491919026
51400000.0	156.4618826719597	-21.525772666232072	0.5062489498052248	6.335280142180101	-2.031539779620016	0.24151144181999826
51600000.0	157.69917899914108	-21.964456633139534	0.5052507342708275	6.1940782604946	-2.1958886271260685	-0.09782644296163817
51800000.0	158.95016339880056	-22.403981530072212	0.5033925099512705	6.392087176838153	-2.431049301377952	-0.011641037301783019
52000000.0	160.19423138471214	-22.84882105838447	0.5017640924501083	6.25343938730963	-2.4428130483490156	-0.0754470033066436
52200000.0	161.42387238759957	-23.28043646241785	0.5067847934664659	6.143582182218375	-2.281972442095709	0.1317712756942023
52400000.0	162.67867429456774	-23.768943791646862	0.5137773079890501	6.408880617120663	-2.373835027581734	-0.17737950847729825
52600000.0	163.937334335492	-24.252787729539083	0.5104368742506931	6.272646743787045	-2.4275514099480198	0.1271856281547421
52800000.0	165.19798865788286	-24.747180400923128	0.5162272248913258	6.379157730965929	-2.498683788454683	-0.0533205108543972
53000000.0	166.4404486423265	-25.22862873105922	0.5184811657453021	6.368751674442686	-2.4711207932675814	0.022842563150596438
53200000.0	167.69811899772532	-25.711948024896	0.5161233137059145	6.4003779067493785	-2.541703572706974	0.12342359579436903
53400000.0	168.96204812945092	-26.203533694271506	0.5189591153583761	6.271132759525407	-2.6697104040953734	0.019993589015182302
53600000.0	170.22042078814403	-26.723777281311282	0.5151114321909656	6.1240356905687285	-2.466889282554298	-0.03203255175532589
53800000.0	171.4786780296962	-27.219441113640634	0.5131319393169754	6.378862839144287	-2.7213092993214945	-0.010294998226982204
54000000.0	172.755259536666	-27.761234395739855	0.5148842177429285	6.3027810002255835	-2.714085739464959	0.08284607860190807
54200000.0	174.03347692469714	-28.288267355991188	0.515423891638213	6.379149982637265	-2.613226808108486	-0.037445265200077564
54400000.0	175.31274229733268	-28.85266028407233	0.5102027500482897	6.364966496507553	-2.866231566289778	-0.010789025059664621
54600000.0	176.6055498981018	-29.404481678855646	0.5129486272251671	6.390857088369334	-2.920441707594131	0.12463813145738988
54800000.0	177.89148800193638	-29.980950677138807	0.5118681260322513	6.499829564648141	-2.877335313590563	-0.01333393671453675
55000000.0	179.18317022157143	-30.5463866802353	0.5103361841791966	6.596953073248991	-2.891730195598198	-0.059452239440911374
55200000.0	180.47528215062695	-31.13089178601942	0.5081992833184887	6.478568294910821	-2.873164154366505	0.03835125440133748
55400000.0	181.75968649605673	-31.758394749332375	0.5083246339405287	6.579428132161544	-3.005496029815611	-0.08006454711287472
55600000.0	183.06252496244173	-32.35828535612685	0.4996880397502279	6.573470821830062	-2.888888199994535	-0.034071263640102774
55800000.0	184.35927508846066	-32.97373992762878	0.5055745877703632	6.402648652255538	-3.0972070679744497	-0.08002081606273954
56000000.0	185.6524025358883	-33.54859869376977	0.50125949386438	6.273376802604963	-3.0300560796303766	-0.009363486394492405
56200000.0	186.94812021422175	-34.17065071390972	0.499625802993776	6.442294488404233	-3.0921759232459203	-0.03762933397589899
56400000.0	188.25242541163715	-34.79809034229156	0.4996975372236036	6.396264424579742	-3.0624092210942573	0.10346205005165206
56600000.0	189.55735727211004	-35.44287769317482	0.5062245637279454	6.45917908032706	-3.2799052215005062	-0.02966762989602075
56800000.0	190.86485215616884	-36.101693711857756	0.49716006052486156	6.433973200916421	-3.2321739515753936	-0.1637571517122931
57000000.0	192.16076029822116	-36.742518013051274	0.5040243563142308	6.643148292746457	-3.3742180097074	0.23221520770962786
57200000.0	193.46347148125372	-37.425529570042805	0.5026301559652496	6.595514489235835	-3.4474913242391017	-0.05285185926511193
57400000.0	194.7627770288042	-38.10866690303426	0.5114043329694833	6.457689881846384	-3.390089576229011	-0.0761732481114198
57600000.0	196.0645235721725	-38.843939531089546	0.5014105330702942	6.434675172265475	-3.5188142441184573	0.10089705362025786
57800000.0	197.36749670894423	-39.566932152882515	0.49749617180864747	6.597897340016406	-3.573827342689167	-0.07724465734803966
58000000.0	198.67902055585955	-40.29101771237851	0.49294028301929677	6.5124738928947785	-3.55680766015608	-0.024937600418420806
58200000.0	199.9960254029615	-41.00197125386768	0.49628248510963	6.682090583197258	-3.835464584701265	0.06145835753877525
58400000.0	201.32274539776748	-41.734999472473994	0.5018083906046902	6.685958297447493	-3.6000974156632646	-0.0759690261217895
58600000.0	202.62605580998138	-42.48276645516369	0.4933048985276815	6.481918947902899	-3.7659453393366427	-0.12843252652306883
58800000.0	203.9253140695136	-43.281747969301854	0.49284032335463807	6.53834316491157	-3.6930621729684443	-0.022459143151579118
59000000.0	205.23541250271612	-44.05077711781595	0.49324754478638383	6.663346832781252	-3.9525627940723913	0.047050773223334924
59200000.0	206.55344319438643	-44.82141847318931	0.4892667143703331	6.688772075237684	-3.9139825268533577	0.11777820646496978
59400000.0	207.8715575458336	-45.62251327683906	0.49601320411373734	6.6640713013006705	-3.9960604635784	-0.049545923260370564
59600000.0	209.18382578650298	-46.42628441457026	0.49550351513374324	6.587574709721243	-4.092274474456491	-0.09817018171537521
59800000.0	210.50380813864797	-47.201600786704844	0.49005134117367244	6.596575387199018	-4.128340966341052	0.07879770810724443
60000000.0	211.8165895586878	-48.019373894041784	0.4937861294432788	6.516483923631234	-4.134323847809824	0.057675199902656425
60200000.0	213.13156399059363	-48.830334108376235	0.49610682697091235	6.674923688317827	-4.190043732390717	-0.0720717432364294
60400000.0	214.4402096195663	-49.66085607339312	0.49271720567104005	6.61125961596324	-4.270309744180491	0.14789722770116093
60600000.0	215.74257651296935	-50.49090176649401	0.488209336403609	6.622109368099396	-4.407157706320576	0.17794590078625427
60800000.0	217.05794470510293	-51.364169694807956	0.48987129088560866	6.462101474646081	-4.232479814050883	-0.19120292459047653
61000000.0	218.3792811340553	-52.24377176937568	0.48341039287888055	6.519200403526467	-4.22489312021091	-0.05701171217861986
61200000.0	219.6789282886141	-53.1460375135362	0.4913684614121	6.5632956712119235	-4.417033965995751	0.17194594670074792
61400000.0	220.9912383822939	-54.00432422448848	0.4874559165936033	6.5651618892020105	-4.559532863877966	-0.24009242236389938
61600000.0	222.31198419592585	-54.955663713394024	0.48527356572653507	6.598488270566936	-4.604909086808035	0.004812713546083595
61800000.0	223.62799853853778	-55.86749234825267	0.48690361926404613	6.612456286184713	-4.799430918509188	0.007926098479632038
62000000.0	224.94085880827095	-56.79615373720984	0.4796109185191121	6.6480014786728585	-4.7954971864798175	0.0027056365523903444
62200000.0	226.24045548316198	-57.748537635377076	0.47184959994671877	6.335052032946992	-4.843996680257995	-0.03185585561983946
62400000.0	227.53398855707798	-58.72623973620673	0.46982425696401997	6.463690895689704	-4.809049473504355	0.030797422486304668
62600000.0	228.839512001243	-59.69358769577472	0.4690080285587106	6.470608875629712	-4.962824360465792	-0.07719626185683831
62800000.0	230.14700097914508	-60.64743096738553	0.469010211067479	6.478784845115194	-5.005439703082616	-0.017667945800751646
63000000.0	231.44012753643406	-61.62367996600807	0.46887857999615773	6.654420760259038	-4.908825157506096	-0.20063080044324927
63200000.0	232.72556726842288	-62.61652043217031	0.47218632780318726	6.693997027640862	-5.1809775359463535	0.04479797692363887
63400000.0	234.01494788354324	-63.60766102273939	0.47389294586246294	6.453572729554028	-5.289579840894947	-0.00014263454017557115
63600000.0	235.30298777289119	-64.63537992930523	0.4803500776812489	6.457215135500379	-5.297919331564524	-0.0024489735891340125
63800000.0	236.59076433831567	-65.70665407060227	0.47542447139509547	6.380073838187884	-5.141154683594784	0.035777847206339614
64000000.0	237.87675049836625	-66.78003896567624	0.4712084234439498	6.26730656655472	-5.326132490686535	0.05700397577384396
64200000.0	239.14820132181015	-67.8865909396632	0.4822054189301109	6.41357358367207	-5.403168439297213	0.04965411362195453
64400000.0	240.42584849123656	-68.9751816958289	0.4885674741052374	6.340855363248558	-5.4621422016732355	0.006667392443534746
64600000.0	241.7123802195055	-70.08154394159469	0.487895983077218	6.2295220376615275	-5.477813218767025	-0.09493683271385867
64800000.0	242.9879651094735	-71.20298865616611	0.4888554473473183	6.275538655828532	-5.587842811543864	-0.05606327966540402
65000000.0	244.25994867263782	-72.30931395441526	0.489435705457379	6.2544928781145375	-5.474426471220214	0.1835635704014209
65200000.0	245.51425700128004	-73.42209077995517	0.49162481995134893	6.322275043203093	-5.68382861532753	-0.1273394766174396
65400000.0	246.77670444591163	-74.55984436438641	0.4948485476419942	6.2408775354193	-5.877959319343251	0.031170806779671593
65600000.0	248.0304325416945	-75.69710107480722	0.4985019521818768	6.198156589694938	-6.007417164188788	-0.057390964920805934
65800000.0	249.2849902968815	-76.88423725646659	0.5054781068210101	5.992745115231004	-5.8751832224115335	0.09696644372162541
66000000.0	250.52607328391608	-78.0433480863553	0.5137540205870168	6.063267183142994	-5.98643985176592	0.03234186310775251
66200000.0	251.76996186841208	-79.25540398245377	0.5166529369212269	5.970667305028191	-5.962538263001023	0.09621472100634723
66400000.0	252.99764623036887	-80.46733596755968	0.5119416025176662	6.140212781068326	-6.000851580288011	0.17749810295599613
66600000.0	254.24022500169878	-81.7245005344463	0.511005756898385	6.042284323169211	-6.1286001330274456	0.1140965314505062
66800000.0	255.46712581714362	-82.97112261862593	0.5064204994776265	6.0750355044964355	-6.273432712605911	0.03255901154256854
67000000.0	256.69007253786305	-84.22961513365672	0.5119431268105838	5.939386185986223	-6.326150801157384	0.003254825095246795
67200000.0	257.9131805917728	-85.4662092467964	0.5163865900016062	5.8444240425965	-6.3617068294922685	0.042185345088441906
67400000.0	259.1288137728351	-86.77203561169328	0.5151755439135122	6.007785241428738	-6.431072916643757	-0.10843220900666775
67600000.0	260.34587809291855	-88.06882073699768	0.5052415462797192	6.028802694397864	-6.481412598057553	-0.08792637776381076
67800000.0	261.5372038306258	-89.3571960124286	0.4965693412894681	5.923649685120633	-6.427239697864867	-0.013963430537037238
68000000.0	262.731825772225	-90.67604049371677	0.4983003022259687	6.11438894089896	-6.494067988625038	-0.19462563218190096
68200000.0	263.9056798157072	-91.98371078695136	0.4980572149641276	5.8724775660507245	-6.749723217261407	-0.014017249108352
68400000.0	265.06116230587105	-93.27808342326033	0.5033314696296658	5.849176050348807	-6.931539835697324	0.14741179033969173
68600000.0	266.2336331030938	-94.66777836511736	0.5122468235964261	5.832164345265162	-6.668886395145906	-0.12502652853278678
68800000.0	267.4031134743735	-96.05417562926648	0.5123452304968258	5.731438725635392	-6.702825415353382	0.0984214493340663
69000000.0	268.5547149764774	-97.45237134693579	0.5111713979802068	5.6235151563871675	-7.052788582595321	-0.08124862878253841
69200000.0	269.7004134248634	-98.8497926642136	0.511504820363673	5.812708374313639	-7.084029201674222	-0.144194156182209
69400000.0	270.83187654027563	-100.22645965151779	0.5140805702921469	5.513043258440285	-7.073704556753075	0.03641559531592506
69600000.0	271.9746253776618	-101.6736712343292	0.5155862849538951	5.702263303399191	-7.165748567411553	-0.1233060237691481
69800000.0	273.085034402288	-103.09189142870842	0.5202705348110529	5.571107514125727	-7.066915862423461	0.10656545345776801
70000000.0	274.1975119364216	-104.56442495265031	0.5156378388449079	5.692696002967924	-7.37285250402692	-0.0034692422573645815
70200000.0	275.29826186934804	-106.04003775181586	0.5208139693510442	5.668985497320309	-7.115413920839773	-0.13025420245959263
70400000.0	276.3806459507106	-107.51794151592087	0.5273522826081858	5.555675633169836	-7.329010348027313	0.11487627205973544
70600000.0	277.4511297316926	-109.00801318611819	0.5268989809110842	5.307122631296041	-7.491461862191995	-0.05226269890814347
70800000.0	278.5188699811205	-110.52344110822493	0.5188256402907097	5.321774329703768	-7.484853099488192	-0.0706100169463802
71000000.0	279.59121494165174	-112.04133798353965	0.5238508753689948	5.315241730614162	-7.5584899120851645	0.11705385929679345
71200000.0	280.6452537033506	-113.58025735811329	0.5202073548527826	5.135340953154331	-7.652227886752031	0.04733840252315939
71400000.0	281.69426524859773	-115.10349332551128	0.5247796251324583	5.193171580224931	-7.637654980124905	0.3392305789519779
71600000.0	282.7385490973781	-116.65596695481936	0.5207370363809204	5.010497135399658	-7.869447574542515	-0.08184010428511831
71800000.0	283.76094763805946	-118.23657222539899	0.524394844602204	5.187448156644983	-7.8513261186663685	0.00796584063619719
72000000.0	284.7741561540672	-119.84521582990492	0.5244869966299839	4.98303073798117	-8.149008225796141	0.07323878777749462
72200000.0	285.7861207059459	-121.44381728578264	0.5257505359988903	4.907999520650448	-8.054100484428599	0.06462411946499941
72400000.0	286.7836252415252	-123.0673192223818	0.5273567792804514	4.891670817519266	-8.03971333018378	0.07294259299761732
72600000.0	287.7691762190867	-124.71488489469073	0.5237775245390681	4.890202685876261	-8.104454485418486	-0.05221064893490422
72800000.0	288.74456284999707	-126.38925366158941	0.5208175136961537	4.931689627191536	-8.01510276858455	0.07042222322205816
73000000.0	289.7108632025564	-128.0238779326274	0.5183601497986525	4.860558886675736	-8.288984403257109	-0.02374139879378522
73200000.0	290.650266111831	-129.70224932243048	0.5165664098664126	4.706145367471525	-8.274951489579012	-0.0766409473852974
73400000.0	291.581771978262	-131.40593236845297	0.5263939991467246	4.736678549116585	-8.350097108830262	0.05368978310883304
73600000.0	292.5000128494255	-133.0826474128347	0.5293794840857542	4.7356262657348935	-8.415083857113839	-0.09224825464163058
73800000.0	293.407237089671	-134.80424219868715	0.5258763605749264	4.522634978099759	-8.352738161663732	-0.07140632208920518
74000000.0	294.3097192689652	-136.53968611419447	0.5189282758489866	4.585353877685706	-8.744096651887244	0.03001766083140593
74200000.0	295.1853718303039	-138.2886895704547	0.5219018237921975	4.459025909339118	-8.660298624529533	0.11488552062596256
74400000.0	296.0521023645973	-140.01926205878223	0.519912762172928	4.225965884129518	-8.790626013583204	0.15227957838703654
74600000.0	296.91352598987345	-141.79182403485265	0.5226662134940867	4.300250710715456	-8.894754347850132	0.12797762789454273
74800000.0	297.760264868424	-143.57391360260686	0.5198915519636047	4.040413805162767	-8.85132153910421	0.045909358487293904
75000000.0	298.58563701496547	-145.35093088247234	0.5173523862318772	4.105707854312716	-8.993930324973045	0.0026088439465141383
75200000.0	299.4020213845354	-147.15588434778314	0.5162568809196334	4.149006365535157	-9.012337402633559	0.006666204144635457
75400000.0	300.19906857761595	-148.96234811129867	0.5253082035954705	3.954178894192011	-8.991655095313522	-0.007707273863592496
75600000.0	300.977207913615	-150.77791751056952	0.5217279779539243	4.010721155049311	-9.20760409398772	-0.037349734674536256
75800000.0	301.72672339334093	-152.61533181179718	0.5206067377073893	3.9024376914984793	-9.320020668681176	-0.04779646300363403
76000000.0	302.47491415993306	-154.4345377928913	0.5159061539460581	3.7543289600887695	-9.294108507886026	0.14629183814766702
76200000.0	303.21282138197887	-156.32873845702994	0.5150514085382704	3.7366357083082202	-9.20253939623095	-0.09548841794996803
76400000.0	303.93281440855736	-158.2037769309139	0.5117557678352951	3.4558094778320307	-9.330525330771549	-0.024572643395159178
76600000.0	304.64350022637313	-160.0895953863494	0.5016733922438741	3.311333567846322	-9.559083455369416	0.05579981020511462
76800000.0	305.33369195671423	-161.99607801283153	0.4975840402442048	3.1808743433536684	-9.651265212439876	-0.10606215729010601
77000000.0	306.0074636081181	-163.87629389651772	0.4933232472860621	3.4834695551989507	-9.532859782647105	-0.19128061058823437
77200000.0	306.6618275599679	-165.78495143960453	0.5021152952011101	3.3044935745709125	-9.502928418577916	-0.04581737200784833
77400000.0	307.28573811502827	-167.68328453917997	0.5014569826051871	3.193323364695819	-9.647928909334407	-0.1155343404473208
77600000.0	307.9033154736673	-169.63654651200653	0.5091921507187043	3.1989016200407367	-9.728058043437569	-0.08975465059299201
77800000.0	308.49715352507747	-171.59983232672423	0.5091066340880716	2.919070977344741	-9.647012822312535	0.02645880390127086
78000000.0	309.0858428265451	-173.57691015090955	0.5123526303364812	2.8694090920962085	-9.786422943031555	-0.03555123663635119
78200000.0	309.6560337243269	-175.52971842280465	0.5071588372183431	2.84985797448698	-9.761183346449414	-0.05604643785586625
78400000.0	310.2012355587218	-177.5399197574069	0.502691850903177	2.427651975946079	-9.983329667281293	-0.03570608854360818
78600000.0	310.73723499740225	-179.51646717483726	0.510689378027301	2.4659311608556855	-10.051156239228776	-0.016837336784628003
78800000.0	311.2513610271501	-181.5266909285894	0.5156814025446657	2.4793198290661356	-9.986510007442142	-0.05770116689907125
79000000.0	311.72797100221965	-183.54245563330198	0.5178849391923688	2.348972035078188	-10.096603529996925	0.010297946623013405
79200000.0	312.1953936264558	-185.58786612493964	0.5059947679466263	2.182690989710974	-10.289969363463523	0.025694255592557884
79400000.0	312.6443580118897	-187.63302374154785	0.5139449309485775	2.0644918311159994	-10.224612139288844	0.143408366311774
79600000.0	313.0617476531323	-189.6999789443194	0.520644622080513	1.959472491862329	-10.229921771299152	0.020883376946453102
79800000.0	313.478691471613	-191.7576464441969	0.5099087366979806	2.160543933041418	-10.610695454728312	0.24574595075133404
80000000.0	313.85588115560137	-193.81006540294024	0.5094867857611027	2.156141476957482	-10.324940010733782	0.2141686613881652
80200000.0	314.22200691801976	-195.89147044584865	0.5145818761432175	1.7145583799754651	-10.340996686373632	0.06915429743087181
80400000.0	314.56976432113714	-198.0073400385261	0.5107756998980297	1.555327195945374	-10.478698212076567	0.06633549800162325
80600000.0	314.9087967520412	-200.1266806729331	0.5146789830201723	1.5168263998935319	-10.50910895472685	0.08884877235108295
80800000.0	315.2008351386282	-202.21358270597563	0.5093229980165124	1.466337004006763	-10.409614227227364	0.16151137785841121
81000000.0	315.4844988278948	-204.31394040346964	0.49853200256418545	1.244360538689236	-10.692792379560705	0.04263151413630164
81200000.0	315.72668907116656	-206.4276618206596	0.5001743621558974	1.1979513242382558	-10.689438826293653	0.046174500130532155
81400000.0	315.9606558749745	-208.5636351596568	0.5051385536591941	1.188357914305469	-10.840593347493122	0.08468922717993765
81600000.0	316.16676694226135	-210.6602326108602	0.49547582579741906	0.9370422592813789	-10.682248901439749	-0.03242426908173845
81800000.0	316.3521085597255	-212.81092706734583	0.5025147892030789	0.6983504173057651	-10.87532355143567	-0.04646703663444996
82000000.0	316.51825996062445	-214.95523506552485	0.5114200973827726	0.6494849651591921	-10.72553630158164	0.03465621223827898
82200000.0	316.643735837933	-217.13718160348068	0.520111626274895	0.5580464774936156	-10.619580545226764	-0.08667851713452546
82400000.0	316.76099236949096	-219.30966758388632	0.5180561833663915	0.5228024612143154	-10.73015886073237	0.1415187114603206
82600000.0	316.8457093462712	-221.48964167915892	0.5214707924038846	0.4022290843781586	-11.084830902538767	0.09280564045871942
82800000.0	316.92047695173716	-223.69586087198184	0.5264853562732109	0.3111892528104801	-10.907908965850062	-0.08625432182757012
83000000.0	316.95760899552477	-225.86641754418721	0.5136724209444032	0.05769712706189045	-10.944145125728985	0.035702989523847546
83200000.0	316.97870068472037	-228.01826376763304	0.5191077503533632	0.015589040118718235	-10.78866929065778	-0.034635227508054554
83400000.0	316.984007590442	-230.2398966769811	0.5207687324354047	-0.19853973167655226	-10.945384015030124	0.08302992701708506
83600000.0	316.9521815674479	-232.4595504978636	0.5294034190809144	-0.20863475602122145	-10.940249375799308	-0.06583009803812336
83800000.0	316.90139962668985	-234.645130976966	0.5360112285137129	-0.37600751527223997	-11.368042414090192	-0.013780365061113216
84000000.0	316.81684849103937	-236.85229929140655	0.5320353427724089	-0.4730949991749626	-11.021944736278074	0.03182649758353092
84200000.0	316.7101833149103	-239.0750411185152	0.5349965839999238	-0.7542509596116912	-11.13962929155207	0.15956199187395778
84400000.0	316.57814872076057	-241.32798251811207	0.5405450407732004	-0.8284890817148698	-10.926034253903575	0.08423038240138359
84600000.0	316.4267551895587	-243.54717656148617	0.5529479867985767	-1.0231343982010426	-10.936493324324527	0.0405176388437786
84800000.0	316.22966759889994	-245.75795407405982	0.5503497073625183	-0.9597851129788635	-11.09002482178854	-0.06624686726076741
85000000.0	316.0329513724896	-248.0120466172389	0.557803287756947	-1.0251872371495252	-11.011768759740269	-0.013041166167849576
85200000.0	315.7829276076706	-250.2186885638676	0.5499303041614336	-1.2732170462249464	-10.977279728285541	0.14070244366605164
85400000.0	315.5076223451824	-252.44575911104374	0.543222522466627	-1.4833241593081155	-11.231322823943769	0.03297083816476321
85600000.0	315.21317549520734	-254.68561517884527	0.5360741585814909	-1.4660974138452056	-11.10936273366949	-0.016760669110383722
85800000.0	314.8942805554828	-256.92884870805824	0.5361717948685251	-1.6289022338137127	-11.32365375542748	0.39683949474534314
86000000.0	314.5535214130301	-259.1432531611804	0.5388035375282284	-1.8467532872461836	-11.118445574519484	-0.007995824096236068
86200000.0	314.2015944281812	-261.39706427887216	0.5410414797763734	-2.0397584396964112	-11.19750609291338	0.08993975519457797
86400000.0	313.79555011868393	-263.60341698326596	0.5282901959154351	-2.2105381132233437	-11.113726665150319	-0.07406380445718584
86600000.0	313.36181866890547	-265.80798868925865	0.5286176844758732	-2.351968602978414	-11.12317934332704	-0.019476478941046836
86800000.0	312.88920217917143	-268.0091957318509	0.525847241086284	-2.201730463987037	-10.99327629668674	0.12437153942751879
87000000.0	312.38698397485564	-270.23695825742396	0.5289240118091043	-2.6389521308427537	-11.252865959997228	0.12104513421212867
87200000.0	311.86987369288744	-272.4863260348944	0.5309046277789893	-2.682226211515046	-11.315702366672594	0.011595888987814214
87400000.0	311.31958573738524	-274.7129197039353	0.5297080285244364	-2.8339191047500254	-11.25958602973104	-0.02133576008275661
87600000.0	310.7448371451896	-276.93813858452523	0.5352203514640175	-2.9503160515453626	-11.22806711770782	-0.03584211452051304
87800000.0	310.1374993234002	-279.1760369556356	0.5406309047119441	-3.301225398779632	-11.179844344283454	0.087355151997354
88000000.0	309.5069678971156	-281.4313436379922	0.5445595169258619	-3.3118936947011854	-11.22117824990717	-0.0634643018069301
88200000.0	308.8349724382693	-283.6527918778881	0.5481978790768762	-3.4880461702303602	-11.105497140814371	0.14364422001127836
88400000.0	308.1616229275398	-285.85503642274693	0.5448575543503873	-3.60195498942544	-10.907078528648212	0.04406380621102801
88600000.0	307.4279436314737	-288.0744955816399	0.5531027414059174	-3.732743466834579	-11.16244872097146	-0.22433420256842568
88800000.0	306.6826885226388	-290.27878871999457	0.56363530473369	-3.8524963476442684	-11.00367140167254	0.075815121480247
89000000.0	305.88988811706645	-292.4935792782986	0.5649518569777471	-3.9878144593213802	-11.048877000723644	-0.20745370611065325
89200000.0	305.0842476197512	-294.69542546455114	0.5678264974887626	-4.185393804717691	-10.964951237323175	-0.06862660243052791
89400000.0	304.23824966605963	-296.89775449399065	0.5739883585392613	-4.176871966561352	-11.123930894330682	-0.18583298439615967
89600000.0	303.3625457738194	-299.0976245915811	0.5796947500549738	-4.3714180362940525	-10.907214866911252	0.0871451370800344
89800000.0	302.45837334507496	-301.2834796288923	0.574192996728792	-4.734725858510437	-10.960468612311626	-0.03142051323303283
90000000.0	301.5170055242884	-303.4683582571547	0.5831445816752376	-4.837307256958218	-10.768341579886341	-0.10356466175801157
90200000.0	300.5478855204934	-305.61902684644497	0.5720945619414317	-4.934190682399067	-10.830755166928743	-0.06792979628559948
90400000.0	299.5450044142489	-307.7807023824525	0.5713422934876674	-4.948607493181136	-10.746988277436174	-0.07734398922807985
90600000.0	298.5120667853841	-309.952591407421	0.5666160434893692	-5.217840568352346	-10.764896924820354	0.012413806835979067
90800000.0	297.46435492001564	-312.12466106790964	0.5686124189537243	-5.414767414087347	-10.730364934287698	0.011302499754773938
91000000.0	296.3727947787251	-314.2595691377254	0.5667854808871401	-5.2554937115700024	-10.582909336435629	-0.023178627146974596
91200000.0	295.25955072481986	-316.37570859552187	0.5670966916132478	-5.930655777978056	-10.491554063662463	0.1900022579875305
91400000.0	294.122477089063	-318.5048797262797	0.5642695986173143	-5.668749773829499	-10.698177017068804	-0.16061709134908714
91600000.0	292.92818253517163	-320.60010057795	0.5670506417890239	-5.866793967914909	-10.337834297602697	0.06531586108102612
91800000.0	291.71185696784386	-322.70362868436405	0.5644018356784113	-6.44616872249412	-10.490728740366437	0.1262479205408041
92000000.0	290.4601296623282	-324.8071027854131	0.5665626749051451	-6.158369561157845	-10.563480646598766	-0.04823413045206112
92200000.0	289.1866387246082	-326.87028591638756	0.5653304150587188	-6.421007624359755	-10.233559244447264	0.10314350352468407
92400000.0	287.88830315469215	-328.91052448107854	0.5734361843321754	-6.485022842811004	-10.327953833351112	0.10099811483679297
92600000.0	286.5506710660209	-330.9602322025311	0.5744984694732984	-6.688605508969912	-10.217342771276794	0.006653466038867437
92800000.0	285.1818651613298	-332.9902729166212	0.5793914983843836	-6.97791469489874	-10.1198638108253	-0.033632750204435374
93000000.0	283.7901560830498	-335.00730146039695	0.5788955775022537	-6.959128392517589	-10.04734643913821	-0.027934060165855767
93200000.0	282.35182417176134	-337.00443780847723	0.5697725676489945	-7.2272522424466334	-9.935272833021122	-0.1301039666793718
93400000.0	280.8831323432586	-338.98502296897357	0.5692941741711528	-7.2943119431751375	-10.026858350557776	-0.020340008647800622
93600000.0	279.3840271699195	-340.95738571596263	0.5750267017136483	-7.636583845677763	-10.00309228898395	-0.05275221540958037
93800000.0	277.8541980032537	-342.8963999355937	0.5747100388195925	-7.791504339986634	-9.706474403604764	-0.11418249500364924
94000000.0	276.3026414115559	-344.82390056702855	0.5741494079436656	-7.721430247493658	-9.573889774753281	-0.054528971555623154
94200000.0	274.724998781631	-346.7582172212735	0.5753349913836754	-7.967159800831629	-9.617321659133491	0.0350900362254782
94400000.0	273.10845499987755	-348.66593651390673	0.5720053388616195	-8.113815755360925	-9.454152552755367	-0.057537892986614166
94600000.0	271.45263667680285	-350.55580799768995	0.5789656904847784	-8.135865798432958	-9.332430604817732	0.026104166385911964
94800000.0	269.77622925570574	-352.3810732383059	0.5761801591490916	-8.544140587176015	-9.19059587580926	0.11966523714686597
95000000.0	268.0787970932302	-354.2099438290523	0.5714455386161775	-8.676428850871483	-9.169119373189243	0.07040840631092495
95200000.0	266.33912505951383	-356.02175644397767	0.5689455809421071	-8.728936804188708	-8.918258007687974	0.061443254035256
95400000.0	264.58517010539737	-357.83603946309916	0.5707668392971235	-8.96171623522387	-8.928882985170363	-0.05524640982943894
95600000.0	262.79266169460976	-359.5807066262113	0.5735788115539806	-9.043129490690848	-8.853930606594425	0.09859838490310657
95800000.0	260.96704326401436	-361.3633419478739	0.5793161920181724	-9.215151145232483	-8.731183205626744	0.039101664060254566
96000000.0	259.1228454100758	-363.06637363499766	0.5881974472185083	-9.137201331101034	-8.497502209687752	0.2056451567402685
96200000.0	257.2497937059876	-364.7717121460341	0.5799171484666598	-9.475769365866189	-8.58531699248273	-0.08740263580178817
96400000.0	255.34725879050674	-366.4603126161734	0.5802194033751658	-9.60947076533957	-8.368491942954387	0.014357965304688443
96600000.0	253.40882515397985	-368.1247643805708	0.5776100071863528	-9.848908614259187	-8.527908534674252	-0.12167894994960866
96800000.0	251.45805736733047	-369.7399670403534	0.5825405183312786	-9.75226031892872	-8.094215151527852	0.017046994097030383
97000000.0	249.46265864845068	-371.32033250200607	0.5751820200503475	-9.932345743334487	-8.068052228921866	-0.05295100934787727
97200000.0	247.43574048623168	-372.91583435163	0.5809364023235947	-10.401902885840835	-7.893819534071165	0.02997973483584237
97400000.0	245.3888330364414	-374.4591497949351	0.5773837720279726	-10.122506973584914	-7.793610865824216	0.12529681075738056
97600000.0	243.31279728855347	-375.98495182339013	0.5864487976885643	-10.363112696747743	-7.720015808060805	0.03944363760207582
97800000.0	241.20936326037466	-377.52014336176404	0.5836506155781558	-10.500248118022615	-7.361702201875095	0.04141057498358792
98000000.0	239.072462527668	-379.00910138493794	0.5785421741448392	-10.626484563766878	-7.267847957056419	-0.13811757810055442
98200000.0	236.91948776043336	-380.48533505071515	0.577215357982799	-10.83962793706013	-7.2635299625061585	0.17385857215190959
98400000.0	234.7440638380654	-381.8978735502988	0.5776710359012431	-10.832070351843617	-7.19558816692881	0.09242565617420505
98600000.0	232.54366547380093	-383.2666208826405	0.5765906060124374	-11.100749478363761	-6.772770479942208	-0.12488303766690947
98800000.0	230.3074445872815	-384.6530407244428	0.5746449804947149	-11.179215578582614	-6.744942590179438	-0.013263747237561394
99000000.0	228.04852731279496	-385.9567884474772	0.5732124077284066	-11.36128225667594	-6.463068183656535	-0.05981262051275321
99200000.0	225.76228202946666	-387.24507371835415	0.5741422729010074	-11.564351997574386	-6.503758130142974	0.03582309943758033
99400000.0	223.45843771809538	-388.481547382189	0.5688470327030065	-11.458621070737326	-6.245659137513572	-0.14356009661320734
99600000.0	221.1288578619019	-389.7266699215674	0.5711017077661349	-11.80447984899702	-5.998258135007015	-0.10294828258884654
99800000.0	218.77651651591242	-390.9214878928513	0.5655271151420276	-11.89181413728312	-5.820409250617908	-0.033420832406131924
100000000.0	216.38912917159507	-392.07048115330923	0.5639885908612994	-12.089686059684643	-5.762712359646547	0.049951710526785785
100200000.0	213.99655540860462	-393.1867841515535	0.5677074206701596	-12.08888404102683	-5.6201692287862715	-0.026512412636468585
100400000.0	211.58809637342668	-394.2932391347021	0.5588903726548768	-12.205397320032501	-5.369341230638171	-0.15789250876261934
100600000.0	209.15681243370167	-395.34207437116316	0.5527662017903422	-12.361514346392719	-5.338717709250599	-0.07635936708717757
100800000.0	206.69833859080586	-396.365707486468	0.5531162243684941	-12.365024598838977	-5.068140211407625	-0.19408065170895789
101000000.0	204.20835464341292	-397.3433121935225	0.5603241147140955	-12.50513329217304	-4.884755733288573	0.07509555817250675
101200000.0	201.71969927130755	-398.2649213241135	0.5656257278483405	-12.451887868670006	-4.813285099818545	0.04892302162583626
101400000.0	199.19164956492716	-399.1991052761349	0.569672315466418	-12.505409685971758	-4.557279622403771	0.011345552873562413
101600000.0	196.6583387074475	-400.0788198829418	0.5720636625972273	-12.648028501645426	-4.146417774471988	0.08544847598911336
101800000.0	194.1050875124378	-400.9073658391365	0.5662175348259384	-12.816684233112412	-4.1084851878598965	-0.1687371640576371
102000000.0	191.54113489248272	-401.699200639321	0.5606924570775275	-12.925155002362787	-3.725249703149018	-0.008657428117049998
102200000.0	188.95195342816533	-402.4645891617355	0.5532468980051941	-13.098625186610084	-3.6139177210510716	0.13350055644245132
102400000.0	186.34548293205782	-403.1791306725473	0.5596352286661926	-13.167867858075203	-3.389139152826396	-0.04774008407141326
102600000.0	183.7025232635019	-403.8164362267436	0.5599614400500031	-13.116528492288156	-3.1050920584245816	-0.04757490459996817
102800000.0	181.04942832558788	-404.3907757747185	0.5527069359602426	-13.198879633549693	-2.9545299195867525	-0.0558897244771309
103000000.0	178.40154406072665	-404.9662410977797	0.5430845121093807	-13.374595096623372	-2.860345727251763	0.07357931869426203
103200000.0	175.73944686077175	-405.5054761115546	0.5430557090642185	-13.408123869721498	-2.5063230402526075	0.09117866334538764
103400000.0	173.04387805172334	-405.9902333831284	0.5406960773018666	-13.441870962094258	-2.5409577654093547	-0.15521515021485704
103600000.0	170.33894987154588	-406.459568655074	0.5453950308502034	-13.556612163419445	-2.271179615338729	-0.048908912742545156
103800000.0	167.61860490867053	-406.8825033168398	0.5536089888976641	-13.66891410306689	-2.0082590079292553	-0.03810509817137119
104000000.0	164.90385098833644	-407.25693374775415	0.5470021495144131	-13.502015281716734	-1.772093501309125	-0.15619652743065415
104200000.0	162.16512560999746	-407.5832954722234	0.5389200777821198	-13.543090071997648	-1.499188850968782	0.05310890434913713
104400000.0	159.42745478814405	-407.88355991857895	0.5357651813092648	-13.708100125487517	-1.3232438934640731	0.00818856215407645
104600000.0	156.67569708073586	-408.1393198393168	0.5394246948634378	-13.670623759986631	-1.173307341814706	-0.015099649394653622
104800000.0	153.91141713091673	-408.3535365632712	0.5404191831876226	-13.604147157211127	-1.0153209925923106	0.159212173444216
105000000.0	151.1373635808673	-408.5179278985416	0.541590652185622	-14.00061875677362	-0.7520405746362961	0.14092312146737884
105200000.0	148.35346385102525	-408.6299867476515	0.5429505497980676	-13.849838970656416	-0.42855939501837054	-0.022585139666293347
105400000.0	145.56871408323423	-408.7016512826152	0.5445906556929561	-14.002790921450233	-0.4064153231590143	0.10283862219812293
105600000.0	142.76465118049694	-408.7051079310653	0.545703693796548	-13.86626578576599	0.10489320965191151	0.18883282615711827
105800000.0	139.9603166918431	-408.6696173847218	0.5432527850982358	-14.08071333203046	0.2437402363704901	-0.12641721970988662
106000000.0	137.16213032004472	-408.60975263179574	0.5454055618674238	-13.994355930788133	0.520383700929317	-0.04713588650718142
106200000.0	134.3577947513992	-408.4813044461046	0.5444323544438863	-14.031304837069351	0.7507020259650569	0.014522650029921815
106400000.0	131.55251227974952	-408.3060541449469	0.538359429805261	-14.148710495102177	0.797085892669435	-0.08800078131148285
106600000.0	128.73687624995944	-408.05964685694454	0.544334717316969	-14.084266778963372	1.0384238012408002	-0.03806910861220037
106800000.0	125.91471520151471	-407.7651335070323	0.5414740851285038	-13.999379735813555	1.3373696845048013	0.03390427408015216
107000000.0	123.1037903963849	-407.45378431457124	0.5371821120385906	-14.109547922311425	1.7369987668121016	0.03604096071036786
107200000.0	120.28855322962364	-407.0902203078983	0.5345294802416041	-14.04326841036066	1.9572896265163795	0.03475250887369131
107400000.0	117.48342620949558	-406.6465597329069	0.5325066723924872	-13.832874693800555	2.0801217309084974	0.1510084666515831
107600000.0	114.66781964925049	-406.1754530902749	0.5276548028917325	-13.976154002508837	2.5040730362798658	-0.001872416665592039
107800000.0	111.86524153271934	-405.6593977924506	0.525788287870746	-14.111093823689984	2.7336577116439607	0.16102586341655867
108000000.0	109.0731305151425	-405.07766699066536	0.5243278825766592	-13.861976305179978	2.778559083772924	0.03167089983981935
108200000.0	106.27641215356405	-404.49674244009225	0.5219585686669885	-13.895206837343528	3.1353383367861927	-0.09877504918801562
108400000.0	103.49287214958528	-403.8285551655177	0.5225217268791003	-13.94992851649337	3.4532654055073992	-0.11903119740894413
108600000.0	100.71660510647433	-403.1319246945735	0.52094625482237	-13.828363867982072	3.6867585381099586	-0.14371257217158329
108800000.0	97.9404681907768	-402.37079148619034	0.5100608344704078	-13.96083173945712	3.7423567272981235	0.06717330847451213
109000000.0	95.17322295143872	-401.553695215103	0.5030842381168188	-13.838856598048991	4.178316067977831	0.08845213903181653
109200000.0	92.41240330477306	-400.7020974159907	0.5049960105526048	-13.776166514763512	4.538538099854866	0.12753962032702465
109400000.0	89.65628469849224	-399.7984864596544	0.5055236930362615	-13.766459488615256	4.542711877783305	-0.020953528177456108
109600000.0	86.91961962187686	-398.81717809290194	0.5085311897071491	-13.520548769819927	4.841924882468176	-0.03720590463649336
109800000.0	84.19273018788179	-397.79402094820495	0.5072753707854628	-13.492343753620375	5.357326918632392	-0.039097579451766264
