200000.0	-0.508560531699265	-1.7648473585905904	0.7000226394520817	-0.10396258028808396	-0.015657998793977165	-0.4472089055232895
400000.0	0.009886807299921863	-0.05553263618281323	0.011529696423883906	0.318176551768218	0.2157454605542964	-0.12482609484059189
600000.0	-0.021651171428823	-0.07415243652706005	0.018159816117552408	-0.1597115979284098	-0.2166372125087415	-0.052094633561686796
800000.0	0.03542751677892664	0.03569777578236	0.032621985994154556	0.29464447521083426	-0.08598655098183695	0.023060318735677557
1000000.0	-0.08282578292602816	0.044416749481566375	0.026211401036923765	-0.19909959476759492	0.12559229938844382	0.059335151899033725
1200000.0	0.019836524702255165	-0.0208545112014924	-0.0009480962749128241	0.023163283298462872	-0.06521055590786165	0.08979151586281084
1400000.0	0.006160869098184252	0.023764945419106454	-0.04047374375706503	-0.13445265108300639	-0.04452348400679919	-0.1017336848742718
1600000.0	0.10059392228214614	0.059101565584576354	0.034088333953479266	0.2937496103245257	0.14770501673579073	-0.0023263957200491403
1800000.0	-0.08472822883928677	-0.04580080624193639	0.02462049233599628	-0.14331439096051532	-0.19526923922092324	0.18223249216289855
2000000.0	0.022250746905188912	0.06779448814178535	-0.07426732981937484	-0.10949234480199624	0.22384506713761482	-0.1823936221131977
2200000.0	0.09317534003652495	-0.08306759040234213	0.025998731933173813	0.18685362695900343	0.06036641641878365	0.2403237358532687
2400000.0	-0.03201495220650763	-0.09666943187221455	-0.07944930806203138	0.08668163562698838	0.046608816523404775	-0.175721802734211
2600000.0	-0.0706296892270224	-0.11149392363333299	0.009714134309550038	-0.0635235791358511	-0.11882109282860037	0.060836983484661065
2800000.0	-0.006064685199387521	-0.022802527763837288	-0.015210946213184251	0.19753476131123188	-0.06621072017170551	-0.014204624734709625
3000000.0	-0.13651475189416717	0.0011013445679619593	-0.02038092804501762	-0.07895853994878915	-0.04835897063799481	-0.012379286799308335
3200000.0	-0.06555787725151796	0.01813825110775724	-0.018308620183385804	0.03089470709888459	-0.14409790840533226	-0.14292254703956964
3400000.0	-0.0962671061199789	0.0999707629551514	0.023207019275400143	-0.0796097553122489	0.2931975286770171	-0.06692639019076961
3600000.0	-0.048882753801628764	-0.13111895040081478	0.05310412999637959	-0.17702411845931904	-0.15012431554039146	-0.14584402616042555
3800000.0	0.0652589731083073	-0.05234311629698607	0.10438793685116499	0.1016722548091194	0.0431958834179077	0.19525986198531534
4000000.0	0.006216059355527603	-0.05794555682057534	0.04698385804228755	-0.12099787831403919	-0.04755893444776922	0.04884443850583797
4200000.0	0.08565699593355225	-0.039116373688876216	0.04103294415148062	-0.010512027583669148	0.17061106023713707	-0.11251444818221198
4400000.0	0.10574878476020144	-0.14712279003624573	0.07042468759923881	0.09880521484974147	-0.2560810681210441	-0.03363518904146265
4600000.0	0.05637897695749772	-0.014100545027625255	0.07738488584787606	0.03557075964802903	0.016169620324530273	0.023288944757601487
4800000.0	0.031038103063649847	-0.022855821980127367	0.07308526490078715	-0.002976320579028857	0.08583642667117512	0.07618070086259073
5000000.0	0.04827499949448777	-0.07832045332668036	0.052838498568156034	0.047227052694973626	0.09821950729671032	0.06949816030066941
5200000.0	0.018164390937707775	-0.13928212661511474	0.03197569451717486	0.12364410024299077	-0.31371106252737463	-0.039822861232702456
5400000.0	-0.03478920766870258	0.03432963309660719	0.05372621168544195	0.08361314514896767	0.025094258837103645	0.07252848594211397
5600000.0	-0.0671712143619545	0.0041858224385808995	0.031198090031508308	0.062300345871938	-0.013455343612613135	0.09562925608686444
5800000.0	-0.09374815068547677	0.03176150171937575	-0.0006962391531212253	0.047752772820952916	0.11337709754845647	-0.016788940610129963
6000000.0	-0.14013234182249296	-0.02658279006883224	-0.0011278930868456327	-0.07856412223180897	0.0014980841945128184	-0.0773358684130017
6200000.0	-0.10968859019491745	-0.010550101050776473	0.015702456596438374	0.006437123792374377	0.14243008883229996	-0.03269106334980147
6400000.0	-0.10396384083500843	-0.07561478618871531	0.035973511909955125	-0.24031375062423155	-0.019155957375314593	0.07211795318962552
6600000.0	0.020005878796243937	-0.07647366955650514	0.01663736890581996	-0.08237172635938916	0.01985938633756485	-0.04761302828003702
6800000.0	0.07119754268176393	-0.08078266661887024	0.04540820946749957	-0.111368918165905	-0.18894508596628218	-0.021994824734437028
7000000.0	0.12299510166501237	-0.026069058504612608	0.049068729775315456	0.14257977546698375	0.1089100262940887	0.10183912491452271
7200000.0	0.0638598458295987	-0.08989541149967861	0.0036847247749798306	0.04379278733139258	-0.03901103859475516	0.04210527480433195
7400000.0	0.049348907281838716	-0.055883826372813195	-0.012093987992701616	0.04881664374715511	-0.12711062657383254	0.14657218512696232
7600000.0	0.02452289260876772	0.01121699291793643	-0.06800516236225368	0.2145898916391571	-0.18157387299185196	-0.09239475092450958
7800000.0	-0.07884534228591611	0.10085367613457374	-0.03884148976224294	-0.1783291451614799	-0.02753219042168477	0.19012424500340472
8000000.0	-0.00073651763257776	0.11468081511326389	-0.1184862464608003	0.07128901380680963	0.01047966580420126	-0.11450039938897541
8200000.0	-0.031054537014204353	0.1519950041404068	-0.08276906436769194	0.08741008234668812	0.08298633067961553	0.006777994820223773
8400000.0	-0.0844202325745056	0.09396127808292576	-0.07998404656350389	0.07039954468593002	0.015042410710975777	0.03084560590476222
8600000.0	-0.1171622764518303	0.10676943033551356	-0.09767086351237508	0.012706075348975832	0.2633143437722608	-0.0001319709677137862
8800000.0	-0.12301244724721805	0.035473724902138404	-0.10622886447266372	-0.142895234830823	-0.059294326226708965	0.010918640890352938
9000000.0	-0.06198150037774397	0.07777078931469794	-0.11758643902017879	0.07532590973330477	-0.02452340872170286	0.003390917723760066
9200000.0	-0.08928398844926333	0.06234207227083677	-0.12002451992130714	-0.013343635740712623	0.17223682805974325	-0.1636558771989835
9400000.0	-0.07948282100118442	-0.00380244858351908	-0.05956173605631748	-0.1026300011849397	0.011870995014644559	-0.14055541785810372
9600000.0	-0.02983739440830213	-0.02938772122341926	-0.0024947199585751423	0.020935397376478315	0.009330433125850628	0.21079119368933924
9800000.0	-0.036933575811849195	-0.02646723721683175	-0.09029795517257949	0.02883766033196733	-0.10173954778187792	-0.1100368432956146
10000000.0	-0.049985764237884034	0.024733226166714584	-0.044476528237970714	0.16905797990894045	-0.06344660368563099	-0.014952464816646853
10200000.0	-0.13774209209103816	0.05953725239420238	-0.048658095729827266	-0.0970502443642971	-0.11329949955933792	-0.17749594225976514
10400000.0	-0.09388706237519884	0.11639021175815323	0.032748521142928366	-0.020247519843309858	-0.03348788990202866	-0.019155937008465976
10600000.0	-0.0777121908072207	0.1239843704551471	0.04447638674179538	-0.12075573224443814	0.07056312975421632	0.050222582079007407
10800000.0	-0.023126229517028918	0.09631079370772744	0.020489109013505258	-0.07284461221276906	-0.07509314614801475	-0.16105225124924774
11000000.0	0.014066587847367806	0.12835493383354146	0.08811562399292877	-0.07102898016219816	-0.07171668943930203	0.05413864672486651
11200000.0	0.03759401763071768	0.16844667366456667	0.06156364372598988	-0.034579303706703035	0.09244657781438273	-0.1124101578131652
11400000.0	0.04848267141796736	0.1554239463330076	0.11197883818254917	0.033826908307568404	0.05853660824044153	0.06827740125377327
11600000.0	0.046555677073685686	0.10005685207889425	0.08717847786228394	0.0659335638960934	-0.01956099267908487	-0.10015540322859114
11800000.0	0.014562746722797115	0.11717750979907904	0.13141977863970372	-0.10177654452583473	-0.08505379218781421	0.004932081492532273
12000000.0	0.07954007394430374	0.15635953523292434	0.12721405668393598	-0.10766104474938643	-0.07039810232455239	-0.015399871461271843
12200000.0	0.1295487645340847	0.20567838823344142	0.1324233916558094	-0.0588481412088373	0.0905274221669646	0.1420089462888727
12400000.0	0.15689902936262978	0.19176675571178103	0.06987696132449228	0.15763263878768785	0.05688020173754284	0.05829887440867249
12600000.0	0.09617187109553349	0.15821191146637825	0.03885371564818624	-0.01824527148345112	0.14590474165151907	0.15638730293355024
12800000.0	0.10972359261499953	0.07640155612804844	-0.029016676002169672	0.25008989368883605	0.10149378548763134	-0.16622978784724174
13000000.0	0.01068576746312111	0.047929505549174634	0.034871812518098066	0.011974691373533686	-0.0058038151614555195	-0.05533478937032889
13200000.0	0.020967023941244278	0.009877585878868445	0.05409240109769298	-0.020650827821863782	-0.1575819276688514	-0.05133281144490414
13400000.0	0.02925622861767785	0.0880244792574405	0.07465647585007723	-0.0072464957241069605	0.013232867384530604	-0.09174172765241083
13600000.0	0.023032631514832147	0.09982469387473936	0.1112553366424921	-0.027672812134544866	0.04542733026642053	0.20307429567013577
13800000.0	0.03692423156583402	0.05819025522247401	0.030943550654664143	-0.29008353784818897	-0.026874046122894082	-0.07508190717309896
14000000.0	0.16041394203787007	0.08098692769681248	0.06938006092211019	-0.1335023020509476	0.0020964045375146956	0.023420644622199005
14200000.0	0.202944572915138	0.08772053417557824	0.06654387827042785	0.03590174433098592	-0.018383610860657533	-0.03346388633506966
14400000.0	0.18945668564747464	0.08134201186747392	0.07815001871485333	-0.10030952073204125	0.028134642539200498	0.08405171782729819
14600000.0	0.24503033278900332	0.11184353945915237	0.05015183319165406	0.02226677063053195	0.13872880180425717	-0.02460309854619669
14800000.0	0.25812179610948327	0.06800415117033864	0.05781199137759091	0.10330830378676614	-0.04505749145953373	0.03166470329420068
15000000.0	0.2178808133585779	0.08941609672542983	0.04423489016080567	0.04648414383808985	0.01969045885335995	0.06667744024172574
15200000.0	0.20295626886147566	0.07855395048136038	0.00619773907409038	-0.0610130668171629	0.08019840876683468	-0.0994368664480742
15400000.0	0.24016411974346852	0.03770458135824217	0.05406247046169854	0.11341515937468838	0.0809434526234303	0.07676159551484682
15600000.0	0.18732763811101272	-0.012759044916437867	0.02368202863203478	0.02052898206595133	-0.08578749207262595	-0.272553099298914
15800000.0	0.18039129449657665	0.02454226431834039	0.13222047463227343	0.07295147183172768	-0.10884274649318404	0.052750585356678606
16000000.0	0.13954945991892842	0.038860014580459845	0.0948721789872009	0.12119801839264177	-0.043959894786268994	0.030831548859554078
16200000.0	0.10375882846352269	0.0747463914201345	0.09029851024732355	-0.04208057246988561	0.18694208696073744	-0.04248721650763805
16400000.0	0.12190781061754663	0.017810638194722284	0.11098255249880462	-0.11145464246405457	-0.028230109747138417	0.012351072812295267
16600000.0	0.1749135725454174	0.01589774163980784	0.11018658317336677	-0.0020731756125336176	0.17376433340218483	-0.0023243555549539788
16800000.0	0.17338089687978453	-0.03359476126899352	0.1088975803947605	-0.017881178489777216	-0.03810467301006018	-0.06091002648638143
17000000.0	0.18404479897359494	-0.007875966910827037	0.13751227906218816	0.04259075815269764	0.01965134613736671	0.03832722331821497
17200000.0	0.16561083228665652	-0.006692489693608694	0.12628149229234992	0.11476381919614598	-0.023636050342723425	0.11281436354820766
17400000.0	0.12067761442408909	0.019082763451862217	0.0783260347387888	0.23050909068218628	0.11011613977413531	-0.004334423981115819
17600000.0	0.035606990007931216	-0.018505250204995605	0.08518324351317408	-0.20470956940754004	-0.046160701575451366	-0.28243143263296777
17800000.0	0.1260540444564029	0.00934714130980252	0.20685825966477067	0.09039754287363566	-0.08594737183398538	0.12844002617974354
18000000.0	0.09294157208681497	0.0809333307144735	0.14577626284588685	0.045186384348438136	-0.11678225846840526	-0.07819632393569621
18200000.0	0.06934492035902551	0.10939543551833553	0.1825681254933182	0.024910258115330652	-0.06752836246741639	0.023011388052218022
18400000.0	0.05213410605964697	0.13354174959877696	0.17386989953569043	-0.012999110703357353	-0.06619751028402399	0.011093657082903184
18600000.0	0.06059625774862454	0.15022164280746098	0.17034507487146272	-0.14717750210216485	0.04616630293250589	-0.05406563369740888
18800000.0	0.11574746631121258	0.12668295390259887	0.19191931652478939	0.2452520575781918	0.06896299207444793	-0.06857267652701206
19000000.0	0.007352120732520007	0.10286100933500464	0.21995104569630358	0.13938911422141675	-0.19673788012284205	0.023911040894219207
19200000.0	-0.05140393295704726	0.20171718932318017	0.21208688752428517	-0.0071433827487581425	-0.17050841097066388	-0.07144884380084797
19400000.0	-0.04800999752054835	0.24718746524693103	0.24143724670550232	-0.07168856425069015	0.33825629161458953	0.13450556241358844
19600000.0	-0.028492834333487593	0.08532628439039769	0.1941728579242049	-0.14145096495254306	0.023602241620521453	-0.0543256727498421
19800000.0	0.02641353397113022	0.10678133540855916	0.20519839016743363	-0.14742024542851118	-0.0003324296014400249	0.23235998822662693
20000000.0	0.09743282523110608	0.08654006076471243	0.11361150925710362	0.030631701606427697	-0.16120694230207122	0.08988129088396163
20200000.0	0.0813066424498814	0.17016750479439624	0.07616916252092348	-0.06692976342384371	0.040798543350698255	-0.011014677701189007
20400000.0	0.10942320424332763	0.1387185598327738	0.08339461761710731	-0.13121150026571105	0.05430736793963069	-0.06058923278253865
20600000.0	0.15806154570460507	0.10812678774407036	0.11231629918321201	-0.12460652415451379	-0.0752927273601399	0.0050079128788728285
20800000.0	0.22028356937905968	0.15755637879832696	0.10785035489161199	0.16214083931140433	-0.08447026287626935	-0.1683299103795558
21000000.0	0.14933452094826194	0.19807858874186968	0.18282353292611636	0.1711128060301217	-0.0050854595035219885	-0.1982110937827566
21200000.0	0.07155852983423827	0.20351456733882234	0.26495900463011013	-0.00822024085571682	0.11002608191859739	-0.12085557920764406
21400000.0	0.07108356939345128	0.16582451609264548	0.324041619402201	-0.04553836856320048	-0.05962417866888478	0.049821156886966186
21600000.0	0.09567584068192758	0.20464720362871636	0.30553404897431347	0.026711495441246402	-0.049296366687461915	-0.10986323658939595
21800000.0	0.08525275686640299	0.22088247548164386	0.35258816938948295	0.01845094392934543	0.11887589946576493	-0.011955128547967514
22000000.0	0.09520042826150643	0.14925738131909316	0.3630879487723016	-0.027100897281454595	0.029981417197878724	-0.02633013825766077
22200000.0	0.11809120947166463	0.12833777728082207	0.38158545849721587	0.185603028098692	0.03495065148211696	0.07292097052344278
22400000.0	0.03291728479850775	0.11964311911701486	0.36074959949616203	0.006348142412545998	0.05485657119014242	-0.003605813476700928
22600000.0	0.01997600710452474	0.09202732442613648	0.37055123049683547	-0.011833920179848745	-0.04331974383707571	0.03836684727062573
22800000.0	0.030952126060217466	0.11209783597029488	0.3651504390966288	-0.08304509111718361	0.0151563921478391	-6.738301057018781e-06
23000000.0	0.05860926184227111	0.1393045368638126	0.3683010423657587	0.009154038379877827	-0.007690782793444029	0.02195985202111618
23200000.0	0.0634675939898699	0.13445683142565268	0.36950932850926294	-0.010106964179894096	-0.019718085900523957	-0.014862270834772207
23400000.0	0.06441237858115656	0.13242399333915778	0.3732690141366727	0.079520801097821	0.014364283714771591	-0.012233059334344917
23600000.0	0.02689449117619347	0.10327204789082423	0.3869038731178892	0.02144937807307601	0.05749727037955775	-0.05884297627762275
23800000.0	0.013401700547014173	0.07653377398926375	0.423423139412377	0.07303801834609791	-0.13566509192232526	-0.022514883996422153
24000000.0	-0.029607016715907264	0.11937949613599574	0.4502387862363927	0.06927628288907384	-0.06406511715194069	0.2847219170869898
24200000.0	-0.049334668254324754	0.14853249521201173	0.3362018227764578	-0.042069983116484355	0.017734282827512285	-0.02022753656708083
24400000.0	-0.049078505912731885	0.12406191821119839	0.3567712875025647	0.04609110122439519	-0.05354673022114315	0.03113680461654999
24600000.0	-0.07618545770945673	0.15488359738557023	0.35037850852098446	-0.14703832423877294	0.1018496662678979	0.14226136441723958
24800000.0	-0.026644200751434255	0.09082768523711904	0.30013326195349477	0.04501581377170716	-0.05707685972330284	0.11191095790923032
25000000.0	-0.03757145350433433	0.1053712620746623	0.25613331270899375	0.05225117104365795	0.007061103388759468	0.15161270981129957
25200000.0	-0.06301870408509558	0.10833534039876458	0.1995741750700501	0.02763434447771873	-0.023738155785287235	0.02916335941266273
25400000.0	-0.054674211950590745	0.11087209178143986	0.18558707267326868	-0.003305861364643725	0.1828699073662027	-0.050229757438233186
25600000.0	-0.04853313316655061	0.03849425635801973	0.20102787308743392	-0.12024257385868653	0.048829252806689	0.1643523495468241
25800000.0	0.006146791874009239	-0.0010892539503410958	0.12139694549876484	0.01096860702336544	0.05922556906996686	-0.04922741203690616
26000000.0	-0.0017457937077054453	0.0031407883116330026	0.13858539856348895	0.06018276817578494	-0.11012093051427063	0.04816416741214506
26200000.0	-0.03441958428413727	0.061120448140785655	0.11693270456873106	0.00029140924940884716	-0.05240092351218392	0.038126125329007485
26400000.0	-0.04303870432094925	0.0757319821545579	0.09855027978596931	-0.09369404219560717	0.1715898350617541	-0.036721181632530006
26600000.0	-0.012551445001562911	-0.00495536026855925	0.106546832935562	-0.057145628185869324	0.15126710230621687	-0.04648997273822131
26800000.0	0.013813417095327907	-0.06930435321665263	0.13308406441538823	0.011743958039674318	-0.09616565223654208	0.031232304106964016
27000000.0	-0.00033594189791585904	-0.07715208618959357	0.1290117728362421	0.013787779971853986	0.07093967892541592	-0.21133856601572484
27200000.0	-0.009278516718936203	-0.12922256053476833	0.22407480264003732	-0.039000091048090546	-0.09751453838215243	0.11656187063868312
27400000.0	0.0018015735968504032	-0.06837067258006302	0.17779080403924413	-0.18917275961741975	-0.12101281633072827	0.1022585557441189
27600000.0	0.08500058839199909	0.005728666963848994	0.1390174203173582	-0.08820683582682687	0.12083479125311686	-0.03599295645569003
27800000.0	0.13597485547349208	-0.04455439483510215	0.15156609782396613	-0.04882106880756121	-0.04091385569419906	-0.016144717466297653
28000000.0	0.15773594201994712	-0.03242528426471969	0.15940280042658206	-0.017515943834994108	-0.004229955173557898	-0.04524011904972704
28200000.0	0.1835707361767973	-0.04719296646418503	0.173477557734877	0.06387539288446176	-0.0374898110899175	-0.050502951521531225
28400000.0	0.15357339253127833	-0.03286301686520865	0.18733453436213227	0.13224677161213316	-0.029487864410261813	0.04209634827837866
28600000.0	0.09983631488564981	-0.009539356374308028	0.1698442538449486	0.011868647541520172	-0.12201085764078323	0.016281912520600548
28800000.0	0.08075872989223853	0.03774865323548404	0.1659258100608526	-0.03699140352433483	-0.052754380139590065	-0.16874500975676848
29000000.0	0.08979014128825469	0.04896183509462082	0.23254893727902565	0.10362105879450834	-0.06119276143347657	-0.07665346775742454
29200000.0	0.046445290138855455	0.04548577853887714	0.27211907708919936	-0.11252338893393876	0.002757347598297044	0.08809666457985843
29400000.0	0.08365515820445069	0.03166969863890179	0.23178229836790482	0.018642699612005043	0.05385274820549901	0.08259178527201627
29600000.0	0.08985528721356673	0.033337669267181624	0.1939129192900496	0.0006183604124609943	-0.06802927279874471	-0.0389884729445731
29800000.0	0.07991412107283935	0.06917285947125063	0.21327668733808647	0.1618995434692052	0.11988363112954037	-0.052714202671907295
30000000.0	0.025932277992204433	0.03528878097371324	0.23449263304434598	-0.11455742864107954	-0.09914128064064998	0.14929512462379713
30200000.0	0.07359760861820064	0.06779253283982589	0.17650747941066713	0.0666307756471034	-0.2656266224922146	0.09044294950723053
30400000.0	0.04056971552283528	0.1555874195185072	0.13612379777605582	0.05148126690557975	0.11419398668078774	-0.01967267924801452
30600000.0	0.021886983951787897	0.10763990228111053	0.14384569970923655	-0.016958916719215456	-0.12455223109597133	0.009230031447158407
30800000.0	0.03854145175007062	0.18067813353555318	0.1413756166307843	0.15102382233870681	-0.05807697243263929	-0.026405683577846492
31000000.0	-0.02294638469830801	0.2287453866335265	0.15658275327139426	0.14566043591058575	0.10725063172862617	0.06564257905604576
31200000.0	-0.09199520093391556	0.18331380237057848	0.11815271778228609	0.030135356578635086	0.020577108598542643	-0.10380941289694182
31400000.0	-0.11349572466559721	0.15274369816076971	0.1705163716017174	-0.03159106477668461	-0.01064621886147546	-0.0609655034370159
31600000.0	-0.10759822597521662	0.143534289076098	0.20081124360475328	-0.014377113805357222	0.13529572055741276	-0.14298971091672869
31800000.0	-0.10377390360898175	0.08270292183971728	0.26533103300465255	0.17179936472382407	-0.016277266947092917	0.004796597126125877
32000000.0	-0.1736891679069288	0.09370293444428412	0.2599908729003989	0.010991126991685807	-0.030917454242879866	-0.11347867287409458
32200000.0	-0.17924296629735892	0.10736809725205099	0.3068130561232315	-0.14692785249901474	-0.05607003790821902	0.17612036508494194
32400000.0	-0.115926171973598	0.13759033010557387	0.2367234185105742	0.1826927573946011	-0.052412998162015334	-0.05377938490220664
32600000.0	-0.1859436257281999	0.18242046505417253	0.257919216613467	-0.06950963461918525	-0.012996178437267802	-0.011136711717674719
32800000.0	-0.1590410544611558	0.20532762973835883	0.2602689835967374	0.10125130107128921	-0.15261173623227142	0.11101356454057247
33000000.0	-0.2038881986657799	0.2741214771459779	0.21478928647848794	0.05035548538122603	0.10661663966186002	0.057013288094925646
33200000.0	-0.22386238631479216	0.22219804898675344	0.19571763220854943	-0.2260890815466765	0.005516407452094918	0.002159875801261507
33400000.0	-0.1292402993525812	0.2453400670171879	0.18341917549972475	0.06982559343623329	0.08656954146833878	0.18638579609933753
33600000.0	-0.16622136022260747	0.19977564695392136	0.09987062096073035	-0.14430878687676962	-0.08288232567512677	-0.03487935166695753
33800000.0	-0.12454160457413366	0.23122706101014323	0.112322303193365	-0.14732460411513637	0.029013102268788282	-0.09714480055634353
34000000.0	-0.061799102334063605	0.23906726704322168	0.15114205097316197	-0.03503552852957714	0.15652627061889918	0.013938883704475592
34200000.0	-0.04470536226490651	0.21215462139681796	0.14239683071520276	-0.0004550875396693854	0.14899757172882006	0.07169002607985739
34400000.0	-0.04963895870100998	0.1236725279158093	0.11178053468865978	-0.21929562138373937	-0.06792728442873541	-0.1613993807375465
34600000.0	0.05160676097592898	0.1533094940030595	0.17744974660042312	0.17501386268771135	-0.0908428596091912	0.14419283922511986
34800000.0	-0.023466954176228683	0.1636941472341249	0.10648151091846336	-0.033821841632102334	-0.0366564455532587	-0.0639053157840517
35000000.0	-0.006653660509570614	0.17614465474324215	0.14533984730980054	-0.017912531752639183	-0.03836127282936508	-0.08887270558910446
35200000.0	-0.013367807454272906	0.20286631493452578	0.18471327132628385	0.021558487623698497	-0.106015916035126	-0.0502555335449105
35400000.0	-0.01641420155185358	0.24845564994621805	0.20356460260309633	-0.06626759429927453	0.13776491877804226	0.026755853712946774
35600000.0	0.01353460575104748	0.15977795849650178	0.18987310517806205	0.032018002238897836	-0.02121477956210166	-0.01692987547898102
35800000.0	-0.008737137176225929	0.15694339766760468	0.19613933622556756	-0.0759515046743422	-0.11191223574919551	-0.08573694002495685
36000000.0	0.016582130086163716	0.2054299400290045	0.23018300214791892	0.00944663324859274	0.12136518090035758	0.0670902445144501
36200000.0	0.030414756634542073	0.14124962459433466	0.20306449305047125	0.06305646628184558	0.07723330925649424	-0.0011997603416831516
36400000.0	0.01907983584287365	0.08806667737786	0.20841813071911863	-0.048909154478470995	0.1539727530642503	0.14129347343825377
36600000.0	0.04730217286446248	0.026020539755644556	0.15049828575311086	-0.036455796480169056	-0.08882596876372312	0.09841126989172994
36800000.0	0.06311509599120768	0.0833162386364954	0.10179987093934928	0.11905646384256663	-0.20450768223048105	0.018323588616156853
37000000.0	0.003333027197783167	0.11778098208672372	0.08521185988015295	0.066737751714264	-0.010511597719472632	-0.06831464091987018
37200000.0	-0.029440906016034774	0.11523055666716786	0.10781849522993342	-0.05896052787080652	-0.15392512019497234	0.11633689529866331
37400000.0	-0.013561366603696001	0.17864817249857978	0.0628509895572335	-0.007360804263512044	-0.06080909250475508	0.0535643986768211
37600000.0	-0.020454474016659674	0.19034243102870096	0.038514572923287915	0.08535739280384025	0.026274667085212144	-0.009001489821661547
37800000.0	-0.04518005935226199	0.17120778886471033	0.03762610702016411	-0.020324894235153046	0.06599350947743388	-0.022138283540177366
38000000.0	-0.040461305777583334	0.15289510607734424	0.048986196205381805	0.025566136348354362	-0.20235301850303888	-0.042523142843151056
38200000.0	-0.05072371457279701	0.19444316671194262	0.06390220262138785	-0.260527886800932	-0.06266211478809691	-0.07827129870801125
38400000.0	0.060577223620512655	0.21470544058757834	0.08999632118289136	-0.14206708960249959	0.012152694558971278	-0.016432830905651112
38600000.0	0.11320687548035835	0.1997182459998701	0.09323340583720058	-0.07532067399842735	0.12778173996610975	0.16860795336367496
38800000.0	0.153261952125888	0.13838669960672423	0.012887838518970351	-0.08317976903888002	-0.06414859328981726	-0.07760447365247661
39000000.0	0.20678945022673645	0.17289013592523794	0.03317826746275554	-0.05110751987547513	-0.08247914213567509	0.09274077131326884
39200000.0	0.23460695722410208	0.2172751062647622	-0.005528077280736898	0.10379157361606506	0.025523917533188722	-0.04620977716831877
39400000.0	0.19344330190094183	0.17830821884054604	0.011332806010517893	-0.02879323017659985	-0.14686690804174474	-0.12077033545336653
39600000.0	0.20550161122538668	0.24078410527422278	0.05578599924400268	0.17707234856010778	0.023924566295572824	-0.004101482581788555
39800000.0	0.1379578583993606	0.21666108093111447	0.056604395158078635	0.031898086567632156	0.0061215628732742555	-0.0393260547308964
40000000.0	0.1320884771377706	0.17909522832276448	0.07035607330858568	-0.013402299460726574	0.13471749908876895	0.08304053315397393
40200000.0	0.14204885592916128	0.14495620723844116	0.029718488381805686	0.10018354926369888	-0.04848650206846483	0.055868810759984414
40400000.0	0.10198966244456642	0.15736088600876386	0.004166299595722456	0.10119565844816858	-0.014984262220556821	0.030094784499588086
40600000.0	0.06143894705283515	0.14901078306852078	-0.013763094638398532	-0.05275413632218573	-0.11543058081612678	-0.08752963392946328
40800000.0	0.0735858120436319	0.17631152745309553	0.017480744353576494	-0.011421642889597017	-0.011747253434056804	0.02884285263466032
41000000.0	0.09111782271608604	0.1523548658321996	0.0035197320072366534	-0.041149159337043884	0.06845655597981448	-0.14185820640061217
41200000.0	0.10156359094561651	0.1390145908381939	0.05722560954858985	0.21927739085730558	-0.19709995986020523	-0.15891180355705448
41400000.0	-0.00013604123262211942	0.22209691246670538	0.1126840582044174	0.0656285861109529	-0.07753953007475389	-0.2275447257456153
41600000.0	-0.028603160982413556	0.22149416019268742	0.20155278047758657	-0.05751320765321566	-0.07615270184845158	0.09989922796062059
41800000.0	-0.014032397551545728	0.260085331758086	0.15654813689593133	-0.04128050645754211	0.13713539372643613	0.03995514166604877
42000000.0	-0.012289950577553554	0.2268411649618507	0.13341724760110774	-0.029420368840897382	0.039654507223317315	-0.06283257174691015
42200000.0	0.0027650906760214866	0.19417853037469612	0.1477677386614345	0.06902881814353101	0.006678195345251825	0.12750242214206797
42400000.0	-0.03801068499633686	0.22015922438833613	0.0893462433504208	-0.04723316401087274	0.013042839109405846	0.07093494379381582
42600000.0	-0.01762830047090347	0.2337718037382679	0.0521083152173647	-0.00949686186158516	0.0398379472285616	0.039738828401249475
42800000.0	-0.010649472906692381	0.20609347912909115	0.03374379439795372	-0.011084550614793187	-0.07304386031994015	-0.012713601543561891
43000000.0	-0.023331331437091762	0.2113031534017722	0.03628477386592316	0.13193612711183533	-0.18054474229776296	-0.14941758892908155
43200000.0	-0.0762604492696255	0.30075680072204136	0.08934483461342962	-0.06559312034281728	-0.04844674945459593	-0.009156879206487143
43400000.0	-0.043771169253972175	0.3052987649806571	0.08659479711441936	0.005484018208004926	0.034162221181690544	0.17183992017451055
43600000.0	-0.04818769881262597	0.30675067783557175	0.018891929149680298	-0.023158868382881614	-0.18906943573191382	-0.019631712709643017
43800000.0	-0.043639995913835605	0.38001047651968456	0.025867017018983363	0.10067153786819816	0.07674582154559928	0.023549320452797486
44000000.0	-0.0877937075139954	0.3223995334861023	0.008031382458789704	-0.0475054399315491	0.042899226104377686	0.08045182317348003
44200000.0	-0.07577786874163905	0.2925486892941809	-0.02208603060977765	0.1784043588847437	0.04177234628005744	0.010462778111514054
44400000.0	-0.1471720894843287	0.2920463860105347	-0.021046377360907753	0.03607839883984276	0.11295421705397457	-0.0040464408886122984
44600000.0	-0.16526437608881395	0.2358757280724344	-0.0152142898782468	0.12898372405267988	-0.07903139284568361	-0.06027553084830738
44800000.0	-0.22029442926130116	0.25299440767793335	0.009542080342429982	-0.06863225287417052	-0.01928381975842064	-0.08237006175684562
45000000.0	-0.18887910359815407	0.2596913252249955	0.032141857465643076	-0.1887024386668612	0.005463383929872112	-0.076268404374655
45200000.0	-0.11610579800674259	0.23757205774667334	0.07156406506186713	-0.10316298062121287	-0.10171716023778954	0.08449544180305557
45400000.0	-0.07507269385011739	0.3097748462729655	0.036794774643146455	-0.024573860539697456	-0.0454850884882223	0.04423126687386235
45600000.0	-0.08469787170551513	0.3201061979732085	0.005583987375964217	0.06426971815786242	-0.11589343887161419	0.061776949331865796
45800000.0	-0.10363424157047518	0.3723886468447404	-0.029773414841663626	-0.04796784713231084	-0.18608443941427733	-0.04126660024681384
46000000.0	-0.10237671352498978	0.4579979142648458	-0.011939611550920604	0.006462973643854397	0.10840429453608214	-0.13504714773284338
46200000.0	-0.09841560472113997	0.41616223151280884	0.03747883158223264	0.1430910623895869	-0.06557596517386322	-0.026538009371951755
46400000.0	-0.1664454712349226	0.4020095574357505	0.04370132510718305	0.0609060817758067	0.04137371742206808	-0.01879001543861062
46600000.0	-0.19005467275123067	0.37196770033891013	0.04548250555307032	-0.0894398655874511	-0.0419260000522208	-0.0658540771475657
46800000.0	-0.16557373828118216	0.39569313710221365	0.06809811869092025	0.014359927604158607	0.0690684712466445	0.05580949141386913
47000000.0	-0.16714742579904396	0.37548180216975524	0.0468735927509627	0.13038169770827857	-0.1443553952875567	0.12759327254613223
47200000.0	-0.22903699917219456	0.4024847806963088	-0.0017402343334808057	0.0542400774546703	-0.023487528283614223	-0.19874659817978113
47400000.0	-0.25691959726350433	0.3936881274833848	0.07782756132727447	-0.13349891176404682	-0.09757318787155511	-0.005528202209858923
47600000.0	-0.20950271183221503	0.40016771978027244	0.07755582801582855	0.10797869140755001	0.1486193052322473	-0.08710346910034611
47800000.0	-0.2555640462939266	0.3277978705690927	0.11560474587438307	-0.07878519969206454	0.023092215387868098	0.03228969762138469
48000000.0	-0.22251022858159786	0.3083970497489865	0.1090496594877553	0.010927530939571106	0.06307552044965559	-0.22653727187940903
48200000.0	-0.22628196903366415	0.2578737979691663	0.19698332721452622	-0.12008346563569106	-0.09507932600514124	-0.016247977590400815
48400000.0	-0.19858593920068301	0.2789577258151503	0.20688590449505606	-0.22532894070898557	0.0070289026964087675	0.0742901089059965
48600000.0	-0.09616333080487038	0.25006781717466	0.17860561992018953	-0.02259128253621956	-0.16511454926999747	0.03912806163923668
48800000.0	-0.07260396241622402	0.2820936032764507	0.15652000339996552	-0.04605696193799158	-0.11395781228361646	0.05650768626382626
49000000.0	-0.06040756223990229	0.32985178957406447	0.13096303263587522	0.062315364033247	-0.15059483955741015	-0.10465146232896314
49200000.0	-0.09324245485044003	0.38120551631074306	0.18305626764405108	0.059146957657097765	0.08282611694237674	-0.041821992359640445
49400000.0	-0.12323246550616318	0.3596777648518028	0.18656318465387778	-0.01644483258267293	-0.1275260346758873	0.037911981671749514
49600000.0	-0.1227825205762656	0.40170888610898103	0.17213544383024904	-0.08308701185709566	0.1670041322520699	0.06441224608750937
49800000.0	-0.09078041254775826	0.33852162291226406	0.15557287038986206	-0.02427890241480668	-0.05068975688782995	0.2756246584933777
50000000.0	-0.07579553619646617	0.3441561248509899	0.05042618966574408	-0.09804546281138471	-0.13656346302810918	-0.05066725673177761
50200000.0	-0.03242269078856452	0.4103409263991473	0.07033910013481182	0.013388720918636743	-0.019280281158464918	0.06776345852312451
50400000.0	-0.04984230297552017	0.43409538536601744	0.04517772688374572	-0.081609678892681	-0.12408735887943956	0.01486897122488636
50600000.0	-0.013413208912567143	0.4643236444799541	0.035941840969589245	0.05947884368215384	-0.04682833853994861	0.0470492185065323
50800000.0	-0.041287577500099815	0.48797865365208537	0.022856670531733236	-0.03897551519717535	-0.17417451965405117	-0.12996909200640955
51000000.0	-0.022051594665100538	0.6032755230778193	0.0755037323295098	-0.07820190975978214	-0.06838619553227021	0.024498002455635586
51200000.0	0.013912216328918703	0.6238053750642933	0.06298225666414997	-0.05283561936881043	-0.058486093841358944	-0.04868547240933647
51400000.0	0.03148033054054622	0.6158033460130419	0.08423286713086636	0.1840620071750898	0.16504256050399535	0.25271999273506407
51600000.0	-0.04460898345561759	0.5375130544296702	-0.020038888071952532	-0.0066633936609754585	0.032364322248808364	-0.10822069400403657
51800000.0	-0.030235178612002755	0.52071186119543	0.020803299180922163	0.17902403515480447	-0.1767600254091235	-0.013015522161094303
52000000.0	-0.10769504394983187	0.5949286585421945	0.02358799406022427	0.015753909285652234	-0.14312482582998554	-0.07588144154461447
52200000.0	-0.13426906490644797	0.6775241102534082	0.059072030320615976	-0.1264757230915139	0.08212572416173769	0.13753240063815342
52400000.0	-0.07600578269475022	0.6150149913750447	0.009772727197716158	0.13956932105126185	0.01250125990940587	-0.18308069558686663
52600000.0	-0.13098195563182458	0.5934415910977116	0.07997848803666935	-0.01590276104321564	-0.014145627343325806	0.1368842345101192
52800000.0	-0.12196467475317263	0.5809172216604992	0.02993902473049681	0.06236556783245106	-0.03257252135618893	-0.05527777867431485
53000000.0	-0.16782929612793396	0.5969099646473452	0.05376856607420494	0.03353571942321043	0.030317015565601846	0.025478189023574464
53200000.0	-0.18912561782676107	0.5919876803708313	0.04034668622581167	0.05756617956079779	-0.014290057385119237	0.12397669631721614
53400000.0	-0.2182861434087897	0.6052124534551737	-0.008455370098730652	-0.10715055095312831	-0.08786075424307871	0.009753261385643083
53600000.0	-0.1852333928199812	0.6293019810033869	-0.01807956277764511	-0.2541705016904201	0.15666254641641064	-0.04321037420431663
53800000.0	-0.08842135036420018	0.5818284062728694	-0.003911114982218522	0.02494418839020973	-0.08488892689313987	-0.017647087995947254
54000000.0	-0.09520247980407248	0.5974560006849678	0.0036092022067163443	-0.08135519228635069	-0.014694963831519026	0.07665201590443199
54200000.0	-0.05670452749095034	0.6069538191093322	-0.02849558516773487	-0.005733220384649407	0.12118346055124807	-0.05016429225952131
54400000.0	-0.05075540081895724	0.528295277173072	-0.015088241196372865	-0.020294988834889338	-0.11415482203543226	-0.019318839403011802
54600000.0	-0.028769397264710506	0.5710901190402851	-0.005848031214739313	-0.01875744057449591	-0.10086109510689445	0.11744831040504898
54800000.0	-0.01662898905107113	0.5929858108027801	-0.05638854293693574	0.08393023336262395	-0.012641476994628587	-0.030594367170422573
55000000.0	-0.04498408395292586	0.5974472158952722	-0.0477821815811611	0.17198552637497588	0.00601425328640115	-0.07437561293550873
55200000.0	-0.11466164581725025	0.5832005187053255	-0.021664329660336157	0.00978681952568028	0.08202709366117045	0.029200554278847962
55400000.0	-0.12528874238097387	0.5018527480399513	-0.03487539622300595	0.1024155457882232	-0.023156802102402896	-0.09175354010720148
55600000.0	-0.1604769070079044	0.5018800902770408	-0.007651696488322313	0.08594808811835897	0.1283781635742871	-0.03811859116891563
55800000.0	-0.19740853733472363	0.42992503133070414	0.013121558404043276	-0.118804179905589	-0.03412019344083328	-0.08104767957798999
56000000.0	-0.15259701097116363	0.47648659021571405	0.04170437392344112	-0.24198841879114763	0.07267495513755406	-0.003316965175654902
56200000.0	-0.05128940929972714	0.4381506581878156	0.042108330255123505	-0.045299121915309826	0.03484824836357925	-0.03076687528342606
56400000.0	-0.026083213143834882	0.41832745296640184	0.055356786336885844	-0.10912476584118025	0.1209532953557475	0.11303596319733068
56600000.0	0.027017021406976482	0.3521236311003051	0.016521939761595272	-0.03860216906033376	-0.07285572920023142	-0.02926185289388924
56800000.0	0.05055144039326365	0.36329922506768497	0.019226199550464063	-0.056023062792059264	0.015184000951392385	-0.16068028657161282
57000000.0	0.06964692629045999	0.3643244520018314	0.09224437560894155	0.1384724644996158	-0.06718420875450404	0.24900340887368258
57200000.0	0.00944495454965022	0.36712680473633696	-0.009926486798803147	0.07292258124820705	-0.09543868624649221	-0.05699000464801038
57400000.0	-0.028513691012790332	0.39245743556418944	0.021465973639475888	-0.06799465860825471	0.006127546618517332	-0.07548592016503834
57600000.0	-0.0038429214839084125	0.3324167593144409	0.04218597526815587	-0.10362179074737199	-0.05998958744948668	0.10799599591623418
57800000.0	0.03707680053693707	0.32365828474361535	-0.005313262133460062	0.06918920713530419	-0.06999916993008792	-0.07901366069841093
58000000.0	0.011517918315462339	0.3283925236013161	0.022170206784745627	-0.017071759808461984	-0.010489904257661387	-0.019950131660714927
58200000.0	0.02760979717740497	0.3314157454246498	0.03424654374348168	0.13617281244104795	-0.22273130083987613	0.0681819366527122
58400000.0	-0.015671800639637468	0.41398668906683866	0.012220662970176821	0.12485473829648264	0.07706151344027301	-0.0750617264732131
58600000.0	-0.07809786584334688	0.3638011280605866	0.03430025878608656	-0.08481200155938762	-0.060380478460001274	-0.12104076380083108
58800000.0	-0.05580395734344279	0.3319256162814028	0.08430857609631259	-0.03655468254440919	0.08601031492211453	-0.004666765903243254
59000000.0	-0.04191518017347562	0.27758724424553094	0.08857697470515441	0.09386911175569601	-0.1413531073244374	0.06575204986395829
59200000.0	-0.07869927354101947	0.3297716862540483	0.05940149940532258	0.11793655131573377	-0.050117924105613554	0.13120429005263276
59400000.0	-0.1271803813638428	0.32370029741437634	0.01365136275498624	0.06425957873068278	-0.05724616828046436	-0.04728079561305465
59600000.0	-0.15958527698771263	0.32911220033587085	0.032605789711461	-0.016925089055587428	-0.10443474644350381	-0.09184884699027686
59800000.0	-0.14996346890126233	0.395054892105847	0.06538507451313597	0.0039947182104800305	-0.09091963926397728	0.09313597662780046
60000000.0	-0.15683084706341788	0.42393629181951553	0.03241696535793698	-0.09145336772287127	-0.015734473301136198	0.06418715590630994
60200000.0	-0.11894127147689915	0.43845547042206334	0.009199260961438582	0.08085925045674713	-0.02577176170970663	-0.07073430541505887
60400000.0	-0.16153337210195673	0.44777636657288866	0.0347745750642916	0.02046738951746807	-0.06349288832456157	0.1553138097870814
60600000.0	-0.18511278576528412	0.48542498694714453	-0.03269565315719403	0.01607383206517543	-0.1202251170997064	0.17212607555777573
60800000.0	-0.19365431631911179	0.5156819126169765	-0.10215294394974017	-0.14044507432338094	0.11287503274162969	-0.21175617801991795
61000000.0	-0.12542887956610116	0.45036854272239424	-0.023581339067757057	-0.05416434511238588	0.14844049813068771	-0.0595710739117576
61200000.0	-0.11431474573109313	0.356464946128348	0.008915110125222614	-0.014174183868058243	0.014696722285686192	0.17448811245844226
61400000.0	-0.1072514007331904	0.3744156881733218	-0.06614764904348447	-0.002978677174822586	-0.08374458536813201	-0.2522009076828701
61600000.0	-0.09595181853489976	0.35216519264778867	0.033951430302066876	0.0463763867168856	-0.07944845158950553	0.014046663722032521
61800000.0	-0.11041613015589746	0.38093557507375664	0.03087009692063275	0.046904328336474066	-0.18910242169419078	0.01597424069900018
62000000.0	-0.12844493571444104	0.4528374815888796	0.017862588052003858	0.08660787048077978	-0.11755776688257402	0.00948045319352341
62200000.0	-0.17608391223041053	0.4833945345886974	0.00704063620934936	-0.21854188519746032	-0.11089337855471726	-0.025768665616019815
62400000.0	-0.09530365445405664	0.4997269115926315	0.01688314989827111	-0.07266975656658303	0.014088906097033949	0.039275584745362815
62600000.0	-0.060971682430988494	0.4844285141069733	0.0014550097643656335	-0.0457636458790569	-0.09286364028189809	-0.07170949388807549
62800000.0	-0.03451521993719098	0.5408436339750082	0.03194685618911436	-0.012745223691410068	-0.08241549472473686	-0.005860064086111335
63000000.0	-0.03458026913548906	0.5827036322386974	0.035901768734500905	0.1607726118529751	0.10361536791899706	-0.18819448498931046
63200000.0	-0.11452439788504876	0.5379868753170101	0.11799421494130724	0.19750763929958115	-0.13007887064325185	0.07348802090603851
63400000.0	-0.2081510118436256	0.6082229363219511	0.09258517475413042	-0.043183522187728585	-0.1798488614127045	0.022664014668070876
63600000.0	-0.19794673080494363	0.6776608537142295	0.09237091780351037	-0.0372025150378974	-0.0864473554464773	0.018661847874128362
63800000.0	-0.18674080068660714	0.6766133193539332	0.08215210170704962	-0.09476264113356336	0.13058283272377746	0.05570610084347723
64000000.0	-0.14736454871700744	0.5922757845959552	0.057642882798989215	-0.1734637568946642	-0.023525253153659165	0.07282504526333225
64200000.0	-0.085065026042912	0.5537180478729766	0.04099565610019029	-0.007074282138033183	-0.014463111256946881	0.059629592003692986
64400000.0	-0.08405330309292935	0.5417783355388934	0.02409132742364739	-0.06040943901175133	-0.020433417608255233	0.01179341886057872
64600000.0	-0.04744939409997073	0.5275692152978024	0.019193211590325165	-0.1390044454679522	0.011660115684050787	-0.09061586846038046
64800000.0	0.016963767854434764	0.4972741472462019	0.05796069178701169	-0.07305835694030094	-0.01482864844856202	-0.043901740352576935
65000000.0	0.05396924098670297	0.5058781016936678	0.07788993966286262	-0.06458643702579447	0.15191940415834626	0.19976694894522135
65200000.0	0.0752815740324877	0.4473254952650052	4.7547977130968366e-05	0.039555965531781645	-0.028715812209819447	-0.1275911083591894
65400000.0	0.06265839216433733	0.45289374460251963	0.055442216461142835	-0.03823467321648977	-0.13336858423354148	0.04163167757787085
65600000.0	0.07831363138848246	0.5179797872865919	0.042953773753273694	-0.052974845461354114	-0.19637113988301458	-0.05032385284875508
65800000.0	0.10560332400112316	0.5749267863853618	0.0710211020634609	-0.22122266971989824	0.0033759357403368995	0.10836361092570516
66000000.0	0.19996232377584988	0.5882804273226014	0.035997736664791335	-0.11533365814185803	-0.020377271454774082	0.0348619526025418
66200000.0	0.2581642744832493	0.570625297984904	0.024512250309823957	-0.167884861116959	0.05864891782668025	0.09590592196579877
66400000.0	0.3302019148135287	0.5319302994216457	-0.01981022509407948	0.05514858446812454	0.05991077427863445	0.16924316131147688
66600000.0	0.32633285635077414	0.45899479076248895	-0.09141034460080788	-0.03326302154902461	0.014679333391337757	0.09127017029352157
66800000.0	0.3499231460922374	0.42923396971565353	-0.13606223692638453	0.03359813129983191	-0.0788935563081159	0.001650313384265585
67000000.0	0.34531384175693347	0.44157123255612873	-0.13474530549343966	-0.06817557116317996	-0.07651867862197115	-0.028370208570446604
67200000.0	0.39085087555429254	0.48936263470707786	-0.12223910830142937	-0.13718291331440202	-0.01352140891060749	0.012421987200233991
67400000.0	0.46652304891074436	0.4534661999234828	-0.13183795348237215	0.07467223654422117	-0.02829772733901237	-0.13959476949220115
67600000.0	0.4579761944352754	0.4460415947079497	-0.08822663825276011	0.12815256047563306	-0.028859205507526298	-0.10775989043116507
67800000.0	0.40500364715990145	0.46090937793283615	-0.055093919433472804	0.030819182353273966	0.12037837449577626	-0.025058946847777895
68000000.0	0.40442990377277965	0.3926299547550087	-0.04410561374133776	0.25414443574526313	0.09389929492892257	-0.2035659003754093
68200000.0	0.29069204962280537	0.35773159032278556	0.03796536628733277	0.027063725309076858	-0.12572067989042957	-0.0057657896193978285
68400000.0	0.2603514132946998	0.4461592906116749	0.0463355978760599	0.024725412337494035	-0.20144155376737238	0.15621937521119653
68600000.0	0.2544509882267789	0.48658978530154684	-0.00817774683667194	0.04216225934857576	0.13800036249972258	-0.1294410652168777
68800000.0	0.24748118171197575	0.3961762187121849	0.044349924143488983	-0.018361377751133112	0.13527186859515972	0.1051777656021788
69000000.0	0.25577670932290175	0.30762301115440494	0.0006659628933546324	-0.09657196238416788	-0.13675189848277203	-0.08311888578822316
69200000.0	0.29846150849442665	0.35188324207763344	0.03469125907046677	0.1434554325013444	-0.09909838426224304	-0.13896216163373729
69400000.0	0.23042097584300336	0.4142515071347219	0.09429567780093773	-0.1246192897399192	-0.031165210486447492	0.05348145852280796
69600000.0	0.2985556914781	0.3914392028628839	0.07550791553774677	0.10930497496124403	-0.025719043593571023	-0.1103712622627903
69800000.0	0.24092256968475567	0.407830334019053	0.12633357532046136	0.009702194363913286	0.1302234248601044	0.12911090038310133
70000000.0	0.23766244161367922	0.3148655038716015	0.07084174279717403	0.17995850709032446	-0.14378986171823005	0.008738819035195054
70200000.0	0.15370410677076052	0.3517737086700379	0.07305645162096519	0.1707008990911678	0.224863579271263	-0.11884624668860096
70400000.0	0.06512459132920867	0.23773349457154325	0.12914146500934975	0.08448358143812484	0.03970564922152331	0.13681531207027692
70600000.0	0.008074089476394875	0.20487955109894074	0.07430325400632626	-0.12198126509439522	-0.08129537804967768	-0.041467821575117914
70800000.0	0.04669852727232637	0.21402968676699174	0.08393684966365811	-0.05667299053823882	0.02920175767244526	-0.05610855252602212
71000000.0	0.07320361556583066	0.1854904981479848	0.11327184404318902	-0.008689995861940858	0.005015240700280366	0.13674970686712679
71200000.0	0.07018004471660788	0.1596231878463783	0.05522694636492925	-0.13308224761632914	-0.04452354855351803	0.055866635217267466
71400000.0	0.12657169681267533	0.18537511020545594	0.037589835004284644	-0.01882772775857333	0.07017017320969376	0.34320135586195416
71600000.0	0.14049257237263646	0.14378959491249077	-0.10700798418689705	-0.1477887453811677	-0.11676023102055133	-0.10681065175695041
71800000.0	0.19838968381765199	0.1694216510434643	-0.062334566197375874	0.10347488692279949	-0.04125976201650605	-0.008305642904780076
72000000.0	0.1493343733329766	0.14736799724961713	-0.06100040409348173	-0.06592572478011594	-0.23854602208752418	0.057304368365062114
72200000.0	0.18178164460215385	0.23800927570782449	-0.08536798750018637	-0.07880089616478436	-0.06405857033001361	0.04339266431160249
72400000.0	0.2185714952046851	0.24276726686042593	-0.10404135531498127	-0.02507964767661175	0.0020713842900814683	0.047721086202814095
72600000.0	0.23242121936209514	0.20818675424878563	-0.13008498094500331	0.026976564589647367	0.03341171995084302	-0.08185148943403071
72800000.0	0.22524211074227196	0.14558098764639738	-0.1027598987211169	0.12436375293680424	0.17124551839214952	0.04737653849546322
73000000.0	0.17838049107655252	0.07446246399462098	-0.12709162187789314	0.10384853465230837	-0.07861818514386343	-0.05091626879335921
73200000.0	0.1217986102247437	0.08127523670637515	-0.11107068309756196	-0.007428334365461531	0.04034226737155322	-0.10000641393017548
73400000.0	0.11841948083201714	0.024375219659816594	-0.06258660669293514	0.08518294434754115	0.011557717093042541	0.03865947141176584
73600000.0	0.07323582872101042	0.01989594350658308	-0.0772525120252382	0.14157922722099503	-0.012332099313816514	-0.11065532654368743
73800000.0	0.003466652176371099	-0.006757713773083651	-0.03766804710050964	-0.028624763234779138	0.14713996304706356	-0.08069132292181558
74000000.0	0.016379977764245268	-0.10413865133438094	-0.012392905582715996	0.10112438359090703	-0.21085920521349522	0.027843291231232272
74200000.0	-0.044274293654098074	-0.04523927841245268	-0.021369030312331172	0.03290034404586528	-0.06245205181154745	0.11023314089224302
74400000.0	-0.07048509378455492	-0.017176585094318852	-0.06914527900058709	-0.1415102049468997	-0.08996498188317403	0.13820993094412992
74600000.0	-0.012018069194255077	-0.004818833655292565	-0.12440354509460716	0.0153794970318204	-0.1347351216051038	0.10206939842098546
74800000.0	-0.022266608078211902	0.031104755156661668	-0.17184619124383949	-0.1734185597021609	-0.0356123013494134	0.010917983514453063
75000000.0	0.043940793916874554	0.04393834870151636	-0.1822273482264437	-0.02196005283066249	-0.07865670953156467	-0.033732430207124575
75200000.0	0.05065484799672504	0.05942135264342596	-0.1731164243483273	0.09510317357149045	-0.03915739108335181	-0.027293533564233828
75400000.0	0.0015445765693016256	0.06886325870971177	-0.15627304429624422	-0.033825427771629	0.025530746918907	-0.03975801341582066
75600000.0	0.004539969947529698	0.054407971735372485	-0.1467062183250536	0.09834019145581863	-0.09805546923970176	-0.06632910533679896
75800000.0	-0.06468044532988415	0.08360143696006617	-0.12364389369832629	0.0538799756103443	-0.151846046128993	-0.07151601915572439
76000000.0	-0.10148331639999242	0.16902550471368727	-0.10148278996345472	-0.02070698042453012	-0.07054907224348916	0.12831934454970456
76200000.0	-0.09997932282772126	0.15806691258634942	-0.15652121265057095	0.04008334516086842	0.1241348757176155	-0.12454226117188057
76400000.0	-0.12573844892904162	0.09223256682312808	-0.11122419378146609	-0.16742169702689624	0.02858572501172496	-0.04308223095648754
76600000.0	-0.05436703489397132	0.07031898777862011	-0.10485983542931943	-0.21122122167754487	-0.16676568260198898	0.04101929179882361
76800000.0	0.03279932093920479	0.12677460571961774	-0.1265940030757422	-0.23703719369353982	-0.14659234809787947	-0.12447174412379568
77000000.0	0.13445529991446392	0.21436749583602932	-0.08089123637707002	0.1742151785621826	0.03344183396803935	-0.19926137268910854
77200000.0	0.056658772965988646	0.20326239863558726	0.009576394036179547	0.06323478621775225	0.09425045227682816	-0.03665974296438218
77400000.0	0.012894217088955884	0.1876473761895454	0.02570682407682945	0.031981048761296815	0.0306552233445867	-0.10269272310733767
77600000.0	-0.0070119152086931535	0.1545780813051465	0.07765264655971926	0.11966929419757077	-0.010344851498068408	-0.06760538453291952
77800000.0	-0.07225967232193398	0.14021679918516838	0.10806703317554811	-0.0837254999479109	0.10392471571046613	0.055016212797400536
78000000.0	-0.03544934650710729	0.07475508403365438	0.09252668004855152	-0.032930762808209835	0.043132976523459376	-0.010768444180185195
78200000.0	-0.02089070675685889	0.06952852429401446	0.09495249674814438	0.04004459254857995	0.10370103823860077	-0.029585171525314903
78400000.0	-0.04426490714246256	-0.010800846969061695	0.10613436492393313	-0.2940443201935454	-0.10060429871486853	-0.005867996262064995
78600000.0	0.08727094805755087	0.046128954984794746	0.12046372023256152	-0.12687858327465484	-0.06913420165671447	0.01415384009621793
78800000.0	0.14613754973657933	0.06505165067335383	0.12343420541587574	-0.006388329158747208	0.04079635966679973	-0.027248915130554545
79000000.0	0.13602210548492621	0.03985543959990423	0.14048642015960228	-0.039244761116699944	-0.0469364721726695	0.04383080817119296
79200000.0	0.15061110425949664	0.03418690303135463	0.11447435796233613	-0.0985993178559621	-0.14919917929716853	0.05621843497753067
79400000.0	0.19263698237591598	0.08536124546404267	0.10304154475905924	-0.10874024194640963	-0.03192032292779601	0.16964354365236473
79600000.0	0.23007804651996366	0.07498620645472442	0.04340456259267167	-0.1012411847444099	-0.009141173376924883	0.03320855110180164
79800000.0	0.2859224965276326	0.0740466014038077	0.020714007467090234	0.21902422143212785	-0.30529863143608615	0.2556063101035654
80000000.0	0.18072863241019377	0.2167087192438828	-0.08349784274378158	0.2925704283283084	0.047910493749174776	0.202187369747208
80200000.0	0.053007843674549804	0.18574628796361026	-0.1620857432456263	-0.0777710382461212	0.04855081865061983	0.039971931080246076
80400000.0	0.0875376977517135	0.13204575828518728	-0.1846877971727925	-0.11649690585339667	-0.012939605112116226	0.03344442637748614
80600000.0	0.1522889357099757	0.11105836939648839	-0.1972555494624978	-0.03838925298206464	-0.011528592775945867	0.05264737717025475
80800000.0	0.1585637791944805	0.1307135085141624	-0.22740514322296934	0.021665409079928866	0.1080980140194896	0.12030547985485424
81000000.0	0.1535731348286049	0.09174029014096163	-0.29096720147528493	-0.08511609542155707	-0.10861817721870182	-0.009179045051944432
81200000.0	0.17432931608135505	0.14267721115751897	-0.2901030159533259	-0.014704088525297587	-0.0664689423473348	-0.0057229282966990355
81400000.0	0.18015202030358068	0.16142582588832965	-0.28734242237699337	0.08751188939112775	-0.19443248410642155	0.032469263250229856
81600000.0	0.13526153178321465	0.2845863269955373	-0.31521748877116257	-0.050044463332509004	0.061284943185585306	-0.08829735549483805
81800000.0	0.1539428331096815	0.2501682193804129	-0.27660657499789365	-0.1725398965547108	-0.11481781155405635	-0.09548839075607975
82000000.0	0.230349954749272	0.3084912582041568	-0.23279259305413125	-0.08889813468487096	0.06064678968909831	-0.007070721031252211
82200000.0	0.25635322045832254	0.2592934801319302	-0.2246514187810983	-0.042435451380725464	0.23250326773100838	-0.12815969665408622
82400000.0	0.2797566563763212	0.14872374897691998	-0.17751441074152952	0.04095615038541478	0.11557749773185222	0.11076093612611099
82600000.0	0.25783798689263904	0.08580579693690993	-0.22186463846599058	0.031607537825289245	-0.24463169987889977	0.0525063827566087
82800000.0	0.2515531775900399	0.16170000001562812	-0.24225825456242134	0.07120889102366851	0.02730326537609784	-0.13167311317628658
83000000.0	0.21578373690880426	0.1612156411573551	-0.205213258059754	-0.07240652142879189	0.0032037495018073514	0.0010468001671158286
83200000.0	0.2514407366704745	0.19705538687628632	-0.20289519319516358	0.01225944035784892	0.1622352613583118	-0.06971852757046382
83400000.0	0.2608646641184009	0.09628773046188144	-0.17526460672765454	-0.06547301493294211	0.0507390109450192	0.05387568242405455
83600000.0	0.2915180642050359	0.051175153153423025	-0.19085136547694848	0.052309334570838195	0.061410473149646094	-0.09970377619019179
83800000.0	0.2774082535022444	0.038536791978771134	-0.14615627114621688	0.00023469303658824048	-0.3746934705008762	-0.03935491209572173
84000000.0	0.27475189662328603	0.20203328030692091	-0.13665129859912106	0.04741996434809009	0.0721913433766872	0.009083322240942389
84200000.0	0.2582243819115888	0.15996400204522843	-0.13905376442252926	-0.1153590890604479	-0.046658770986486076	0.13610251111290192
84400000.0	0.3132715357000393	0.14579580814356063	-0.19116303970641046	-0.052468518441901923	0.1675361594806528	0.048970021895199084
84600000.0	0.3503839388541792	0.07475365971816927	-0.20169667719498063	-0.09381121203695697	0.19305060670634155	0.0010857173479711171
84800000.0	0.38697557990161613	0.0019036513943717637	-0.20819282400909978	0.10598849186223491	0.020022773950314487	-0.1059374716502341
85000000.0	0.36251972690592993	-0.03989616452770406	-0.16097966478571946	0.1550387461149061	0.08449655787583943	-0.04400832102171939
85200000.0	0.28892180480789875	-0.06038911028380767	-0.1535912997404253	0.041908881784683105	0.15693891076082345	0.11358278233265488
85400000.0	0.2657635300174661	-0.13175942660345186	-0.20889953223939384	-0.04527450269861277	-0.11860184550175745	-0.0036755844718348585
85600000.0	0.28699675270360103	-0.09316989889777005	-0.21775499212015015	0.10511622034661183	0.0004201476656398029	-0.05354110418352579
85800000.0	0.24617168539003842	-0.10925468044939635	-0.19859381323239067	0.08673080498797692	-0.17240964913921886	0.36453862278042304
86000000.0	0.21723542158741793	-0.018379651605528124	-0.34805237702208713	-0.009793770594929585	0.043087794479614416	-0.07158848985317914
86200000.0	0.24719558472668268	-0.05900374058580837	-0.322001254520068	-0.07266686049731108	-0.061715771759269344	0.03178631924815484
86400000.0	0.2781081057673873	-0.004408822427194536	-0.35290355012170727	-0.07472562454863718	0.06607526394527419	-0.13553021218617792
86600000.0	0.31182028667905115	-0.004947916990715839	-0.3019834962472082	-0.07574054190976964	0.03510092414900612	-0.06998560989375828
86800000.0	0.3364679695989139	0.009910164971586255	-0.2799126815435028	0.21434507382549306	0.13470708356644678	0.07937039289202566
87000000.0	0.23385949894628766	-0.05113549218015123	-0.31240518786636595	-0.08282073524671985	-0.11059500823327717	0.06943923198785554
87200000.0	0.27217908703840976	-0.025088129974847106	-0.3429759360683927	0.01825559934338905	-0.18116692022416458	-0.04649256208525833
87400000.0	0.26188746923605777	0.05374335580080469	-0.3299784419463436	-0.002738108885022239	-0.13820914066626422	-0.07618038479144276
87600000.0	0.2658255814760082	0.11568613101326264	-0.29763282221071385	0.0503852444312769	-0.06703668706370358	-0.08469980824652273
87800000.0	0.2431282065412006	0.13175815498516386	-0.26125588276760614	-0.16975917037173227	-0.037105716147571854	0.04537234321843392
88000000.0	0.3243963335690978	0.1186776614749192	-0.27902076111669816	-0.026365683465650935	-0.11122954222543058	-0.10973146789208864
88200000.0	0.3315945898229984	0.1683587275381342	-0.23407615904669044	-0.026874814299567173	0.034551420760113416	0.10638958378562305
88400000.0	0.3691547128943853	0.17056147937034893	-0.28361303611305766	0.0007921716423906489	0.19820051241677383	-0.002333104247613939
88600000.0	0.3647429138796383	0.0781394322763731	-0.27755440342199866	0.004329067630064021	-0.12292774620842017	-0.27060386698181854
88800000.0	0.37441398835801465	0.13551656660325762	-0.1598061840925753	0.059701561511301016	0.05931290907718534	0.05228380261002091
89000000.0	0.343403521484845	0.0975996096734093	-0.18121308227170185	0.056790323214990224	-0.03080776628631199	-0.23516103149584985
89200000.0	0.32910632656347616	0.10631050191943814	-0.08375825366801304	-0.011347241902938343	0.0059373149738224384	-0.07626002362423279
89400000.0	0.3347689585086755	0.09410641521202479	-0.0460674372189257	0.17659535684239547	-0.15087760979909426	-0.18646864967219984
89600000.0	0.2559008765558133	0.1443175944715449	0.03678964740411772	0.10251076109800561	0.03721349624159842	0.10295427678033965
89800000.0	0.21170141586077307	0.12237111120492727	-0.008338920718708787	-0.13693317623519086	-0.07628379249144501	-0.023420747960550305
90000000.0	0.2649062500442483	0.1471386388893734	0.011904552837811666	-0.04240350646657909	0.12034910685343014	-0.09306587908880688
90200000.0	0.28188704275999044	0.11144523295018871	0.04109177326634983	0.005407377699746974	-0.005889465003933836	-0.048769424386105514
90400000.0	0.2742406493725298	0.10982617034591158	0.0633977444143462	0.12638126598216903	0.01528090034602414	-0.05324598722864225
90600000.0	0.2136709032630506	0.07872183591166504	0.08419583859820684	0.02583659574079533	-0.017432431736269294	0.042194312795398314
90800000.0	0.21176575379718088	0.05399438388303679	0.0732009975203422	-0.0335017109294542	-0.038893941753267214	0.038498336404353996
91000000.0	0.22256325686959144	0.0680070848716241	0.059543464803873736	0.2651295232828961	0.043294186355545605	0.0015444334608102177
91200000.0	0.11059293203868492	0.05133037662261586	0.06324126043399048	-0.25559770546607385	0.10818099343427079	0.21592135799439077
91400000.0	0.23458986735624876	-0.01158899563262139	-0.024123617599085767	0.17609467286415192	-0.17403482359041433	-0.15246234942866083
91600000.0	0.1396615741020355	0.06574325019892058	0.0431936494383891	0.09230854582186865	0.1277648794785371	0.08706014814465345
91800000.0	0.0920842991966424	-0.006064239988745612	0.008639673335467335	-0.31137568772580604	-0.06861323127892405	0.1416658961548502
92000000.0	0.2170163130595597	-1.4955089682189282e-05	-0.044605475891694724	0.15324063241335573	-0.20539228218446226	-0.04474790566233324
92200000.0	0.1466236656697788	0.08920891616071458	-0.026021784537695436	0.006727653827717006	0.06260944249290645	0.1108895944143926
92400000.0	0.14857400599493076	0.07519236219258119	-0.06113641215074961	0.13040411676552477	-0.07644805981364478	0.09992344947950278
92600000.0	0.08485539288318478	0.09623505233292917	-0.0999670095621168	0.05059774028789654	-0.03672444170279121	-0.002456110789651255
92800000.0	0.05487380820744647	0.10768617535279645	-0.09381819384832557	-0.11189591845541891	-0.025200616246991103	-0.0423229232028486
93000000.0	0.10491204008008026	0.11529204686877392	-0.0768606844230939	0.10926924678117356	0.003396395693979315	-0.03298100326404896
93200000.0	0.04163824391042681	0.11248073186879992	-0.07176677457456593	-0.033745963529055345	0.02904675094903908	-0.13192351251922832
93400000.0	0.04135267734829995	0.10115967814158466	-0.017004018047619307	0.03352140726155106	-0.16278406475495366	-0.010702984828600961
93600000.0	0.010498908684382968	0.16493398440167084	-0.004726887845853067	-0.12276787633503794	-0.17787201968996413	-0.0417051809820742
93800000.0	0.048408959048117595	0.255725452210811	0.014069768083290857	-0.1266364272250673	0.044501585744185945	-0.09939778121823173
94000000.0	0.10117119234990923	0.24541297469590972	0.05692009054559488	0.08778164987818382	0.06825833541657644	-0.030975704288384295
94200000.0	0.06477469675979819	0.19695090014187144	0.07459167879761441	0.0217262694712943	-0.04780203917354697	0.0622092969827933
94400000.0	0.046640627428473636	0.20773182432964177	0.049681974669843476	0.0077178892136231525	0.01967780389373175	-0.03496640551777675
94600000.0	0.026100105216414704	0.18900831434967813	0.07456511523908183	0.11134694080397622	0.027647358757896257	0.05228077247654671
94800000.0	-0.030601978465938373	0.21081199645226434	0.05427398869311717	-0.12038139072031839	0.09123335184120052	0.1423427228197125
95000000.0	0.02430870037164823	0.18263139576913545	-0.005360277248766754	-0.10588039698750329	-0.00555093889077618	0.08139663771019337
95200000.0	0.06085941194004363	0.19183403614607641	-0.039003866244786134	-0.021966235047811367	0.1262318615246354	0.06564683483799177
95400000.0	0.07862300114237541	0.11883066791341435	-0.06229311195869647	-0.06301787767025147	0.016885959598832656	-0.05629320675900585
95600000.0	0.1037788554041299	0.1406712155448986	-0.03537103105631234	-0.007287343629982956	-0.027179488185209877	0.10236214388440236
95800000.0	0.10120439881865195	0.11993588974701197	-0.0701290170419947	-0.05754443706550738	-0.029155083650781677	0.0343048546902003
96000000.0	0.13191108285496966	0.1585000535868062	-0.07490593896505437	0.2151329839935041	0.11199264063264991	0.19795040911081282
96200000.0	0.043183445325269076	0.10605645943797981	-0.16394326602459808	-0.021707531611214748	-0.11216445717464829	-0.11150185420446806
96400000.0	0.0528947173764891	0.14599436916176955	-0.1195398973307028	-0.03660113492211714	-0.018353760083970272	-0.0006281844785385859
96600000.0	0.06387560825686478	0.14616020759746107	-0.12248743876499324	-0.0859500331324572	-0.2818065881887577	-0.1367178593922604
96800000.0	0.10921204079480162	0.28637072380422524	-0.06239204042911506	0.14283682086296778	0.04877652074218197	0.013325114042729739
97000000.0	0.041268879330232267	0.2917856351216983	-0.07441701159252134	0.05810073995318099	-0.07136443197288678	-0.057453027409197145
97200000.0	0.003984479320024548	0.3083121654814249	-0.04443966390152332	-0.23565611597945946	-0.005573221372619841	0.030631183019259704
97400000.0	0.10580328078953016	0.3253613915607616	-0.059825479999292774	0.19092321415135238	-0.04536930754490154	0.12301211013283078
97600000.0	0.018099591911919788	0.34531881205458603	-0.10016178337269577	0.03542443760220415	-0.11531048935666188	0.02717768575378869
97800000.0	-0.004084653958472018	0.3609243152868089	-0.1145283385971615	0.07394733739772263	0.12922764661182384	0.02690343202894343
98000000.0	-0.047919956001464925	0.28916827211838836	-0.13099907680702771	0.052707690254266026	0.06273519688208395	-0.15486356766730724
98200000.0	-0.07413741670578133	0.22955417037826464	-0.06936895531907061	-0.06456816025057499	-0.09522008001081783	0.17023721591195123
98400000.0	-0.046111034350786895	0.2738593642076239	-0.13814502768600623	0.1267277856362945	-0.15380731106567946	0.07436221825075935
98600000.0	-0.10388877510703765	0.3567728629210478	-0.1703968470428121	-0.0497223569422971	0.13136249650964427	-0.14909384780290413
98800000.0	-0.09141864780920628	0.2704471814240037	-0.11256127586596076	-0.0255589618805363	-0.017346826361887224	-0.025206523701569686
99000000.0	-0.08821878748707945	0.29932716728092146	-0.10377341865964029	-0.032980050880329514	0.11972897570919283	-0.06962941157850899
99200000.0	-0.08250237171753838	0.2518462382566895	-0.07410333008170156	-0.12947926565639634	-0.09588847098453446	0.03182367846175292
99400000.0	-0.029204727202966296	0.31721350801825565	-0.09197902543808611	0.082004515021886	0.0015805795471326434	-0.15045159605796948
99600000.0	-0.06934222337471851	0.29755063595530373	-0.0273733149315456	-0.1077139631095978	0.09225469000187303	-0.09674483299699645
99800000.0	-0.024077548184749276	0.25707587935823994	0.008404756860632467	-0.085199537081742	0.08985787931262124	-0.01900595072733869
100000000.0	0.0011871034112402867	0.2278965854251851	0.017301748363171887	-0.1883382007006098	-0.03985317549308931	0.06608531772602902
100200000.0	0.0899979594495619	0.2529311161275132	-0.00349727250163534	-0.0033958305227166363	-0.06162706346057689	-0.01592575633200835
100400000.0	0.10393466170765464	0.260890804728092	-0.0036010590640606077	-0.029365863557110572	0.018225842007650428	-0.14564953419152263
100600000.0	0.12939727439351145	0.25755274596565414	0.05249294252711012	-0.10375659199118381	-0.13770820638435666	-0.051544812703392257
100800000.0	0.1805365125615026	0.311394171034749	0.07768530808364815	0.06073722840353213	-0.030896335445995682	-0.1644317466927669
101000000.0	0.14977586276188504	0.3285302636169263	0.15679121513491612	-0.0036341450125121355	-0.028218332941273516	0.11948012835554837
101200000.0	0.16968924591606083	0.36355189640505614	0.11882369453821534	0.12062565837285	-0.1445436681375165	0.08392645305477431
101400000.0	0.11257782471960809	0.3981147196146253	0.09328291070130634	0.20183189504259502	-0.06023547679334307	0.040295282990909245
101600000.0	0.03232376954042593	0.41427502100935953	0.08344520962042584	0.11002809391552759	0.16797848681018657	0.112019021442316
101800000.0	-0.006702068217720125	0.3448496245320598	0.03555075571447219	-0.008794845039938437	-0.007061974878325827	-0.15116517437341864
102000000.0	0.009572241276089244	0.34912490333675805	0.09480046041620904	0.02369655020834216	0.17962231162827358	0.022138961597973995
102200000.0	0.006888309681897908	0.2580631499192805	0.08258866228389561	-0.08534140874689022	0.07537022148408257	0.1628107582030501
102400000.0	0.050852103581121355	0.22174103974788295	0.026269501031427223	-0.09201319928349427	0.08939723748265216	-0.0321372874307486
102600000.0	0.07892582304893381	0.21548655929103688	0.04219782603186395	0.10277791572899808	0.1556752991220134	-0.029256178413734353
102800000.0	0.02834968801539617	0.1988179177695315	0.049943438675146945	0.0672711437908422	0.08589393333743622	-0.03479833737593981
103000000.0	0.0117975004165487	0.1672142384398967	0.05792670702812919	-0.07242597468031953	-0.03721785246607423	0.09790131411995028
103200000.0	0.055028832777225034	0.1829056114489731	0.021334593238417354	0.02512908942910208	0.10271585355535429	0.10745826698904533
103400000.0	0.038311131229392004	0.1488826290272982	-0.022222262401898174	0.03782946483094385	-0.15348375572700546	-0.14800692342933625
103600000.0	0.014241720225811605	0.1986270393535392	0.045170268405721914	-0.049588070175962784	-0.0805957974574456	-0.02884271542223426
103800000.0	0.0277554451794515	0.22166876495771248	0.06824409341743992	-0.043531005151699276	-0.035942274150632336	-0.015279446554904146
104000000.0	0.05726755801259742	0.23096442003361517	0.07100040749030562	0.1663782479945315	-0.011453427723618237	-0.13187412821107408
104200000.0	-0.018538036139148062	0.2331332847497265	0.12076237739233914	0.1291333511403625	0.046342504104895044	0.08929917933880549
104400000.0	-0.06639528309486309	0.19128193744711552	0.08605359713838678	0.052347103612651935	-0.016934570940005944	0.0375773201927374
104600000.0	-0.0881902539807129	0.1773588077912791	0.07855844346603136	0.11038922084207492	-0.08436707396074739	0.011594544039020452
104800000.0	-0.1414495212712552	0.18978704939291902	0.07882385956440313	0.17511963691015708	-0.13756249034775792	0.1855843996171743
105000000.0	-0.2271229266845296	0.23055079751645735	0.008042682248730948	-0.15371599545583514	-0.09992990566122295	0.15249604154003632
105200000.0	-0.17170616432161978	0.26557726084683964	-0.0512375854644157	0.02936044974808638	0.010081247189735021	-0.02411942198485555
105400000.0	-0.1872832643061315	0.24725255515539857	-0.038926654653059556	-0.12620768266048188	-0.19285790845806566	0.1031889335081991
105600000.0	-0.15130662987454002	0.34005347781754836	-0.07939201896192116	0.10220311717773534	0.08783642726021054	0.18036653348526838
105800000.0	-0.20405173627733575	0.30246344121735547	-0.15573170283977633	-0.11810596459976175	-0.00842817661244702	-0.15047405634718017
106000000.0	-0.152283431204836	0.28561967962815515	-0.09379503008622547	-0.029366126491698452	0.04146990817672097	-0.05921923470305577
106200000.0	-0.1391673899678949	0.2675536921412345	-0.07110156848394844	0.0040879043851624886	0.010199112504053698	0.0070423246349584235
106400000.0	-0.13944082177215478	0.261505083095642	-0.08012663308720114	-0.11977968053541055	-0.1743139869806769	-0.09636638632704497
106600000.0	-0.09749990781648421	0.36078346405594175	-0.034782148772263155	-0.06570804964889021	-0.14439951747836277	-0.03841887582273635
106800000.0	-0.08202541811705544	0.44765338812180744	-0.021251252682647492	0.07924851369248032	-0.09300891728736405	0.03690057026449636
107000000.0	-0.11733149353570127	0.4810973080966505	-0.03937844637508803	-0.06016890507260264	0.08682886118846	0.0362129993724917
107200000.0	-0.09274810949922596	0.44095871249845686	-0.056274747994638497	-0.02009504485149627	0.06635478527141792	0.031388336373449864
107400000.0	-0.07620133113481131	0.43993884598449995	-0.07081359370529128	0.23295459236675953	-0.08533681195423393	0.1446591214748152
107600000.0	-0.18722277854607228	0.48172657017028087	-0.13421688112966945	0.032824180933509695	0.11752683946054487	-0.020085874865973446
107800000.0	-0.1983362791020511	0.43299759722305	-0.1288518213886446	-0.15143885730251583	0.1053877726998218	0.14386789143196382
108000000.0	-0.12177599013011786	0.405057325278392	-0.19056715064513163	0.14232727749402052	-0.13471869930247538	0.0013696899183617342
108200000.0	-0.1878878042962242	0.4308080645267296	-0.19521747536596135	0.048987250252803705	0.005910624058069303	-0.1292062243875324
108400000.0	-0.2040989176121144	0.43646266361361086	-0.14371252544988522	-0.07047967592096072	0.09636207258177354	-0.13900218481214166
108600000.0	-0.16547836778353542	0.3822696572332802	-0.08965086033410252	0.07135853646763834	0.045504152376489415	-0.15256592216485387
108800000.0	-0.19710039353682873	0.3649403008233776	-0.037856331243243835	-0.12515947449804443	-0.1327518639083185	0.07111764701398761
109000000.0	-0.1464959553938172	0.43306134648662464	-0.07247448502852738	-0.061439154380826366	0.09007989506144476	0.08645853127966982
109200000.0	-0.11935584503588359	0.38902249534703515	-0.10518968007472485	0.00697696841000095	0.1644041514152974	0.11781428338051655
109400000.0	-0.12501009224780546	0.31401912192490045	-0.153031225932443	-0.050152340983709465	-0.0793473561569158	-0.04137331952735365
109600000.0	-0.10227958224575673	0.37470385363758396	-0.13400027821639104	0.11778274497658359	0.003904247096233604	-0.05442391516305139
109800000.0	-0.15200848370623987	0.39124782042017614	-0.11343068190118955	0.11703602746119302	0.24368743094147494	-0.05180036066962696
