200000.0	1.2489214374041243e-05	2.3592955430846796e-06	5.3058626371132925e-05	5.918480497852997e-12	-3.811547057057135e-11	-1.0664558196448181e-13
400000.0	-9.575358976332627e-05	-7.10077182369389e-05	9.688717611337828e-05	-4.364636790319889e-10	6.166610842170292e-10	4.178162710323455e-12
600000.0	1.715902499511209e-05	8.209082937263693e-05	0.00013794608858887317	7.76715161589271e-10	-2.760576764565089e-10	-4.480567317087946e-12
800000.0	-0.0003374549938198402	0.00018557703772954017	0.00010035485135867653	1.7878917533363501e-09	3.1826723937930154e-09	-1.3555897187828344e-11
1000000.0	2.0106902808377414e-06	-2.882102959030243e-05	-8.078127469736606e-05	-7.236319472300274e-10	-8.048367301745773e-10	9.831807758013097e-13
1200000.0	-4.8027773496696245e-05	0.00010665987528880869	-0.0005412412683982762	1.163255587938613e-09	-1.392599203070189e-10	-6.65041418438413e-12
1400000.0	0.000253617215767726	0.0002046919996619756	0.0002793356558442109	2.800403311466955e-09	-5.100807549310721e-09	-9.463506994905302e-12
1600000.0	-0.0003910654961711581	-0.00011976077408155857	0.00028093573931265456	-3.690689819034565e-09	7.806155579749901e-09	1.473014019137211e-11
1800000.0	-0.00010428530156943622	0.00028659122960378563	-0.0025520481468857435	6.202280549628025e-09	6.024786917413309e-10	2.1643762296512858e-11
2000000.0	0.00011658931732264999	-0.0001436096627816515	0.001041457311144879	-6.866630561883557e-09	-5.827376280724038e-09	1.8108999009463444e-11
2200000.0	-0.0002231150936251779	-0.0002463085324872946	-0.004771916549089253	-1.0955538027848922e-08	6.595532907136033e-09	9.358996998156143e-11
2400000.0	-0.000346712221124809	-0.00032063502450722643	0.00023921697109603127	-1.4452030307398379e-08	1.3249826497679676e-08	1.6785412631201696e-10
2600000.0	-0.0002611845890968197	-0.00015305559421733525	-0.001775036671025358	-3.8317615188201565e-09	7.61353716565247e-09	2.1076522274764534e-10
2800000.0	-0.0005114169951083106	-7.009077237055185e-05	-0.0012328059521773541	3.1970821713762125e-09	2.857483059315692e-08	6.033304150844699e-10
3000000.0	-0.0004207075214173654	-1.3830442142385016e-05	-0.0007576539928397311	9.26651051716525e-09	1.8737159924408188e-08	6.540256810497935e-10
3200000.0	-0.0004496241603937724	0.00013477453090895766	0.005572915187400031	3.057205219057667e-08	2.2776802737510028e-08	1.2075941144263008e-09
3400000.0	-0.0003649272229668109	-0.00014069745304493185	0.008756198038431362	-1.9678621431321044e-08	8.79687004744601e-09	1.5322141603271288e-10
3600000.0	-0.00021057128229530687	-9.756564454475733e-06	0.015986254602448187	1.0430615972178924e-08	-2.7283723771140597e-08	8.021731082614605e-10
3800000.0	-0.0002924407952146459	-4.327489471681328e-05	0.005724541097651274	2.55014722670861e-10	-2.848959978643684e-09	6.149719062711962e-10
4000000.0	-0.00020630670778036363	-5.684996031356455e-06	0.002957964475777709	1.2913850151535724e-08	-3.485652894718054e-08	7.822557865355937e-10
4200000.0	-0.00019481639671720284	-0.0001242800390460364	0.009319862133577694	-3.896988668288018e-08	-3.870919447067711e-08	5.046723448041417e-10
4400000.0	-0.00026333385030295775	3.9938273152902284e-05	0.011261859815589328	4.9394685434911815e-08	-4.633464261367979e-09	7.926462194337494e-10
4600000.0	-0.0002852891890203506	2.9563757726718353e-05	0.009926968536929471	4.304413913744005e-08	9.305820522150113e-09	7.58951311379907e-10
4800000.0	-0.0002809697590463814	-2.0083176922518374e-05	0.005476781009728096	5.448283903844153e-09	8.315879755719726e-09	6.916060188462561e-10
5000000.0	-0.0003046571661678958	-7.677890275453947e-05	0.0014592439989053576	-4.263240278308479e-08	3.16816720989998e-08	5.023950997586911e-10
5200000.0	-0.00038214835164890695	9.978025190667816e-05	0.0038065905056196723	1.2730725989996282e-07	9.881617515157594e-08	5.92047160702131e-10
5400000.0	-0.0004278479285689513	8.45119331902415e-05	-0.0003037966072400233	1.1219532182528835e-07	1.494929373574489e-07	3.472719423792632e-10
5600000.0	-0.0004611867534177129	9.22911775185365e-05	-0.0056802080890605375	1.210222132964021e-07	1.9152694117070497e-07	2.0640546322877966e-10
5800000.0	-0.00048599620934513984	2.4351249888035744e-05	-0.0046969613801911845	3.903974408402684e-08	2.257808009431211e-07	-5.003978464002975e-10
6000000.0	-0.00044083469473322557	2.4062772409597137e-05	-0.0005463402731270099	3.78830889433653e-08	1.6288830134333377e-07	-1.8082138757454994e-10
6200000.0	-0.00044273353573427265	-6.373946927604952e-05	0.0012075833015376008	-8.445595298476008e-08	1.6776099955649266e-07	-1.3475207121553938e-09
6400000.0	-0.0002915232864195851	-4.808024585867428e-05	-0.0027216630973897634	-6.634231028882369e-08	-5.5319835688085155e-08	-3.392818508515827e-10
6600000.0	-0.00023959968309689484	-6.072514654989398e-05	-0.0003877692067862271	-8.628981348507168e-08	-1.3927476772288395e-07	-2.518841324039126e-10
6800000.0	-0.00016837857010026803	6.561395359906502e-05	0.0005831223613769025	1.1936039048022378e-07	-2.6049191403955165e-07	1.361437810200349e-09
7000000.0	-0.00026163937983670075	-1.177077034451675e-05	-0.004136418393533618	-8.456435519951197e-09	-9.204822556980018e-08	4.424445238787302e-10
7200000.0	-0.00029292902731267983	1.5206059357647012e-05	-0.00603963060805972	4.0430674681676554e-08	-3.609471234191886e-08	5.213391519363109e-10
7400000.0	-0.0003290934266809966	0.00011016425879148829	-0.012513627749865423	2.1133912443830764e-07	3.294529323654774e-08	1.0405748491120362e-09
7600000.0	-0.0005080797162394186	0.00024006077763923545	-0.00841321472921419	4.7228208768595644e-07	3.408679880399673e-07	9.792664788733623e-10
7800000.0	-0.0003579549591661426	0.0002764907476859455	-0.016397161610740715	5.149470898762155e-07	7.128096226839232e-08	1.9365114369873852e-09
8000000.0	-0.00042243796279149357	0.0002595775909880083	-0.011758632923219929	4.976756136192932e-07	1.850805178879721e-07	1.4799012226571338e-09
8200000.0	-0.000492761531624159	0.00017544586876749326	-0.011955080174165954	3.534165422659915e-07	3.367352394081983e-07	4.285342732087413e-10
8400000.0	-0.0005569051335018223	0.00015368967943911522	-0.01305320863741087	3.2560790111621024e-07	4.6733272601567274e-07	-2.1087483362416687e-10
8600000.0	-0.0005396628239774487	-0.00010861319397105552	-0.013025079157427637	-1.8823995124770402e-07	4.903494925598322e-07	-2.421939306017166e-09
8800000.0	-0.00039689782154132564	-3.3540418315374806e-05	-0.01347110971204575	-6.546578721047938e-08	1.959445250802823e-07	-8.804349810985137e-10
9000000.0	-0.000480848866958542	-1.4104523735946897e-05	-0.013530732882696165	-1.2202530143245007e-08	3.6064224930953584e-07	-1.1896202297829894e-09
9200000.0	-0.00045386413677991384	-0.00020948236289235908	-0.00822529773582113	-4.082325596991317e-07	3.225388164394451e-07	-2.731739993867998e-09
9400000.0	-0.0003333687776529938	-0.0002156489572355137	-0.0038764829135227545	-4.367267793547322e-07	6.8337202048988e-08	-2.185765415292448e-09
9600000.0	-0.0003532763453082691	-0.00022736526343822841	-0.010231426173980207	-4.605761601258413e-07	1.3005508804018235e-07	-2.39617112469539e-09
9800000.0	-0.0003996989005718442	-0.00010137000857901406	-0.006997114247842257	-1.8823240866026693e-07	2.0384886291525543e-07	-1.4937855766237236e-09
10000000.0	-0.0006273973227270135	-3.0086984589026855e-05	-0.006493734721062782	-1.0628345492596234e-08	6.796785197713984e-07	-1.6470367934916385e-09
10200000.0	-0.0005067225079169221	0.0001311511621191964	-0.0016880910259153802	3.237427369582883e-07	3.863824024193992e-07	-9.737048689343859e-11
10400000.0	-0.00048149835162548634	0.00018004243267030783	-0.0011947103204446494	4.271643179334597e-07	3.23271513424611e-07	3.363781346532124e-10
10600000.0	-0.0002964729394239411	9.030020519391633e-05	-0.002533535692411147	1.998425333225986e-07	-6.565646092069971e-08	2.1608967255982562e-10
10800000.0	-0.00019915693113654434	0.00021337825359671775	0.001423014289263389	4.536742355797192e-07	-3.194198941177124e-07	1.3509637084240988e-09
11000000.0	-9.957834557543604e-05	0.0003369182156105856	8.701842450620874e-05	7.068110264967439e-07	-5.660160071316208e-07	2.3741815258014526e-09
11200000.0	-2.455257453982707e-05	0.0001957963285388484	0.0026832193611928904	3.6679368100482356e-07	-7.012845596462118e-07	1.8192112577589096e-09
11400000.0	-6.591290583618452e-05	8.983586188678774e-05	0.0011430014155662947	1.4203584880438253e-07	-5.683149967531227e-07	1.1086481360201862e-09
11600000.0	-0.00018551254097365295	0.00010588841061725373	0.003352376758790558	2.195613704688845e-07	-3.10531657350594e-07	9.525605833260947e-10
11800000.0	-3.0184561584044642e-05	0.00028625835166585275	0.0032000278694549783	5.738447374036202e-07	-7.320004790816409e-07	2.1331580339419485e-09
12000000.0	0.00014323321289389128	0.00045053700702129087	0.003470881254630546	8.789097672919207e-07	-1.197246577259475e-06	3.2886074312572866e-09
12200000.0	0.0002893990946809127	0.00030057630894759384	0.0005834842761565746	4.72742544504475e-07	-1.4537571382998775e-06	3.0500735120936286e-09
12400000.0	5.178656565632208e-06	0.00012168456424068507	-0.0005143857107248887	2.0567042708895543e-07	-7.152155651746539e-07	1.6729011301394975e-09
12600000.0	0.00010915133347540156	-0.0001670305076101618	-0.003502726105130576	-5.001132994306938e-07	-7.95392972651577e-07	1.044403238027722e-09
12800000.0	-0.0003632870322036269	-0.0004971374835908035	-0.00034299180524666704	-1.012890431841336e-06	4.4439968967625614e-07	-7.325253454486222e-10
13000000.0	-0.00039119225351726914	-0.0004892323375892786	0.0006579046982809061	-9.830458621059588e-07	5.02439662952904e-07	-7.839612909480616e-10
13200000.0	-0.0004249177057039077	-0.0001271325954648762	0.0015535824566037873	-1.3497399718451638e-07	3.9173621504081727e-07	1.1389219234209091e-10
13400000.0	-0.00040017299201998977	-0.000152511691383701	0.003123656980653233	-2.087299968968387e-07	3.431850823608891e-07	9.153357857682145e-11
13600000.0	-0.00031336961816472945	-0.00025078905763386785	-0.00030518149161325604	-4.696043293167977e-07	2.0036286050548044e-07	5.0980698711242044e-11
13800000.0	0.00037978168816886677	-1.6876784760313135e-05	0.000849461335867526	-3.040722560757617e-07	-1.5310356865177365e-06	1.5588913462662014e-09
14000000.0	0.0007161987423627809	5.9619778207032655e-05	0.0004342980400947917	-3.140899528617617e-07	-2.348613659283277e-06	2.0458235970842353e-09
14200000.0	0.0006112646096207677	8.421794591192779e-05	0.0009632842031991554	-1.9865689792347198e-07	-2.1231107432418683e-06	1.897584256611347e-09
14400000.0	0.000897426684712538	7.812599007933509e-05	-0.000358223529979439	-3.8010143241383455e-07	-2.771142592933633e-06	2.257339432859463e-09
14600000.0	0.0009440309869845292	-0.0003196029110451038	1.2387417280399079e-05	-1.316187521330736e-06	-2.628634526350697e-06	2.0489089267758316e-09
14800000.0	0.0006134245144778991	-0.00027846743962133734	-0.00043458423028684955	-1.0064631239376112e-06	-1.905489739160182e-06	1.5077065232207338e-09
15000000.0	0.0004934710759244318	-0.00037882164558388393	-0.0013910740958539925	-1.148954671677367e-06	-1.5662300631757551e-06	1.311639236276084e-09
15200000.0	0.0007523960975827177	-0.00055996630668351	4.4369685695191e-06	-1.7373487676125756e-06	-2.02918870519417e-06	1.5768669120833593e-09
15400000.0	0.00047850495646116866	-0.0009214754778002853	-0.0010437988301020477	-2.3543232263416916e-06	-1.1656189767615755e-06	1.2496399815677194e-09
15600000.0	0.00033517802989411246	-0.000658941041738362	0.002684451520415683	-1.6879332837912708e-06	-1.032782862053435e-06	1.1418625123726007e-09
15800000.0	-1.8466447054197124e-05	-0.00038518541436572806	0.001982237060646751	-8.209224231916626e-07	-4.3692137544519907e-07	7.661554044678597e-10
16000000.0	-0.00047095994127825333	-0.0003738433127137562	0.0015931484674591963	-4.656233909835662e-07	5.644163120848492e-07	2.2906138323564578e-10
16200000.0	-0.00011221597164844322	-0.0009604179215865684	0.002129142085524629	-2.039321603204855e-06	1.9374897566636642e-07	4.76545573801875e-10
16400000.0	0.0002419797176630399	-0.0007304182024496384	0.0019419914692717392	-1.7893556293403781e-06	-7.655046417682694e-07	5.415986374003359e-10
16600000.0	0.00046510259820705687	-0.0013489401168788452	0.0019622334025394088	-3.329882167218603e-06	-7.947543290648987e-07	8.849949769350586e-10
16800000.0	0.0004831150224032283	-0.0011827495091609383	0.0027075242902329716	-2.9825491569717368e-06	-9.620108233397899e-07	8.962182066112285e-10
17000000.0	0.0003474483920929202	-0.0013160709246028968	0.002237262052328034	-3.1681177425309626e-06	-5.609062352153223e-07	9.46913411497027e-10
17200000.0	-0.00013212355034665675	-0.0013953751465861097	0.0008887824719377043	-2.9501345937741766e-06	5.509115355541745e-07	6.169022271070616e-10
17400000.0	-0.0008735375696184932	-0.0021636952001443882	0.0009759433175541809	-4.040425625866176e-06	2.7893145843545575e-06	4.663458178568872e-10
17600000.0	-0.00010558759578035526	-0.0016509986551899816	0.004254800338080257	-3.564602426253932e-06	7.094327218554719e-07	1.7874374621635883e-10
17800000.0	-0.0006190378845522097	-0.0014522950001368271	0.0027660792618829882	-2.694583005985778e-06	1.6589612605727529e-06	-3.2357235644267784e-11
18000000.0	-0.0009950819675765433	-0.0010326508238329335	0.0036626538725594033	-1.4814204833872277e-06	2.128696627099509e-06	9.69743051188825e-11
18200000.0	-0.0012217330171363	-0.0007893262005484465	0.003394527613080549	-7.637571825268164e-07	2.4024208703520584e-06	-2.430879840232283e-09
18400000.0	-0.0012862673241336197	-0.00047926237682917127	0.0032572738530485174	-4.1645650883240696e-08	2.2655855140862078e-06	-8.270078241148671e-09
18600000.0	-0.0005075664079029944	-0.000417857064146955	0.0038230486184039386	-5.411910207035527e-07	6.268054656599216e-07	-1.6558148266929808e-09
18800000.0	-0.0014108777604744842	-0.0011756007567194447	0.004604603506744176	-1.3462942968835424e-06	3.3992507837103494e-06	1.1415274741956897e-08
19000000.0	-0.0024434720090960463	-0.0005458867851629566	0.004353767322951114	8.847829314540084e-07	5.001941755478213e-06	-3.383268876283581e-08
19200000.0	-0.002589245340135507	0.00025844465306750636	0.005112188175784697	2.848321161556423e-06	4.90223439655546e-06	-8.02763725228175e-08
19400000.0	-0.0019750317191632835	-0.0011954659172823954	0.0036451654352445935	-1.0589847660162897e-06	4.0774291103207e-06	2.430987091811369e-08
19600000.0	-0.0011362717899643902	-0.001039657988027138	0.004188934727652947	-1.3144752791701531e-06	2.3505210759275295e-06	3.178884081776221e-08
19800000.0	-0.0009595820773659399	-0.0007604649757407443	0.0017088295197625189	-1.2943155919899579e-06	5.196872031840301e-07	3.0709366981851375e-08
20000000.0	-0.0016328766682887326	-9.161973430794163e-05	0.0007686834757148886	5.481547436549095e-07	8.852406464818675e-07	-3.374108388722435e-08
20200000.0	-0.0011928798199735162	-0.00013839226746632707	0.000868880171642024	9.244395185981916e-08	3.0640412042738345e-08	-1.6964309984448037e-08
20400000.0	-0.00024731423254913414	-0.0001066625802179126	0.0014698308090491212	-4.994533265489176e-07	-1.6757187480506127e-06	5.941918342580783e-09
20600000.0	0.0002671662701530063	0.0004922721074431451	0.0013960766836687137	3.449262426980755e-07	-3.3448591583153396e-06	-3.027022804445643e-08
20800000.0	-0.00018257803870953154	0.0005203221826714289	0.0031242618741144333	1.2405399927714632e-06	-1.1563338853627603e-06	-6.856146799543188e-08
21000000.0	-0.0004417416202504097	0.00020556934106429758	0.0051402682157175444	1.2752796342685244e-06	1.2058248906546834e-06	-6.890123249159992e-08
21200000.0	0.00016652054153175528	-0.00023392605409270479	0.006338599944073294	1.350392208539898e-07	1.11862143303413e-06	-1.4358402496124883e-08
21400000.0	0.0001663685689589576	9.186081025437632e-05	0.00581756124193079	7.420521034238613e-07	4.6175260348379735e-07	-4.4848518701788514e-08
21600000.0	0.0003816607578139587	0.00023945235918429835	0.006897565057477893	1.2274764161737803e-06	8.484101359544622e-07	-6.938042885828101e-08
21800000.0	0.00042790486822289625	-0.00025205967557586435	0.006998260261555113	7.598475680105575e-08	1.1361786626804412e-06	-8.61450589728403e-09
22000000.0	0.0007168190673672439	-0.0003190077832153148	0.007234891707085594	-2.0485722627799e-07	7.444304533382514e-07	6.280569708529875e-09
22200000.0	-0.0006500690944697276	-0.0007746773900345841	0.00652073535112941	-5.415086292348861e-07	3.5155469053161413e-06	2.7127578210815907e-08
22400000.0	-0.000623503269968222	-0.0009827202601251802	0.006537249875762274	-1.0344770634782548e-06	3.6185132846432856e-06	5.50638995915373e-08
22600000.0	-0.0007626403199579629	-0.0008087492179340177	0.006143510232489507	-6.570676219196139e-07	3.4284027494460566e-06	3.3074230932256925e-08
22800000.0	-0.00024088033158460923	-0.0006917667376624888	0.006115190232474268	-7.879112013681858e-07	2.1422024920353803e-06	3.906083779929881e-08
23000000.0	-0.0003952796169992898	-0.0006823032249006645	0.005885027222390171	-7.18009387938929e-07	2.2844353568527077e-06	3.599054972149102e-08
23200000.0	-0.00031412585800921614	-0.0005787911726025917	0.006008625363841255	-5.093007843589352e-07	2.125735135564752e-06	2.9228517661608764e-08
23400000.0	-0.0007632376878439976	-0.0008266328872080791	0.006115922348974304	-6.845805293510728e-07	3.399808837424357e-06	3.409486431434245e-08
23600000.0	-0.0006744086242113718	-0.0011781390813959307	0.006662646623528683	-1.4446917280395102e-06	3.7344790183695434e-06	4.404102147113649e-08
23800000.0	-0.0014036300127716881	-0.0005938691853512697	0.006867582367509621	4.79764643132037e-07	4.945464148448615e-06	3.064997433422573e-08
24000000.0	-0.002310572363729799	-0.00038152642729834133	0.004132218002380299	1.444910004769635e-06	6.159065120487106e-06	2.848211799153551e-08
24200000.0	-0.001975074496059441	-0.0003885036909569681	0.004303540198305012	1.1634226413027931e-06	5.448430837028445e-06	2.8131159211838635e-08
24400000.0	-0.0024332237336373366	-0.0001545631021908953	0.0039956570801536785	2.0535681004453674e-06	6.243090082130035e-06	3.049835366491088e-08
24600000.0	-0.0011898283829013766	-0.00047371071479708905	0.0026069064437538357	2.9952580048243e-07	3.7649866686387207e-06	2.2211177996836507e-08
24800000.0	-0.0016470888347137997	-0.00019280126349427505	0.0015360322869703744	1.3186053115409174e-06	4.584792669486603e-06	2.8293208579915705e-08
25000000.0	-0.0019401270797093154	-0.00039907791620206784	9.176085162479735e-05	1.1724475294798983e-06	5.53481073399457e-06	2.7282971744574804e-08
25200000.0	-0.0021880949761264984	-0.00030196820067540143	-0.00019031688458742355	1.613217741709894e-06	6.030970959334942e-06	3.081034613567717e-08
25400000.0	-0.0016219533263602938	-0.0016831492281697345	0.0002710033602704389	-1.915092685282803e-06	5.901338181748197e-06	5.553858296279432e-10
25600000.0	-0.0005092858164501347	-0.0017224544875320774	-0.001306417016067866	-2.827081013564226e-06	3.8275094741831095e-06	-7.3404137390519075e-09
25800000.0	-0.0004372771262519051	-0.002215425246755852	-0.0008477195447208264	-4.007206425113393e-06	3.9847839004054094e-06	-1.8864915419908557e-08
26000000.0	-0.0011752916061193888	-0.0015254380179305807	-0.0012986629705438921	-1.8239261425904605e-06	5.114484491105493e-06	2.588275106764458e-09
26200000.0	-0.0013109346378169153	-0.0011122563559581773	-0.0016620278027103133	-7.66370098954788e-07	5.151871302591322e-06	1.3468428558709416e-08
26400000.0	-0.00010144835018152751	-0.0022002870781902225	-0.0013362872679197554	-4.218642059458094e-06	3.3831790563818483e-06	-2.210973003582594e-08
26600000.0	0.0007688387195175487	-0.0032398991500964644	-0.0009144029425819417	-7.28105626221923e-06	2.2717943676721185e-06	-5.3794679285321566e-08
26800000.0	0.00039914598515472055	-0.0024991769654340696	-0.0012104486049601755	-5.31474566212563e-06	2.535001723625185e-06	-3.297540330708124e-08
27000000.0	0.0002765566792828375	-0.00309054838135111	0.0007692695847076377	-6.7818558069559345e-06	2.6743838770495625e-06	-4.877593721807857e-08
27200000.0	0.0003820448232735484	-0.0021907354552459716	-0.00033804473992540655	-4.75804345514514e-06	2.040335345075826e-06	-2.7174646298778064e-08
27400000.0	0.0014997225683453606	-0.0006301734898788683	-0.0013263562928388503	-2.1818710728846695e-06	-1.3736261035507067e-06	2.811303455920485e-09
27600000.0	0.0025204704841321306	-0.0013266373133477335	-0.00100854571451594	-4.629888432295962e-06	-3.0762843226198055e-06	-2.184082660801464e-08
27800000.0	0.0027176490539375197	-0.0008320481277840733	-0.0008690299459406462	-3.7699917155108566e-06	-3.974455442678401e-06	-1.2377721260457738e-08
28000000.0	0.002770793181977627	-0.0007307076000450637	-0.00045405951013876894	-3.676860558179698e-06	-4.315594990078909e-06	-1.107554335375646e-08
28200000.0	0.0020868382578558896	-0.0006372913349449558	2.044306143800988e-05	-2.938091480020501e-06	-3.1153213042416126e-06	-4.7126768723493756e-09
28400000.0	0.0010395420971589355	-0.0008760733185987811	-0.0003649930582709495	-2.3888048029687433e-06	-5.89341426516368e-07	-1.7201087666242423e-09
28600000.0	0.0005034259278962589	6.07792970811268e-05	-0.0005207677449918071	9.355124576972711e-08	-3.024175993460309e-07	2.227782295753756e-08
28800000.0	0.00034153856934787696	0.0006637587214355301	0.001048956472421641	1.171612707470492e-06	-1.045115321226463e-06	3.36614211931228e-08
29000000.0	-0.0007967027113203928	0.0007518618868619417	0.0017712008279400704	2.363502551545955e-06	9.206082856998356e-07	4.226372240230766e-08
29200000.0	0.00018245516070585096	0.001184200483709348	0.0009199242099837791	2.3586164392871655e-06	-1.1835429248630089e-06	4.556785845716819e-08
29400000.0	0.00039878366640879825	0.00065092515173251	0.00013766018113468728	1.2709620674361994e-06	-8.182571025283655e-07	3.5057263938156324e-08
29600000.0	1.9242919011274243e-05	0.0011942576312969646	0.0004959692104870599	2.6317086839675496e-06	-7.887215068799008e-07	4.679631152938505e-08
29800000.0	-0.0006798841831361233	-0.0005227586973678342	0.0009981670544554908	1.6728837159031963e-07	2.227215496434604e-06	1.9382031833458372e-08
30000000.0	-0.00012202048890034255	0.0007833022149411877	-0.0004218421506365685	2.193763967279962e-06	1.4316388076333467e-07	4.075479240331128e-08
30200000.0	-0.0019129750113209424	0.0024685773951654173	-0.0012605956763391997	7.445053406240306e-06	1.5723732068281568e-06	8.013676323245211e-08
30400000.0	-0.0016895661727416226	0.0013052779867149236	-0.0010785133200734718	5.164489646069555e-06	2.497165639165247e-06	5.942182078183956e-08
30600000.0	-0.002272882802182711	0.0023554170812039163	-0.0011700529819254684	7.620146177894684e-06	2.234194736122503e-06	7.955200691034571e-08
30800000.0	-0.003793242576717839	0.0018860575590146566	-0.0009075044356713015	8.70821112892667e-06	5.135125146592109e-06	8.05537695172435e-08
31000000.0	-0.0041163561955179185	0.00011452266224367259	-0.0015121912353895045	6.5739059365844165e-06	7.888112535355712e-06	5.642641670808886e-08
31200000.0	-0.004335392229726747	-0.00020037698087301844	-0.0005422565503240709	6.1519200108364026e-06	8.41315350875876e-06	5.1800018740686994e-08
31400000.0	-0.004243876792902045	0.00011884689573937632	1.7108454697294085e-05	6.355391776803429e-06	7.791656834940412e-06	5.505124717511194e-08
31600000.0	-0.0033601544630910783	-0.0007231436525728825	0.0013411767034663736	3.7319162801076164e-06	7.403100683267583e-06	3.780520389334198e-08
31800000.0	-0.00474724476189932	-0.0018549997733480303	0.0013085893718611814	4.010990314704851e-06	1.0671113922502294e-05	2.8645329246494438e-08
32000000.0	-0.005187850626901551	-0.0016610822996831456	0.0023620187440645587	4.586202461042854e-06	1.0849715490406274e-05	3.1729565003547596e-08
32200000.0	-0.004309511641245185	-0.00021381591574479966	0.0006821495210630867	5.689884889418886e-06	8.151832858744118e-06	4.937027563821413e-08
32400000.0	-0.006125067165803399	-0.0012454457948968256	0.0012018878449164532	6.651565699312149e-06	1.160357973912647e-05	4.2339530527809255e-08
32600000.0	-0.005726265275697872	-0.0005870431634251174	0.0012860952504871593	6.8966843585581055e-06	1.0290806213452499e-05	4.880939424652477e-08
32800000.0	-0.0075862617794281864	-0.00039762518244492796	0.0002541082348513071	9.761703748531631e-06	1.229539250429716e-05	5.7799573150766075e-08
33000000.0	-0.006982835361135795	-0.0016105909358969097	-0.0002846709587071385	7.767173529262884e-06	1.3202124552613303e-05	4.1892497985027126e-08
33200000.0	-0.005285065526783079	0.0003280181616132894	-0.0003446081630778939	7.66077377174808e-06	8.970350186269661e-06	5.972557108812132e-08
33400000.0	-0.004810687645694487	-0.0010037621009924853	-0.0020897948216368253	6.077472818478484e-06	1.0286034102828239e-05	4.419333582927312e-08
33600000.0	-0.004556402508806144	0.0009099820235473578	-0.0017853900987893929	7.586135380939223e-06	7.63033337511438e-06	6.554056336296329e-08
33800000.0	-0.0033246235887295526	0.0021488678417297593	-0.0009021406162386852	7.023829663998256e-06	4.860340771287305e-06	7.622914168748476e-08
34000000.0	-0.0015611607659537024	0.0014145494569306224	-0.0010480883128856774	4.1599410152048354e-06	4.149307920479795e-06	6.517916169920233e-08
34200000.0	-2.8770497529996162e-05	0.0003720672268791921	-0.0017291799471321298	1.4587976499111425e-06	4.097224144479358e-06	5.2102838814164973e-08
34400000.0	0.0006962681941291343	0.0031145148854324987	-0.00025221054943690537	2.627795971903493e-06	6.943021356035627e-08	7.842357406434865e-08
34600000.0	-0.0013143208352298685	0.0018376819661447593	-0.001582003515663885	4.311455556032701e-06	3.332842550229388e-06	6.698128307769728e-08
34800000.0	-0.001513696698018195	0.0024685187492527972	-0.0009920261325367826	4.945705941172334e-06	2.7162069274489467e-06	7.330499074817057e-08
35000000.0	-0.0018691612228260636	0.0029625165274770023	-0.000167573170783453	5.607161492485172e-06	2.382861275341171e-06	7.756943970540581e-08
35200000.0	-0.003201614945544339	0.0034451935288340218	0.00030112295271451386	7.477880814508051e-06	2.7953450745910308e-06	8.228557737886311e-08
35400000.0	-0.0012032990467952948	0.0032741986140874305	2.931544500767646e-05	5.023881190136701e-06	1.570033406388556e-06	8.123061363537959e-08
35600000.0	-0.0016713231660339556	0.003057179389206458	0.00018529938036438324	5.3994643098427365e-06	2.1415072220552967e-06	7.869349362013486e-08
35800000.0	-0.00250541423590273	0.004690760462150877	0.0009714282119681085	7.306233435404129e-06	8.161292993007265e-07	9.428576939265778e-08
36000000.0	-0.0010939549754785444	0.0037724799136610336	0.0003326332754771339	5.205173786936873e-06	9.621373923955186e-07	8.700956246464818e-08
36200000.0	-0.0005924449639687301	0.002541461845057799	0.00034328708733387067	3.888969836681632e-06	2.0432923529081576e-06	7.668410736570267e-08
36400000.0	0.0017035888031956266	0.0020806136877321857	-0.000998522254875391	1.239056509474353e-06	1.187966403318496e-06	7.619111492360461e-08
36600000.0	0.0009223179626824488	0.0029888843373462558	-0.0019292912335556584	2.758619371026502e-06	6.066716130967922e-07	8.415862980213185e-08
36800000.0	-0.002397190990042911	0.0027239114554239536	-0.0020824302921868395	6.307345656026024e-06	2.6978132257121064e-06	7.386074267900613e-08
37000000.0	-0.0030070576511587403	0.001997874813150784	-0.0014360335942553157	6.505647436326103e-06	3.820802130130976e-06	6.499272329648007e-08
37200000.0	-0.004536853066201412	0.003566237104400447	-0.0025350920382460436	9.08479213530586e-06	2.8765300337998607e-06	7.716018906020246e-08
37400000.0	-0.005254975730920314	0.003973465967049685	-0.0030388420142837764	1.010568305353479e-05	2.771462256956691e-06	7.884694535446378e-08
37600000.0	-0.005444140055960729	0.0026976337788137865	-0.002943461548236314	9.714215044872116e-06	4.188452313665333e-06	6.541823003578809e-08
37800000.0	-0.004430245321092559	0.0026098602529108354	-0.00274231535476933	8.596425805814806e-06	3.83854610209165e-06	6.735298459764873e-08
38000000.0	-0.007401173735722284	0.003449514103348464	-0.0023383336659924103	1.1944921044346399e-05	4.259990360520818e-06	6.423194788060949e-08
38200000.0	-0.006721726422838529	0.007468706115668258	-0.0016483921353895989	1.2758386488089708e-05	-1.9329750402601213e-09	1.0763599031128931e-07
38400000.0	-0.005693470747720728	0.009409976202148295	-0.0015209945445951733	1.2441838067640943e-05	-2.303272905676449e-06	1.3061575404093537e-07
38600000.0	-0.0032995591726938988	0.009627066372932798	-0.0031167583269433494	1.0333446268888303e-05	-3.473336264746855e-06	1.4343420156714168e-07
38800000.0	-0.0037975506240255585	0.011254395853561354	-0.0024033098973079833	1.1274863705239078e-05	-4.808951597003436e-06	1.582880767225147e-07
39000000.0	-0.004701495475786345	0.012357103513559432	-0.0032789875765285503	1.25642507270931e-05	-5.603072020504919e-06	1.6657159652005396e-07
39200000.0	-0.00492224655683747	0.010691520674999839	-0.0028298247244296325	1.2233410565761608e-05	-3.971166996237608e-06	1.4926255051980886e-07
39400000.0	-0.007112835405771933	0.012016967715135395	-0.0017025959927432235	1.4494431101422056e-05	-4.458542202303672e-06	1.5320823385921625e-07
39600000.0	-0.007722042160172298	0.00913497573344469	-0.0016373441498934139	1.4285194056639745e-05	-1.7260015130968467e-06	1.202283492530486e-07
39800000.0	-0.007809971094911244	0.008634481515587688	-0.0012664360206578057	1.4205899374811943e-05	-1.2383101561700741e-06	1.145357956856609e-07
40000000.0	-0.005490663288198246	0.008075541462019224	-0.002050325078983584	1.2117080636664991e-05	-1.3798741439343307e-06	1.1999788809419774e-07
40200000.0	-0.006812555946576246	0.006631285313215201	-0.0025561122351912277	1.2980929135419923e-05	1.0891700135029585e-07	9.81975735350349e-08
40400000.0	-0.007587675423487179	0.0050126628565722265	-0.0028200913143939387	1.332327053223772e-05	1.6074117897027472e-06	7.722642694479543e-08
40600000.0	-0.009306095568451918	0.006536437328019155	-0.002008240065783971	1.4987815367705624e-05	7.759029764860575e-07	8.546859709763365e-08
40800000.0	-0.00943727395812264	0.00674645132948183	-0.0022804016962526467	1.515224395778242e-05	6.097537171789261e-07	8.743961459910337e-08
41000000.0	-0.00807159035528653	0.007267538133872003	-0.0009624101676930319	1.4038853223596056e-05	4.866786635510815e-08	1.0006480151603742e-07
41200000.0	-0.012681915593953864	0.004643952917306985	0.0005632106901593205	1.7196629862910312e-05	3.035073857015098e-06	4.2483652065828105e-08
41400000.0	-0.014442036837916433	0.004138379549071072	0.002699111166314826	1.8360524684508494e-05	3.890021935466751e-06	2.464944828875952e-08
41600000.0	-0.015502636512074276	0.005363579309251962	0.0017481839225129358	1.9421231715358926e-05	3.0407180590340752e-06	3.317177200848458e-08
41800000.0	-0.012809485318827984	0.0054158597476416555	0.0013587677729463678	1.7376733574962495e-05	2.5698377099332925e-06	4.8944739643068325e-08
42000000.0	-0.011960116936975494	0.005827613850801617	0.001934813903600815	1.6742190538402188e-05	2.1938153244017437e-06	5.821920265781802e-08
42200000.0	-0.0121196647550288	0.0044256104557515155	0.0007498915209053147	1.676363716226903e-05	3.137702484043746e-06	4.147158288140371e-08
42400000.0	-0.011640954762198298	0.0051176773825589465	7.438875652984983e-05	1.652302397361577e-05	2.522950619034155e-06	5.4347984787611164e-08
42600000.0	-0.010837788643706778	0.005067866617600105	-0.00030153201437377547	1.5951359714928966e-05	2.4334018276211837e-06	5.87616669129575e-08
42800000.0	-0.01216584776060089	0.005588928934130667	-0.00018489183522448318	1.6947340310782933e-05	2.2180244023943743e-06	5.6684954775732426e-08
43000000.0	-0.01618454319275955	0.004124485144794632	0.0012382964866885413	1.9591765251999924e-05	3.737547454648018e-06	1.1408387570173068e-08
43200000.0	-0.016833828947945582	0.005525330772562396	0.0013085430377172951	2.0145527541491747e-05	2.8531854322967094e-06	2.6943280936109872e-08
43400000.0	-0.016161474300277857	0.005070801231891225	-0.00030004632310029456	1.972108122039627e-05	2.96077488178978e-06	2.7502449774018394e-08
43600000.0	-0.019735976065011512	0.006257758499499099	-0.00011845491512167111	2.221496222346534e-05	2.473451328765761e-06	2.431178498759212e-08
43800000.0	-0.01860794485758498	0.004062196917274095	-0.0003211029823737257	2.134134375685691e-05	3.790235484966315e-06	-7.733339221647167e-10
44000000.0	-0.01756267086549084	0.00467908812573428	-0.001083372014046151	2.0707464833072275e-05	3.262854928974412e-06	1.6137682504207992e-08
44200000.0	-0.017382984790150734	0.0011759248729454781	-0.0011453540573957597	2.044444348907519e-05	5.434213819013441e-06	-3.7300738233567575e-08
44400000.0	-0.015255602704491764	8.830013649248412e-05	-0.001101824964540578	1.9024636005067354e-05	5.992717432331005e-06	-4.149808590708891e-08
44600000.0	-0.017287307759977978	-0.0019758021642219863	-0.0005104000411180808	2.0230601657334964e-05	7.390133643098604e-06	-8.69268991224581e-08
44800000.0	-0.01744207126669733	-0.0005004806878562904	0.0002446631517660741	2.0328016276333508e-05	6.572701683117765e-06	-6.515342990132896e-08
45000000.0	-0.016700204017882955	0.003157008353920162	0.000916257756629751	1.9910642806682304e-05	4.433829033397436e-06	-3.0746658497117106e-09
45200000.0	-0.018409729249884137	0.005375328783680824	0.00010484293950186049	2.1028327729210865e-05	3.1221918524669147e-06	2.1526024331485753e-08
45400000.0	-0.01924152534895404	0.005936695343677267	-0.00031389523920841194	2.1550716737633527e-05	2.784433856948164e-06	2.7196780216380907e-08
45600000.0	-0.02179755401179779	0.00500273378820383	-0.0008747376377778381	2.3090960071666113e-05	3.309814096593e-06	-2.423440025349624e-09
45800000.0	-0.025487764004270257	0.006608944964928989	-0.000494445372773173	2.5246806236467553e-05	2.497844834100245e-06	-2.1752685486879993e-09
46000000.0	-0.023261640123459076	0.0063225191406758455	0.0007656713739153805	2.3901649069738163e-05	2.7357305283456688e-06	2.8780173287582487e-09
46200000.0	-0.025015080569484767	0.00377989341061906	0.0010447804721817901	2.492023661757296e-05	4.119661267509087e-06	-5.293542707636378e-08
46400000.0	-0.024296968770160687	0.002482882545826878	0.0012308088223925927	2.4524622260391612e-05	4.814781046813901e-06	-7.053624716182305e-08
46600000.0	-0.024942586129749436	0.004448318268272378	0.0018248711569770256	2.4809662223754138e-05	3.842831745848619e-06	-3.9104167736448595e-08
46800000.0	-0.023496315077989653	0.0038839954280761755	0.0013025240645526698	2.404653686596734e-05	4.0955832117860665e-06	-3.94552930969197e-08
47000000.0	-0.02684469462424128	0.0015720719678914575	0.00014268036459674132	2.5965801782922034e-05	5.097419358639824e-06	-1.0156221857381198e-07
47200000.0	-0.027481948273150317	0.0008597943967414972	0.0020107390056221543	2.6257064114428345e-05	5.5877294714875595e-06	-1.2408299408909065e-07
47400000.0	-0.029254088363415417	0.003778315826403587	0.0020311598246061297	2.7068564219773444e-05	4.131360777209428e-06	-7.879126994576015e-08
47600000.0	-0.026288873240143163	0.0013373662175528802	0.002861906469951687	2.5597176133526816e-05	5.44302312768986e-06	-1.056831329175951e-07
47800000.0	-0.025615724186437965	0.002789156303096607	0.002536846338693759	2.5188442884293153e-05	4.753593963311683e-06	-7.122508334226263e-08
48000000.0	-0.02429084029390976	0.0027340260330127836	0.004647517361302569	2.4447139576562207e-05	4.995544995050052e-06	-6.99621681658364e-08
48200000.0	-0.02612368896912778	0.005414671254672184	0.004765699902590579	2.5206288899114835e-05	3.714019918822053e-06	-3.1134074084458525e-08
48400000.0	-0.02557112472832424	0.009780253805029419	0.004010107973758256	2.4682673175524674e-05	1.7490534715903928e-06	6.631287635762004e-08
48600000.0	-0.02913715768226046	0.010579165794511573	0.0036377066698202827	2.63508674173578e-05	1.193921200762962e-06	6.16674400544519e-08
48800000.0	-0.031566071846908086	0.011712239906963236	0.0030965630919453434	2.7431987753896327e-05	5.307846063466379e-07	6.820475083105834e-08
49000000.0	-0.03498349744043989	0.010950827406841156	0.004088218608599675	2.9036616315516598e-05	7.212025417552668e-07	2.764784793330677e-08
49200000.0	-0.033199581952491	0.00962449391407946	0.004483395608056376	2.8314639877305764e-05	1.3988174191481438e-06	9.641885577171143e-09
49400000.0	-0.036012785046698935	0.010198529821515371	0.004122391961463472	2.9536007674969133e-05	9.408559459897498e-07	1.4322224182837312e-09
49600000.0	-0.0321624616349106	0.011443671885803485	0.0034880378710209874	2.774449369760667e-05	6.842676177246711e-07	5.606077374584794e-08
49800000.0	-0.03323993198460883	0.011620969040824184	0.000905994673333774	2.8262955570378682e-05	3.181992441891602e-07	6.147742115956536e-08
50000000.0	-0.03625056308094658	0.01401554363543379	0.0013559318919923885	2.930055075992513e-05	-7.788415652215666e-07	8.805312058075354e-08
50200000.0	-0.036671334584650876	0.01366580403857453	0.0007251703254435801	2.9523617428425097e-05	-7.458302302301432e-07	7.951588286004937e-08
50400000.0	-0.039452623943954414	0.015565380437736075	0.0005675594055762142	3.045627401170828e-05	-1.6708920602154966e-06	1.0411549199546564e-07
50600000.0	-0.04052449774001715	0.014335883416514723	0.00014467179897536267	3.102184396306438e-05	-1.3939518761796968e-06	6.962810983855475e-08
50800000.0	-0.044530870812397844	0.01565594673987029	0.0013519681963050259	3.240055896166838e-05	-2.1177759808421498e-06	6.897380236811073e-08
51000000.0	-0.04607936070482078	0.01736279083423977	0.0011018737292667752	3.2796924798115626e-05	-2.8454796862750717e-06	9.908047093174552e-08
51200000.0	-0.047415495574532694	0.018652681467550197	0.0015411962069914547	3.313350346643807e-05	-3.360360977538512e-06	1.1585975044107417e-07
51400000.0	-0.04346910443378746	0.01411795319111488	-0.0007749704202263657	3.229194121556583e-05	-1.7648060372023543e-06	4.109108143110026e-08
51600000.0	-0.042708160671668056	0.014385182380955283	0.00023182291846827498	3.1946433825422074e-05	-1.677889637730891e-06	4.9336415787054083e-08
51800000.0	-0.046742167913477524	0.010913035009985497	0.00040916491239905204	3.382456409120708e-05	-1.1462812860514818e-06	-7.069176842819894e-08
52000000.0	-0.05007366780965527	0.010916507463408054	0.0011258621739977733	3.4962999591235944e-05	-1.4855485335027378e-06	-9.905717570503928e-08
52200000.0	-0.048184126508069816	0.013216303478655038	-0.00019828152253643992	3.402665768507079e-05	-1.9938199839896238e-06	-1.862375586141564e-08
52400000.0	-0.04777561399736759	0.010559809447001349	0.0015477877131003796	3.4197064543249487e-05	-1.098770791647096e-06	-8.948031175552517e-08
52600000.0	-0.04807242618931814	0.01067371274749896	0.00026423622627272576	3.4306835881006535e-05	-1.27569735363073e-06	-8.244063077046021e-08
52800000.0	-0.04875795452363568	0.009507154411157983	0.0007977310049990782	3.4674369611482405e-05	-1.0358707884807658e-06	-1.2202477089569424e-07
53000000.0	-0.04798106553179978	0.0087189361945463	0.0005663574645312082	3.453133289761321e-05	-7.628275478504827e-07	-1.3442163001423446e-07
53200000.0	-0.04819666008234109	0.007328093170058125	-0.0005738071077028921	3.48274268194639e-05	-5.659403703584146e-07	-1.697079709219603e-07
53400000.0	-0.05037674063680716	0.00964760921893863	-0.0006923994481710366	3.5155501041463396e-05	-1.4089318799000728e-06	-1.2242562077087898e-07
53600000.0	-0.04703771619665609	0.01484153752155331	-0.000372330724677979	3.3343051986129224e-05	-2.0766684833660877e-06	4.9616183392215656e-08
53800000.0	-0.04897767992976211	0.014439940514882406	-0.0001963290666648033	3.396825154119246e-05	-2.2565593919041453e-06	2.1248019856557272e-08
54000000.0	-0.04942656471624004	0.016017262460927432	-0.0009352636153531994	3.3862687516622574e-05	-2.7070899436174205e-06	6.670297773732713e-08
54200000.0	-0.0465510702586746	0.01608865449412107	-0.0004743289108235346	3.3010004085714464e-05	-2.2532416432693517e-06	9.44463203807047e-08
54400000.0	-0.04928428978719787	0.016637047978355725	-0.0002943935961234161	3.366322179918137e-05	-2.756063107132664e-06	8.720470819887294e-08
54600000.0	-0.051683174194190926	0.01690171158735987	-0.0013898420267288623	3.428286560952452e-05	-3.2632304262757384e-06	8.014801452041247e-08
54800000.0	-0.05177264358207748	0.015188031417499743	-0.001075454087187544	3.4570855390127175e-05	-2.957712558144199e-06	2.8897954677362537e-08
55000000.0	-0.051195851737158814	0.011722950615046811	-0.00032632567769588067	3.4981523686252264e-05	-2.2522643875634075e-06	-7.651605726270857e-08
55200000.0	-0.0491825415069427	0.011414365986711843	-0.00059916530324516	3.4526175390514776e-05	-1.9015365556667903e-06	-6.606692903324402e-08
55400000.0	-0.04945142413388485	0.009428876820600623	0.0002916442271959262	3.490498019158512e-05	-1.581117064953023e-06	-1.3176935377946452e-07
55600000.0	-0.04612505570163427	0.007650818878586332	0.0006676376812323571	3.4407302111723724e-05	-7.555924152205059e-07	-1.6108603571349975e-07
55800000.0	-0.0472707075926832	0.010307982601016018	0.0013848253051967573	3.4192874252568174e-05	-1.2634739646657688e-06	-9.454467835863575e-08
56000000.0	-0.04623096417302305	0.015392748302670088	0.0013286837128471465	3.306757221053641e-05	-1.7656855156157857e-06	6.711348906343407e-08
56200000.0	-0.045523311811203386	0.01638656375153897	0.001596274496490282	3.272311726306881e-05	-1.7447346551466502e-06	1.0299559751861146e-07
56400000.0	-0.042953212387669325	0.018451228822637934	0.0004962176921485238	3.181743078755836e-05	-1.6069615537485544e-06	1.974011918013701e-07
56600000.0	-0.04481453250879319	0.019352050250569706	0.00075912173422895	3.203464756982732e-05	-2.031533560724772e-06	2.0265745413938736e-07
56800000.0	-0.04464507841139808	0.02082977266928055	0.002234836398257874	3.1701123733524796e-05	-2.0361633769111887e-06	2.407945855850991e-07
57000000.0	-0.045727143146369914	0.017411270364804388	-3.521134405313781e-05	3.255944816159055e-05	-2.0909721106878456e-06	1.4099956322960777e-07
57200000.0	-0.047731792780563206	0.01595026624880863	0.0005283279562418687	3.319005877596678e-05	-2.313789529170393e-06	7.251590419270125e-08
57400000.0	-0.0478422771103378	0.017539921438488974	0.0012056469991677684	3.289588497310665e-05	-2.4056963197403737e-06	1.1692289036602929e-07
57600000.0	-0.04970685893635351	0.019548287001280994	0.0001641590251997521	3.2843160245877545e-05	-2.980287895395622e-06	1.6743116168036703e-07
57800000.0	-0.051085682473362856	0.018183253914626617	0.0009307660563131238	3.33188840901375e-05	-3.1157752282945775e-06	1.0642372811914316e-07
58000000.0	-0.05140039674254797	0.018579951724955215	0.0011100706423130182	3.328534022539866e-05	-3.18760826885972e-06	1.1469881751442456e-07
58200000.0	-0.05616077573931968	0.015428250561029568	0.0005410060910057792	3.46161171368861e-05	-4.034386037847385e-06	-2.8007911558152933e-08
58400000.0	-0.05370989545613227	0.012872561030063298	0.0012815439264865528	3.472567100940965e-05	-3.3580171603314527e-06	-8.087000787772302e-08
58600000.0	-0.05555393436348152	0.014876434002838269	0.002379851421814072	3.4581005624737804e-05	-3.728773244522381e-06	-4.2783393813433363e-08
58800000.0	-0.053646714296747104	0.01571701075660952	0.002399251984484475	3.415047784231951e-05	-3.3595528796453276e-06	4.2103205093057825e-09
59000000.0	-0.056566493023548936	0.013507725263784917	0.00183082314526987	3.496648767832256e-05	-3.961297769490784e-06	-9.517374153256303e-08
59200000.0	-0.057154643817622086	0.010723392702122145	0.0006563089286693202	3.5595244588905675e-05	-4.123835087475967e-06	-1.846039147914307e-07
59400000.0	-0.05817171256590813	0.009408594289133418	0.0011257227069957445	3.597151796735555e-05	-4.298069859445191e-06	-2.4245733105390006e-07
59600000.0	-0.06071104496291107	0.009893197621173074	0.0019815018339967095	3.617431191388703e-05	-4.810596780642566e-06	-2.660741131676847e-07
59800000.0	-0.06283779330112146	0.009559247376608727	0.0011211146310796762	3.647990342685189e-05	-5.323866676539927e-06	-2.937769432177943e-07
60000000.0	-0.06369549034844697	0.011355290709541081	0.0004871066913380613	3.621231696704818e-05	-5.545779087047444e-06	-2.3828228891472867e-07
60200000.0	-0.06382919018915723	0.009757894715028055	0.0011797813761296261	3.653499919833799e-05	-5.545124410800244e-06	-2.9769714642162224e-07
60400000.0	-0.06519597378820938	0.008985369101431264	-0.0002538483952105766	3.682935794322476e-05	-5.949535496031779e-06	-3.2863992291642516e-07
60600000.0	-0.06790939888410873	0.008227380500480674	-0.0018378075228814156	3.724352632624518e-05	-6.666295456944396e-06	-3.749886632240436e-07
60800000.0	-0.06604175097562928	0.01164395293405086	6.986763673258044e-05	3.637311522142908e-05	-6.060941325850905e-06	-2.488762186361831e-07
61000000.0	-0.06289431918366743	0.013023717948381367	0.000588530990723091	3.580799248863432e-05	-5.284030140167933e-06	-1.6488525187087882e-07
61200000.0	-0.06264397656091948	0.013009988570028106	-0.0010437363951632571	3.579158546203374e-05	-5.325262415909973e-06	-1.4804800465814385e-07
61400000.0	-0.06452570261830412	0.013466871737992957	0.00131353222754701	3.584185084054959e-05	-5.617943573941929e-06	-1.795469516795478e-07
61600000.0	-0.06604859414435316	0.012407812325879229	0.0012084794174542575	3.616579399469902e-05	-6.031981549799483e-06	-2.3778888461490117e-07
61800000.0	-0.0700689179494337	0.011204089674481995	0.0010977173909622762	3.668220469947519e-05	-7.042136220172831e-06	-3.351411660871499e-07
62000000.0	-0.07217504704794259	0.009292739767995136	0.0010568478896094324	3.7205178028263484e-05	-7.659526276602962e-06	-4.352789847125967e-07
62200000.0	-0.07610818859017619	0.013576486314614129	0.0012187102133020655	3.653599033036621e-05	-8.266187015284882e-06	-3.219602216849557e-07
62400000.0	-0.07625239664027915	0.014987250860837603	0.0008204727281536644	3.6244710362999625e-05	-8.22286050308793e-06	-2.663358216071388e-07
62600000.0	-0.07859685288221012	0.015958653920753334	0.00147850515659952	3.6163264611911897e-05	-8.698509408351512e-06	-2.7472097009395563e-07
62800000.0	-0.0805073731277215	0.01611150811664147	0.0015358010788406806	3.621150662360633e-05	-9.142709673305666e-06	-2.966309953862863e-07
63000000.0	-0.07703837933039336	0.013401463296382228	0.0033406194568570305	3.661746088436613e-05	-8.45191202678386e-06	-3.693683391502343e-07
63200000.0	-0.07855008872941809	0.009160491965965	0.002750341221227199	3.755563732002007e-05	-9.250485161369364e-06	-5.536197459263146e-07
63400000.0	-0.08280910017651594	0.009713170416118914	0.0025392727166081487	3.757690369690899e-05	-1.0253268084949019e-05	-5.935517007914573e-07
63600000.0	-0.08494432869576292	0.010299072560595502	0.002356474314354467	3.751163188640194e-05	-1.073871130226789e-05	-6.024878322446782e-07
63800000.0	-0.08276557991121036	0.012218879858801117	0.0017786799140921518	3.703260562944506e-05	-1.0004082592378989e-05	-4.789825573960372e-07
64000000.0	-0.0845446888847242	0.015363274851412256	0.0010293378492003272	3.6392375563994556e-05	-1.0094079239738965e-05	-3.60145830448217e-07
64200000.0	-0.08489522209082159	0.015373603244165904	0.00047140228190532016	3.6390725860698196e-05	-1.021270398391466e-05	-3.599657055745292e-07
64400000.0	-0.08575503737012297	0.016512530699476873	0.0003370246910416113	3.6156775359313786e-05	-1.0309724511254692e-05	-3.280434210245121e-07
64600000.0	-0.08653777713110063	0.019321423570800217	0.0011192495930668588	3.5544600190698665e-05	-1.0070369440676524e-05	-2.2160267503973314e-07
64800000.0	-0.08738528929825805	0.02077283194824842	0.001496143200078742	3.5228389480587005e-05	-1.0067871628593719e-05	-1.767927744513161e-07
65000000.0	-0.08470019890602089	0.021842527503627692	-0.00041300192048964444	3.498196851206748e-05	-9.26268015517305e-06	-5.316662970502183e-08
65200000.0	-0.08494745273829891	0.02129460424164154	0.0007942711046580787	3.5090701973251246e-05	-9.369192530515539e-06	-9.846731021573101e-08
65400000.0	-0.08804267169183835	0.02173893239200505	0.0004062453774333443	3.495978040972876e-05	-1.0160896855042849e-05	-1.3595382986417204e-07
65600000.0	-0.09251087822922334	0.022599313258560585	0.0008751614640418908	3.4713877225560886e-05	-1.1275663392605854e-05	-2.0454166285319966e-07
65800000.0	-0.09427417781078433	0.026523183804293544	-0.00023127120991431435	3.380845895671373e-05	-1.1084012395331443e-05	-3.754506904871765e-08
66000000.0	-0.09563300297870371	0.028597689810271554	-0.0006046405548330247	3.331321620658764e-05	-1.1101689720876543e-05	3.4604171884210396e-08
66200000.0	-0.09581297127298624	0.031726556313887266	-0.0015807191371797705	3.2618525058850556e-05	-1.0625367740825005e-05	1.8221374982319155e-07
66400000.0	-0.09411661144787634	0.030466707576463244	-0.003138306972360603	3.294944328468447e-05	-1.045051576797061e-05	1.786169193116151e-07
66600000.0	-0.09410211856758129	0.030934348641687204	-0.004000534491763521	3.283895043726444e-05	-1.0379899384232465e-05	2.125385232619947e-07
66800000.0	-0.09538181364678014	0.030161034012030973	-0.0039844912274573305	3.2945539405875716e-05	-1.0927012759252497e-05	1.4342532785278504e-07
67000000.0	-0.09750527911283938	0.03134168190364167	-0.0037348345217196213	3.2567311809432205e-05	-1.1288165101867083e-05	1.4759264201824254e-07
67200000.0	-0.0989766517555458	0.0338718617471343	-0.0039059389538921773	3.191782163995396e-05	-1.1176656211874006e-05	2.3490048290216534e-07
67400000.0	-0.09880897878242151	0.03263425628862938	-0.0025642133146032047	3.21948852061253e-05	-1.1342781410144794e-05	1.651225208154854e-07
67600000.0	-0.0981428644271755	0.030397042627215893	-0.0014968081926731932	3.2731201748178373e-05	-1.164547398239877e-05	5.314395576577918e-08
67800000.0	-0.09546238124838406	0.030053986727777225	-0.0012656457462381875	3.298776585665832e-05	-1.0857329998151983e-05	1.0773849735742864e-07
68000000.0	-0.09124507614840212	0.02566003933651502	0.0007348472484748276	3.42637495025642e-05	-1.0424716680674813e-05	2.881335527315698e-09
68200000.0	-0.09340960342595937	0.024929704271319325	0.0008190602935168376	3.424497090921718e-05	-1.1314449759251516e-05	-9.732352001501195e-08
68400000.0	-0.09708548249131689	0.023792452073692363	-0.0005916158105756076	3.417086566212314e-05	-1.2864072763605397e-05	-2.4201219984509765e-07
68600000.0	-0.09400021774226945	0.023438925359642628	0.0006107014797765601	3.451911808930486e-05	-1.1858854528523997e-05	-1.766863702096219e-07
68800000.0	-0.09161999268145977	0.0238272075150157	-0.00039911273977935146	3.46500541929283e-05	-1.0982720678421175e-05	-6.992080382273642e-08
69000000.0	-0.09508001557007045	0.025524343285036843	0.00034999806594080795	3.3927818074077646e-05	-1.1669170462265103e-05	-1.02489569496668e-07
69200000.0	-0.09549805867155961	0.022840423493075038	0.0017264980842721731	3.447234676301102e-05	-1.2485389510782128e-05	-2.6389140402228933e-07
69400000.0	-0.09730488545098559	0.024958906893882027	0.0011723338759648482	3.379594297619823e-05	-1.2494980283567822e-05	-1.9966270479928723e-07
69600000.0	-0.09664880777905459	0.023064158450890538	0.002252200343972821	3.428515237897228e-05	-1.2781670746984454e-05	-2.912774755072378e-07
69800000.0	-0.09422501452252269	0.02287343534474018	0.0010300602445519136	3.45946321864834e-05	-1.1990695914468984e-05	-1.96969562076946e-07
70000000.0	-0.09502349750049012	0.01924078097930126	0.0010579401815062263	3.529095752017637e-05	-1.3377907496472978e-05	-4.1855847589909417e-07
70200000.0	-0.08922052660536585	0.016775295932828088	0.0022017287126958763	3.657089234758163e-05	-1.2028730817288573e-05	-3.6494313502171155e-07
70400000.0	-0.08775271598511315	0.014986384172791809	0.0009605588128731672	3.71355672772895e-05	-1.203120445245555e-05	-3.785952674576669e-07
70600000.0	-0.09040679296038287	0.017098731113875706	0.0012993498146367435	3.6306973818528245e-05	-1.2301500917767733e-05	-3.6145995341300336e-07
70800000.0	-0.09042311054700289	0.018327399067361562	0.0017837258054697145	3.603891700509784e-05	-1.1922016849668454e-05	-3.0729741023557064e-07
71000000.0	-0.09048280610061711	0.018252259497544422	0.000503298575973401	3.603137603147509e-05	-1.1991047045064268e-05	-2.938031124958363e-07
71200000.0	-0.0926365568546998	0.020459432926322237	-7.422812877902712e-05	3.521827216205446e-05	-1.2062029958279381e-05	-2.430495805913768e-07
71400000.0	-0.09178420183175105	0.020354815650239944	-0.0032881263264429575	3.534516430225275e-05	-1.1833239197979906e-05	-1.6588521095605556e-07
71600000.0	-0.09515126785279812	0.023084041908799913	-0.0023444547566884915	3.423041326714355e-05	-1.2269295555192247e-05	-1.847790401855345e-07
71800000.0	-0.09477086004248685	0.02108457333539736	-0.002204543328068885	3.472133488092045e-05	-1.2789119845208858e-05	-2.782119461984426e-07
72000000.0	-0.09947040383664928	0.021527088632228346	-0.0027167161965571227	3.3812439168211434e-05	-1.4410519819404351e-05	-4.2733484073004995e-07
72200000.0	-0.10132028538691022	0.022782581343166252	-0.003144406153546927	3.3214939326542076e-05	-1.47440531384648e-05	-4.3855336669222386e-07
72400000.0	-0.10155917807212103	0.023151284487665163	-0.0035969207767077554	3.308530603107131e-05	-1.4710894289929336e-05	-4.2057690348150876e-07
72600000.0	-0.10068016080373866	0.022891103655232094	-0.002825404793873691	3.330624357656454e-05	-1.4449520208554222e-05	-4.1080041848151455e-07
72800000.0	-0.09672316450810736	0.0208983538598432	-0.003233954939547792	3.4460170100416586e-05	-1.351194603057643e-05	-3.239241775529642e-07
73000000.0	-0.0968646430825475	0.01886558718017517	-0.002685618238394091	3.486436835709243e-05	-1.427785985197282e-05	-4.485050260509366e-07
73200000.0	-0.0962346739987692	0.01930392622860441	-0.0017658299164928935	3.4905627882790335e-05	-1.3871571459710446e-05	-4.148193511812903e-07
73400000.0	-0.09523398386978645	0.01763848643583337	-0.002079698712775513	3.5448793079945754e-05	-1.4009025832589395e-05	-4.4132478616774236e-07
73600000.0	-0.09387943923935936	0.015231069455023904	-0.0009738141639465414	3.6243193642442317e-05	-1.4333356892937724e-05	-5.304750572443465e-07
73800000.0	-0.09185213758552238	0.01638542577930354	-0.00027409071296372023	3.644289874690168e-05	-1.3115823394811078e-05	-3.932248510394031e-07
74000000.0	-0.09408207983925103	0.013717631334524492	-0.0004251813212907513	3.6506549821581275e-05	-1.4916920777316583e-05	-6.195390816155367e-07
74200000.0	-0.09476061629558792	0.012708408415985915	-0.00141515368328051	3.6554369429407126e-05	-1.5558910965369757e-05	-6.855401758425254e-07
74400000.0	-0.09765017734466902	0.014766843515134402	-0.0027474952801572533	3.546165669031136e-05	-1.6013600439184485e-05	-6.951568171100433e-07
74600000.0	-0.09956429257799763	0.01382918242935157	-0.003647425852421887	3.519846346920631e-05	-1.7133401583620656e-05	-8.177618684363628e-07
74800000.0	-0.10189523562309954	0.01681832014908802	-0.0038228452437447384	3.40368744542482e-05	-1.6980873663223364e-05	-7.685894598785811e-07
75000000.0	-0.1032339989061822	0.016993878496459138	-0.003493187520832486	3.36836868293676e-05	-1.7473022560590088e-05	-8.320182389887289e-07
75200000.0	-0.10284076135294358	0.01509031848186626	-0.003170654559810041	3.4166915118221534e-05	-1.7950494570283093e-05	-9.034188251177367e-07
75400000.0	-0.10279804884972932	0.01586317006394202	-0.0028202939504334066	3.402442311374937e-05	-1.7641553289825047e-05	-8.665836012136492e-07
75600000.0	-0.10312817286226343	0.013809554261358206	-0.002119549786310973	3.436127361139216e-05	-1.853383213520688e-05	-1.0002745317751165e-06
75800000.0	-0.10464476043356322	0.012352284804562984	-0.0013789154262767891	3.427344642283126e-05	-1.9707012651827366e-05	-1.1657022497850146e-06
76000000.0	-0.10591463115247406	0.012239290571066496	-0.0025576274008802485	3.3950486167922216e-05	-2.029232636854283e-05	-1.2183763743336354e-06
76200000.0	-0.1037367553686534	0.012202502035567981	-0.0014101021867291466	3.454492244312979e-05	-1.9362207324173913e-05	-1.119317252637683e-06
76400000.0	-0.10493708040555834	0.01553130514149403	-0.0011057352196661707	3.356823621476805e-05	-1.8728334500364125e-05	-1.0415260835828052e-06
76600000.0	-0.10932679753435735	0.01856357467482455	-0.00154286769490119	3.1769349388668096e-05	-1.9468686166158e-05	-1.1211944757871258e-06
76800000.0	-0.11349456678999449	0.02248758934543409	-0.00046405342889610404	2.9858205672790544e-05	-1.9858035331281756e-05	-1.1906118347387136e-06
77000000.0	-0.11123868939698084	0.019682916967664908	0.0014745890264036387	3.106313910329181e-05	-1.982515287873926e-05	-1.2139694450304224e-06
77200000.0	-0.10937625014306429	0.01898885233833929	0.001819018648959048	3.17282626579876e-05	-1.925202236223812e-05	-1.1417346030778195e-06
77400000.0	-0.10859301983951393	0.018703004533073248	0.0027790304598682885	3.201846090251985e-05	-1.9006337308723874e-05	-1.1247869067361853e-06
77600000.0	-0.10753368206050334	0.01654682008682561	0.0034721774365192803	3.275420814770784e-05	-1.929110611849343e-05	-1.1680144196599246e-06
77800000.0	-0.10716488223452418	0.018326321652200606	0.0028829579766619763	3.2514294505900285e-05	-1.8374549936994144e-05	-1.0271487585117268e-06
78000000.0	-0.10696175647163543	0.019106906113452612	0.002948849936282929	3.2425739585890064e-05	-1.7969504802764795e-05	-9.723682510909018e-07
78200000.0	-0.10534565960732795	0.018824326640957057	0.0032098471587158938	3.2979369183872686e-05	-1.7269338227155156e-05	-8.703225300922378e-07
78400000.0	-0.10942437912498197	0.02359509174194309	0.003140185528092046	3.0799450104834095e-05	-1.7298817237585624e-05	-8.951315378913699e-07
78600000.0	-0.11144253507154239	0.02556735037935362	0.0029588999685526978	2.9781549500475668e-05	-1.7524587181728113e-05	-9.400240115436827e-07
78800000.0	-0.11101370601088148	0.02589253621264407	0.0031908958463613825	2.9859583680845975e-05	-1.7182081379132527e-05	-8.949689983008732e-07
79000000.0	-0.1119456899701917	0.026318735147498357	0.0027732844657433137	2.946958896655641e-05	-1.747702278955139e-05	-9.361633273719335e-07
79200000.0	-0.11454114248766742	0.02738497177755692	0.0022423306725706583	2.8400371521596564e-05	-1.8407471875190203e-05	-1.0837646506122782e-06
79400000.0	-0.11599066397935626	0.029018843579296006	0.0006129796848822464	2.7577374295405675e-05	-1.85585960256879e-05	-1.0998889792819074e-06
79600000.0	-0.11707391987797024	0.030708610063455426	0.00025328659104139424	2.6887813721779098e-05	-1.8418743587837147e-05	-1.0887956434472269e-06
79800000.0	-0.1184092065380953	0.02509259871698312	-0.0019048970985055462	2.7444958593330565e-05	-2.1420918148359677e-05	-1.4671487514683404e-06
80000000.0	-0.11555718815787977	0.019502816892740638	-0.003631469636873607	2.9470765230583913e-05	-2.1882239020595036e-05	-1.4203183001183856e-06
80200000.0	-0.11583640661732045	0.021005245208159454	-0.00405278927676233	2.9089525980634405e-05	-2.1375672455309994e-05	-1.34698179822309e-06
80400000.0	-0.11703521802211359	0.02300079842162004	-0.004414766753293711	2.8282265129191975e-05	-2.1239110321035826e-05	-1.3488982897049876e-06
80600000.0	-0.11751051952109541	0.023589256246677567	-0.0049140835846361785	2.7989367391766267e-05	-2.1287937058329546e-05	-1.3594147563938712e-06
80800000.0	-0.11640505864007057	0.023458846220797743	-0.006046395546723663	2.8412986140950056e-05	-2.0639759024483047e-05	-1.220641405157229e-06
81000000.0	-0.11814002163705462	0.024546417209841572	-0.005960102165132421	2.755678375978143e-05	-2.1250239052789453e-05	-1.351697136967035e-06
81200000.0	-0.11885359481847439	0.024537204439176015	-0.005882153420032136	2.7281988861087265e-05	-2.1705438864755768e-05	-1.4351639527683437e-06
81400000.0	-0.11979905839712424	0.02213243891182646	-0.0060629492078107606	2.7335844335252e-05	-2.3381339734704702e-05	-1.6878022562704988e-06
81600000.0	-0.11960507394263593	0.0234320036646309	-0.005279523782373637	2.7183191843805118e-05	-2.2728617326832878e-05	-1.6130958727271184e-06
81800000.0	-0.1218704685709193	0.026287665722692574	-0.004440678840805074	2.5756035658418528e-05	-2.313273527899318e-05	-1.777059474509773e-06
82000000.0	-0.12212305621681928	0.02811975262469646	-0.0044335765238783026	2.5328011694042414e-05	-2.2472049945187645e-05	-1.6959419819257626e-06
82200000.0	-0.12045406640636815	0.030078238207006093	-0.003337622603376466	2.5679626251153524e-05	-2.0526111055351184e-05	-1.3977492366307194e-06
82400000.0	-0.11929685164503356	0.02967326138183315	-0.004376645649903898	2.6225743626548685e-05	-1.9846385746700437e-05	-1.235311379401866e-06
82600000.0	-0.12095061982976478	0.027987126518623538	-0.004756636193861676	2.5802293753267233e-05	-2.1789217572257907e-05	-1.5619004672579157e-06
82800000.0	-0.12004839418180645	0.026998728107011743	-0.0034961314403237943	2.6375349203025522e-05	-2.1608567859142582e-05	-1.524146578331043e-06
83000000.0	-0.12054694511049904	0.02837137506706654	-0.0035407809056004227	2.5905143869460135e-05	-2.1437277556915306e-05	-1.5329820752586653e-06
83200000.0	-0.11921028404482692	0.028962900786765965	-0.0029355653437865567	2.640640331642279e-05	-2.017880467267318e-05	-1.3108193792817923e-06
83400000.0	-0.11938605634498087	0.030311227992479838	-0.0034830911123843226	2.6085250987485263e-05	-1.9712141794565015e-05	-1.2489706295436398e-06
83600000.0	-0.11848156747176301	0.029751586265890764	-0.0025425357006268754	2.6612961799335503e-05	-1.926206251445533e-05	-1.15692226186097e-06
83800000.0	-0.12096031136898104	0.02805130491858464	-0.002039036887836176	2.5729976255568712e-05	-2.204199135953966e-05	-1.6846823171294705e-06
84000000.0	-0.12012650651414629	0.027522212750463508	-0.0021187417714988617	2.6216813186043257e-05	-2.1597371713545252e-05	-1.5726119597789104e-06
84200000.0	-0.12132286573167836	0.029281971021841133	-0.0034267488832020344	2.530292245427572e-05	-2.1846277799401552e-05	-1.6661713673599283e-06
84400000.0	-0.12069107785749772	0.030963276039498305	-0.003963299550630162	2.5328842063682866e-05	-2.0521664661864134e-05	-1.4363988436846284e-06
84600000.0	-0.12011345493918457	0.033666175805856874	-0.004090086384769888	2.5148714715031306e-05	-1.888820668611002e-05	-1.1905005220490736e-06
84800000.0	-0.11921691637067756	0.03188629161003331	-0.0030446010368360846	2.593537870353724e-05	-1.8835408852651704e-05	-1.1273170578024836e-06
85000000.0	-0.11759148420145334	0.029576139581710358	-0.0025774810903500924	2.7174268742044576e-05	-1.845121109702668e-05	-9.609540556186363e-07
85200000.0	-0.11648137266037947	0.029517044290436535	-0.0036639486509072684	2.776402276052558e-05	-1.744328887498842e-05	-7.169173285562315e-07
85400000.0	-0.11746180611242703	0.029667732412049768	-0.003600054391422939	2.721231994446644e-05	-1.8256054878833536e-05	-9.03212902800421e-07
85600000.0	-0.11671023579171208	0.027828781169707193	-0.003037391956804526	2.7940336327380375e-05	-1.8397379735062588e-05	-8.660059331258387e-07
85800000.0	-0.11749095083867864	0.02472850582008923	-0.006295470716979879	2.803774970774806e-05	-2.0187602921450513e-05	-1.0562618034961641e-06
86000000.0	-0.1172208268062776	0.025274285255601513	-0.005641865059432521	2.8092216201281163e-05	-1.977870873762599e-05	-1.0044847205487799e-06
86200000.0	-0.11802999471710732	0.026161936831669022	-0.0059391723853539505	2.747152849113102e-05	-2.0150202876554588e-05	-1.1241941271946593e-06
86400000.0	-0.11797053589206206	0.028127078094752286	-0.004738041087283901	2.715700456369165e-05	-1.9394621135424776e-05	-1.0743689441365434e-06
86600000.0	-0.1180897199863547	0.02988547170375756	-0.004137179117321145	2.675512679272604e-05	-1.893904192583814e-05	-1.0732473550159885e-06
86800000.0	-0.1162101543637339	0.026801324534331025	-0.004804833361887612	2.8426424223227214e-05	-1.8330775488298257e-05	-7.645720604901971e-07
87000000.0	-0.11730197922324442	0.027456625752878855	-0.0054346406664996585	2.7638335523192812e-05	-1.9105326040380357e-05	-9.651810455306247e-07
87200000.0	-0.11816307552046684	0.025782437025292457	-0.004893040102662373	2.7442284136385453e-05	-2.04879682888115e-05	-1.2039931939259904e-06
87400000.0	-0.11877957334850546	0.024923784700604187	-0.004111680090282753	2.720855185190574e-05	-2.1486882699650983e-05	-1.406701185597357e-06
87600000.0	-0.11878182157632429	0.02358060641417846	-0.003253843769877421	2.7462563685068168e-05	-2.200955077000797e-05	-1.471330680690328e-06
87800000.0	-0.11975289670236046	0.026431903788047027	-0.003747025394414794	2.626091700005241e-05	-2.2075263630696085e-05	-1.6441745422763642e-06
88000000.0	-0.12029805836214914	0.026174643028550312	-0.002679171260381588	2.5947069845463852e-05	-2.28017735809349e-05	-1.8249134651022215e-06
88200000.0	-0.1203397534098763	0.026823542603434794	-0.0036913155415622687	2.5785212208895182e-05	-2.2576417141483595e-05	-1.790985916534626e-06
88400000.0	-0.11930781409308129	0.02848441834740028	-0.0037606543964251917	2.613256892616088e-05	-2.1041851922653537e-05	-1.5200539167488112e-06
88600000.0	-0.11958294356604753	0.027700830684448285	-0.0011738857338537286	2.6089382182076812e-05	-2.177528474359959e-05	-1.7031757104890004e-06
88800000.0	-0.1190949466632959	0.02705709725030412	-0.0016511506945050306	2.655042488869248e-05	-2.1438158669198332e-05	-1.570532275014961e-06
89000000.0	-0.11883682524977991	0.025942257562449007	0.0005903076574789716	2.6982295436554967e-05	-2.156256545379908e-05	-1.5705212542623808e-06
89200000.0	-0.11878260014646375	0.026263250532193912	0.0012926784993502315	2.6957724561285085e-05	-2.1435732283806537e-05	-1.5739231273013985e-06
89400000.0	-0.11864225317892885	0.02191588573765752	0.0032038179523354877	2.7947852773493394e-05	-2.268535952273401e-05	-1.6353969469751598e-06
89600000.0	-0.11822950782316408	0.020281351822473762	0.0022828235999429024	2.8597029709775836e-05	-2.2601279562632046e-05	-1.4846200225376804e-06
89800000.0	-0.11903618776077365	0.022020826413928447	0.0024684497166236694	2.7633937793774908e-05	-2.2997275941116907e-05	-1.7125789871088999e-06
90000000.0	-0.11855525753659134	0.023987308866351288	0.003243806371004337	2.7587887146837412e-05	-2.1937871348861374e-05	-1.5915536488622037e-06
90200000.0	-0.11852097246198114	0.023867212411156084	0.0037018783468616818	2.7641496987232182e-05	-2.1949706851678934e-05	-1.5948905848144333e-06
90400000.0	-0.11798180775411268	0.021865342663371395	0.004251399484617774	2.848003527165037e-05	-2.193562198874112e-05	-1.4547298222490827e-06
90600000.0	-0.1180128866090192	0.02119921518358485	0.0038793793895209074	2.8596612689485418e-05	-2.2128449169202665e-05	-1.4501179371133299e-06
90800000.0	-0.11830619604849214	0.02135124777022346	0.0035235083868974085	2.8321864046564215e-05	-2.24197743928646e-05	-1.5346459406306182e-06
91000000.0	-0.11733525008722329	0.017258334635065	0.003616354529808598	3.0004898747297012e-05	-2.2363418357836993e-05	-1.2037418728261704e-06
91200000.0	-0.11769975209941892	0.022610246743006112	0.0014102484647396862	2.8474057720524776e-05	-2.141936666259944e-05	-1.3310103487265322e-06
91400000.0	-0.11807325955865204	0.01769979506328688	0.003031233888275829	2.9384852643300933e-05	-2.2823288701725007e-05	-1.348484253221303e-06
91600000.0	-0.11737807487072785	0.01743463722024736	0.0021892350544561396	3.004559106398016e-05	-2.1972873624527313e-05	-1.075677276615446e-06
91800000.0	-0.11850471808167715	0.021801265483771953	0.0007588491256642496	2.8026625956808595e-05	-2.2330885298791345e-05	-1.5155387427492992e-06
92000000.0	-0.11922490788648561	0.016801760389847598	0.00138835891458889	2.8696361879264088e-05	-2.4016829781900277e-05	-1.5772054595506158e-06
92200000.0	-0.11903759932605189	0.017302446312293725	0.0003222428152713495	2.8745247927565495e-05	-2.3606567085334516e-05	-1.4853453303232482e-06
92400000.0	-0.1192019290298471	0.01419488468385812	-0.000493682323166176	2.936747389421213e-05	-2.43656402452037e-05	-1.417820141178082e-06
92600000.0	-0.11931211400378622	0.012903103899039262	-0.00041780462608629124	2.9615728882433017e-05	-2.468140590210868e-05	-1.3954223858267916e-06
92800000.0	-0.1196040185436512	0.014427442661568833	-5.576893322401308e-05	2.896208309906245e-05	-2.4771370597834166e-05	-1.5662022261313252e-06
93000000.0	-0.1193799696883722	0.012741893085398352	0.00030160023458627246	2.9612184615992e-05	-2.47896245958453e-05	-1.4224635698020542e-06
93200000.0	-0.11917244870749152	0.013743216521288059	0.0014960221126641207	2.953276119679142e-05	-2.4461215469319953e-05	-1.437852701171509e-06
93400000.0	-0.11978201050658333	0.011257659478868767	0.0017175719687702808	2.95721002892173e-05	-2.5745320368548176e-05	-1.59094776062842e-06
93600000.0	-0.12073791464437472	0.010948406943571671	0.002173223296865623	2.8722408716035995e-05	-2.704414334333479e-05	-1.962261292434342e-06
93800000.0	-0.12054527355256604	0.013588578917615793	0.0030096433601263855	2.813379431052003e-05	-2.6582482012098855e-05	-2.094395455333752e-06
94000000.0	-0.12010849136759615	0.013149101858987542	0.003285472019907757	2.8701684428873838e-05	-2.606332343844538e-05	-1.8945876093231849e-06
94200000.0	-0.12034631703285882	0.012166557378714147	0.002745394427183371	2.8736325846056484e-05	-2.6475631748742135e-05	-1.9156295002485464e-06
94400000.0	-0.12021235491470343	0.012341046819428334	0.003057726363719254	2.8818594395585155e-05	-2.630247670847112e-05	-1.8840080557100408e-06
94600000.0	-0.12000660955300793	0.01105047539394586	0.002592211584141946	2.9412791478254466e-05	-2.614653506178913e-05	-1.6912960977545278e-06
94800000.0	-0.11975765872193796	0.013968295249898094	0.0011526908167983879	2.877882827427307e-05	-2.54910344888122e-05	-1.7700983842145489e-06
95000000.0	-0.11986493678787355	0.01541358699696574	0.00035651495030457857	2.81767916781735e-05	-2.5559160343099116e-05	-1.938063448643998e-06
95200000.0	-0.11936953009125958	0.01738648721358003	-0.0003502710374379901	2.8134431235050394e-05	-2.4612980872698508e-05	-1.8334966866644655e-06
95400000.0	-0.1192766281570948	0.018540461139850573	0.00014067108650520988	2.7861213235729414e-05	-2.44451066074066e-05	-1.9148106888212074e-06
95600000.0	-0.11947963301505765	0.018210928474572438	-0.0007943920706558778	2.773608542559591e-05	-2.4701990911489143e-05	-1.9512966549154006e-06
95800000.0	-0.11964081285010668	0.018587911252384366	-0.001111010948115059	2.7404719571847786e-05	-2.4940706376181572e-05	-2.0726091655828637e-06
96000000.0	-0.1192036004535247	0.01714061409611085	-0.0029596716865294007	2.8451329258152585e-05	-2.417418476895648e-05	-1.6092612101911873e-06
96200000.0	-0.11976212684476557	0.01583087359409074	-0.001837347857507093	2.8288800484256165e-05	-2.4966034228955216e-05	-1.7471701550281884e-06
96400000.0	-0.11983716231075388	0.016063622337313968	-0.0018261846999350609	2.8097977970951965e-05	-2.5107504117923616e-05	-1.8262788111934828e-06
96600000.0	-0.12115357583973643	0.013165525652216698	-0.00036751681698901184	2.7497696502848707e-05	-2.718115329948685e-05	-2.234444197602461e-06
96800000.0	-0.12099372731413686	0.012008188211068038	-0.0004806238597836054	2.8192444989204404e-05	-2.677662342243008e-05	-1.941324377839415e-06
97000000.0	-0.12132474034652645	0.010265754868328815	0.0001264291701506772	2.8424880888406287e-05	-2.7263150953559677e-05	-1.906855465105436e-06
97200000.0	-0.12119480560294954	0.013173787157951096	-0.00022405715673186268	2.7343568997204004e-05	-2.740014665854833e-05	-2.329816517213521e-06
97400000.0	-0.12172183975867307	0.010025446879911698	-0.0012771496324025901	2.8051293242117786e-05	-2.770112821959032e-05	-2.0172402719359617e-06
97600000.0	-0.12230939307897029	0.007898595813577158	-0.0014331931763457376	2.8086244749835228e-05	-2.8550946799510046e-05	-2.0543959956195946e-06
97800000.0	-0.12170164311642948	0.0089621038578914	-0.0017576672347067773	2.85172124678999e-05	-2.7562447768047248e-05	-1.8135071845176221e-06
98000000.0	-0.12132763179812937	0.00936141627703147	-0.000343963255855015	2.8893814015264275e-05	-2.700126022564925e-05	-1.6680321735553875e-06
98200000.0	-0.12179458068568123	0.008644287355752917	-0.0018743836657858436	2.844312140457828e-05	-2.7815978977925442e-05	-1.866915625219417e-06
98400000.0	-0.12281762420014287	0.004809762124388243	-0.0024163835502666996	2.8762925910271323e-05	-2.8881130801529893e-05	-1.7417790043498471e-06
98600000.0	-0.12186864891069278	0.00751799676840532	-0.001134576267499619	2.8799743984761357e-05	-2.7903212423489687e-05	-1.750528596842224e-06
98800000.0	-0.12191544424246054	0.007550441123857842	-0.0008882369480953211	2.8689937563978713e-05	-2.8036402500586528e-05	-1.8127500486026981e-06
99000000.0	-0.12116607243652051	0.009811572290564986	-0.0003332288267266552	2.8721180911355393e-05	-2.71669013404055e-05	-1.7956345335567493e-06
99200000.0	-0.12158194162293401	0.009647094429318007	-0.0005781255195247497	2.8080045331919498e-05	-2.7982857236546224e-05	-2.109976973452462e-06
99400000.0	-0.12164952789275393	0.008864722554814701	0.0008419160543750581	2.8469173485067273e-05	-2.7828502050821382e-05	-1.9446097204737604e-06
99600000.0	-0.12090772754880909	0.011456305151687114	0.0016561117697351218	2.821260554697819e-05	-2.7241341666156056e-05	-2.1040575883325953e-06
99800000.0	-0.12014489190192609	0.013797056688271737	0.001747849322375349	2.802837476071531e-05	-2.6692086419269637e-05	-2.23154408771339e-06
100000000.0	-0.12004107839864765	0.015006281650432631	0.0011308450932486615	2.7268116019590623e-05	-2.720836426820193e-05	-2.6425446225774448e-06
100200000.0	-0.1204011308938438	0.014058432667060179	0.0013252780202761068	2.7187551120469467e-05	-2.7633206840530073e-05	-2.682266969685687e-06
100400000.0	-0.12018421194804554	0.014662021310840797	0.0026658167334146225	2.7181734277648083e-05	-2.7489589427094177e-05	-2.7327894176099492e-06
100600000.0	-0.12073146581693653	0.013446894885775574	0.003232379799323184	2.6694983432202388e-05	-2.855486872835239e-05	-3.0251153749838594e-06
100800000.0	-0.1210327074500311	0.012425371332524136	0.004793869985897208	2.6928942429946847e-05	-2.8623817734636237e-05	-2.90618734275748e-06
101000000.0	-0.12122951347206257	0.011988712519000081	0.0036934219703125305	2.681887002587621e-05	-2.885108431315169e-05	-2.9273105080519717e-06
101200000.0	-0.12237816742434658	0.008637859520528446	0.0030228567118748446	2.6982012293387405e-05	-2.9682047430810877e-05	-2.7336900937314427e-06
101400000.0	-0.12326841122129101	0.00597048635272736	0.002705704036253796	2.7502235825706885e-05	-2.9793358350975115e-05	-2.31628061351394e-06
101600000.0	-0.1223340925372636	0.007889089488954878	0.0015366086163631407	2.805927601938235e-05	-2.85417942099771e-05	-2.02568258134557e-06
101800000.0	-0.1223410639340814	0.007869027776210983	0.002950361572613865	2.8082633680610846e-05	-2.8550200153585935e-05	-2.0445126727884978e-06
102000000.0	-0.12120584013055827	0.010644171683485228	0.0026088350368083206	2.8407749452457404e-05	-2.733181175212392e-05	-1.9361281423136726e-06
102200000.0	-0.12041276166009163	0.01255014796011187	0.0010244044296797965	2.8224119797441657e-05	-2.70334310426144e-05	-2.1164209089242677e-06
102400000.0	-0.11958944651577838	0.01467558232531467	0.0012557713301927576	2.8104205734338183e-05	-2.6599945317802997e-05	-2.297322376227744e-06
102600000.0	-0.11879619591849197	0.016531844910333247	0.0014163372329540288	2.8647861804124068e-05	-2.5402812847369022e-05	-2.0273688047049755e-06
102800000.0	-0.11832167375593013	0.017532955879882437	0.0016761533838474288	2.9000603111767894e-05	-2.4724128417515858e-05	-1.860836073326513e-06
103000000.0	-0.11833996174717558	0.017409537332204378	0.0007852728276691961	2.8718647135243242e-05	-2.5124632932895573e-05	-2.0394530454377533e-06
103200000.0	-0.11766389015770105	0.018956435524153513	-0.00029300523834821176	2.8923328968515647e-05	-2.4459557183233357e-05	-1.970779118177361e-06
103400000.0	-0.1190252220062224	0.016132922896272904	0.0012018493776762276	2.876262855475409e-05	-2.5281086815442507e-05	-1.8833478006510486e-06
103600000.0	-0.11941935003496752	0.015118637036547039	0.0015261589010755507	2.851550649149974e-05	-2.587077393534257e-05	-2.0090143771285073e-06
103800000.0	-0.11954792457806776	0.014777521904157069	0.001692770891033102	2.8348021098404813e-05	-2.6173862175184916e-05	-2.113039444938264e-06
104000000.0	-0.12018391584922046	0.013689732350709055	0.002922055509103968	2.8756502424937297e-05	-2.5844404658711885e-05	-1.7132574357954e-06
104200000.0	-0.12027426831550452	0.013778022980613518	0.002045303247484115	2.9100840733976285e-05	-2.5296933483699332e-05	-1.4061065256222194e-06
104400000.0	-0.12056698142078524	0.013247452205226204	0.0016991977074946826	2.917099551295343e-05	-2.5284360987639704e-05	-1.2817513046407052e-06
104600000.0	-0.12162696245260428	0.01132272727969299	0.001637936434298076	2.9223210580921324e-05	-2.551392297384897e-05	-1.0066068347859604e-06
104800000.0	-0.1232029048678085	0.00830347683951518	-2.219502329672005e-05	2.927568849280833e-05	-2.5935169405819862e-05	-5.799833661704302e-07
105000000.0	-0.12346491127119384	0.0073074771515982415	-0.0013640298373476395	2.8689831863458043e-05	-2.691831528682565e-05	-9.423155385420169e-07
105200000.0	-0.1234700842256413	0.007373968041434042	-0.0011470677307923013	2.8780444074349306e-05	-2.678205220163193e-05	-8.740868896685819e-07
105400000.0	-0.12448811297875359	0.004716017677594137	-0.001969505379700174	2.8102223592070558e-05	-2.8218572895534282e-05	-1.1512061624602421e-06
105600000.0	-0.12403560930473961	0.005844567112500754	-0.0037230559668121888	2.8461448057055936e-05	-2.7499862094041996e-05	-9.351676050742327e-07
105800000.0	-0.12382107682417431	0.006051163154852083	-0.002286675506008894	2.821970623707026e-05	-2.7828373985098835e-05	-1.209654034565632e-06
106000000.0	-0.12342078426982257	0.006811467264595071	-0.001750914081474792	2.8258138494994803e-05	-2.7668553856368486e-05	-1.29096776266607e-06
106200000.0	-0.12334407030387344	0.006977619889120425	-0.0018210552538985418	2.8285100371467395e-05	-2.760236559117354e-05	-1.2857210119230494e-06
106400000.0	-0.12462310647538812	0.004363111248549958	-0.0007839405596657982	2.761038496698695e-05	-2.8826396569481136e-05	-1.4928741079237203e-06
106600000.0	-0.12557250646643617	0.0022008555095285637	-0.00032469115716551004	2.7167741333952758e-05	-2.9765848560605883e-05	-1.5973437843066062e-06
106800000.0	-0.12656091589689517	0.0005853582321249879	-0.0006297965459960355	2.7093617567296133e-05	-3.00161809014428e-05	-1.3663060483092181e-06
107000000.0	-0.12559809041612086	0.002101610337177071	-0.001005411961601131	2.718572120027531e-05	-2.9759226530098615e-05	-1.5602151886448377e-06
107200000.0	-0.124984306643561	0.003195417045686008	-0.0013298864672342718	2.729236805936681e-05	-2.9485207872503722e-05	-1.6437476287501718e-06
107400000.0	-0.12626030002434754	0.0016507451680498723	-0.0026874478073596075	2.7515885063050708e-05	-2.921997045910554e-05	-1.043018881717767e-06
107600000.0	-0.12525311715203447	0.00353202113730513	-0.002570683986554705	2.790119992582619e-05	-2.8548427113845324e-05	-1.0401324874198696e-06
107800000.0	-0.1239021465861337	0.005282127992643491	-0.003927507500626351	2.7846678362851176e-05	-2.853399370950166e-05	-1.47794546982581e-06
108000000.0	-0.12540545871008701	0.0031660212110355096	-0.0038997960845902633	2.7777201893072388e-05	-2.8721808855286143e-05	-1.0495112975451935e-06
108200000.0	-0.12550595380518045	0.003268677484824328	-0.002702366419606292	2.7906671956925083e-05	-2.851951512977012e-05	-9.320715720843822e-07
108400000.0	-0.12459246887092049	0.004725985290986576	-0.0014263444136698208	2.802245255897516e-05	-2.82767543978492e-05	-1.1622578795309769e-06
108600000.0	-0.12440932888142182	0.005466665156271928	-4.2234166995801454e-05	2.8298799486562537e-05	-2.7816972753166794e-05	-1.0206037027948922e-06
108800000.0	-0.12544031634339814	0.003299891419745682	-0.0005962410346174743	2.7627249154406062e-05	-2.8806892617174506e-05	-1.2046779811082452e-06
109000000.0	-0.12449638355139171	0.004615459737391624	-0.001424439713609392	2.7734355399011394e-05	-2.862071953573199e-05	-1.4289187348117366e-06
109200000.0	-0.12296683159063727	0.007134240106410677	-0.0026019282640835422	2.8200908718287034e-05	-2.790292245073357e-05	-1.5638491534607697e-06
109400000.0	-0.12369548964807886	0.00584335819508322	-0.0021536015982612767	2.784468579230592e-05	-2.8388647863119763e-05	-1.6015578654778945e-06
109600000.0	-0.12387616615501611	0.0061241419479767245	-0.001683185741943617	2.809746748723384e-05	-2.7969299101146644e-05	-1.3282402688417337e-06
109800000.0	-0.12182833365050032	0.009983550457339119	-0.0013449174442208332	2.906497395963083e-05	-2.6581610750925608e-05	-1.295908648941831e-06
