6200.280517578125	0.0	0.0	0.0	0.0	0.0	0.0
6404.91650390625	-1.9794753942800084e-08	-3.718431731948438e-08	1.2147710513921717e-09	0.0	0.0	0.0
6615.309326171875	3.0209949916226035e-07	-8.500182642704513e-07	2.401777728557544e-08	0.0	0.0	0.0
6817.581298828125	-1.773296205956151e-06	4.362143500264711e-06	7.691456364430083e-08	0.0	0.0	0.0
7020.091064453125	-4.862051357293502e-06	4.278503504667813e-06	1.6406673292185385e-07	0.0	0.0	0.0
7225.16455078125	1.4275521728361575e-05	-1.2181802236895911e-05	3.0110955112172714e-07	0.0	0.0	0.0
7429.492919921875	-7.014583392573282e-06	-8.526392234741429e-06	4.931331320964038e-07	0.0	0.0	0.0
7631.4140625	-3.923335373532877e-06	-3.41567047839906e-05	7.775613987642816e-07	0.0	0.0	0.0
7834.489013671875	2.7862165584486486e-05	-2.4327588581119243e-05	1.0935974707624437e-06	0.0	0.0	0.0
8037.431640625	4.080941486508559e-05	2.2184123841472758e-05	1.4456007935295027e-06	0.0	0.0	0.0
8240.13232421875	-0.00010156153148632842	0.0001479871798213458	1.8617519124712014e-06	0.0	0.0	0.0
8440.417236328125	9.701941590860733e-05	-3.137602253945007e-05	2.36077789042781e-06	0.0	0.0	0.0
8645.350830078125	-0.0001364699970122669	-7.526112611997305e-05	2.8467260708821633e-06	0.0	0.0	0.0
8848.309814453125	0.0001338747563260382	-9.328677422243717e-05	3.2293691774013855e-06	0.0	0.0	0.0
9060.685302734375	-5.170297582961806e-05	-6.269477627008269e-05	3.5546061734519e-06	0.0	0.0	0.0
9271.437255859375	-0.00026776260308999044	0.0002275074182158755	3.6658501898184426e-06	0.0	0.0	0.0
9482.996337890625	-0.0005167358984912392	3.194498476039155e-05	3.2184427766694797e-06	0.0	0.0	0.0
9693.85791015625	-5.1474424667931776e-05	-0.000170004665626052	2.8649089801876185e-06	0.0	0.0	0.0
9907.974853515625	-0.000588419452429567	-0.0001819585605569515	1.8685231715866966e-06	0.0	0.0	0.0
10120.7431640625	0.00011536884524356264	0.0006016803702922391	8.61144609224922e-07	0.0	0.0	0.0
10328.289794921875	-0.00017302685145039013	-6.33114310874027e-05	-9.105747677043854e-08	0.0	0.0	0.0
10537.2548828125	-0.0004114001599019938	-0.0006806310588627859	-1.4751952257014142e-06	0.0	0.0	0.0
10756.007568359375	-0.00039574508122275137	0.0006247055389469128	-2.921848175510287e-06	0.0	0.0	0.0
10966.609619140625	0.001443820520887537	-0.000413872189056932	-4.062479261308365e-06	0.0	0.0	0.0
11180.814453125	0.00016916396139913202	-0.00030711486326446516	-5.330483097341754e-06	0.0	0.0	0.0
11394.513427734375	-0.002382834634149516	0.0005270259478268972	-6.4237891564930395e-06	0.0	0.0	0.0
11606.4599609375	-0.0032170932796134473	-0.0011339204362853044	-1.0216437290039604e-05	0.0	0.0	0.0
11816.985595703125	-0.0004995809429968295	3.959725869028219e-05	-1.381628576145536e-05	0.0	0.0	0.0
12024.243896484375	-0.0007192047038886874	0.0005998190142756223	-1.9010671187875822e-05	0.0	0.0	0.0
12231.8974609375	-0.00029302328385282027	0.001996862583984364	-2.3536478845515163e-05	0.0	0.0	0.0
12445.3974609375	-0.0009141341506040269	-0.0010212910324342893	-2.8904152833399355e-05	0.0	0.0	0.0
12652.13916015625	0.00028087866943433373	-0.000104858140776867	-3.34099729144045e-05	0.0	0.0	0.0
12866.539306640625	-0.0006227753416880655	-0.0002496079187061083	-3.774769084594152e-05	0.0	0.0	0.0
13075.674072265625	0.0011674098968859896	0.002207143541780032	-4.201168328219788e-05	0.0	0.0	0.0
13286.052734375	-0.0014558005758171758	-0.0005990336879662193	-4.8748368051085656e-05	0.0	0.0	0.0
13495.325927734375	-0.001317763104089502	-3.509482544002251e-05	-5.5347128079216e-05	0.0	0.0	0.0
13708.59619140625	0.0016760391889172378	-0.0031559498275052994	-6.368216344900051e-05	0.0	0.0	0.0
13925.199951171875	0.0013039142116534834	-1.1352962511964364e-05	-7.081468188618324e-05	0.0	0.0	0.0
14136.6728515625	-0.0025524637868769443	0.0022661013863785827	-7.88032795948095e-05	0.0	0.0	0.0
14351.68896484375	0.0011504568944388659	-0.00272826751652309	-8.722086963017176e-05	0.0	0.0	0.0
14562.781982421875	0.0009110592427568454	-0.0007679532736669503	-9.520594141718793e-05	0.0	0.0	0.0
14781.76953125	0.0019614382258215956	0.00010888956408865341	-0.00010169323113898705	0.0	0.0	0.0
14993.45556640625	-0.0017210434224229421	0.0025717742208206315	-0.00010518617027126243	0.0	0.0	0.0
15207.594482421875	0.0007191962406308675	-0.00033730208343982085	-0.00010515324922346037	0.0	0.0	0.0
15424.15771484375	0.0007253505767468886	-0.00044165224715304787	-0.0001035675123378834	0.0	0.0	0.0
15638.525390625	0.0021244235131474354	-0.0019169592784195428	-9.529351974012988e-05	0.0	0.0	0.0
15852.04345703125	0.0017349310795668135	-0.0002144510169079914	-8.555232433408656e-05	0.0	0.0	0.0
16069.8828125	-0.0008307159132959553	-0.00030409677784312364	-7.823459909279047e-05	0.0	0.0	0.0
16282.413330078125	0.0028791173732147	-0.0019956661678005604	-7.018962414270959e-05	0.0	0.0	0.0
16492.519775390625	-0.0001403730957324166	0.001635001504532033	-6.517080327248954e-05	0.0	0.0	0.0
16702.218994140625	0.0005820191914683135	-0.00023490189303518425	-6.41763886440297e-05	0.0	0.0	0.0
16912.047119140625	-0.0018639718197912712	0.0005253802208180296	-6.105315465026873e-05	0.0	0.0	0.0
17121.25927734375	-0.0012433934177816153	-0.0018941526469275583	-5.741714577970838e-05	0.0	0.0	0.0
17335.4306640625	0.0005949964633620692	-0.001547125937104515	-5.444951334484748e-05	0.0	0.0	0.0
17543.71044921875	0.0015057572146266946	-0.003482787305331977	-5.191358964277423e-05	0.0	0.0	0.0
17755.5380859375	0.0026953467909039104	0.00016362595516711766	-4.75008203737481e-05	0.0	0.0	0.0
17968.35595703125	0.0006163395548173417	0.0021531588770503725	-4.223408456712585e-05	0.0	0.0	0.0
18180.502685546875	0.00026785286907550835	0.00046465091170505465	-3.875610154348731e-05	0.0	0.0	0.0
18394.568115234375	0.001216049518171974	0.001096357465462148	-3.554867429953658e-05	0.0	0.0	0.0
18606.978515625	0.00020117194951534286	-0.0014211080861376275	-3.386168704969491e-05	0.0	0.0	0.0
18819.85205078125	0.00024721313652527473	-0.0006922556546010775	-3.1836032802847696e-05	0.0	0.0	0.0
19033.490234375	0.0010614717881043657	0.0025407118441678543	-3.0128465636369526e-05	0.0	0.0	0.0
19245.4140625	-0.00024111190027766935	0.0006996240770847662	-3.089125311861817e-05	0.0	0.0	0.0
19461.985107421875	-0.002672804408372682	-3.410945965165894e-05	-3.134557158189821e-05	0.0	0.0	0.0
19671.693603515625	-0.000962884942868711	0.003961605903249056	-2.836487705790474e-05	0.0	0.0	0.0
19882.04345703125	-0.0003872901653014611	0.0014929982163210977	-2.879419232677967e-05	0.0	0.0	0.0
20093.592041015625	-0.0034832805996338964	-0.0036453685966650797	-2.9494470291338434e-05	0.0	0.0	0.0
20305.92529296875	-0.002364304458450292	0.001119572432827811	-2.289065705822919e-05	0.0	0.0	0.0
20521.396240234375	0.002108316369206878	0.0018488124033531473	-2.126033136366113e-05	0.0	0.0	0.0
20738.200439453125	0.0017354522995986145	-0.0013811627832565853	-2.5081344214691214e-05	0.0	0.0	0.0
20958.76123046875	-0.0009198940348110798	6.411938990194866e-05	-2.3243934728364406e-05	0.0	0.0	0.0
21172.83984375	0.001649606230247396	-0.0025157269691614124	-2.152628306548807e-05	0.0	0.0	0.0
21382.986083984375	0.0010719569487137326	0.0005923511107130021	-1.7743577154260974e-05	0.0	0.0	0.0
21594.62939453125	-0.0023243512765791182	-0.0023273558961323907	-2.042659804203188e-05	0.0	0.0	0.0
21804.777099609375	0.002059905518211164	-0.00222819877818782	-2.061846536150012e-05	0.0	0.0	0.0
22023.490966796875	0.002511978066746522	0.0002935290762357768	-2.1472519872268244e-05	0.0	0.0	0.0
22235.516845703125	0.0009213993107517942	0.0003626508992374581	-2.7149229616582994e-05	0.0	0.0	0.0
22456.27880859375	-0.00050372780264045	0.0022441322545116433	-2.915010230870553e-05	0.0	0.0	0.0
22662.725341796875	-0.0004220010294671889	-0.0024204338645378446	-3.4638039295944404e-05	0.0	0.0	0.0
22884.378662109375	-0.0026407573382137024	0.00026336132854419563	-3.5361389955262785e-05	0.0	0.0	0.0
23100.458251953125	-0.003390900504160082	-0.002581450103390857	-3.592663769578591e-05	0.0	0.0	0.0
23311.031494140625	0.000985081146829631	-0.0009822636613614245	-3.5386107586818086e-05	0.0	0.0	0.0
23522.031494140625	-0.0003552149060897283	0.0023012535986387537	-3.386824979936313e-05	0.0	0.0	0.0
23737.03466796875	-0.001752523552573533	0.001372537768380262	-3.5772809047225816e-05	0.0	0.0	0.0
23950.78271484375	-0.0014368793605780497	-0.000870020422790417	-3.97853518736804e-05	0.0	0.0	0.0
24169.016845703125	0.0028497043539512457	0.00043617616921768905	-4.3458761128826764e-05	0.0	0.0	0.0
24377.888427734375	0.0024809089097187955	0.0014246800238334122	-4.484833320225233e-05	0.0	0.0	0.0
24617.79736328125	-0.0008457213545927398	-0.001406460506327568	-5.616755481489235e-05	0.0	0.0	0.0
24799.934326171875	0.0022257665211707304	0.0009669366186915074	-5.8790929452931535e-05	0.0	0.0	0.0
25013.725341796875	-0.0021567962502106225	-0.003022676953376573	-7.076807190812858e-05	0.0	0.0	0.0
25224.5869140625	-3.156204363364949e-05	0.0005951606580796503	-6.93524864067571e-05	0.0	0.0	0.0
25443.380615234375	0.0006024723680710903	-0.0035123491842569353	-7.5412365460256e-05	0.0	0.0	0.0
25653.921875	-0.00013805564092385256	-0.0010721022310704344	-7.4374922870106e-05	0.0	0.0	0.0
25865.3642578125	0.0015037576045917554	-0.0014435726155849844	-7.215368110482238e-05	0.0	0.0	0.0
26075.420166015625	0.0016481079577357423	-0.0017377757512923697	-6.76815706208258e-05	0.0	0.0	0.0
26289.61376953125	0.0015345551248985264	0.0014109889894397484	-6.0665911427920965e-05	0.0	0.0	0.0
26504.798095703125	0.0004909591242293735	0.0001536094284474542	-5.70295196267483e-05	0.0	0.0	0.0
26717.04443359375	-0.00010975179639373475	0.0010226647468983155	-5.0553536948839756e-05	0.0	0.0	0.0
26930.927734375	-0.0029147649287044127	-0.0019449046931838054	-4.770145106721573e-05	0.0	0.0	0.0
27147.730712890625	-0.0010375387931282338	0.0003029320180382911	-4.2685927932283775e-05	0.0	0.0	0.0
27360.307861328125	0.0018344613581133585	-0.00011451767656831796	-4.070641074457275e-05	0.0	0.0	0.0
27571.7294921875	0.0018297464997064107	-0.002596224589744306	-3.9216905862342364e-05	0.0	0.0	0.0
27783.47900390625	0.0013067957455064013	-0.0031400749577299896	-3.62500022136069e-05	0.0	0.0	0.0
27997.009521484375	-0.0023775549724899324	0.0033673238663295205	-2.2975512030085313e-05	0.0	0.0	0.0
28213.654052734375	0.0007756140798338938	-0.0028533057115861043	-2.6069158902350344e-05	0.0	0.0	0.0
28422.5341796875	-0.0009245784432411515	0.00035494702053602095	-1.8937146382026036e-05	0.0	0.0	0.0
28632.456787109375	-0.002149519131075371	0.0003253871298148963	-1.545053301147325e-05	0.0	0.0	0.0
28841.70947265625	6.021245501324228e-05	-0.0002974324549814342	-1.301730468730423e-05	0.0	0.0	0.0
29062.494140625	-0.0011892138330583902	-0.0018352058789850632	-1.0497461822577643e-05	0.0	0.0	0.0
29272.62158203125	-0.00074218352696603	0.0015255107492330095	-3.2011744096899115e-06	0.0	0.0	0.0
29483.2646484375	0.0017543145095407489	0.0015457906412025392	-8.973766533120892e-07	0.0	0.0	0.0
29697.042724609375	-0.0006555669474314415	2.3150713740423484e-05	3.6668091772714037e-06	0.0	0.0	0.0
29906.762451171875	-0.0006516036979303185	0.0006367398758839977	9.172328628068015e-06	0.0	0.0	0.0
30121.0712890625	0.0005117613682640384	-0.0003949125193804969	1.0034402087746507e-05	0.0	0.0	0.0
30331.864501953125	-0.0011112024866321622	-0.0013439526483207261	1.5551021271055244e-05	0.0	0.0	0.0
30542.618896484375	-0.0022716527976634733	-3.0936764877858055e-05	2.2755547456573104e-05	0.0	0.0	0.0
30761.51220703125	0.002948496541925791	-0.003933758142986763	1.542205296238275e-05	0.0	0.0	0.0
30972.91162109375	0.0007709155417593231	0.0016647718180693278	2.6072384953816386e-05	0.0	0.0	0.0
31186.18359375	5.845256614290836e-05	-0.002618480159743516	2.036375010475459e-05	0.0	0.0	0.0
31396.9287109375	0.001489115602464882	-0.0006063651465845093	2.026051514616375e-05	0.0	0.0	0.0
31610.223876953125	0.001203008634702681	-0.0028858764322303287	1.2691703377275604e-05	0.0	0.0	0.0
31824.086669921875	0.0030950044008373583	-1.830460189948346e-05	1.3613962878385946e-05	0.0	0.0	0.0
32032.87548828125	-6.834297585991511e-06	-0.0004748018982888202	1.719760034206432e-05	0.0	0.0	0.0
32247.8828125	0.0025219026850934662	0.003081439737630524	2.4878040728183834e-05	0.0	0.0	0.0
32453.77197265625	-0.0005468518431375736	0.0007954115793490178	2.928322211402918e-05	0.0	0.0	0.0
32667.93896484375	0.0015417042302798022	-0.0008162197184027088	2.76218544930306e-05	0.0	0.0	0.0
32877.68115234375	0.0007999989758640247	0.0012135217332103646	3.560270963986287e-05	0.0	0.0	0.0
33090.432373046875	0.0038540669809502656	0.0003529625455945641	3.177109179787205e-05	0.0	0.0	0.0
33304.72216796875	-0.0010373533834565473	-0.0036481343713206495	3.335740784655091e-05	0.0	0.0	0.0
33515.18408203125	0.002136777940917918	-0.002794675635327203	2.796067498292371e-05	0.0	0.0	0.0
33729.067626953125	0.0013182336427488906	-0.00048115095244723443	2.9544323275877083e-05	0.0	0.0	0.0
33939.780517578125	-0.0010616269599566259	-0.0009924597093981305	2.962374165548871e-05	0.0	0.0	0.0
34148.4296875	-0.0006428924921403658	-0.001634233785133985	2.7415267538176103e-05	0.0	0.0	0.0
34361.73828125	0.0023448837228020646	-0.0014455692046561142	2.180491507274633e-05	0.0	0.0	0.0
34571.066162109375	0.0027302798889403475	0.0006834112128556822	2.3311658690608223e-05	0.0	0.0	0.0
34783.694580078125	0.002895073316871091	0.0020642991516056325	2.3521765886210108e-05	0.0	0.0	0.0
35000.385986328125	-0.0005141300694791679	0.000767290154623633	2.5086499282964402e-05	0.0	0.0	0.0
35212.60595703125	0.0008891158977562104	-0.0020017678506845963	1.8665691922531063e-05	0.0	0.0	0.0
35424.771728515625	0.0011561076601560836	-0.00116317408731708	1.955232801604953e-05	0.0	0.0	0.0
35639.501708984375	0.0009148566261247016	0.0013574813845446	2.3644783898268752e-05	0.0	0.0	0.0
35850.4072265625	0.0012306253991844229	-0.0001816506486443799	1.6768167936469594e-05	0.0	0.0	0.0
36064.130126953125	-0.0017454342020858634	0.0007574770146293269	1.876962484462704e-05	0.0	0.0	0.0
36276.125244140625	-0.0018755851649915143	-0.0025079358145085225	2.5261837760726683e-06	0.0	0.0	0.0
36488.797607421875	-0.0011526672932633882	-0.0018686885766393882	-6.404504584108349e-06	0.0	0.0	0.0
36704.1953125	-0.00024286209163742353	0.0005675356965923631	-1.5033431303539451e-05	0.0	0.0	0.0
36918.98046875	0.003833770380223194	0.0009026127257146569	-3.337429255485866e-05	0.0	0.0	0.0
37128.596923828125	0.0017662012481227246	-0.0024032486058045313	-4.362655012952731e-05	0.0	0.0	0.0
37339.772216796875	0.0008857781597503008	-0.00013921047821381449	-4.9616634527092416e-05	0.0	0.0	0.0
37548.4267578125	-0.00264535315076905	-0.0002969984386323535	-5.253536475070465e-05	0.0	0.0	0.0
37764.78515625	-0.0002563086255972743	-0.0033508603529675608	-7.093857500948984e-05	0.0	0.0	0.0
37974.549072265625	0.001557330494602084	0.002646803880667104	-7.508276639391385e-05	0.0	0.0	0.0
38189.52001953125	-0.0010354074297253579	0.0028361091891423154	-7.215821258264045e-05	0.0	0.0	0.0
38403.738525390625	0.000828907795773158	-0.0005115889678165387	-8.401492161908064e-05	0.0	0.0	0.0
38621.898193359375	0.004759935116436502	-0.0022747489011167676	-9.757706718172534e-05	0.0	0.0	0.0
38834.748779296875	4.50696635410831e-05	-0.0004452667728712877	-8.459506745860068e-05	0.0	0.0	0.0
39051.61279296875	-0.0004499895627027136	0.0003389145082617081	-8.325554844070858e-05	0.0	0.0	0.0
39267.74365234375	0.0026029706743667734	-0.001817556435794614	-8.903209003130173e-05	0.0	0.0	0.0
39481.6748046875	7.733366370814622e-07	-0.0003474303485772314	-8.252938462233955e-05	0.0	0.0	0.0
39699.462890625	0.0009181417042424897	0.00037999140037035144	-8.155586340840707e-05	0.0	0.0	0.0
39912.968017578125	0.001486517174617493	0.0006917526904121437	-8.533045383428455e-05	0.0	0.0	0.0
40121.861572265625	2.033864493909884e-05	-0.0004484861350864481	-8.331309445297809e-05	0.0	0.0	0.0
40344.389404296875	-0.00018861144453080953	-0.0005229360935364554	-8.105745834771533e-05	0.0	0.0	0.0
40554.686767578125	0.0017007123287757012	0.0020662464910720583	-8.140875787993805e-05	0.0	0.0	0.0
40772.01220703125	0.0006677462725162064	-0.004279236466089832	-8.185455144493962e-05	0.0	0.0	0.0
40989.415771484375	-0.00013886187505819506	-0.0016863140845654473	-8.124041658401197e-05	0.0	0.0	0.0
41200.1357421875	0.0019109757681262476	0.0019731352628765777	-8.344532979084316e-05	0.0	0.0	0.0
41420.21240234375	0.005267160100492273	5.6320334947167424e-05	-9.554650041555316e-05	0.0	0.0	0.0
41629.352294921875	0.00033666052918862995	-0.0005271453784850545	-7.8002566084323e-05	0.0	0.0	0.0
41843.5546875	0.004230417727411386	0.0014576667302254368	-8.956831526591168e-05	0.0	0.0	0.0
42055.302978515625	0.0023013523131024368	0.002923421829798212	-8.104765287480669e-05	0.0	0.0	0.0
42266.315185546875	-0.0012392953043187764	-1.763033155343411e-05	-7.099356763240102e-05	0.0	0.0	0.0
42484.830322265625	-0.0002984567435437722	-0.0015354109108161695	-7.512149830486618e-05	0.0	0.0	0.0
42696.783935546875	0.002901986053088897	-0.003919457441031495	-8.735998124940077e-05	0.0	0.0	0.0
42915.88037109375	0.0022746572046106485	-0.00099681229604325	-8.707018022845184e-05	0.0	0.0	0.0
43131.604248046875	0.0005440341748658851	-0.0014251221514430708	-7.91096728210089e-05	0.0	0.0	0.0
43346.438232421875	-0.00040859580301681227	0.0009561603192642119	-7.02056326784831e-05	0.0	0.0	0.0
43560.36328125	0.002477545496453528	-0.0006079105968374176	-7.545582338556844e-05	0.0	0.0	0.0
43776.8173828125	0.000949527003238429	0.0036301522887386413	-6.866331926383739e-05	0.0	0.0	0.0
43985.364013671875	0.002623438673900439	0.0005661627971030365	-7.301542561452517e-05	0.0	0.0	0.0
44195.681640625	0.004257389176536973	0.0006813159017683247	-7.237356257041235e-05	0.0	0.0	0.0
44407.412841796875	0.0016494335333363357	-0.0016668751042087852	-5.670845219382478e-05	0.0	0.0	0.0
44621.766357421875	-0.0009911669406191413	-0.0009570157704712188	-3.9776936487633636e-05	0.0	0.0	0.0
44835.445556640625	-0.002753596133458519	0.0023991957567127426	-2.3139606368656217e-05	0.0	0.0	0.0
45048.130615234375	0.0007846095017695318	0.00021720796445203093	-2.615757373676557e-05	0.0	0.0	0.0
45259.56787109375	0.0014397822218228198	-3.193390903345073e-05	-1.8934727213503335e-05	0.0	0.0	0.0
45469.451171875	-0.00013234042406068665	-0.0019070382742927972	-6.4786069000035975e-06	0.0	0.0	0.0
45682.472900390625	-0.0010079217687669372	-0.00025586403810542514	7.279142781209611e-06	0.0	0.0	0.0
45894.423095703125	-0.0005655620362846056	-6.631854937935602e-05	1.895517753006559e-05	0.0	0.0	0.0
46111.17724609375	0.002619636209914009	-0.0025203843480871733	1.8690584959887893e-05	0.0	0.0	0.0
46324.93994140625	-0.00030718453206095216	-0.001895472061371956	3.586133832865882e-05	0.0	0.0	0.0
46537.31103515625	-0.00079387814811852	-0.0005921073418642974	4.46353437489199e-05	0.0	0.0	0.0
46749.75	0.0018007440692741127	-0.0019064218229225887	4.459022157221022e-05	0.0	0.0	0.0
46966.752685546875	0.0011558511611628425	0.002783398631804647	5.850196921530512e-05	0.0	0.0	0.0
47176.80078125	0.0048616974030367445	0.0006585789373106518	4.646203461770115e-05	0.0	0.0	0.0
47390.841552734375	0.001320803933453827	-0.0009122815103103194	5.815416974769002e-05	0.0	0.0	0.0
47604.62548828125	0.0009328936487178253	0.0013009244883207466	5.993313592263469e-05	0.0	0.0	0.0
47817.75537109375	0.00018710202745392092	0.0039179691595484095	6.0406348480757553e-05	0.0	0.0	0.0
48028.9736328125	0.0019194187249093441	-0.002696304055474842	4.180636484039039e-05	0.0	0.0	0.0
48242.99755859375	-0.0008087340219770316	-0.0019057011422481715	4.3276606903314954e-05	0.0	0.0	0.0
48449.53466796875	0.0016930197069417122	-0.0003443534341174935	2.5495554377872292e-05	0.0	0.0	0.0
48662.73291015625	0.0004330206082172359	0.0008620367932716488	1.919178473832924e-05	0.0	0.0	0.0
48872.14697265625	0.001404198512317451	0.0010295707667144157	6.393011210973579e-06	0.0	0.0	0.0
49085.321533203125	0.00521939478820708	0.00020240353852545194	-1.8099164081189327e-05	0.0	0.0	0.0
49294.896240234375	0.001011776540020415	-0.0023538762880102363	-1.3688915716947143e-05	0.0	0.0	0.0
49509.406982421875	0.0011618800377880254	-0.002007086720432605	-1.9847827679776548e-05	0.0	0.0	0.0
49721.083251953125	0.0018622770734685885	-0.0034631653505934378	-2.8840732815836918e-05	0.0	0.0	0.0
49940.602783203125	0.002690257006199949	0.0012061008956191087	-3.302249207031722e-05	0.0	0.0	0.0
50153.548095703125	0.00033540566740174015	0.000518691146862193	-3.2931288830575254e-05	0.0	0.0	0.0
50362.81494140625	0.0007853740850548263	-0.0024117228588202487	-4.435214793090574e-05	0.0	0.0	0.0
50572.806640625	0.002518887515824688	0.000136884998736897	-5.083088925814166e-05	0.0	0.0	0.0
50787.07861328125	0.0036018970508917615	-0.0024524327856333557	-6.009465295179423e-05	0.0	0.0	0.0
51003.074951171875	0.0016405128669051893	0.001017218975747829	-5.283871957632193e-05	0.0	0.0	0.0
51222.80078125	0.0024899838450320702	-0.0013933978916607643	-5.577433373480883e-05	0.0	0.0	0.0
51438.326904296875	0.0006338524686966133	0.0014559247024485175	-4.35580473405438e-05	0.0	0.0	0.0
51647.521240234375	0.004739789466174428	-0.00048163184124218805	-5.4428709359766254e-05	0.0	0.0	0.0
51864.057373046875	0.004755930550164417	-0.0015388695650714916	-5.2294883624565564e-05	0.0	0.0	0.0
52077.436767578125	-0.002831022576700741	-0.000445584908774237	-2.408737513984829e-05	0.0	0.0	0.0
52288.897705078125	0.0021334278797404726	0.00010432485586164112	-4.248410792000291e-05	0.0	0.0	0.0
52503.248046875	0.00264409653928696	0.0020334742005689997	-4.402419223275182e-05	0.0	0.0	0.0
52720.533203125	0.004255873502972362	0.0019984125193171867	-5.081421586917909e-05	0.0	0.0	0.0
52934.649169921875	0.0002899455985178323	0.0030010738444549052	-3.666333767679085e-05	0.0	0.0	0.0
53152.5341796875	0.0019081001954200957	-0.0002614657657354924	-4.508633475413964e-05	0.0	0.0	0.0
53365.076416015625	0.001943681682057774	-0.0014584995980176727	-4.682580769893195e-05	0.0	0.0	0.0
53577.1337890625	-0.0008775979076999528	0.0006962588696669288	-3.582608432398896e-05	0.0	0.0	0.0
53790.7607421875	0.0009678391829027222	-0.0011143705672594722	-4.6058371529490155e-05	0.0	0.0	0.0
54007.160400390625	0.0015499710630833036	0.0020370579625711696	-4.891858555398562e-05	0.0	0.0	0.0
54220.51123046875	3.0016402837445664e-05	-0.00013718494375848515	-4.3677224696981963e-05	0.0	0.0	0.0
54435.502197265625	-0.0011350421792685342	-0.0004927430138432622	-3.8631900641471446e-05	0.0	0.0	0.0
54649.976806640625	-0.0006442265515624433	0.0016312874098057164	-3.5634176510711766e-05	0.0	0.0	0.0
54860.882568359375	-0.0024677281484337932	-3.303740911479711e-06	-2.4813378041422698e-05	0.0	0.0	0.0
55069.492919921875	0.0007825862091756186	-0.0011398397608656766	-3.193321210797547e-05	0.0	0.0	0.0
55284.740234375	-0.0011255875026048732	0.0013240182697708321	-1.6993127053700515e-05	0.0	0.0	0.0
55500.78662109375	0.0019194557888750463	-0.0034550212192610754	-2.7277702868956823e-05	0.0	0.0	0.0
55711.998291015625	0.000432897256156512	-0.00053145316918806	-1.8929935692467384e-05	0.0	0.0	0.0
55926.92822265625	0.001322095139362631	-0.004048857338397897	-2.660625993231145e-05	0.0	0.0	0.0
56135.7978515625	-0.00272225287852314	0.0020540851707615193	-1.0043713536048994e-05	0.0	0.0	0.0
56351.3046875	0.0025870673500644073	-0.0021232138326731267	-3.283158285929744e-05	0.0	0.0	0.0
56560.444091796875	0.0020919361429018062	-0.0026827407107419573	-3.155175676312557e-05	0.0	0.0	0.0
56772.9990234375	-9.443561725946202e-05	0.001482796011758336	-2.1391659366170678e-05	0.0	0.0	0.0
56981.6201171875	0.0021450024007219964	0.0022806113309205185	-3.2106541201132216e-05	0.0	0.0	0.0
57195.701171875	0.0005787959467075259	-0.001107942769871513	-3.3392444360761716e-05	0.0	0.0	0.0
57413.369140625	-0.0006924498245865367	0.00024092589552242872	-3.689661344524128e-05	0.0	0.0	0.0
57623.934326171875	0.0014657853153159817	-0.0006985892298470624	-5.148150604992805e-05	0.0	0.0	0.0
57837.53369140625	0.0020417789970419153	-0.001024915984750234	-6.357614294450544e-05	0.0	0.0	0.0
58049.199951171875	0.0010448009314327628	-0.0017091660380761868	-6.737991217536925e-05	0.0	0.0	0.0
58267.59521484375	0.0021947699898594987	0.0007835139650000531	-7.534503371228072e-05	0.0	0.0	0.0
58482.893310546875	0.0011826252349319952	0.0005010911587351003	-7.42218008260103e-05	0.0	0.0	0.0
58701.080810546875	0.0020630079232661306	0.0004340919938009749	-8.007452103025351e-05	0.0	0.0	0.0
58913.31005859375	0.0012614032258221506	-0.0007331874324714031	-7.769834356290088e-05	0.0	0.0	0.0
59126.8896484375	0.0034964754185526437	-0.0017917245947159544	-9.277504807767448e-05	0.0	0.0	0.0
59343.42529296875	0.004062160740522686	-0.0010899766409830987	-9.50607450353163e-05	0.0	0.0	0.0
59553.1484375	0.0016658959816011742	-0.0016489731218872756	-9.04082460243389e-05	0.0	0.0	0.0
59767.72314453125	-0.0010059448755277978	-0.000957513374981695	-8.236704478126231e-05	0.0	0.0	0.0
59975.0986328125	0.002725990002264936	-0.0017929133522144524	-0.00010131504697867296	0.0	0.0	0.0
60185.893798828125	0.0031438560760881497	-0.0028323072469837846	-0.00010866536506200961	0.0	0.0	0.0
60399.48828125	0.0015263119121934996	0.0008341581853053198	-9.413438639882593e-05	0.0	0.0	0.0
60613.218505859375	0.0022457206761273417	-0.0006024721134226152	-9.60205746368777e-05	0.0	0.0	0.0
60824.7080078125	0.0006067045608268558	0.0005578216204597629	-8.517684729414634e-05	0.0	0.0	0.0
61045.2216796875	0.0013517852399536196	-0.0012584950578139428	-9.128915857676211e-05	0.0	0.0	0.0
61251.980224609375	0.0010741743219828267	0.0020454546261882813	-8.52230670790594e-05	0.0	0.0	0.0
61464.46875	0.004299818013073522	0.0026809752951415756	-9.312847705984213e-05	0.0	0.0	0.0
61671.47607421875	0.003046139497333251	-0.0003764778930425534	-8.377378170188596e-05	0.0	0.0	0.0
61882.3740234375	0.0043695404457377825	-0.0008313171153839444	-8.305328375805027e-05	0.0	0.0	0.0
62087.689697265625	0.0028775258351283004	0.00027968075292900466	-6.965503527243925e-05	0.0	0.0	0.0
62303.0869140625	0.0034942184641175524	0.0005935100911799784	-7.014605408031416e-05	0.0	0.0	0.0
62515.46923828125	-0.0009113624056089711	-0.00035200823955831064	-5.255540868216368e-05	0.0	0.0	0.0
62729.46337890625	-0.0005597366499949642	0.0018128915807919138	-5.255758897989126e-05	0.0	0.0	0.0
62942.45751953125	0.001719319805332477	0.002469180697411386	-6.26342840453348e-05	0.0	0.0	0.0
63159.868408203125	0.002065659213751873	0.0012125695130070842	-6.736142592940361e-05	0.0	0.0	0.0
63368.51318359375	0.002679816281374185	-0.002218865014787618	-7.43387944540059e-05	0.0	0.0	0.0
63580.449462890625	-0.0009752470017801834	0.0002618668476738933	-6.231475875639886e-05	0.0	0.0	0.0
63794.325927734375	0.0010117926763900575	-0.0009260173229143386	-7.596168157721182e-05	0.0	0.0	0.0
64003.587158203125	-0.00037817619425767736	-0.0008374307820278317	-7.250672747972942e-05	0.0	0.0	0.0
64214.249755859375	0.0012533624286033941	-0.0018501374705874167	-8.223218170512318e-05	0.0	0.0	0.0
64423.524658203125	-0.0019363709959307807	0.0021100609440532453	-6.620314034098543e-05	0.0	0.0	0.0
64635.689453125	0.0021264010018582848	-0.00030255451856522756	-8.322401241163924e-05	0.0	0.0	0.0
64847.557861328125	0.0007615215835528027	-0.0015473474312623834	-7.632934687366736e-05	0.0	0.0	0.0
65061.00537109375	0.0023244776193421446	-0.00083960690294028	-8.742533859661877e-05	0.0	0.0	0.0
65273.529541015625	0.0026270268015734645	-0.0011391531498216934	-9.048294978875122e-05	0.0	0.0	0.0
65482.02490234375	0.0040432505775863815	0.0013225730250237646	-9.378646550595664e-05	0.0	0.0	0.0
65690.38525390625	0.0032979523160987217	0.00019717968998447878	-8.969170680293957e-05	0.0	0.0	0.0
65901.40014648438	-0.0011717567985520668	-0.0010392750018621488	-6.747621018078978e-05	0.0	0.0	0.0
66118.24560546875	0.004719641171163531	-0.0024416750461088385	-8.949403588958481e-05	0.0	0.0	0.0
66328.95971679688	0.0032395075008779736	0.0003801343961987627	-7.6892722807978e-05	0.0	0.0	0.0
66540.75244140625	0.0030662561973612266	-0.0027356847948085553	-7.387356306367865e-05	0.0	0.0	0.0
66757.98950195312	0.001782521229069562	0.0005530582137823728	-6.494213015298548e-05	0.0	0.0	0.0
66971.29248046875	0.0016153098837440793	0.0014042357122076583	-6.069385917849379e-05	0.0	0.0	0.0
67187.8662109375	0.0014471333528680937	-0.0034370543693077412	-5.224779816082264e-05	0.0	0.0	0.0
67396.32958984375	0.0030773983884533136	0.003005552098162721	-5.8493397433844004e-05	0.0	0.0	0.0
67608.544921875	5.219889418843869e-06	-0.001520104626751509	-3.684444129907044e-05	0.0	0.0	0.0
67825.63452148438	0.0028082459858921847	0.0015932567532193753	-5.1897107612275226e-05	0.0	0.0	0.0
68039.07495117188	0.004366499337478127	-6.754165149472329e-05	-5.9221253183085995e-05	0.0	0.0	0.0
68248.572265625	0.000978178917883193	0.0015429658122173662	-4.704017596727091e-05	0.0	0.0	0.0
68456.5390625	0.001645524721359857	0.0021532191922293735	-5.281522384583613e-05	0.0	0.0	0.0
68666.45727539062	0.000265206691975299	0.0026622093479499813	-4.8834438758457125e-05	0.0	0.0	0.0
68881.78344726562	0.00014336316308782415	0.0026013008925075123	-4.856047377992704e-05	0.0	0.0	0.0
69092.40454101562	0.00023168798337823277	0.00025641794579755014	-4.325723465431178e-05	0.0	0.0	0.0
69299.11743164062	-0.0005182456932185896	-0.0002083685306717517	-3.706117358081445e-05	0.0	0.0	0.0
69506.783203125	0.0024327561077845763	0.0004911834756819622	-4.854951320382889e-05	0.0	0.0	0.0
69715.11694335938	-1.4646657534714832e-05	-0.00020089921802535882	-3.0058796067497982e-05	0.0	0.0	0.0
69931.47729492188	0.004738583652846867	0.00039537116483700396	-4.0579271900289405e-05	0.0	0.0	0.0
70148.75244140625	0.003634632746430834	0.0028846170806791295	-3.3931027597562735e-05	0.0	0.0	0.0
70357.69091796875	-0.0007567293064645064	0.001871862676996674	-3.7307247482306535e-06	0.0	0.0	0.0
70573.62548828125	0.004192763079462949	0.004452479214954242	-2.2984488104058787e-05	0.0	0.0	0.0
70790.36157226562	0.0003762800330191352	0.0007165693451346315	7.684450283582535e-06	0.0	0.0	0.0
71002.28759765625	0.003660301519651301	-4.632285264365646e-05	2.3507704676076124e-06	0.0	0.0	0.0
71218.79760742188	0.0026324891611862696	0.004354798920220883	-1.0805335756050117e-05	0.0	0.0	0.0
71428.82861328125	0.002595875866608412	0.0017554655610354784	-2.1766950690934384e-07	0.0	0.0	0.0
71639.49438476562	0.0022747680049702876	0.0008315420095846348	3.978150721377028e-06	0.0	0.0	0.0
71849.25122070312	-0.0005698634205913181	0.00371563496762973	-2.2687061146279664e-06	0.0	0.0	0.0
72057.09252929688	0.0008423582741056788	0.0019261737768584157	-5.136924770292772e-07	0.0	0.0	0.0
72271.25122070312	0.003210062619028947	0.003675151239721092	-1.386922659495473e-05	0.0	0.0	0.0
72482.71435546875	-0.0006556782391801788	-7.51719941358991e-05	6.847771400687375e-06	0.0	0.0	0.0
72691.255859375	-0.0005582131500696412	0.0035420992939503987	-1.0786804749079498e-05	0.0	0.0	0.0
72898.51684570312	0.001970753596442273	0.007185903641881835	-3.512321792389939e-05	0.0	0.0	0.0
73109.76977539062	0.001045527629737448	-0.0015655182319090216	7.579108220855373e-08	0.0	0.0	0.0
73332.70825195312	0.0004853899132419593	-0.0017925121450336433	-1.638364233440926e-06	0.0	0.0	0.0
73535.90063476562	0.0006388068463039912	-0.000562763382485892	-1.1043568922610083e-05	0.0	0.0	0.0
73749.78930664062	0.0016945970620436935	0.00193372876356701	-2.627146111364571e-05	0.0	0.0	0.0
73959.58374023438	-0.0005282953396698875	0.0004232309647172667	-1.641450502631126e-05	0.0	0.0	0.0
74169.67407226562	-0.003149047409286134	-0.002568149221281646	-2.6007426095931444e-07	0.0	0.0	0.0
74385.42431640625	0.0024216767068313823	0.0027153654369152973	-3.754382791945118e-05	0.0	0.0	0.0
74599.76440429688	0.0010541793956343128	0.0024063913459862825	-4.245314161492216e-05	0.0	0.0	0.0
74814.96997070312	0.0003412525080981636	0.0027690688243559376	-5.1993582676528997e-05	0.0	0.0	0.0
75027.75146484375	-0.0016254234391289784	-0.0006183550230339742	-4.3392863968179965e-05	0.0	0.0	0.0
75239.49658203125	0.0007900256757309871	-0.0009466522391873707	-5.9870391020095685e-05	0.0	0.0	0.0
75452.25854492188	-0.0005266057540872109	0.002096519354029299	-7.74967872157534e-05	0.0	0.0	0.0
75664.71728515625	-0.00018039942410799176	0.0059454936780169556	-0.00010531795262259441	0.0	0.0	0.0
75876.193359375	0.0022813818395662	-7.484188160163602e-05	-9.89148842547064e-05	0.0	0.0	0.0
76086.15161132812	0.001767759459167492	0.0020390102615172466	-0.00012016986878096632	0.0	0.0	0.0
76297.39624023438	0.0006846230293600282	0.0007434455041507564	-0.00011771113122661295	0.0	0.0	0.0
76517.0185546875	0.0008214926053616765	0.004343753263536546	-0.00014309190955352947	0.0	0.0	0.0
76732.306640625	0.0005851955010497377	-3.922347679379797e-05	-0.00012821040123957056	0.0	0.0	0.0
76944.66650390625	-0.002520762277389316	0.0008480482070306933	-0.0001374979514023194	0.0	0.0	0.0
77152.6611328125	-0.0021733829154207043	0.0019381460617574804	-0.00015288893628613283	0.0	0.0	0.0
77360.82397460938	0.0014224312612443992	0.0013099000036266286	-0.00016702371884140107	0.0	0.0	0.0
77575.5888671875	0.0009060855252446607	0.0018684327200825155	-0.0001785504610773646	0.0	0.0	0.0
77787.65893554688	0.0010367082448261937	0.001795492891729725	-0.00018600014496912586	0.0	0.0	0.0
77994.64624023438	0.0008833533573463837	0.0025386433383090246	-0.0001965073845310859	0.0	0.0	0.0
78211.1484375	-0.0008362088374613079	0.0016588240517901322	-0.0001955082933616566	0.0	0.0	0.0
78423.19555664062	0.0015387090284292287	0.004061329876772993	-0.00021466474745114407	0.0	0.0	0.0
78666.90502929688	0.0015624803320072604	0.0022725502292204806	-0.00021654710287002626	0.0	0.0	0.0
78849.365234375	-0.0022082690795705738	0.0023875574473250895	-0.00021636068273075685	0.0	0.0	0.0
79065.94897460938	0.002569876811310109	0.002858750919827711	-0.0002199911930580778	0.0	0.0	0.0
79276.07006835938	0.00046865076713416964	-0.0004414267977494354	-0.00020069939727788362	0.0	0.0	0.0
79490.59594726562	0.00045384961136036146	0.002250903749940695	-0.00021380423406469344	0.0	0.0	0.0
79701.1083984375	0.002847338313931209	0.0023251770355965087	-0.00020917487271446665	0.0	0.0	0.0
79913.49267578125	0.00032611227948376804	0.0007577714729938398	-0.00020962271894858152	0.0	0.0	0.0
80120.81518554688	0.000762587643987446	0.0011432504476935044	-0.0002070510872660163	0.0	0.0	0.0
80334.87744140625	0.0016036907374337394	0.0034363240089335823	-0.00021812526631788084	0.0	0.0	0.0
80546.7451171875	0.0005146227972385466	0.002706298133083546	-0.0002165818333555051	0.0	0.0	0.0
80754.96801757812	-0.00112749821129234	-0.00037125914707906543	-0.00020311360220306654	0.0	0.0	0.0
80964.1025390625	-0.0010733105228478543	0.0006807317064474873	-0.00020718601359354916	0.0	0.0	0.0
81176.5322265625	-0.0021555929162005777	0.002849467619824051	-0.00022027266274211272	0.0	0.0	0.0
81389.68530273438	0.0004589832171376843	0.002366275681102086	-0.0002075738692601877	0.0	0.0	0.0
81602.72875976562	0.0005454132692024573	0.0005636564793337628	-0.00019713761447287135	0.0	0.0	0.0
81822.03784179688	0.0009056694984041697	0.001600500047715957	-0.0001993718085765016	0.0	0.0	0.0
82035.3310546875	-0.00010139547748697257	0.003900723487686466	-0.00021634779029287932	0.0	0.0	0.0
82247.85668945312	-0.00040479233564578705	0.0009976197170274027	-0.0002087853857593679	0.0	0.0	0.0
82458.0673828125	-0.001150044232044755	0.0023095073151643834	-0.00021666630355862674	0.0	0.0	0.0
82665.06909179688	-0.0010729205712318994	0.0022406808771708964	-0.0002145519265644768	0.0	0.0	0.0
82876.34130859375	0.00022694933957462612	-0.0002274821334622804	-0.0002086936161188786	0.0	0.0	0.0
83088.72680664062	-0.0005718081006697292	0.0020189506506399168	-0.00021813625554513606	0.0	0.0	0.0
83300.4912109375	-0.0017655646911179561	8.774245635917457e-05	-0.00022496294061447085	0.0	0.0	0.0
83515.06079101562	-0.00465705645870435	-0.00019634715318132543	-0.00023921479034245166	0.0	0.0	0.0
83726.9609375	-0.0015675762762342865	0.00515011026240916	-0.00023967761033296956	0.0	0.0	0.0
83933.08666992188	-0.0015356812866164863	-0.0012701296295128982	-0.00022751825453742205	0.0	0.0	0.0
84138.75170898438	-0.003384120784511354	-0.0005371670636976809	-0.0002451335745589296	0.0	0.0	0.0
84356.892578125	-0.002377213463748693	0.0005313312005811495	-0.00025579275429866543	0.0	0.0	0.0
84572.98071289062	-0.0015201208300167053	0.0009886729047743606	-0.0002772339921270199	0.0	0.0	0.0
84782.0546875	0.0037889680228416047	0.0024598909430471063	-0.0002693498215899441	0.0	0.0	0.0
84990.09155273438	-0.0022945498477960884	0.003226136195091069	-0.0002983074413948174	0.0	0.0	0.0
85209.041015625	-0.0018452684929289485	0.003726606892878335	-0.00031022416138377847	0.0	0.0	0.0
85420.34326171875	0.0003646782083985188	0.0005790392302315076	-0.00029687180799484815	0.0	0.0	0.0
85634.05859375	-0.0048796130336924174	0.0021793244458936066	-0.00031333407761076777	0.0	0.0	0.0
85849.33325195312	-0.001198487939615685	0.0034024544948447455	-0.00029377825382510716	0.0	0.0	0.0
86064.287109375	0.002072935197924761	0.00017059460929217247	-0.00027109815122099346	0.0	0.0	0.0
86275.94848632812	-0.004461183013102321	0.004413766565779356	-0.000294153388330673	0.0	0.0	0.0
86491.26416015625	0.0014904605679814068	0.0017798552132211938	-0.00025994725463775116	0.0	0.0	0.0
86700.7275390625	-0.0013950759163183608	0.0011659371957689635	-0.00026134330548659867	0.0	0.0	0.0
86913.435546875	-0.0023012445601053966	0.0026250639902548937	-0.0002538901081879617	0.0	0.0	0.0
87125.53540039062	-0.003037462196090949	-0.0023344773883784047	-0.00023495188343239127	0.0	0.0	0.0
87340.1787109375	-0.0038009995975700575	0.0005965728654091422	-0.0002241987150962898	0.0	0.0	0.0
87553.10498046875	-0.001996261067770535	-0.0007272450068155068	-0.000198308820942255	0.0	0.0	0.0
87763.47534179688	-0.005354267234135527	-2.9792427836197745e-06	-0.0001984649699157941	0.0	0.0	0.0
87978.509765625	-0.0004666172875504431	-0.0011323335064292869	-0.00015808723533477617	0.0	0.0	0.0
88193.15844726562	-0.001424543094210025	-0.000573136828369684	-0.0001510452660524056	0.0	0.0	0.0
88404.97485351562	-0.0031610865972061864	0.00012058953030835277	-0.00014600433091063722	0.0	0.0	0.0
88618.04809570312	-0.00289810287137258	-0.0010731219850463637	-0.0001248818396619232	0.0	0.0	0.0
88832.12817382812	0.0014653168130440701	-0.003111267089387075	-8.168854894409027e-05	0.0	0.0	0.0
89040.84008789062	-0.00020746487521216154	-0.0019162101376158339	-7.618385819923149e-05	0.0	0.0	0.0
89251.68774414062	-0.0014545992176612271	0.002827022798082323	-7.5145031644883e-05	0.0	0.0	0.0
89464.58984375	-0.0019096556497568103	0.002410732611951402	-6.0511637071048764e-05	0.0	0.0	0.0
89675.82641601562	-0.0013217029837980822	0.0018267577471373646	-3.7835737285425494e-05	0.0	0.0	0.0
89885.9560546875	-0.0019239291175203014	-0.0024309912868676832	-1.7099812406901422e-05	0.0	0.0	0.0
90101.50073242188	-0.001983660850557657	-0.000718292813058341	1.5963139528452797e-06	0.0	0.0	0.0
90320.1396484375	0.0005752843664258101	-0.00020414457282833434	3.907521362808533e-05	0.0	0.0	0.0
90534.06298828125	-0.0037781042622731776	0.00182354991422072	2.6061056307395155e-05	0.0	0.0	0.0
90745.56567382812	0.0031546317260207767	-0.001683307903369167	7.412544368468277e-05	0.0	0.0	0.0
90953.25756835938	-0.0014739498078089044	0.00010296421772923317	5.787625398892444e-05	0.0	0.0	0.0
91163.73168945312	-0.0033143768927599813	-0.0014843410481273991	5.423522079852585e-05	0.0	0.0	0.0
91374.20922851562	-0.0009603184294718373	-0.0023399802274525726	7.42862649927045e-05	0.0	0.0	0.0
91588.72265625	-0.0021529038134918115	-0.0036921173628750616	7.499022524192079e-05	0.0	0.0	0.0
91799.47534179688	5.6170378586968496e-05	3.1565965222282574e-05	8.83300782016722e-05	0.0	0.0	0.0
92011.7705078125	0.0017190206922308312	0.00027180860438822974	0.00010249450564348258	0.0	0.0	0.0
92230.61157226562	0.002037752708759586	-0.0023850114816451958	0.00011358785184169288	0.0	0.0	0.0
92441.98779296875	-0.0052892259261369794	-0.001658527810475027	7.435312819988999e-05	0.0	0.0	0.0
92658.62377929688	-0.0012402121893342617	-0.001493659948291375	9.665591741747329e-05	0.0	0.0	0.0
92868.23364257812	-0.001468867543289078	0.002130045916118162	9.6351490051858e-05	0.0	0.0	0.0
93084.72998046875	-0.0003546185700295541	0.00280076688697983	0.00010161457369101545	0.0	0.0	0.0
93299.54711914062	-0.0038130323346270974	0.0005197077018561937	9.090673661364912e-05	0.0	0.0	0.0
93507.59228515625	-0.0003561734124850909	-0.0031064641498038687	0.00011556794958433463	0.0	0.0	0.0
93719.10107421875	-0.0002667008792833204	0.000743981421330706	0.00011452562712050303	0.0	0.0	0.0
93929.38427734375	-0.004214842879443547	-0.0002431379414405843	9.90445698476825e-05	0.0	0.0	0.0
94141.06420898438	-0.0005678824053015654	-0.0008539875985272233	0.00011908671087533278	0.0	0.0	0.0
94355.1494140625	-0.002045131337489719	0.0012465433398913687	0.00010678540149717443	0.0	0.0	0.0
94564.04467773438	-0.00196219925879733	-0.00031481767902911473	0.00010345893835800111	0.0	0.0	0.0
94781.71606445312	-0.002220020766589123	0.0018613697438199302	9.46847957547104e-05	0.0	0.0	0.0
94987.8125	-0.0037658584020313908	-6.723860905405252e-05	7.82443705896336e-05	0.0	0.0	0.0
95199.42700195312	-0.001842117855314367	-0.0005821862918964932	7.924404643913264e-05	0.0	0.0	0.0
95412.92822265625	-0.0017536635916297124	0.0035461936193710523	6.135002616091932e-05	0.0	0.0	0.0
95623.38989257812	-0.0010301248726821046	0.0009724563310653595	5.2204322987710874e-05	0.0	0.0	0.0
95840.474609375	0.0017807480626555103	-0.0004532069490323114	5.0393990212415675e-05	0.0	0.0	0.0
96047.61645507812	-0.007553007843917286	0.0002402020635684752	-1.1678612262665947e-05	0.0	0.0	0.0
96256.00756835938	-0.0017776633815531821	-0.0013288374052581133	3.746179515107275e-06	0.0	0.0	0.0
96466.40600585938	-0.0026163395571137337	-0.00026415487799087055	-1.3492636721513658e-05	0.0	0.0	0.0
96676.35766601562	-0.003224352094277667	0.002305354990325011	-2.633019485510607e-05	0.0	0.0	0.0
96887.23046875	-0.003191733031820889	-0.0017534624049185454	-2.982721784764361e-05	0.0	0.0	0.0
97108.12182617188	-0.00012521431893630094	-0.0012146345473963939	-2.0704174269967526e-05	0.0	0.0	0.0
97313.72924804688	-0.002237196244528444	0.00251907606161962	-3.900375838874307e-05	0.0	0.0	0.0
97521.79077148438	-0.0018024791731763995	-0.0006726702975912555	-3.539533815540496e-05	0.0	0.0	0.0
97738.47045898438	-0.00313284961783237	0.0013182647021632917	-4.3046012422192704e-05	0.0	0.0	0.0
97952.59643554688	-0.0009926135503319328	0.001891233430204693	-3.1878238125401954e-05	0.0	0.0	0.0
98161.22241210938	-0.004320168719812462	-0.0005550831462924807	-4.7546970904313024e-05	0.0	0.0	0.0
98369.2890625	0.00043571495217954004	0.0029141596244625844	-2.682289619265893e-05	0.0	0.0	0.0
98584.56616210938	0.0002180303147492661	0.0032723868261761305	-3.059966619616959e-05	0.0	0.0	0.0
98793.16723632812	-0.0021438268216592248	-7.668889682473616e-05	-4.0780044154052795e-05	0.0	0.0	0.0
99009.1435546875	-0.005233807168641387	-0.0021871959234740224	-5.6996506348800936e-05	0.0	0.0	0.0
99219.87329101562	0.0006549579591564181	-0.000170938315405067	-2.5192129143222204e-05	0.0	0.0	0.0
99427.52099609375	-0.0011215528306754397	0.0011245884044273943	-3.28116269993952e-05	0.0	0.0	0.0
99636.2734375	-0.005051611449436194	-0.0026778823899096835	-5.318356901822769e-05	0.0	0.0	0.0
99847.48559570312	-0.0008798655676787588	-0.0036505909386194244	-2.803955142551224e-05	0.0	0.0	0.0
100058.61596679688	-0.0020815021468615857	-0.0006288654622939312	-3.136493339295706e-05	0.0	0.0	0.0
100268.65844726562	-0.0015503313371890205	-0.0006482815211011041	-2.1398974816327202e-05	0.0	0.0	0.0
100478.98217773438	-0.0015786180094663049	-0.0014521287937911645	-1.5959830683548397e-05	0.0	0.0	0.0
100690.2783203125	0.0026185124444237633	-0.002112226689304296	1.0210596404631016e-05	0.0	0.0	0.0
100905.89477539062	-0.0019795825085465336	-0.0006630384088727923	-1.201660023735189e-05	0.0	0.0	0.0
101119.08422851562	0.0004088848748707541	0.0007662241324831772	8.777811259606451e-06	0.0	0.0	0.0
101330.85522460938	0.0007033901619744092	-0.0007697957830683464	1.6347681418713564e-05	0.0	0.0	0.0
101540.97729492188	-0.0012391853965781528	-0.0014983277736504844	1.1491169073261499e-05	0.0	0.0	0.0
101751.986328125	0.0007752496278033217	-0.0008231138336438352	3.0628701038454154e-05	0.0	0.0	0.0
101969.02124023438	0.0013475205583503395	-0.0007004642770835562	3.785745926343689e-05	0.0	0.0	0.0
102181.47534179688	-0.0021757683318260924	0.0026115042655839265	2.756651640030283e-05	0.0	0.0	0.0
102397.423828125	0.0024599964569042396	-0.0013462624716759674	4.540192540458328e-05	0.0	0.0	0.0
102608.13842773438	-0.0006533992939557622	-0.002726741479066127	2.3883712787959212e-05	0.0	0.0	0.0
102823.07080078125	-0.003985036276168087	-0.003067772300798105	2.3896321432748463e-06	0.0	0.0	0.0
103038.83056640625	0.0019904559001464217	-0.0037475426153516967	2.8218290361809798e-05	0.0	0.0	0.0
103251.86889648438	0.0004534356422689756	-0.0034866230943350163	2.575356035526063e-05	0.0	0.0	0.0
103468.91040039062	-0.0018427085047573184	0.0001906206601182349	3.092247077019566e-05	0.0	0.0	0.0
103682.763671875	-0.0019573432287327665	-0.0024049008163253205	1.6527512460277826e-05	0.0	0.0	0.0
103893.41528320312	0.0003621555069498665	-0.0029732543058118223	1.711904042817927e-05	0.0	0.0	0.0
104102.88891601562	0.0012589226641224207	-0.0036364587550834384	1.2534606665327883e-05	0.0	0.0	0.0
104311.72338867188	0.0002589339274971331	-0.003214274115768529	9.806018950215436e-06	0.0	0.0	0.0
104524.4189453125	-0.0003410026638016727	0.0009686627462034352	2.992727309983406e-05	0.0	0.0	0.0
104737.96630859375	-0.0015620032142018613	-0.0036979367732523087	3.9078391426305025e-06	0.0	0.0	0.0
104952.63330078125	0.0013753331013011709	1.2869238918984143e-05	2.7444015856968008e-05	0.0	0.0	0.0
105161.00903320312	-2.1652460151007415e-05	-0.004356226164824435	-2.3220192368353327e-06	0.0	0.0	0.0
105373.21997070312	-0.0017298112628222396	-0.0005859465905602547	9.659149170426672e-06	0.0	0.0	0.0
105587.45532226562	-0.0018497903071464422	-0.0018234239033703321	2.2999636675804645e-06	0.0	0.0	0.0
105804.40551757812	0.000756418663617028	0.0018372471468068698	3.070920733731199e-05	0.0	0.0	0.0
106015.15991210938	0.000877667386286277	-0.0019576111265918314	1.4816458666222643e-05	0.0	0.0	0.0
106220.7001953125	-0.000527498989306178	-0.001976688199482862	1.4864330929607565e-05	0.0	0.0	0.0
106436.01000976562	-0.0005653621545775276	-0.00028187056540465895	2.789723063072905e-05	0.0	0.0	0.0
106644.99365234375	-0.001459650507678691	-0.0027496770662458893	1.213137148460789e-05	0.0	0.0	0.0
106853.69213867188	-0.0001929974143090093	-0.00251829322537519	1.3976123650467422e-05	0.0	0.0	0.0
107063.802734375	-0.0009496065651094677	-0.004495950904447121	-2.0903380761325816e-07	0.0	0.0	0.0
107276.77368164062	5.228023769119052e-05	-0.003268176571024879	8.107700859862142e-06	0.0	0.0	0.0
107488.0546875	-0.0017544550322108065	-0.004845150845250535	-3.0038830609773262e-06	0.0	0.0	0.0
107699.88232421875	-0.0015513375867766113	-0.001367516257935997	1.6437875129313104e-05	0.0	0.0	0.0
107916.24389648438	-0.002617932391770053	0.0004892073643244912	2.7413289362686217e-05	0.0	0.0	0.0
108127.42041015625	-0.002406182321992601	0.0006985230241503004	2.8573420499855706e-05	0.0	0.0	0.0
108341.15209960938	-0.00018525080560378513	-0.001912070354371656	1.7453179878610864e-05	0.0	0.0	0.0
108549.5205078125	0.0021280061578150154	-0.0018079337316716218	1.952538552037663e-05	0.0	0.0	0.0
108765.08251953125	-0.00011719129766212844	-0.002038031254051851	1.4471769495306249e-05	0.0	0.0	0.0
108983.71215820312	0.0006780384788876027	-0.0021584428042270786	1.1280925503761489e-05	0.0	0.0	0.0
109197.24536132812	-0.0006175057433082234	-0.0033460132067514876	3.2942271316748295e-06	0.0	0.0	0.0
109415.45361328125	0.001414351700360763	-0.0011414359512760186	1.488003238209305e-05	0.0	0.0	0.0
109628.41333007812	-0.003355046265793893	-0.0002944773262259551	1.356182543763747e-05	0.0	0.0	0.0
109838.65673828125	0.0018783300453242772	-0.004127966331676545	-1.6194728430169747e-06	0.0	0.0	0.0
110056.748046875	0.0004845760450203313	-0.0007645730195436088	1.4532863677846085e-05	0.0	0.0	0.0
110272.20288085938	0.0016667325837639783	-0.002639897398402551	2.7936649391948396e-06	0.0	0.0	0.0
110480.82006835938	0.0009503901688362247	-0.0002414952133913727	1.1453794909417368e-05	0.0	0.0	0.0
110695.48071289062	-0.0003766244404934142	0.0004458806435867886	8.236913957119827e-06	0.0	0.0	0.0
110912.65698242188	0.0032775762815379006	-0.00045623798767767366	-8.679114219670934e-07	0.0	0.0	0.0
111122.66186523438	-0.0008573136087217109	-0.0033356659811622385	-2.1742423332305913e-05	0.0	0.0	0.0
111335.39990234375	1.3732680361242938e-05	-0.005312221848890456	-3.305109546443654e-05	0.0	0.0	0.0
111552.5439453125	0.00015353802773223184	-0.004471187274163102	-2.7860081929672144e-05	0.0	0.0	0.0
111761.5390625	0.0018068365883587788	-0.0011541464082611926	-9.623294868950193e-06	0.0	0.0	0.0
111973.81982421875	0.001768961255261206	-0.0019096609063850912	-1.8941536165013545e-05	0.0	0.0	0.0
112181.669921875	-0.0035756011037785225	-0.0028349755168317697	-2.8595314527121145e-05	0.0	0.0	0.0
112395.33154296875	-0.002325822237415513	0.001498502126877066	-3.4581814082723995e-06	0.0	0.0	0.0
112601.96997070312	-0.0026184876764208088	-0.0007420637445660648	-1.5159580955598246e-05	0.0	0.0	0.0
112815.25659179688	0.0015561039241376482	-0.0044102303554594945	-3.50544723341857e-05	0.0	0.0	0.0
113027.4580078125	-0.0008773564923647062	-0.0011716226901994848	-1.7290599164785182e-05	0.0	0.0	0.0
113238.03540039062	0.0031971409035302665	-0.0015481700741727905	-1.964441839395596e-05	0.0	0.0	0.0
113448.228515625	-0.0030077547996569657	-0.003979229828915696	-3.4138937141282426e-05	0.0	0.0	0.0
113664.25390625	0.0008346929964864317	-0.003780201815509457	-3.521161740053361e-05	0.0	0.0	0.0
113878.92626953125	0.0007059913852596289	-0.0031780426227549638	-3.708770510595326e-05	0.0	0.0	0.0
114094.83203125	0.002133977311006644	-0.000925581832409075	-3.098589181466895e-05	0.0	0.0	0.0
114305.74560546875	-0.0015983234976162572	-0.004308286868043111	-4.9223089652502015e-05	0.0	0.0	0.0
114517.37744140625	0.0025988192200256093	-0.0025538624286908485	-3.931390044544712e-05	0.0	0.0	0.0
114729.5234375	0.00010558812364497964	-0.0023953350192815045	-3.493974827096269e-05	0.0	0.0	0.0
114940.89892578125	3.245110721495294e-05	-0.003870493813878081	-4.064826625203666e-05	0.0	0.0	0.0
115152.7783203125	-0.0012689963320556546	-0.005341184837671487	-4.839827455684283e-05	0.0	0.0	0.0
115375.01586914062	4.964976473825523e-05	-0.0009039292513010264	-2.4696572547009805e-05	0.0	0.0	0.0
115587.279296875	-0.0009595247610813067	-0.002075807221435953	-2.8356585341647962e-05	0.0	0.0	0.0
115808.98583984375	0.0009089657323781644	-0.0017752055768213498	-2.424584822129845e-05	0.0	0.0	0.0
116025.0517578125	0.0023415095246731403	-0.001900270307383482	-1.9421988432223303e-05	0.0	0.0	0.0
116244.4931640625	0.0036196701183591347	-0.0011497036280674526	-1.001892058487097e-05	0.0	0.0	0.0
116463.8388671875	-0.0009096338774264203	-0.0011361747997392809	-1.074044144933162e-06	0.0	0.0	0.0
116682.0029296875	0.0026466394441072264	-0.003535312391833794	-1.888851146319088e-05	0.0	0.0	0.0
116893.783203125	-0.0009030338983733551	0.0016414981439546595	9.940408931143718e-06	0.0	0.0	0.0
117107.25219726562	0.0008754100650182823	0.0003930663892827232	-8.430146477823811e-06	0.0	0.0	0.0
117321.23876953125	-0.0005868040814907458	-0.0011010506676488268	-2.6134109780613396e-05	0.0	0.0	0.0
117538.99487304688	-0.0015970826288866187	-0.001602810719956637	-3.5137302387089414e-05	0.0	0.0	0.0
117749.35668945312	0.0004273600547678878	-0.005716317367534457	-7.254331353850056e-05	0.0	0.0	0.0
117961.75561523438	0.0020800706236815255	-0.00030121127240326353	-5.277436251542465e-05	0.0	0.0	0.0
118179.8447265625	0.002768092720108563	-0.002181676221536362	-7.452325897087022e-05	0.0	0.0	0.0
118393.22387695312	0.0012682027265183914	-0.001992147174694473	-7.443374325103515e-05	0.0	0.0	0.0
118603.32763671875	0.003741746617418994	-0.0046137980167973115	-9.614135741858851e-05	0.0	0.0	0.0
118821.05126953125	0.0008119799050665394	-0.0003459760579406322	-6.127927000271873e-05	0.0	0.0	0.0
119030.72998046875	0.0013127554244901072	-0.001365247984348789	-6.450338577263935e-05	0.0	0.0	0.0
119246.51953125	0.0009109840119019795	-0.002722603936015549	-6.644004315345922e-05	0.0	0.0	0.0
119460.73950195312	0.0029409690479096488	0.0007427414396772556	-4.86584219308317e-05	0.0	0.0	0.0
119680.19775390625	0.00035466507097223725	-0.005933786576013021	-6.743505928328222e-05	0.0	0.0	0.0
119897.36669921875	0.00021862204388538656	-0.0025405574299122787	-4.062366810329779e-05	0.0	0.0	0.0
120113.48901367188	0.0031410597965138183	-0.001526382372531563	-3.700848030818219e-05	0.0	0.0	0.0
120328.20483398438	0.0011216185011019143	-0.003383546211967439	-2.9199849640643776e-05	0.0	0.0	0.0
120539.078125	0.002442188256825897	-0.0034202529894282996	-3.217310323714727e-05	0.0	0.0	0.0
120754.69458007812	0.0014049400990099948	-0.00048296147106618217	-9.787785106301717e-06	0.0	0.0	0.0
120967.642578125	0.003691484091101505	0.0022826326261748235	-7.303484941863525e-06	0.0	0.0	0.0
121182.70874023438	-0.0005454018260657744	-0.003739339576234757	-8.61598396160238e-06	0.0	0.0	0.0
121395.37963867188	0.000989270747496563	-0.0023262073654504107	-1.1348172593855807e-05	0.0	0.0	0.0
121605.34375	0.004625931266763301	0.001271066223679372	-1.9254569412554677e-05	0.0	0.0	0.0
121827.45678710938	0.0019712476261651017	-0.0014702007707429765	-1.567454905180581e-05	0.0	0.0	0.0
122042.15795898438	0.002519816807082451	-0.0007430259372257096	-1.6645541134988856e-05	0.0	0.0	0.0
122261.75659179688	0.0019674233576985893	-0.0005377432093410472	-1.0851368642699202e-05	0.0	0.0	0.0
122472.28295898438	0.0011643453925257337	-0.0007961930469417101	-4.654454296982077e-06	0.0	0.0	0.0
122688.18188476562	0.003511115695699017	-0.0025167497909226507	-2.4686048403024468e-05	0.0	0.0	0.0
122895.82958984375	0.0023906659406180432	0.0010155802485515937	-8.468684736534262e-06	0.0	0.0	0.0
123107.61303710938	-0.002560609224738838	-0.0012440298627759176	1.920920715632113e-05	0.0	0.0	0.0
123318.13354492188	0.004628993938010354	0.0018710462183764765	-1.9117015798782557e-05	0.0	0.0	0.0
123531.44018554688	0.002245972337512591	0.0014868265895831157	-2.3983990513969644e-06	0.0	0.0	0.0
123746.1484375	0.0035855734041435297	-0.002379575504561784	-1.5105466954807295e-05	0.0	0.0	0.0
123959.79809570312	0.003958037324715549	-0.001096580217079592	-1.3893288191989833e-05	0.0	0.0	0.0
124173.1708984375	0.003083507109635433	0.0005831857732092316	-3.2100424832503243e-06	0.0	0.0	0.0
124382.54638671875	0.002684756210493411	-5.6244435261644834e-05	2.060471878163623e-07	0.0	0.0	0.0
124593.12866210938	0.0016242274393581512	-0.0008675680106425435	7.498295904572831e-06	0.0	0.0	0.0
124802.92993164062	0.0040850579193567665	0.0002706046247812349	-7.4367786219653354e-06	0.0	0.0	0.0
125013.82421875	0.000921647917821774	-0.0021435186675591534	1.3574058767278415e-05	0.0	0.0	0.0
125224.36767578125	0.005803293040862889	-0.0012644032503310557	-1.7066801502174975e-05	0.0	0.0	0.0
125437.02807617188	0.0030871865753277945	0.0007474380595098128	2.54228590378963e-06	0.0	0.0	0.0
125651.630859375	0.006187418171249431	0.0040938615203809856	-2.14365515136349e-05	0.0	0.0	0.0
125863.61206054688	0.0037848723759587835	0.0027803901225422626	-6.35706207722357e-06	0.0	0.0	0.0
126073.14624023438	-0.0031220747331843026	0.0016992692432511063	4.097441250715595e-05	0.0	0.0	0.0
126287.62182617188	0.0025530062581017635	-0.0020314456741306504	-9.631340229584255e-07	0.0	0.0	0.0
126495.95239257812	0.004630651965274343	0.003799250776982988	-2.0373445087001004e-05	0.0	0.0	0.0
126703.51196289062	0.0025892980884665386	0.0005690893063868427	-5.266169576617612e-06	0.0	0.0	0.0
126916.23168945312	0.0039022203466758196	0.0020482199528324627	-1.4071582797965003e-05	0.0	0.0	0.0
127128.17602539062	0.0019560039387094483	0.0005636824216787887	2.7597009704057643e-06	0.0	0.0	0.0
127338.33422851562	0.002611286879935508	0.0004080843213255715	2.646231444658023e-06	0.0	0.0	0.0
127549.6416015625	0.0025141430576581733	0.00020029571206909053	5.753131505654389e-06	0.0	0.0	0.0
127766.38305664062	0.0040714933986588115	-0.0023730037152636355	-3.6616652636443243e-06	0.0	0.0	0.0
127974.80517578125	0.00040040194211009907	0.0010098593155885344	1.7347292678930162e-05	0.0	0.0	0.0
128189.89819335938	0.005475526722951909	-0.0011123266804757886	-2.651056633679719e-05	0.0	0.0	0.0
128402.01782226562	-0.00042839445849953675	-0.0008901541775171309	9.376483448988246e-06	0.0	0.0	0.0
128613.4111328125	0.00526481586688493	0.0031082227393183226	-4.5880588004021316e-05	0.0	0.0	0.0
128824.67163085938	0.0028273350366291223	0.0021436683708055083	-2.9289092201632763e-05	0.0	0.0	0.0
129034.619140625	0.0029120220703921728	0.0021511761300633567	-3.0985879298788785e-05	0.0	0.0	0.0
129242.0126953125	0.0024354937843477525	0.00031145171887732645	-2.6743945070684462e-05	0.0	0.0	0.0
129456.92016601562	0.0015185840934262337	-0.00021632563694536024	-1.736158951588848e-05	0.0	0.0	0.0
129669.90844726562	0.004227392534820754	-0.00040851189208287287	-3.500807115490717e-05	0.0	0.0	0.0
129886.58422851562	0.0033689174321723334	-0.003723499004261513	-1.6976218877522736e-05	0.0	0.0	0.0
130098.47314453125	0.0042048613778771	0.0019453542075534526	-3.089630657354529e-05	0.0	0.0	0.0
130310.82543945312	0.004141316315216551	-0.0020603228828216078	-1.9076963653472352e-05	0.0	0.0	0.0
130524.19213867188	0.0033949917560307475	-0.000574541760181379	-1.2233477466893217e-05	0.0	0.0	0.0
130741.82177734375	0.0008439773507897564	-0.0008467143115907079	1.1128958330563274e-05	0.0	0.0	0.0
130946.5048828125	0.0031196375204167476	0.0023966604166893004	-1.6166239279608626e-05	0.0	0.0	0.0
131157.59765625	0.002278213743885125	0.0035155315870004414	-1.283251949426866e-05	0.0	0.0	0.0
131380.36376953125	0.003710219311721242	0.004272769737403856	-2.5531676645304986e-05	0.0	0.0	0.0
131591.9033203125	0.0034622642368202835	0.00042988283286320806	-9.225260363481284e-06	0.0	0.0	0.0
131809.27783203125	-0.00035851315265952155	0.0003713793496425955	3.0456708448176677e-05	0.0	0.0	0.0
132017.70385742188	0.004934774140149752	0.0005390584686104063	-2.650274840212841e-06	0.0	0.0	0.0
132234.24609375	0.0031463805011288743	0.0009250192203182427	1.999614802141293e-05	0.0	0.0	0.0
132439.74853515625	-0.00038962135318482545	-0.0010036594911159537	5.7360837784980055e-05	0.0	0.0	0.0
132654.58642578125	0.001933781016942155	0.0031178744771288235	3.133632586824334e-05	0.0	0.0	0.0
132862.06982421875	0.0026291461377003487	-0.0013128782176071488	4.350384813311412e-05	0.0	0.0	0.0
133073.32495117188	0.004387846048478545	-0.0006184327371612039	2.943417563227831e-05	0.0	0.0	0.0
133286.82641601562	0.0027707884055837638	0.0031281445671359886	3.239435324283062e-05	0.0	0.0	0.0
133498.6884765625	0.0024939249599654134	0.000426218310782092	4.0192109227672125e-05	0.0	0.0	0.0
133708.29028320312	0.00273137755675911	0.0022405699920559595	3.157679401870903e-05	0.0	0.0	0.0
133925.3681640625	0.0007918189783881013	0.0011989753635768409	4.833903926623129e-05	0.0	0.0	0.0
134137.58911132812	0.00605632765661553	0.0006618046408482603	6.669115941927405e-06	0.0	0.0	0.0
134354.56323242188	-0.0008275611703434331	0.0014526647611433924	6.211966516687405e-05	0.0	0.0	0.0
134572.9677734375	0.006418205632129629	0.003156178212937587	-1.2423579997531867e-06	0.0	0.0	0.0
134785.84619140625	0.0017525772784985484	-0.0019658366393306187	4.8586978178782384e-05	0.0	0.0	0.0
134998.875	0.002956681844192609	0.0006605847846485369	2.914008270376633e-05	0.0	0.0	0.0
135215.23803710938	0.004374214046026589	0.0005339055251694042	1.3934778009841663e-05	0.0	0.0	0.0
135428.26684570312	0.003406694328160062	0.001184391134279079	1.6285314929771176e-05	0.0	0.0	0.0
135638.375	0.00358198707598707	0.0014982404811251509	1.007997562862108e-05	0.0	0.0	0.0
135852.50415039062	0.004103494778319358	0.0021468684853523487	-1.9830553126338926e-07	0.0	0.0	0.0
136065.93383789062	0.001291089331702203	-0.00046303309017419044	2.5870826201465574e-05	0.0	0.0	0.0
136279.52587890625	0.002996929695744632	0.0038281068146927884	-8.474707387531134e-08	0.0	0.0	0.0
136492.13623046875	0.0022976499808686334	-0.00024335669935236887	8.045235232884005e-06	0.0	0.0	0.0
136700.71337890625	0.004132228128933107	-0.0015656102444858706	-1.0165208299138261e-05	0.0	0.0	0.0
136915.7705078125	0.0029204266410780264	-0.0019436559479307164	-2.779949242371252e-06	0.0	0.0	0.0
137125.13818359375	0.003438601597029408	0.00295754475239519	-1.9921693744143903e-05	0.0	0.0	0.0
137334.326171875	0.0039696686342068615	-5.428808257507678e-05	-2.927944297020379e-05	0.0	0.0	0.0
137546.52392578125	0.002026018592363747	0.0022896159878072436	-2.3259384965039117e-05	0.0	0.0	0.0
137757.67456054688	0.005155783188400166	-0.0010997341089219034	-5.4993042434706065e-05	0.0	0.0	0.0
137973.77880859375	8.434987973306695e-05	0.0025227503960158063	-1.835467219723236e-05	0.0	0.0	0.0
138182.8447265625	0.0019047101944175064	-0.00012649357289375838	-4.223498566251855e-05	0.0	0.0	0.0
138399.95068359375	0.0035338563680448526	0.0017014719636573577	-6.845158698747176e-05	0.0	0.0	0.0
138611.74291992188	0.004910183019993388	0.002062021040646426	-8.388092700828455e-05	0.0	0.0	0.0
138822.77734375	0.003554807841054472	0.003240264079001338	-7.211892767631175e-05	0.0	0.0	0.0
139038.86181640625	0.005622704746979143	0.0023909915532200512	-8.890705390148201e-05	0.0	0.0	0.0
139248.2802734375	0.005445886490536747	-0.0038297171553966286	-7.967742385442259e-05	0.0	0.0	0.0
139460.42309570312	0.005382585142717568	-0.0007612772660725035	-8.304974453337953e-05	0.0	0.0	0.0
139665.7626953125	0.002851289077666321	0.0002026326590802194	-5.935928750598317e-05	0.0	0.0	0.0
139876.822265625	0.0036441296273294244	0.002937235764543952	-7.344630265719191e-05	0.0	0.0	0.0
140085.88330078125	0.0022419182234935226	-0.0022568817106087794	-6.165184834393974e-05	0.0	0.0	0.0
140301.51928710938	0.0028736072975361114	-0.0009506972658831499	-7.483469008836538e-05	0.0	0.0	0.0
140515.62573242188	0.002720358541391944	0.001205655357658509	-8.28604873430149e-05	0.0	0.0	0.0
140727.88110351562	-0.00043544206014412847	-0.0018570850822937112	-5.8790747202202446e-05	0.0	0.0	0.0
140941.06372070312	0.002210062400119179	-0.0030417720135698313	-9.416540900257273e-05	0.0	0.0	0.0
141156.2470703125	0.0025280318529842818	0.00042961738786603836	-0.0001134326481124673	0.0	0.0	0.0
141364.73364257812	0.0023791296398231934	-0.0012793171707918593	-0.00012374140972872045	0.0	0.0	0.0
141579.50537109375	0.0020634502190188583	-0.003003979812020669	-0.000132082329741701	0.0	0.0	0.0
141802.43530273438	0.0075756386177340575	-0.001554746567736334	-0.00021263570958280335	0.0	0.0	0.0
142015.27075195312	0.0011404177465648344	0.001315497462956341	-0.00015198784765536335	0.0	0.0	0.0
142226.46362304688	0.004075048913322601	-0.0009516733345993779	-0.0001955713060110825	0.0	0.0	0.0
142436.65771484375	0.004780949861155445	0.0002663418677203562	-0.00020426513712041094	0.0	0.0	0.0
142650.134765625	0.001865078795264109	0.0012647243790387718	-0.0001690235455785705	0.0	0.0	0.0
142862.94921875	0.004783994371367645	0.0002944222861652261	-0.00019846273187204466	0.0	0.0	0.0
143072.7509765625	0.0017404128233166423	0.0002676100641658305	-0.000161953080800324	0.0	0.0	0.0
143286.86962890625	0.002939473795555561	-0.0006130417690957242	-0.000179187654655294	0.0	0.0	0.0
143501.259765625	0.0027593614621861714	-0.00011959477541404328	-0.00016988848143955588	0.0	0.0	0.0
143713.35205078125	0.0012146052633240682	-0.0049880586679633	-0.0001753557912229174	0.0	0.0	0.0
143924.46704101562	0.004128218059768144	-0.0008323885361658981	-0.00017950888021397413	0.0	0.0	0.0
144136.89916992188	0.002341450272044398	-0.005071072060646664	-0.00018321076435470732	0.0	0.0	0.0
144348.98828125	0.0007447374299675083	-0.0026845326993823297	-0.00015014888828775042	0.0	0.0	0.0
144560.9453125	0.002123960956401958	-0.002141348595574763	-0.0001623778686426841	0.0	0.0	0.0
144774.55297851562	0.003964139163109837	-0.0020217078871956518	-0.00017818360970924406	0.0	0.0	0.0
144988.72705078125	0.004338253941827587	-0.0024574924433978375	-0.00018019210312228095	0.0	0.0	0.0
145199.15795898438	0.0029708041092066165	-0.0042623167049567305	-0.00017878789153133543	0.0	0.0	0.0
145417.11108398438	0.003152800339853808	-0.005408364209144002	-0.00018880894940647222	0.0	0.0	0.0
145630.3662109375	0.0034707244304809618	-0.004961561237019386	-0.00018276385063710485	0.0	0.0	0.0
145843.01489257812	-3.9839307614476795e-05	-0.0035822953137584846	-0.00014019775451848513	0.0	0.0	0.0
146052.55859375	0.001286929982892591	-0.0032146983529112564	-0.00013820924921021586	0.0	0.0	0.0
146258.02319335938	0.0008887754294164578	-0.0037149995761964097	-0.00013552394914308907	0.0	0.0	0.0
146466.01293945312	0.0016769877546695267	-0.00375421637425398	-0.00013659745370556245	0.0	0.0	0.0
146676.09765625	-0.0013756372797586068	-0.004256769322593488	-0.0001216316396626137	0.0	0.0	0.0
146890.6796875	0.0006574115787937869	-0.00542295704454633	-0.00013902037312136736	0.0	0.0	0.0
147103.10717773438	-0.0009754883927599053	-0.00511896247324078	-0.00012528303695660408	0.0	0.0	0.0
147312.29223632812	0.002026336788134683	-0.007776732224948479	-0.00016051813470765035	0.0	0.0	0.0
147529.17065429688	0.0024858933076715444	-0.0020972444725034073	-0.00010086635991077771	0.0	0.0	0.0
147742.84936523438	0.0022009563756636027	-0.005281219481119323	-0.00012913036462466798	0.0	0.0	0.0
147954.1025390625	0.00033468348062795986	-0.002563654968624455	-8.760964205786652e-05	0.0	0.0	0.0
148167.43676757812	0.0016407623946654917	-0.0035954371312875645	-9.161947407316615e-05	0.0	0.0	0.0
148378.56884765625	-0.00048223803600102113	-0.0038533799329009276	-7.769239529058825e-05	0.0	0.0	0.0
148594.86206054688	-0.001199619328296981	-0.005900200018197498	-8.804207190229836e-05	0.0	0.0	0.0
148802.78271484375	0.0030585071615517262	-0.0027379585694459747	-6.440132457072412e-05	0.0	0.0	0.0
149013.197265625	0.0005409738008314628	-0.00371799489160556	-6.155838953300287e-05	0.0	0.0	0.0
149227.72509765625	0.002333712982555622	-0.010043406577936878	-0.0001297338201625848	0.0	0.0	0.0
149436.47192382812	0.0008065970009846817	-0.002089772632476995	-4.745388066397532e-05	0.0	0.0	0.0
