9068.605712890625	-4.6255488235693404e-17	8.639504363359997e-18	5.845023835977459e-11	0.0	0.0	0.0
9272.66357421875	8.965616359857532e-08	6.572363323178516e-08	3.895180732867507e-09	0.0	0.0	0.0
9475.486328125	-9.287327812783491e-07	-5.619103680184499e-07	1.4860959357190115e-08	0.0	0.0	0.0
9677.24560546875	-2.1776793167405777e-06	2.04357839396165e-06	3.4536577037473744e-08	0.0	0.0	0.0
9879.02978515625	2.1840573156436432e-06	4.256986580499999e-06	6.445019387021388e-08	0.0	0.0	0.0
10081.652099609375	6.428347766116652e-06	-2.3280752881641015e-06	1.0675160692915602e-07	0.0	0.0	0.0
10286.197021484375	-2.026192795504579e-06	-6.12694468526237e-06	1.6328160830061483e-07	0.0	0.0	0.0
10489.32080078125	-1.6669735262834486e-05	1.2418555969867204e-05	2.3208953793040073e-07	0.0	0.0	0.0
10697.610595703125	2.480457437944926e-05	-1.6125411160791058e-05	3.125119217876974e-07	0.0	0.0	0.0
10899.26025390625	-1.8333056651111362e-05	-3.069100709234105e-05	4.000773889707845e-07	0.0	0.0	0.0
11101.5205078125	0.00011855921304609933	2.2383569592450245e-05	5.038924935560344e-07	0.0	0.0	0.0
11304.2421875	8.522747763396568e-06	-5.2432429833463556e-05	6.230514523424414e-07	0.0	0.0	0.0
11506.792724609375	3.2324327792867005e-06	5.232252229958586e-05	7.719073401691397e-07	0.0	0.0	0.0
11714.52587890625	3.0501572484012386e-05	2.9165526763342882e-05	9.33084861972065e-07	0.0	0.0	0.0
11926.847412109375	5.3204506445531936e-05	-2.80029441187882e-05	1.1203551765586264e-06	0.0	0.0	0.0
12134.841552734375	-8.155001589064456e-05	0.00016157715329239978	1.345791639792495e-06	0.0	0.0	0.0
12344.03369140625	-0.00020990587699911553	0.0003157260577287937	1.6050798512104552e-06	0.0	0.0	0.0
12553.17724609375	-0.0003889505409607766	-0.00039479922038254125	1.8381231410709282e-06	0.0	0.0	0.0
12761.104736328125	8.497913020166915e-05	-4.466704874904327e-05	2.1328036342686623e-06	0.0	0.0	0.0
12974.695556640625	4.867787987850648e-06	-0.00013003323595205203	2.423703016109383e-06	0.0	0.0	0.0
13181.383056640625	0.000217268967616703	-0.00013189432857374923	2.7353838291365627e-06	0.0	0.0	0.0
13391.4208984375	0.0005062446451167839	-0.00016706740908839827	3.032110449992373e-06	0.0	0.0	0.0
13598.3427734375	0.0001826982016147615	5.9664117653693134e-05	3.2935489814616037e-06	0.0	0.0	0.0
13807.660888671875	-0.0001072714711335559	-0.0001688096812443291	3.473041880253527e-06	0.0	0.0	0.0
14020.11279296875	-0.0003330122627898977	0.0003908862313638793	3.59360278500123e-06	0.0	0.0	0.0
14228.092529296875	0.0010142848707567897	0.0002815674484440928	3.7154808991027126e-06	0.0	0.0	0.0
14438.932861328125	6.568808542386031e-05	-0.000257119813416803	3.8199454627741445e-06	0.0	0.0	0.0
14653.124267578125	-3.0887152800083056e-05	0.0003347814336957794	3.985785470739559e-06	0.0	0.0	0.0
14864.621337890625	0.0012670874090556083	0.0009002331711950007	4.011873729611069e-06	0.0	0.0	0.0
15075.769775390625	0.0013189970924824775	-0.001637782699799459	3.5877286323853077e-06	0.0	0.0	0.0
15287.057373046875	0.00115440264081504	0.0002924278806023183	3.337331142986445e-06	0.0	0.0	0.0
15498.90771484375	-0.0010106992228743853	-0.001438206621148868	2.949906754359749e-06	0.0	0.0	0.0
15714.431396484375	-0.0021782572549936675	0.0004452621844501519	2.6675219424547013e-06	0.0	0.0	0.0
15919.58154296875	0.001061411243496613	-0.0006260272225226694	2.3544746630030444e-06	0.0	0.0	0.0
16132.367431640625	-0.002573118012919208	0.003382496160149404	2.1978611126221463e-06	0.0	0.0	0.0
16339.274169921875	0.00018880012404605967	-0.0009192160947677768	1.6876962909833657e-06	0.0	0.0	0.0
16553.48486328125	-3.6345039096228376e-05	-0.001781682970514932	1.2271439606318943e-06	0.0	0.0	0.0
16767.193603515625	0.0009770927064993453	-0.0016417706140500231	7.93799989757977e-07	0.0	0.0	0.0
16975.4755859375	-4.827921285822923e-05	0.0009973639523784765	8.646719073868405e-07	0.0	0.0	0.0
17194.39013671875	-0.0009491517404106983	0.0007115206801600214	9.802705954890994e-07	0.0	0.0	0.0
17413.3779296875	0.0037602187253791284	0.0002577093382241744	1.383218091180999e-06	0.0	0.0	0.0
17619.252197265625	-0.0027539035372650565	-0.00024386964432966958	1.6297020263153823e-06	0.0	0.0	0.0
17835.071044921875	0.00043187008332194325	0.0029421688521733868	2.145275697820616e-06	0.0	0.0	0.0
18047.5712890625	0.0007087377183760031	0.0006506020689000886	1.3545510389059474e-06	0.0	0.0	0.0
18260.692138671875	-0.003223949053924223	-0.0014761489589770953	4.643990684612547e-07	0.0	0.0	0.0
18478.6552734375	-0.00013245300146445967	0.002390072104432502	3.8002707347580246e-07	0.0	0.0	0.0
18693.97021484375	0.0014124077591934217	0.0010395563564496693	-2.9732058021650745e-07	0.0	0.0	0.0
18912.2255859375	0.001222310671123966	-0.0033779797249452346	-1.8351623013017362e-06	0.0	0.0	0.0
19127.0478515625	0.001103993422075254	-0.0017379808455264475	-2.6230814016945536e-06	0.0	0.0	0.0
19343.001220703125	0.0007530716755877598	0.0003646975500029457	-3.6408595000162065e-06	0.0	0.0	0.0
19559.749267578125	-0.00021724004435914185	0.0002594130625417665	-5.560800438937904e-06	0.0	0.0	0.0
19775.618408203125	-0.003949460774842225	0.002843702717188526	-7.130847540335142e-06	0.0	0.0	0.0
19987.948974609375	0.0040488514122066915	-0.0013806516195080272	-8.510636297254362e-06	0.0	0.0	0.0
20202.57080078125	-0.0019481727407231464	-0.0027312615770638247	-1.0815421174227116e-05	0.0	0.0	0.0
20418.854736328125	0.0006564361977652182	-0.003873288737073636	-1.347929169358723e-05	0.0	0.0	0.0
20635.86083984375	-0.0017749030608765982	0.0029902009929714908	-1.540200550751792e-05	0.0	0.0	0.0
20846.012451171875	-0.00020458052139064517	-0.00021036896698690456	-1.91252254124312e-05	0.0	0.0	0.0
21061.447265625	0.00030553961148635376	0.001119548044054435	-2.240514524741501e-05	0.0	0.0	0.0
21279.61181640625	-0.005057697858051543	-0.0005467152056117208	-2.6420566308352444e-05	0.0	0.0	0.0
21499.4384765625	-0.0048823279836368695	0.0002532557730009983	-2.9910453113821363e-05	0.0	0.0	0.0
21713.97998046875	0.0010724303435082354	-0.004560506452235862	-3.4534293163226454e-05	0.0	0.0	0.0
21924.92236328125	0.0019990498301913425	0.0028542698213026877	-3.737119080249036e-05	0.0	0.0	0.0
22136.455810546875	0.003945088246076963	0.0009479273132675495	-4.08363166279924e-05	0.0	0.0	0.0
22351.360595703125	8.209401134131317e-05	0.002084625701754157	-4.3132248338095076e-05	0.0	0.0	0.0
22564.379150390625	-0.00026202264262706603	0.0035396554615176237	-4.4491784987029587e-05	0.0	0.0	0.0
22775.59423828125	-2.9354310749595097e-05	0.002644463045619358	-4.562147743385443e-05	0.0	0.0	0.0
22992.141357421875	0.004966990228991907	0.0006524798519961993	-4.6338762030241814e-05	0.0	0.0	0.0
23203.100341796875	-0.0017272377802913302	-0.0017904117215935646	-4.778861118555069e-05	0.0	0.0	0.0
23414.781494140625	-0.001629425210481726	-0.003901396530800393	-4.80494075587227e-05	0.0	0.0	0.0
23630.0107421875	0.0026385623346665845	0.0024463043516924155	-4.672851245324945e-05	0.0	0.0	0.0
23845.977783203125	0.007133019824253746	-0.0017009704122857268	-4.7253267490219695e-05	0.0	0.0	0.0
24058.63720703125	0.0018828083486819452	-0.0011300672278875717	-4.7270457232549104e-05	0.0	0.0	0.0
24275.010009765625	0.007887883335363648	0.006467923995295798	-4.518781021726243e-05	0.0	0.0	0.0
24492.349609375	-0.00152460695081731	0.0002524813598728093	-4.710356320157355e-05	0.0	0.0	0.0
24702.12841796875	0.006176916803450381	-0.0002609773207754442	-4.633481993558319e-05	0.0	0.0	0.0
24916.5712890625	0.005883185053140362	0.0009531464877533892	-4.645397930837407e-05	0.0	0.0	0.0
25135.4140625	0.004025871524130076	-0.0022501736273705083	-4.709370958601552e-05	0.0	0.0	0.0
25348.231689453125	0.003594695931514119	-0.0008074521752074278	-4.6689576812075025e-05	0.0	0.0	0.0
25564.47998046875	0.0028761602941192884	-0.0008375013375892054	-4.758731619415658e-05	0.0	0.0	0.0
25774.504150390625	0.0060070544166521515	0.0009900700794477663	-4.8194562853932156e-05	0.0	0.0	0.0
25991.45556640625	0.002579567857227998	0.0008288690406283906	-4.959575527044832e-05	0.0	0.0	0.0
26200.042724609375	0.004671829699314411	-0.0036956633998496023	-5.043754860246066e-05	0.0	0.0	0.0
26415.181396484375	0.001723251296457663	-0.0011174379903728655	-5.0065207185972876e-05	0.0	0.0	0.0
26631.056396484375	0.00135906824261013	0.001613718922300358	-5.154694674044621e-05	0.0	0.0	0.0
26848.2734375	-0.0015109143674633286	0.000655570486724184	-5.375618469216662e-05	0.0	0.0	0.0
27061.611572265625	-0.0017399527355306946	-0.0020584947655266188	-5.6636486829512166e-05	0.0	0.0	0.0
27277.294921875	-0.0015983605607312584	-0.004992000534558944	-5.980363430973761e-05	0.0	0.0	0.0
27493.459716796875	-0.006717189753231492	0.0006735256384439654	-6.0317706731646064e-05	0.0	0.0	0.0
27708.394287109375	0.0009438333176746505	0.001263392569834874	-6.139314918590804e-05	0.0	0.0	0.0
27924.693359375	-0.0001697324287553887	0.0030394966221152925	-6.137417431001319e-05	0.0	0.0	0.0
28136.759033203125	-0.004454552286572309	0.00038133007514600296	-6.296230827680051e-05	0.0	0.0	0.0
28354.595947265625	-0.008776865391749447	0.0033310657228407376	-6.214264511650957e-05	0.0	0.0	0.0
28566.10986328125	-0.004809429351823242	-0.0012442012428309846	-6.313008558547262e-05	0.0	0.0	0.0
28779.22705078125	-0.009801617745484993	0.0004569649422746398	-6.245214744871482e-05	0.0	0.0	0.0
28996.3662109375	-0.006244249179312167	0.0047034518221811894	-5.994503390932602e-05	0.0	0.0	0.0
29214.66455078125	-0.006770619261519382	0.002190888849956383	-5.9842035493757036e-05	0.0	0.0	0.0
29426.654052734375	-0.007352336565555228	0.0025418900745577916	-5.8073149784738375e-05	0.0	0.0	0.0
29641.479248046875	-0.009886915978034259	0.004591747425321997	-5.590339585280946e-05	0.0	0.0	0.0
29859.284912109375	-0.011066061346292814	0.0006877601448467391	-5.610587448038044e-05	0.0	0.0	0.0
30077.053466796875	-0.002552990500897828	0.0006936360894764408	-5.414420098716795e-05	0.0	0.0	0.0
30296.420654296875	-0.00874871549751972	0.003330852575816279	-5.235760644277868e-05	0.0	0.0	0.0
30513.825439453125	-0.00460053015449515	0.004924618900218581	-5.075947670714151e-05	0.0	0.0	0.0
30728.24609375	-0.0025628392286547834	-0.0010581175948116768	-5.247535871092401e-05	0.0	0.0	0.0
30944.481201171875	-0.0037361622212299093	0.0006854378347196891	-5.080068795324053e-05	0.0	0.0	0.0
31160.4638671875	0.0008259640769589297	0.0032861093823629076	-4.9232380904281226e-05	0.0	0.0	0.0
31375.63525390625	-0.003828182275810471	-0.0026481828641297073	-5.1985288431245404e-05	0.0	0.0	0.0
31587.05908203125	-0.004510835502716071	-0.0022552309521186174	-5.151633608765723e-05	0.0	0.0	0.0
31801.302490234375	0.005258868056497184	-0.00853485884211114	-5.395716989503021e-05	0.0	0.0	0.0
32015.32958984375	-0.0007101847117275799	-0.0006385620097540088	-5.07392951626488e-05	0.0	0.0	0.0
32227.311767578125	0.003058516795810107	-0.0022026442624179005	-5.190658772689463e-05	0.0	0.0	0.0
32444.045166015625	0.0038959638482065264	-0.0004722300438224434	-5.122128150379037e-05	0.0	0.0	0.0
32659.4130859375	0.004011996554728885	0.00079583565875895	-5.0229923436234654e-05	0.0	0.0	0.0
32875.945068359375	0.005806211881309024	0.0018253015910639212	-4.9456165235584766e-05	0.0	0.0	0.0
33091.23095703125	0.0048035444814434015	-0.005930212688258107	-5.278403013011298e-05	0.0	0.0	0.0
33306.974365234375	0.004331660310416048	0.0016138248531240742	-4.8865920903456005e-05	0.0	0.0	0.0
33521.743896484375	-0.0007637081109792333	-0.003779767277448825	-5.0653368169903355e-05	0.0	0.0	0.0
33744.196044921875	0.005916191701312221	0.0030796699454152645	-4.539976947976827e-05	0.0	0.0	0.0
33956.5625	0.003976745506023754	-0.0003665259890114171	-4.5302868806497266e-05	0.0	0.0	0.0
34171.71875	0.005362051202940808	-0.0023868157086300245	-4.393177922819349e-05	0.0	0.0	0.0
34387.76904296875	0.004896505368019548	0.0035877707675458334	-3.77384393410734e-05	0.0	0.0	0.0
34608.276123046875	0.004195694479810198	0.0036963904482094647	-3.479672629094035e-05	0.0	0.0	0.0
34820.593994140625	0.006349407858610299	-0.003728958360353042	-3.574643188439075e-05	0.0	0.0	0.0
35032.46923828125	0.004346541844403018	-0.003952050272371184	-3.2386614343816614e-05	0.0	0.0	0.0
35247.1875	0.0028971419190485653	-0.00010304548411421919	-2.739893595969706e-05	0.0	0.0	0.0
35462.51611328125	-0.0010672393804097935	-0.0008572266731191485	-2.5571239455563325e-05	0.0	0.0	0.0
35677.435546875	0.003579617085492492	0.0007251528542959829	-2.2300942205343924e-05	0.0	0.0	0.0
35892.1767578125	-1.1099135525004422e-05	-0.0020385752694036647	-2.099624816924795e-05	0.0	0.0	0.0
36103.5556640625	0.0014681917218717657	-0.0001024570248033412	-1.6767304686280614e-05	0.0	0.0	0.0
36323.48779296875	-0.0015374130967957438	0.0020783993391475294	-1.3022409157766851e-05	0.0	0.0	0.0
36536.68017578125	-0.0025211850575631253	0.002432909921266559	-1.0847096409522116e-05	0.0	0.0	0.0
36753.388427734375	-0.0025048798533927356	0.0014297603901949009	-1.076047785880544e-05	0.0	0.0	0.0
36964.701171875	-0.005059680523267055	0.0021356945665223326	-1.044692239514775e-05	0.0	0.0	0.0
37176.312744140625	-0.0016826999025446635	0.002744063765004872	-1.0207395070050465e-05	0.0	0.0	0.0
37390.064697265625	-0.004307576938474364	0.0033353658187435394	-1.0751212585569425e-05	0.0	0.0	0.0
37606.172119140625	-0.005032868672921367	0.0007983267554411184	-1.3769194951484004e-05	0.0	0.0	0.0
37824.085205078125	-0.0032398243212195285	0.01094542306814334	-7.272128504599952e-06	0.0	0.0	0.0
38039.3681640625	-0.005542399838517643	0.0070671266858941435	-1.1444059925857385e-05	0.0	0.0	0.0
38256.6806640625	-0.0004950302829900445	0.00045931934315306686	-1.849648924791485e-05	0.0	0.0	0.0
38468.171142578125	-0.0025559323035737316	0.006616444125017219	-1.5166818584813572e-05	0.0	0.0	0.0
38684.7509765625	-0.0028471384702737994	0.004504299125769773	-1.9632702948053225e-05	0.0	0.0	0.0
38901.719970703125	-0.0030982238163172514	0.006565053768131671	-2.0375818846846466e-05	0.0	0.0	0.0
39117.087158203125	-0.006483631735459257	0.009048699876931826	-2.0803749918401293e-05	0.0	0.0	0.0
39328.24755859375	-0.008934116614194937	0.007822105341062988	-2.431376901854688e-05	0.0	0.0	0.0
39543.137939453125	-0.002202171548334179	0.005579253099527102	-2.9670510461845477e-05	0.0	0.0	0.0
39763.9892578125	-0.008314390425903375	0.006372971351772615	-3.157707965411192e-05	0.0	0.0	0.0
39980.608154296875	-0.004043192487223392	0.006580363965848776	-3.3233627036763615e-05	0.0	0.0	0.0
40194.7919921875	-0.0055820079940244365	0.00852494834409846	-3.253314170884517e-05	0.0	0.0	0.0
40415.605712890625	-0.004401447368483312	0.010579847718229361	-3.271236150856823e-05	0.0	0.0	0.0
40628.010498046875	-0.0023247076630692953	0.012201832589564459	-3.226704629416259e-05	0.0	0.0	0.0
40839.90087890625	-0.0029276515994529797	0.008079763298557512	-3.683823843690775e-05	0.0	0.0	0.0
41059.715576171875	-0.002758455612655954	0.005405043045281646	-3.969603318833838e-05	0.0	0.0	0.0
41271.29150390625	0.00096711217425568	0.010990299241051845	-3.514728879559239e-05	0.0	0.0	0.0
41489.976318359375	-0.0032565943265642754	0.00963649272203605	-3.635750937564589e-05	0.0	0.0	0.0
41701.15185546875	-0.004975463735476944	0.003996470676521364	-4.271273854987685e-05	0.0	0.0	0.0
41922.2470703125	-0.0033979924408612905	0.008565274638766572	-3.876854493150291e-05	0.0	0.0	0.0
42137.95849609375	-0.0036701232569797864	0.009178410002887783	-3.805508772832801e-05	0.0	0.0	0.0
42351.833740234375	-0.0020024895691611038	0.011731875866243921	-3.5762465324718753e-05	0.0	0.0	0.0
42565.748291015625	-0.0023238845405854185	0.006069966556238178	-4.110627522046072e-05	0.0	0.0	0.0
42784.358154296875	4.800173375788309e-05	0.009156394589547185	-3.721530165280053e-05	0.0	0.0	0.0
42995.734619140625	0.001849873547543981	0.008333996467955093	-3.6671918290673145e-05	0.0	0.0	0.0
43208.970703125	-0.0042847370323442135	0.007746232579479863	-3.3074942637209265e-05	0.0	0.0	0.0
43423.582275390625	0.0014118818396827058	0.011315806433014284	-2.847822122496881e-05	0.0	0.0	0.0
43636.4404296875	-0.002030722976905134	0.005630647116502574	-3.073980527711595e-05	0.0	0.0	0.0
43853.00732421875	-0.00038471072768149516	0.00397390709578193	-3.0623563095466815e-05	0.0	0.0	0.0
44080.6572265625	-0.0031627167049124516	0.01307567673297954	-1.7463037758950635e-05	0.0	0.0	0.0
44297.3154296875	0.0015990413349130062	0.00849163575593198	-2.218438100391128e-05	0.0	0.0	0.0
44514.942138671875	-0.002752305764078178	0.009508103626528371	-1.781060281982866e-05	0.0	0.0	0.0
44734.450927734375	-0.002172586175961645	0.016987540394220745	-8.460416699445993e-06	0.0	0.0	0.0
44950.202392578125	-0.0036728393011855372	0.009177533567891558	-1.429840358809253e-05	0.0	0.0	0.0
45169.197021484375	-0.0006811304649978992	0.01553846279919138	-6.889393394880885e-06	0.0	0.0	0.0
45382.291748046875	-0.002325631502369406	0.011506976496103086	-8.780161296762641e-06	0.0	0.0	0.0
45594.309814453125	-0.0021488752977576837	0.012600189339298252	-5.70202911987268e-06	0.0	0.0	0.0
45804.50537109375	-0.001873514039819508	0.01740092857940789	1.2861957043655118e-06	0.0	0.0	0.0
46021.052734375	0.0001267172457658216	0.016039885691747864	1.3891902936666137e-06	0.0	0.0	0.0
46240.249267578125	-0.0015423560208465005	0.013483511066073319	1.4999164122232148e-06	0.0	0.0	0.0
46456.54736328125	-0.005038260045045989	0.014205991814833861	5.995712847684931e-06	0.0	0.0	0.0
46672.5	-0.0001428478711971254	0.013894517862305946	4.598550694677399e-06	0.0	0.0	0.0
46889.794189453125	-0.0033314330978025633	0.020082484565849323	1.4049770090130304e-05	0.0	0.0	0.0
47108.655029296875	-0.0034273096387583274	0.01828005618097768	1.2900167815657971e-05	0.0	0.0	0.0
47326.406982421875	-0.0032717460640303035	0.021868638448323548	1.714320612457634e-05	0.0	0.0	0.0
47536.317138671875	-0.002282375071446252	0.022025583175314757	1.7334685700212072e-05	0.0	0.0	0.0
47747.68603515625	-0.001585639400402833	0.023370036378729944	1.7810586526070605e-05	0.0	0.0	0.0
47959.584716796875	-0.008767768341526011	0.023979453456053318	2.2616925219979998e-05	0.0	0.0	0.0
48177.870361328125	-0.00454318886520892	0.026719387754616276	2.2161295390508068e-05	0.0	0.0	0.0
48389.285888671875	-0.0043715390340016615	0.018087073994112888	1.2719751581480831e-05	0.0	0.0	0.0
48603.267333984375	-0.007660701485557298	0.019254495400731826	1.6683502779616656e-05	0.0	0.0	0.0
48819.179443359375	-0.00641679770133374	0.022527083984170415	2.0428788394424392e-05	0.0	0.0	0.0
49035.36279296875	-0.008041927650291651	0.02453128354116089	2.429990886358187e-05	0.0	0.0	0.0
49248.59912109375	-0.003980207677491679	0.02177171380981163	1.8555747182973182e-05	0.0	0.0	0.0
49462.88330078125	-0.00604269433312779	0.02315811934092727	2.170925481129565e-05	0.0	0.0	0.0
49677.264892578125	-0.006419699541933413	0.015660542322454143	1.409120630610019e-05	0.0	0.0	0.0
49892.240234375	-0.005706542033885546	0.02119435344366632	1.8971007321144408e-05	0.0	0.0	0.0
50109.3310546875	-0.006108104427737871	0.015712333517126097	1.2737904579519007e-05	0.0	0.0	0.0
50322.16455078125	-0.0062255554419990144	0.015555565362417383	1.1836341453478534e-05	0.0	0.0	0.0
50534.30615234375	-0.009911578718033486	0.018013581490632542	1.6621707594512937e-05	0.0	0.0	0.0
50748.6806640625	-0.0113345489565439	0.012601913726840063	1.2007869011373964e-05	0.0	0.0	0.0
50961.6923828125	-0.009763766499148101	0.013767183226203227	1.240643938862997e-05	0.0	0.0	0.0
51181.40966796875	-0.010863080026359386	0.014332855969419045	1.5062971644774705e-05	0.0	0.0	0.0
51392.820556640625	-0.007419727416378507	0.013795604783876113	1.2665279212947203e-05	0.0	0.0	0.0
51604.024169921875	-0.009884552742503995	0.011103057670329465	1.2697566800574307e-05	0.0	0.0	0.0
51823.07421875	-0.010667713250493415	0.011253541990414041	1.3598246269454784e-05	0.0	0.0	0.0
52035.7685546875	-0.01120068957259543	0.009463278849111113	1.1722688790934576e-05	0.0	0.0	0.0
52254.5439453125	-0.011521286605895775	0.008343911905644584	1.0725218655351773e-05	0.0	0.0	0.0
52467.469970703125	-0.01799689087402494	0.003192242699542983	1.0812209570289727e-05	0.0	0.0	0.0
52684.61328125	-0.013880362048283705	0.0072677119291020284	1.2010506797603993e-05	0.0	0.0	0.0
52893.235595703125	-0.013792771164798816	0.002406122535379121	6.613141074417921e-06	0.0	0.0	0.0
53106.2138671875	-0.013068165189790674	0.007635092443224714	1.1964851805120275e-05	0.0	0.0	0.0
53321.357666015625	-0.011578838116184946	0.0021417950471281995	5.3790937860068195e-06	0.0	0.0	0.0
53534.6904296875	-0.010149060054863204	0.008073445394040217	1.1820450968921994e-05	0.0	0.0	0.0
53751.69482421875	-0.008722014830683735	0.007304546637279854	1.0612495137018875e-05	0.0	0.0	0.0
53965.80615234375	-0.010242330576270983	0.012182415375555079	1.8478905412281544e-05	0.0	0.0	0.0
54180.62255859375	-0.01195741350348276	0.008954716983757507	1.7267115139838713e-05	0.0	0.0	0.0
54400.484619140625	-0.010119082698467584	0.006310995813064246	1.287627988062337e-05	0.0	0.0	0.0
54615.93115234375	-0.013032239640830003	0.004852684016558542	1.461552853935777e-05	0.0	0.0	0.0
54827.048583984375	-0.009114647773443186	0.0022864765057033277	8.738527041715605e-06	0.0	0.0	0.0
55038.66015625	-0.013129622966877431	0.009429142360001573	2.1541820207704702e-05	0.0	0.0	0.0
55251.891845703125	-0.005195680737453819	0.0036852765160266315	7.183191708984927e-06	0.0	0.0	0.0
55473.4208984375	-0.00861776917349672	0.008992028616077173	1.650081504597651e-05	0.0	0.0	0.0
55683.55078125	-0.01142917423956465	0.0004926587207630195	9.026232530864069e-06	0.0	0.0	0.0
55897.7861328125	-0.005674096768317009	0.0037747454358841737	7.4838076122230105e-06	0.0	0.0	0.0
56112.21923828125	-0.006598573158106706	0.0012720211493427037	4.370345525884962e-06	0.0	0.0	0.0
56317.921142578125	-0.014118890304690754	6.061614427128016e-05	8.84572330823209e-06	0.0	0.0	0.0
56535.448486328125	-0.005959375024493681	0.003345693006104945	3.893119246715987e-06	0.0	0.0	0.0
56746.498291015625	-0.004538575928490536	-0.0009460462100693734	-3.872981312416736e-06	0.0	0.0	0.0
56958.835205078125	-0.0038110551249616736	-0.001005255832744965	-5.6316656967127036e-06	0.0	0.0	0.0
57175.968505859375	-0.004924569216861098	-0.002997943767297402	-7.435496162574733e-06	0.0	0.0	0.0
57389.890869140625	0.0006905700289370277	-0.004872599922339629	-1.4926650908190522e-05	0.0	0.0	0.0
57603.883056640625	0.0027962966963641558	-0.008252070407436255	-2.0547790806558026e-05	0.0	0.0	0.0
57813.931884765625	0.0051632686109642015	-0.007443795003635033	-2.1554217360594063e-05	0.0	0.0	0.0
58025.14892578125	0.009928080849841496	-0.0036106050014203038	-2.092756975963412e-05	0.0	0.0	0.0
58239.15087890625	0.004548285044530898	-0.009779173404504512	-2.3151821890300442e-05	0.0	0.0	0.0
58451.86572265625	0.011544704821389822	-0.007872972479940758	-2.6665660894844388e-05	0.0	0.0	0.0
58670.1259765625	0.010399550032649356	-0.01238625973858657	-2.9987377076336694e-05	0.0	0.0	0.0
58878.924072265625	0.015071398141657864	-0.016676923608160487	-3.93546628090268e-05	0.0	0.0	0.0
59092.342041015625	0.013211019805975392	-0.015361696781008563	-3.512439646897175e-05	0.0	0.0	0.0
59303.5576171875	0.013969287930192269	-0.011755975428074718	-3.116014825444286e-05	0.0	0.0	0.0
59516.59326171875	0.018804415635247047	-0.017278679310589427	-4.389309587738905e-05	0.0	0.0	0.0
59730.794677734375	0.01956455123569394	-0.010758602725760999	-3.726946901507418e-05	0.0	0.0	0.0
59944.571044921875	0.01684482956563469	-0.016748979217869005	-4.3365649225941876e-05	0.0	0.0	0.0
60163.586669921875	0.017498606621107127	-0.010501233666496234	-3.7049433655284544e-05	0.0	0.0	0.0
60379.854248046875	0.01887120474905455	-0.013155157174937841	-4.316728185171493e-05	0.0	0.0	0.0
60594.1298828125	0.01755625539301644	-0.014121184332543238	-4.402813986269708e-05	0.0	0.0	0.0
60814.764404296875	0.023556676474075288	-0.014814260001277042	-5.2373106800966286e-05	0.0	0.0	0.0
61026.283447265625	0.022347317637807496	-0.013768563390404862	-4.992363322152815e-05	0.0	0.0	0.0
61236.019775390625	0.027106541646982122	-0.015309818657964531	-5.733097214578942e-05	0.0	0.0	0.0
61449.7587890625	0.030049497581705067	-0.015875966319152456	-6.155967477497664e-05	0.0	0.0	0.0
61663.618896484375	0.030837085144440727	-0.010821950166081834	-5.63164099129274e-05	0.0	0.0	0.0
61876.20947265625	0.03412398896190355	-0.013666498253078072	-6.352395623998603e-05	0.0	0.0	0.0
62092.07568359375	0.025596034049237035	-0.01984914742092443	-6.115411937565825e-05	0.0	0.0	0.0
62308.521728515625	0.023863418991382664	-0.018283763863470526	-5.5583516190960194e-05	0.0	0.0	0.0
62529.310546875	0.02585986585634445	-0.020355909568157526	-5.986635874398178e-05	0.0	0.0	0.0
62744.113525390625	0.020185055027329844	-0.01936586245931678	-5.017131245638782e-05	0.0	0.0	0.0
62959.69921875	0.022827857917190008	-0.020895871056757033	-5.5040282932385164e-05	0.0	0.0	0.0
63177.27392578125	0.026001285755642752	-0.016272914234238108	-5.2699062728766346e-05	0.0	0.0	0.0
63386.5810546875	0.026632153726928686	-0.0171829058219858	-5.269793568666652e-05	0.0	0.0	0.0
63607.581298828125	0.025292240460936477	-0.018991290430454128	-5.186348204754807e-05	0.0	0.0	0.0
63824.115478515625	0.018369241963468144	-0.02308054105521614	-4.123968512410585e-05	0.0	0.0	0.0
64042.243896484375	0.020868136971099842	-0.022577235152942448	-3.594513556456238e-05	0.0	0.0	0.0
64257.546142578125	0.017663229769268866	-0.02019681259525375	-2.5025600457645847e-05	0.0	0.0	0.0
64473.85205078125	0.019190746313590787	-0.016777976637800767	-2.4656821999586195e-05	0.0	0.0	0.0
64690.508056640625	0.016774153637989838	-0.020558964125714414	-2.6764148532444163e-05	0.0	0.0	0.0
64907.16650390625	0.016448710956914827	-0.01836958362044601	-2.4523042637090556e-05	0.0	0.0	0.0
65119.665283203125	0.017459905436748368	-0.012195809798775435	-2.014478223583622e-05	0.0	0.0	0.0
65334.74951171875	0.014694270254287614	-0.012316387188021864	-1.7538984017092077e-05	0.0	0.0	0.0
65548.28173828125	0.011014048958922591	-0.012027301246453313	-1.3884361501587406e-05	0.0	0.0	0.0
65762.95556640625	0.018143770026183198	-0.008695516591016294	-1.8056657257436676e-05	0.0	0.0	0.0
65975.2626953125	0.013790041342413349	-0.006723318394515093	-1.3103605499140617e-05	0.0	0.0	0.0
66191.248046875	0.017844656250531558	-0.0038596772760950077	-1.4266751770196347e-05	0.0	0.0	0.0
66411.11206054688	0.015366272196865248	-0.0011611448816822576	-1.0368605850713181e-05	0.0	0.0	0.0
66621.330078125	0.01752222546210538	-0.0012091668994793736	-1.1101360131071771e-05	0.0	0.0	0.0
66834.55590820312	0.014344494995145498	0.001476955821217382	-6.144463669265729e-06	0.0	0.0	0.0
67048.92919921875	0.01278814934350841	0.0019824307153159383	-3.624826101006103e-06	0.0	0.0	0.0
67258.85595703125	0.016951079539405518	-9.845992418355003e-05	-5.182906655940124e-06	0.0	0.0	0.0
67473.8349609375	0.019432884167868994	0.003748272231538821	-2.9593649296735294e-06	0.0	0.0	0.0
67683.73828125	0.02281012653584999	-0.00018054878576427832	-4.64909290218211e-06	0.0	0.0	0.0
67902.83764648438	0.015919322625841045	0.0009665043987343384	-2.6422278527378984e-06	0.0	0.0	0.0
68110.39038085938	0.015925369734122834	-0.0007354647567103705	-1.6013790169230539e-06	0.0	0.0	0.0
68324.07397460938	0.022426566490393155	0.006600529105946197	4.253970014837357e-06	0.0	0.0	0.0
68530.75708007812	0.014600329596543163	0.005940570776001511	3.0657332137117917e-06	0.0	0.0	0.0
68746.19384765625	0.018489621459004384	0.006293514764078735	4.2639376366435575e-06	0.0	0.0	0.0
68964.53393554688	0.021034843521276582	0.005066943324182242	4.784196211098011e-06	0.0	0.0	0.0
69181.41772460938	0.01597686444511944	0.006525263084742434	3.46324493132596e-06	0.0	0.0	0.0
69402.46118164062	0.018920113030535105	0.006115281626470712	5.233468260992516e-06	0.0	0.0	0.0
69611.78955078125	0.017034441064829223	0.008018783896562475	5.922406457253327e-06	0.0	0.0	0.0
69824.33447265625	0.01604443715513937	0.0059667328761092734	5.312733270741557e-06	0.0	0.0	0.0
70040.478515625	0.01716996684081519	0.003931913837358597	6.389803170699215e-06	0.0	0.0	0.0
70255.85034179688	0.017324272767037702	0.010784244201863174	1.023748493038295e-05	0.0	0.0	0.0
70465.11401367188	0.015025346295285829	0.014385321447841104	1.0646045140041594e-05	0.0	0.0	0.0
70676.75341796875	0.01797837650682234	0.011492620875965344	1.2658609794861382e-05	0.0	0.0	0.0
70885.41259765625	0.014757526487709208	0.006096941576722214	7.76137933187196e-06	0.0	0.0	0.0
71101.82177734375	0.015270303266169391	0.01220421863364329	1.1103432256811632e-05	0.0	0.0	0.0
71316.4931640625	0.018199950377839263	0.012267869490441488	1.3745045849766466e-05	0.0	0.0	0.0
71530.46557617188	0.013015524419960109	0.013796863861795574	8.289058656993582e-06	0.0	0.0	0.0
71742.8759765625	0.0134091197775322	0.011327113335595848	6.9189823425709915e-06	0.0	0.0	0.0
71960.20629882812	0.011410442449503747	0.011589933764258946	4.297683213533521e-06	0.0	0.0	0.0
72170.07958984375	0.013546594650892986	0.01745652229241713	8.343545751071384e-06	0.0	0.0	0.0
72381.84692382812	0.00965435191400925	0.019763605122420164	4.256896491291844e-06	0.0	0.0	0.0
72595.0673828125	0.013526592148954677	0.009999284752163275	2.7698167620392072e-06	0.0	0.0	0.0
72808.41674804688	0.011601472663312727	0.013264565846507847	1.1660273103914314e-06	0.0	0.0	0.0
73020.92626953125	0.010075033415562953	0.01471733023558039	-7.389119529079465e-07	0.0	0.0	0.0
73235.59765625	0.011883069549263497	0.014774157665127671	7.639278577605129e-07	0.0	0.0	0.0
73448.9755859375	0.00525521905895333	0.014812142409682906	-8.991003442416417e-06	0.0	0.0	0.0
73665.61450195312	0.004011782865273724	0.01310571896193867	-1.3006007232798613e-05	0.0	0.0	0.0
73875.42895507812	0.003187278213616532	0.017920629611082053	-1.2025519020464057e-05	0.0	0.0	0.0
74088.24487304688	-0.0029967443660032993	0.01834966599744243	-2.093698030329749e-05	0.0	0.0	0.0
74301.54760742188	-0.00472867468549011	0.01603495834084818	-2.461613717711017e-05	0.0	0.0	0.0
74522.34204101562	-0.003274253320063694	0.016056055479901955	-2.244437629074799e-05	0.0	0.0	0.0
74728.69409179688	0.002586057774639702	0.02237583381479852	-9.805463657742945e-06	0.0	0.0	0.0
74932.54296875	-0.00457013213469053	0.016596913694921275	-2.2188856498204878e-05	0.0	0.0	0.0
75151.14819335938	-0.007339365908241572	0.017426688756803106	-2.420755336310983e-05	0.0	0.0	0.0
75355.91796875	-0.005022249249988528	0.012460730065410276	-2.203009317751287e-05	0.0	0.0	0.0
75571.51440429688	-0.006111493379695911	0.019117503758213417	-1.7653283008536265e-05	0.0	0.0	0.0
75779.21459960938	-0.00810159652220808	0.01645368309969601	-1.9199007240389146e-05	0.0	0.0	0.0
75989.08569335938	-0.0112748591334502	0.013938486928940322	-2.1987600045476988e-05	0.0	0.0	0.0
76203.95727539062	-0.010616087983402368	0.014859606110246552	-1.7720745582024037e-05	0.0	0.0	0.0
76420.31689453125	-0.008108183617169097	0.009045528556781214	-1.4430840839787905e-05	0.0	0.0	0.0
76636.0361328125	-0.014882613996291696	0.011586560544435066	-2.0732793355725008e-05	0.0	0.0	0.0
76847.48022460938	-0.005047330579802227	0.005212693791104615	-7.73402357748772e-06	0.0	0.0	0.0
77059.61157226562	-0.003748260768480052	0.006495520136153886	-3.6662727916077174e-06	0.0	0.0	0.0
77272.55932617188	-0.0013081244682424241	0.012632563941921676	4.503694446923907e-06	0.0	0.0	0.0
77488.08544921875	-0.010639427582444414	0.006906384985450392	-1.1469294111856466e-05	0.0	0.0	0.0
77709.74536132812	-0.003227126834465956	0.0073161695649131995	7.165741022665559e-07	0.0	0.0	0.0
77924.38159179688	-0.0028980236320238256	0.008546582783298635	2.6717585383889767e-06	0.0	0.0	0.0
78133.50634765625	-0.003984906823993708	0.009854641302208235	2.504463038023446e-06	0.0	0.0	0.0
78351.412109375	0.0012761025061473936	0.004415455643348541	8.13610008224398e-06	0.0	0.0	0.0
78564.04125976562	-0.0034377798989387756	0.009840552124669315	5.226182792053511e-06	0.0	0.0	0.0
78778.3271484375	-0.0009579821599351433	0.0081649365908164	9.026545931458395e-06	0.0	0.0	0.0
78988.34497070312	0.002502196473692938	0.011908971528312263	1.637274942741047e-05	0.0	0.0	0.0
79197.17919921875	-0.0017046635960458873	0.014449723619944888	1.1887653365884756e-05	0.0	0.0	0.0
79411.7734375	0.00844274245502996	0.010995189943278668	2.5494309319278233e-05	0.0	0.0	0.0
79629.47338867188	0.004758795714494048	0.01643987268691023	2.259223417564956e-05	0.0	0.0	0.0
79841.82958984375	0.008292236535021952	0.02411421911628018	3.064750376529738e-05	0.0	0.0	0.0
80055.97094726562	0.010169580408690341	0.021811055996937372	2.9663257208675047e-05	0.0	0.0	0.0
80268.04052734375	0.0029070146182575422	0.027541137020345007	1.996176314098637e-05	0.0	0.0	0.0
80478.5224609375	0.012460101876804443	0.026705753739207968	3.1259456284240466e-05	0.0	0.0	0.0
80692.66796875	0.013803905424479561	0.026663245766310354	3.1030975760329306e-05	0.0	0.0	0.0
80906.43408203125	0.0075001711773786004	0.030126725544236455	2.1745727879932898e-05	0.0	0.0	0.0
81117.65185546875	0.011066734466300873	0.029568566546611337	2.5033530036839227e-05	0.0	0.0	0.0
81330.16772460938	0.008829046372867473	0.02216377491017201	1.5240323637702205e-05	0.0	0.0	0.0
81545.38598632812	0.013849916877501619	0.024500494012273714	2.1798304635999786e-05	0.0	0.0	0.0
81759.775390625	0.011789802929488795	0.023412734661479518	1.724572394087931e-05	0.0	0.0	0.0
81969.5908203125	0.0075555333446562225	0.019057656620816977	8.851386065368592e-06	0.0	0.0	0.0
82183.35034179688	0.005466660888633603	0.015920170947828854	4.634137219811016e-06	0.0	0.0	0.0
82393.25170898438	0.009718246804908412	0.007134742050040172	5.642533974250121e-06	0.0	0.0	0.0
82611.0751953125	0.006542336104932354	0.006251285436127491	1.1859257402484726e-07	0.0	0.0	0.0
82823.47998046875	0.00290177742994678	0.003053075855716962	-7.104300964232818e-06	0.0	0.0	0.0
83034.65356445312	0.00011657511593572631	-0.00044658523744307746	-1.3463878454783206e-05	0.0	0.0	0.0
83247.17016601562	0.0036222058429353737	-0.0056349746734567305	-1.167128894994603e-05	0.0	0.0	0.0
83460.0703125	0.0035344612224041303	-0.005822068502696346	-1.2828228540312187e-05	0.0	0.0	0.0
83669.51171875	0.0031766776292211653	-0.007955003920119063	-1.612487987528818e-05	0.0	0.0	0.0
83882.66381835938	0.00679228877181425	-0.016169465806543545	-1.7663614353785262e-05	0.0	0.0	0.0
84098.0244140625	0.005201792168243939	-0.01636622724086013	-2.197300720191425e-05	0.0	0.0	0.0
84312.58520507812	0.004579751617694102	-0.02181585525274683	-2.778860747491216e-05	0.0	0.0	0.0
84520.53833007812	0.004912733451328356	-0.023402682171035662	-2.9641734352143083e-05	0.0	0.0	0.0
84730.00122070312	0.00670345856544873	-0.026319213260986296	-2.981837882589156e-05	0.0	0.0	0.0
84942.59497070312	0.009634512916129908	-0.02864766708162621	-2.8465164168825916e-05	0.0	0.0	0.0
85157.81811523438	0.008763519323839376	-0.03013157049960677	-3.1313251470392e-05	0.0	0.0	0.0
85368.67114257812	0.009709819681820931	-0.033166389968834815	-3.31102957824261e-05	0.0	0.0	0.0
85582.38134765625	0.007183059784896538	-0.030793479694393413	-3.581255266116056e-05	0.0	0.0	0.0
85794.80688476562	0.011995787755748675	-0.031864296468172924	-3.1279617110930184e-05	0.0	0.0	0.0
86006.84423828125	0.008176837731755726	-0.03264111411620432	-3.85170860783227e-05	0.0	0.0	0.0
86218.57397460938	0.013032730886556912	-0.028637658617696272	-3.0120811417733683e-05	0.0	0.0	0.0
86431.01000976562	0.009748506906207141	-0.033656284776138495	-3.913558431747385e-05	0.0	0.0	0.0
86640.48046875	0.012828934073320876	-0.028353143032178584	-3.3030017878542045e-05	0.0	0.0	0.0
86853.27001953125	0.017487408701050113	-0.02788415803600711	-2.9176781167499735e-05	0.0	0.0	0.0
87070.61376953125	0.00685634275128628	-0.031391384503285776	-4.8274594286562126e-05	0.0	0.0	0.0
87286.25268554688	0.009292842185589695	-0.032520081500654864	-4.909956652141131e-05	0.0	0.0	0.0
87499.5859375	0.013318842413677184	-0.028303343520849386	-4.3340397588558344e-05	0.0	0.0	0.0
87708.86572265625	0.013778183025976814	-0.03189885151238164	-4.7737295419535914e-05	0.0	0.0	0.0
87924.22241210938	0.011345784269522239	-0.02865787758695513	-5.1329240012013854e-05	0.0	0.0	0.0
88136.57861328125	0.008811136382885328	-0.021945513060140844	-5.12957601578438e-05	0.0	0.0	0.0
88352.76440429688	0.005897414966683982	-0.02528601055514087	-5.913286819800104e-05	0.0	0.0	0.0
88562.794921875	0.012536479526639003	-0.02700783397129751	-5.4596347415035044e-05	0.0	0.0	0.0
88779.162109375	0.01347445501383904	-0.02462603059049941	-5.2429174875129144e-05	0.0	0.0	0.0
88994.07177734375	0.016151464473743892	-0.02257700922582828	-4.754304499773784e-05	0.0	0.0	0.0
89206.8583984375	0.012730946390311469	-0.026760484042859158	-5.5498492256733405e-05	0.0	0.0	0.0
89418.517578125	0.012724943545049657	-0.023866923237080572	-5.419020341776257e-05	0.0	0.0	0.0
89633.96459960938	0.011073196026110513	-0.024061932837974382	-5.921399092246217e-05	0.0	0.0	0.0
89846.81298828125	0.01847022832750482	-0.025187324003188283	-5.400074787093468e-05	0.0	0.0	0.0
90061.5810546875	0.011623369065764402	-0.03148088175941423	-7.018776191284691e-05	0.0	0.0	0.0
90275.28173828125	0.016324438668618914	-0.022400172114436876	-6.072222998859531e-05	0.0	0.0	0.0
90485.080078125	0.013768925751915073	-0.02604234623321737	-6.974633245467507e-05	0.0	0.0	0.0
90694.65673828125	0.01616601611681437	-0.017579044588544805	-6.192815609145626e-05	0.0	0.0	0.0
90908.69384765625	0.013335799637427892	-0.02283991487978083	-7.132826123621519e-05	0.0	0.0	0.0
91117.84643554688	0.016185752733041434	-0.02143841070166211	-6.874010316606951e-05	0.0	0.0	0.0
91329.38647460938	0.012813006246259272	-0.021918200736483998	-7.384548584107059e-05	0.0	0.0	0.0
91540.5732421875	0.013196241587458626	-0.023655656569723287	-7.635884680905443e-05	0.0	0.0	0.0
91750.08422851562	0.016530291089557458	-0.022738353335988015	-7.311479719670941e-05	0.0	0.0	0.0
91966.19213867188	0.016143058713810218	-0.019840236981797765	-7.201138691876307e-05	0.0	0.0	0.0
92174.4033203125	0.015486990051341352	-0.01887269369328729	-7.364489255523334e-05	0.0	0.0	0.0
92388.02490234375	0.018581671305449576	-0.020725513739208685	-7.538123591841293e-05	0.0	0.0	0.0
92600.8837890625	0.022301068657459813	-0.020208360552407597	-7.232120920265127e-05	0.0	0.0	0.0
92812.05419921875	0.016617082549974026	-0.014569599540628314	-7.258538732541394e-05	0.0	0.0	0.0
93024.50659179688	0.019074065352109495	-0.01873756286045355	-7.548877435348013e-05	0.0	0.0	0.0
93238.642578125	0.02121670331790449	-0.01586178872347269	-7.140717139794506e-05	0.0	0.0	0.0
93453.65698242188	0.019301615680030575	-0.010840556273814469	-6.835721989712291e-05	0.0	0.0	0.0
93666.91137695312	0.01982547656214781	-0.011586336168423809	-6.965417187519206e-05	0.0	0.0	0.0
93878.86010742188	0.023984874784624577	-0.011763138774486133	-6.829772405411659e-05	0.0	0.0	0.0
94092.43896484375	0.021497604105991216	-0.007997868183509286	-6.717422594834728e-05	0.0	0.0	0.0
94298.5986328125	0.03217664882214182	-0.010886628870685392	-6.34375386564871e-05	0.0	0.0	0.0
94510.99194335938	0.030579174328143752	-0.006924755266993329	-6.128717322719628e-05	0.0	0.0	0.0
94724.26391601562	0.030605653979314088	-0.005636326331738525	-6.108776277010856e-05	0.0	0.0	0.0
94938.38159179688	0.03311293066142154	-0.004983103145939189	-5.9913071293079296e-05	0.0	0.0	0.0
95154.13110351562	0.03169214461822343	-0.0020713340127284834	-5.885498390457218e-05	0.0	0.0	0.0
95365.96801757812	0.03710802892588877	-0.004067615598899892	-5.8612647293907074e-05	0.0	0.0	0.0
95582.83447265625	0.03595012629226015	0.0028937389689268154	-5.226567088845914e-05	0.0	0.0	0.0
95794.91284179688	0.03825199770558838	0.003566195353638596	-4.949137422368591e-05	0.0	0.0	0.0
96010.23413085938	0.039313644852087264	0.005185145135302036	-4.7843538586694444e-05	0.0	0.0	0.0
96223.81469726562	0.04036654698096875	0.0076986543046758185	-4.551610400517702e-05	0.0	0.0	0.0
96435.57080078125	0.04115064641523533	0.0038150935644754823	-4.926453215335154e-05	0.0	0.0	0.0
96654.17358398438	0.040317733277557145	0.004031982396418641	-5.0511212938461444e-05	0.0	0.0	0.0
96872.05029296875	0.04135744167945986	0.010115741232383176	-4.4394487755211704e-05	0.0	0.0	0.0
97083.27368164062	0.03984432865303063	0.009389224376733655	-4.602952120023934e-05	0.0	0.0	0.0
97298.142578125	0.040659824566792624	0.009157545934730983	-4.705330027455029e-05	0.0	0.0	0.0
97507.6318359375	0.03948085178888461	0.0033419891204885754	-5.4158051745356595e-05	0.0	0.0	0.0
97723.63623046875	0.039439497230226876	0.007847491524553864	-4.929779152828967e-05	0.0	0.0	0.0
97932.38305664062	0.03812515347748565	0.011007527800373082	-4.608573449596752e-05	0.0	0.0	0.0
98146.892578125	0.03991490837802113	0.007777678644102968	-4.851586292514346e-05	0.0	0.0	0.0
98363.64672851562	0.03689993008135023	0.011960862365595003	-4.3476143019908696e-05	0.0	0.0	0.0
98584.03588867188	0.03741401895907666	0.010261372651590269	-4.340079919352634e-05	0.0	0.0	0.0
98798.07080078125	0.03766325317957774	0.010655395165607321	-4.103933111770704e-05	0.0	0.0	0.0
99009.43359375	0.03349236045938741	0.005306327844257664	-4.644945965553407e-05	0.0	0.0	0.0
99222.92065429688	0.03552398046710337	0.015267873940126419	-3.112708613828468e-05	0.0	0.0	0.0
99434.73095703125	0.0365275664990285	0.011773560073299997	-3.2863604920742804e-05	0.0	0.0	0.0
99647.17236328125	0.029816921015167273	0.006560715364041191	-4.023488728019494e-05	0.0	0.0	0.0
99859.8447265625	0.03361950118981769	0.00545254367182389	-3.932137019415951e-05	0.0	0.0	0.0
100072.98071289062	0.029014824777226587	0.008076415908425703	-3.6772411309326014e-05	0.0	0.0	0.0
100285.87646484375	0.03150260280187993	0.016048788115646476	-2.565537662541732e-05	0.0	0.0	0.0
100498.3447265625	0.02791919113430194	0.01278662528290216	-3.023505322717405e-05	0.0	0.0	0.0
100710.37158203125	0.033333016755478485	0.01483634671747446	-2.5470332573872963e-05	0.0	0.0	0.0
100926.50048828125	0.03875872325624901	0.019731183506538783	-1.7032348762251455e-05	0.0	0.0	0.0
101142.97192382812	0.03958169307751985	0.0158428339111243	-2.1047733126943434e-05	0.0	0.0	0.0
101356.01098632812	0.04311978128622565	0.02123840982895152	-1.3463541059292689e-05	0.0	0.0	0.0
101567.08471679688	0.03965438866903534	0.01987885259475154	-1.6423028307756525e-05	0.0	0.0	0.0
101781.7216796875	0.048179297046267826	0.027528701515093717	-5.914639915836355e-06	0.0	0.0	0.0
101998.88671875	0.047964120503542026	0.027018282606978396	-6.88450556785378e-06	0.0	0.0	0.0
102213.71166992188	0.04591884944142991	0.03196046178152951	-1.8226695360669054e-06	0.0	0.0	0.0
102427.46484375	0.04707685171537315	0.032579612556236114	-1.5732727267509186e-06	0.0	0.0	0.0
102640.0693359375	0.05262568647207785	0.03483770287556605	1.8278376657040549e-06	0.0	0.0	0.0
102847.40649414062	0.05145059004377879	0.028792141162484963	-6.061829637228961e-06	0.0	0.0	0.0
103059.65551757812	0.04711780023246881	0.03440541553366821	2.3175122703957788e-07	0.0	0.0	0.0
103266.17065429688	0.052652885686014346	0.03438714337404047	1.7699239646203863e-06	0.0	0.0	0.0
103476.06225585938	0.045956147108082296	0.0410494119444376	9.39170474553403e-06	0.0	0.0	0.0
103687.0478515625	0.0530371060445135	0.03405248170271146	2.282677613283365e-06	0.0	0.0	0.0
103899.31298828125	0.05638530894211477	0.035825555657286304	6.067785915871127e-06	0.0	0.0	0.0
104112.30395507812	0.05190388571091738	0.034636864660929266	6.034751938653002e-06	0.0	0.0	0.0
104324.21826171875	0.043611627957791124	0.03249496730056835	4.552095353373817e-06	0.0	0.0	0.0
104537.52099609375	0.046594034059167226	0.03756826561227473	1.3163557508672036e-05	0.0	0.0	0.0
104754.2333984375	0.04440386523632288	0.03553444051712783	1.2790063351156906e-05	0.0	0.0	0.0
104966.72778320312	0.04322531871460161	0.030794360346963725	8.913392891720088e-06	0.0	0.0	0.0
105180.32690429688	0.04280764678221456	0.028697073560403456	7.986508893684592e-06	0.0	0.0	0.0
105383.83984375	0.03948832932333667	0.028232108790926982	8.634289742765634e-06	0.0	0.0	0.0
105592.68432617188	0.03150673105841437	0.030411693557181207	1.0761393651310409e-05	0.0	0.0	0.0
105799.45654296875	0.03163154042509538	0.026048030983409926	5.8754551990119005e-06	0.0	0.0	0.0
106009.60229492188	0.024088455442263866	0.01849411940055056	-4.960203392994521e-06	0.0	0.0	0.0
106219.51220703125	0.02144951289135579	0.013926661523520125	-1.0392540407130434e-05	0.0	0.0	0.0
106433.50903320312	0.01842398093045908	0.011823485367071522	-1.317619781092359e-05	0.0	0.0	0.0
106644.32592773438	0.01594972401472407	0.01176774083088901	-1.2620473618413295e-05	0.0	0.0	0.0
106847.50317382812	0.010930371454406233	0.010278669947035817	-1.4155949040749378e-05	0.0	0.0	0.0
107068.70166015625	0.0009898019039708769	-0.0006755956132923854	-2.7861399715719308e-05	0.0	0.0	0.0
107275.64990234375	0.005252222424876656	0.0004274654440219007	-2.3013697437763654e-05	0.0	0.0	0.0
107491.37377929688	-0.0003745835954797836	-0.002149559175099831	-2.5241345439960458e-05	0.0	0.0	0.0
107709.82006835938	-0.013539542573334864	0.0049058171936063035	-1.87474862291303e-05	0.0	0.0	0.0
107921.02587890625	-0.013457402190950948	0.0032851719853471614	-1.9086492107063073e-05	0.0	0.0	0.0
108134.50024414062	-0.011610113409156839	0.0016994014293122924	-1.8777008190510773e-05	0.0	0.0	0.0
108348.8359375	-0.017635294057488766	0.002060302495002059	-1.970913842313079e-05	0.0	0.0	0.0
108561.76000976562	-0.023346030556875414	0.0018133869315885836	-2.183602782054187e-05	0.0	0.0	0.0
108777.24658203125	-0.01899311435311619	0.001031459719389709	-2.029011848787102e-05	0.0	0.0	0.0
108986.15893554688	-0.02825654446511627	-0.0036502016402481445	-2.8601723223383368e-05	0.0	0.0	0.0
109197.51098632812	-0.02172359468872795	-0.0007427349589979948	-2.193145187330338e-05	0.0	0.0	0.0
109408.55712890625	-0.027336379872847767	-0.0031885878491996126	-2.6478502752375883e-05	0.0	0.0	0.0
109620.94897460938	-0.029338341875427124	-0.00652007647373038	-3.0331680285407065e-05	0.0	0.0	0.0
109836.537109375	-0.02291209245097761	-0.010462770938901118	-3.0514823517217207e-05	0.0	0.0	0.0
110050.51611328125	-0.028646411344628024	-0.005029759685990818	-2.6636382976611094e-05	0.0	0.0	0.0
110264.4189453125	-0.026905375026362626	-0.010639601629670963	-3.163147619425693e-05	0.0	0.0	0.0
110481.29565429688	-0.02988161182377136	-0.013661128668898735	-3.610331700311932e-05	0.0	0.0	0.0
110696.88208007812	-0.024728110861706572	-0.010109405461174597	-2.8661023688456438e-05	0.0	0.0	0.0
110907.40869140625	-0.028110698546617064	-0.014262044264696558	-3.519801475825677e-05	0.0	0.0	0.0
111120.64086914062	-0.019769228073003037	-0.016730769748379053	-3.3435337638258926e-05	0.0	0.0	0.0
111337.87646484375	-0.023958954356660185	-0.02313538649904557	-4.308879399975839e-05	0.0	0.0	0.0
111545.43676757812	-0.02121064700303206	-0.018494709712653636	-3.581148422675253e-05	0.0	0.0	0.0
111756.38623046875	-0.020196007682854993	-0.025168970251416834	-4.2578595871636346e-05	0.0	0.0	0.0
111970.98291015625	-0.0168405967250292	-0.0280941572997692	-4.377366883425818e-05	0.0	0.0	0.0
112182.29321289062	-0.011662606378264578	-0.030104659285293264	-4.4392733481875305e-05	0.0	0.0	0.0
112393.05688476562	-0.018202850457574145	-0.030348448381009165	-5.064250853555781e-05	0.0	0.0	0.0
112608.09814453125	-0.0128916688594181	-0.036862854063756396	-5.6459723133105705e-05	0.0	0.0	0.0
112824.57885742188	-0.013411359001868272	-0.04888824123192209	-7.230732623541082e-05	0.0	0.0	0.0
113033.673828125	-0.00989083747624782	-0.04650747499686355	-6.78414284388795e-05	0.0	0.0	0.0
113249.09033203125	-0.006848523146629727	-0.05203804582943013	-7.324407586051632e-05	0.0	0.0	0.0
113470.52490234375	-0.004570725614422266	-0.06403147445329299	-8.71869091542429e-05	0.0	0.0	0.0
113682.0966796875	-0.0048572800595240925	-0.07145835905146086	-9.741821559871697e-05	0.0	0.0	0.0
113898.38061523438	-0.006078512192460554	-0.07420609056664401	-0.00010290650732969662	0.0	0.0	0.0
114111.23876953125	-0.0016604710369146583	-0.07689046201781893	-0.00010472797210993786	0.0	0.0	0.0
114325.44580078125	-0.0005247144551955463	-0.07925169722242613	-0.00010861986361436284	0.0	0.0	0.0
114537.64233398438	0.002614767314412022	-0.08453035631934391	-0.00011543660011503289	0.0	0.0	0.0
114751.60864257812	0.0027292061623709544	-0.09246984394319825	-0.00012727025026754453	0.0	0.0	0.0
114964.69995117188	-0.0009274554296787666	-0.08893175846612215	-0.00012692907170973655	0.0	0.0	0.0
115174.33666992188	-0.0006570186456370356	-0.09278187475227591	-0.00013362512428597415	0.0	0.0	0.0
115388.08227539062	0.0075613122647139605	-0.0984434554591245	-0.00013861311451379287	0.0	0.0	0.0
115598.14038085938	0.005117364945360438	-0.09630804584049199	-0.00013907454703457702	0.0	0.0	0.0
115809.50708007812	0.010698516695244395	-0.09964772438360603	-0.0001429296889706324	0.0	0.0	0.0
116024.3125	0.009866765321113012	-0.09654948627738534	-0.0001408990177210743	0.0	0.0	0.0
116235.29370117188	0.012929513506511439	-0.09737360705410007	-0.00014153372659653706	0.0	0.0	0.0
116447.68115234375	0.01098581819760508	-0.10376296463383704	-0.00015205209985849665	0.0	0.0	0.0
116661.28540039062	0.00989138402942822	-0.10157786725753658	-0.0001508946533232767	0.0	0.0	0.0
116872.31591796875	0.013379701226567202	-0.09711995639192227	-0.00014461392596619565	0.0	0.0	0.0
117082.14794921875	0.018431122555750336	-0.1015834245267788	-0.0001501575849039754	0.0	0.0	0.0
117295.8125	0.013356907422992956	-0.09519984939040148	-0.00014460353568365638	0.0	0.0	0.0
117511.31420898438	0.01945119802433799	-0.10349897730554215	-0.00015608289445565834	0.0	0.0	0.0
117727.50952148438	0.022831589827674078	-0.09632715843609921	-0.00014756436455666536	0.0	0.0	0.0
117939.06420898438	0.03237639661604189	-0.09890712555502813	-0.00015012698344303292	0.0	0.0	0.0
118153.9921875	0.03418451320761258	-0.09711879200454819	-0.00014759484252238012	0.0	0.0	0.0
118369.16284179688	0.039281364566108076	-0.10091480389936663	-0.00015187768213458623	0.0	0.0	0.0
118576.16088867188	0.04728165084345731	-0.09653066687062818	-0.0001447937635883535	0.0	0.0	0.0
118786.14477539062	0.04250005594623733	-0.09500462096629457	-0.00014516305144198977	0.0	0.0	0.0
119000.83715820312	0.05306669444403414	-0.09065359921064521	-0.00013944142548487235	0.0	0.0	0.0
119214.34423828125	0.05979751938208256	-0.09479958050620102	-0.0001455602313111268	0.0	0.0	0.0
119424.03491210938	0.06512393598696156	-0.08725967305622641	-0.00013526259292878081	0.0	0.0	0.0
119639.37817382812	0.06731956268820186	-0.0904818422782472	-0.00014035422663608653	0.0	0.0	0.0
119855.1181640625	0.07255539674530605	-0.08773155498014573	-0.00013685078302942512	0.0	0.0	0.0
120072.60278320312	0.06996021883804124	-0.08298194916974476	-0.00013115818060848903	0.0	0.0	0.0
120284.61279296875	0.06686379502711189	-0.08197128829997762	-0.00013088334444774877	0.0	0.0	0.0
120500.51049804688	0.07094605876889935	-0.07931780219485302	-0.000128264531674932	0.0	0.0	0.0
120713.65551757812	0.07828468739216253	-0.07116587903814983	-0.00011751837500824368	0.0	0.0	0.0
120925.94140625	0.07104768735062084	-0.07329822068187634	-0.0001233022575928762	0.0	0.0	0.0
121137.46875	0.07390978789850182	-0.06774490007483279	-0.0001174119063263075	0.0	0.0	0.0
121350.3662109375	0.07390347993933555	-0.06715722358328641	-0.00011844898913682688	0.0	0.0	0.0
121563.2900390625	0.07414189098341507	-0.057541391879081326	-0.0001064974989332118	0.0	0.0	0.0
121779.35864257812	0.07054140349302047	-0.06204237111669402	-0.0001146737959151747	0.0	0.0	0.0
121996.21704101562	0.07037562297759407	-0.05408061637130852	-0.00010543188225900957	0.0	0.0	0.0
122211.2373046875	0.06959699069471272	-0.05945229558779372	-0.0001136332857123582	0.0	0.0	0.0
122427.57543945312	0.06676039307831537	-0.04828377034110154	-9.960466301716758e-05	0.0	0.0	0.0
122639.14868164062	0.07087417958243655	-0.04924451040260968	-0.0001010306510261276	0.0	0.0	0.0
122856.12182617188	0.06738272583463972	-0.03991776445827358	-8.928145780677163e-05	0.0	0.0	0.0
123073.21508789062	0.05866692019215951	-0.036768628227281254	-8.612157140737768e-05	0.0	0.0	0.0
123287.11254882812	0.059083879821544935	-0.03174824458083037	-8.162336438601197e-05	0.0	0.0	0.0
123496.66186523438	0.0546788775220269	-0.028008155205747176	-7.89860936395949e-05	0.0	0.0	0.0
123706.52465820312	0.0605534839410136	-0.022134966005755662	-7.278884922660223e-05	0.0	0.0	0.0
123919.77758789062	0.05919014563258906	-0.02202011439062241	-7.435830408814359e-05	0.0	0.0	0.0
124140.00512695312	0.05249126184088278	-0.019522743558447384	-7.165376559425168e-05	0.0	0.0	0.0
124348.5107421875	0.05175863884597476	-0.014288489823458796	-6.361626556863399e-05	0.0	0.0	0.0
124566.71948242188	0.052189582638891084	-0.009591544950491977	-5.641533366346309e-05	0.0	0.0	0.0
124781.05200195312	0.0482080685139315	-0.01112216693953894	-5.714214150417017e-05	0.0	0.0	0.0
124999.9599609375	0.04482122208095478	-0.008715116479067421	-5.310656607109846e-05	0.0	0.0	0.0
125208.453125	0.04011324733683113	-0.0024237291718920196	-4.361019722361781e-05	0.0	0.0	0.0
125422.96142578125	0.03279781619350844	-0.005112788347644142	-4.62704148723643e-05	0.0	0.0	0.0
125629.869140625	0.03430650924510597	0.001878852750266093	-3.6348852081991884e-05	0.0	0.0	0.0
125836.9443359375	0.03312919919191557	-0.0016267647891281354	-4.070942130696295e-05	0.0	0.0	0.0
126047.74951171875	0.031812229803842657	0.0017995165793468165	-3.637285121696528e-05	0.0	0.0	0.0
126263.51000976562	0.026721821313680102	0.0035768027895465293	-3.419958571842688e-05	0.0	0.0	0.0
126475.99487304688	0.028771274739601345	-0.00026534154831505194	-3.8689436763408957e-05	0.0	0.0	0.0
126688.0517578125	0.02298418194980657	0.00529371623502878	-3.1648980192448386e-05	0.0	0.0	0.0
126899.94946289062	0.02160890165254328	0.0028598157443188933	-3.527625137415765e-05	0.0	0.0	0.0
127109.306640625	0.02264167245171041	0.004329726918087892	-3.302882096928179e-05	0.0	0.0	0.0
127322.40356445312	0.013680086186727043	0.005623853050944396	-3.252342995308458e-05	0.0	0.0	0.0
127537.044921875	0.01128645339334533	0.003794157894088702	-3.498440366633716e-05	0.0	0.0	0.0
127747.13647460938	0.011668915839978495	0.007636929303481717	-3.0204779223929387e-05	0.0	0.0	0.0
127960.46606445312	0.008190262388512101	0.005285014606296247	-3.387621263666709e-05	0.0	0.0	0.0
128171.376953125	0.0028435879317557145	0.008714907662594942	-3.0114420169236294e-05	0.0	0.0	0.0
128387.86206054688	-0.01068799537770385	0.007627837086623832	-3.250108651878769e-05	0.0	0.0	0.0
128603.53271484375	-0.01027805933720097	0.010331982096910303	-2.886712100978228e-05	0.0	0.0	0.0
128817.33325195312	-0.011534385238373262	0.01127564711897409	-2.906994880408909e-05	0.0	0.0	0.0
129030.98217773438	-0.01790667255999064	0.003928753629155696	-3.9545479905047845e-05	0.0	0.0	0.0
129237.53247070312	-0.027133403746032955	0.004468880501932742	-4.092117663620201e-05	0.0	0.0	0.0
129448.4375	-0.033389513088171806	0.005604989384784701	-4.071955239925689e-05	0.0	0.0	0.0
129657.75268554688	-0.040453931268267525	-0.001330907014480111	-5.046007177489266e-05	0.0	0.0	0.0
129875.91650390625	-0.04230713923839316	-0.0054842491865159234	-5.624714868753959e-05	0.0	0.0	0.0
130091.70874023438	-0.05066180137573043	-0.011580102319283006	-6.499868090034421e-05	0.0	0.0	0.0
130298.80224609375	-0.05259650905012987	-0.021922108534919417	-7.649778098415705e-05	0.0	0.0	0.0
130515.28759765625	-0.05667493691187602	-0.02243990072320327	-7.635493523712827e-05	0.0	0.0	0.0
130729.5908203125	-0.06068140548413524	-0.037208744431056096	-9.356254406649747e-05	0.0	0.0	0.0
130940.66674804688	-0.0725107369312072	-0.040511811733400224	-9.700026889477995e-05	0.0	0.0	0.0
131155.81372070312	-0.0861073022462749	-0.041596200666706246	-9.83125439331301e-05	0.0	0.0	0.0
131363.34106445312	-0.0851841513437722	-0.050430265909092005	-0.00010673665714230072	0.0	0.0	0.0
131581.88647460938	-0.08825968044925535	-0.058709032988552554	-0.00011518797228601932	0.0	0.0	0.0
131791.63134765625	-0.09091663901289736	-0.06570168062293037	-0.00012236127205703104	0.0	0.0	0.0
132002.38745117188	-0.09354695391335027	-0.06448791698540288	-0.00011977286316214766	0.0	0.0	0.0
132215.7626953125	-0.09587154906189652	-0.07600125472865685	-0.00013189494910826	0.0	0.0	0.0
132429.61303710938	-0.0939507200350206	-0.0754759331233052	-0.0001293347533907906	0.0	0.0	0.0
132643.88208007812	-0.09711591147793142	-0.07163032056316562	-0.00012232387420329051	0.0	0.0	0.0
132854.40258789062	-0.09401353213309427	-0.08152298833340459	-0.00013062940647546415	0.0	0.0	0.0
133068.37768554688	-0.09762379055437512	-0.0871579335869216	-0.00013356026560602832	0.0	0.0	0.0
133280.494140625	-0.09317793477614292	-0.08687398353555277	-0.0001294374441891928	0.0	0.0	0.0
133498.96459960938	-0.0927657688188673	-0.08975692570137588	-0.00012939167183144014	0.0	0.0	0.0
133712.88305664062	-0.09244038198795258	-0.08951808350499163	-0.00012542526907223305	0.0	0.0	0.0
133926.94897460938	-0.08691615091903088	-0.09122701754627471	-0.00012413645687145574	0.0	0.0	0.0
134138.17138671875	-0.08226459248316169	-0.0999100064452937	-0.00013128681086301038	0.0	0.0	0.0
134350.8173828125	-0.07869108958383586	-0.09702331402402982	-0.00012493770582976403	0.0	0.0	0.0
134561.94360351562	-0.07273489376950985	-0.10291743875718337	-0.0001292706394800206	0.0	0.0	0.0
134775.52807617188	-0.0682084885474957	-0.09746562653653876	-0.00012076678674506324	0.0	0.0	0.0
134987.490234375	-0.06673119164522424	-0.09984200847259345	-0.00012202385913966132	0.0	0.0	0.0
135203.0576171875	-0.06592963914964076	-0.10016558788292654	-0.00012106942629440147	0.0	0.0	0.0
135419.9091796875	-0.05730693983992516	-0.10241798605146137	-0.00012282711317189289	0.0	0.0	0.0
135632.26708984375	-0.048798060347685156	-0.10435613681393749	-0.00012419296455462857	0.0	0.0	0.0
135849.53149414062	-0.04620161861592331	-0.10729824442733135	-0.00012665471160364588	0.0	0.0	0.0
136064.19506835938	-0.04168358207909431	-0.10977235404497215	-0.00012906889593134366	0.0	0.0	0.0
136271.31323242188	-0.029165526947054706	-0.11480900466954445	-0.00013651354684329596	0.0	0.0	0.0
136483.74951171875	-0.027385775800052935	-0.1104260881850666	-0.00013049066658282462	0.0	0.0	0.0
136693.65356445312	-0.026770884286599208	-0.12064305958559267	-0.00014145154948030068	0.0	0.0	0.0
136910.81884765625	-0.019326103798733625	-0.11541105885297724	-0.00013568904493793045	0.0	0.0	0.0
137127.76049804688	-0.010843934080967396	-0.12039662993530463	-0.0001426268274513777	0.0	0.0	0.0
137340.22119140625	-0.006328251954496059	-0.1195511437108546	-0.00014225350804667703	0.0	0.0	0.0
137559.19165039062	-0.0004755432399533522	-0.12021475178499373	-0.00014434944721493102	0.0	0.0	0.0
137772.67260742188	0.00443368634570401	-0.1220136096825747	-0.00014821997462278197	0.0	0.0	0.0
137986.94311523438	0.008678861532388626	-0.12022613299257078	-0.0001473591150188117	0.0	0.0	0.0
138196.13671875	0.015429016004485591	-0.12074274864044753	-0.00014978258398040524	0.0	0.0	0.0
138410.79223632812	0.01955589766418712	-0.11747847755796656	-0.0001479441428721208	0.0	0.0	0.0
138626.89379882812	0.01947417078391501	-0.11258208420732692	-0.0001439804635881602	0.0	0.0	0.0
138839.59619140625	0.023657831156723423	-0.10952096952101528	-0.00014269754401788668	0.0	0.0	0.0
139053.21313476562	0.028566358120128914	-0.11054185759503843	-0.00014704291225715575	0.0	0.0	0.0
139263.900390625	0.03613220909361331	-0.10123565162767668	-0.00013950594082141958	0.0	0.0	0.0
139472.31494140625	0.04000769888188816	-0.09875029835531018	-0.000138228448580109	0.0	0.0	0.0
139684.70263671875	0.03756357990641633	-0.09527877495614567	-0.0001348731044640363	0.0	0.0	0.0
139901.12817382812	0.0455092600666608	-0.0907477178731361	-0.0001322400884441673	0.0	0.0	0.0
140113.76049804688	0.0417437794841764	-0.08745379482984847	-0.00012858490103467341	0.0	0.0	0.0
140326.48901367188	0.041026805511296234	-0.08181103056689434	-0.00012229538832897436	0.0	0.0	0.0
140542.23608398438	0.046850224999695336	-0.07570322596190035	-0.00011669640504338381	0.0	0.0	0.0
140750.8701171875	0.044549871543484255	-0.07612450366220005	-0.00011734822149274645	0.0	0.0	0.0
140962.07543945312	0.04393127395404114	-0.07224578192689819	-0.00011294387458618103	0.0	0.0	0.0
141175.83642578125	0.047747502479988144	-0.06510579238693961	-0.00010550526735483043	0.0	0.0	0.0
141394.4658203125	0.04888718031400727	-0.06713865362730903	-0.00010967011678813691	0.0	0.0	0.0
141606.82958984375	0.04652366543214882	-0.05727016473420551	-9.750850549881089e-05	0.0	0.0	0.0
141824.12548828125	0.045019775810446944	-0.05693744597901665	-9.692548392499426e-05	0.0	0.0	0.0
142039.29760742188	0.05293036887513435	-0.05373621213615779	-9.42457200572205e-05	0.0	0.0	0.0
142250.708984375	0.05165589179961197	-0.053050956027239124	-9.325406024143365e-05	0.0	0.0	0.0
142463.1259765625	0.06019260941436298	-0.060968612649728054	-0.00010435746731161908	0.0	0.0	0.0
142676.44213867188	0.06684282820164157	-0.06324295764657303	-0.00010804864126208065	0.0	0.0	0.0
142889.828125	0.07268717472321921	-0.06117412166400995	-0.0001059949244546094	0.0	0.0	0.0
143099.20703125	0.07371338646146523	-0.06602620922123373	-0.0001123405026333262	0.0	0.0	0.0
143309.75317382812	0.07818254577548212	-0.06717335380083596	-0.00011445030334246579	0.0	0.0	0.0
143525.95190429688	0.08739569723814045	-0.07220300292692536	-0.00012251436919983707	0.0	0.0	0.0
143739.31420898438	0.09440936510612095	-0.07384296241182509	-0.00012635486243483426	0.0	0.0	0.0
143951.76440429688	0.09539046405837591	-0.08599779818462822	-0.00014332039786009088	0.0	0.0	0.0
144161.04541015625	0.10061182763873985	-0.09032806375125983	-0.00015021815406409802	0.0	0.0	0.0
144374.685546875	0.10603796526100177	-0.08246295407612164	-0.0001415783749581233	0.0	0.0	0.0
144591.9306640625	0.10621877779746898	-0.08933449958556763	-0.0001517611845798058	0.0	0.0	0.0
144802.77197265625	0.10731341229618342	-0.0863231475364564	-0.00014928954050764064	0.0	0.0	0.0
145012.59326171875	0.10790683112038983	-0.0893577090328857	-0.00015600704778031668	0.0	0.0	0.0
145221.77758789062	0.10740608068592727	-0.0843385875818911	-0.0001519225849499742	0.0	0.0	0.0
145439.26098632812	0.100702098546616	-0.09000906396659496	-0.00016087385551727607	0.0	0.0	0.0
145652.3994140625	0.10135738702396563	-0.08743357316233859	-0.00016103652655463007	0.0	0.0	0.0
145866.2080078125	0.10137533660983485	-0.08365799997302507	-0.0001589975099056926	0.0	0.0	0.0
146075.69409179688	0.09890873482462464	-0.07672103007382781	-0.0001515107695941734	0.0	0.0	0.0
146285.017578125	0.09196773849503359	-0.08304159981259064	-0.00016056031037752944	0.0	0.0	0.0
146495.6806640625	0.09048706935912938	-0.07697369458782287	-0.00015408960806928033	0.0	0.0	0.0
146707.22021484375	0.08671978870163885	-0.07547112949509767	-0.00015313517817802904	0.0	0.0	0.0
146915.3916015625	0.08446698567168533	-0.06603171319270483	-0.0001418613558328325	0.0	0.0	0.0
147130.5537109375	0.07839178340378151	-0.06475472147810515	-0.0001401503205613895	0.0	0.0	0.0
147342.8056640625	0.06762722669099507	-0.057729385970427136	-0.0001278662923073382	0.0	0.0	0.0
147557.458984375	0.04796243159827856	-0.03989308025610356	-9.44709433490512e-05	0.0	0.0	0.0
147766.4443359375	0.04654019922132556	-0.03298060667636498	-8.697901098774978e-05	0.0	0.0	0.0
147975.75390625	0.030613189346210136	-0.026655974885205616	-7.0929248721527e-05	0.0	0.0	0.0
148188.67260742188	0.013688822329012893	-0.014212187307740636	-4.394689970340889e-05	0.0	0.0	0.0
148399.63110351562	0.000750641465309281	-0.003799503282559543	-2.172438286646706e-05	0.0	0.0	0.0
148613.29125976562	-0.013289978343952732	0.005092912038999922	6.07611655929176e-07	0.0	0.0	0.0
148829.86865234375	-0.02454022184517493	0.015926690608378827	2.4739661572732223e-05	0.0	0.0	0.0
149039.12426757812	-0.04010858629735266	0.022333895351657224	4.7039435046705164e-05	0.0	0.0	0.0
149251.58862304688	-0.04714246761532015	0.039084113109694237	7.686597237846067e-05	0.0	0.0	0.0
149462.67456054688	-0.06023188377331292	0.043463466606052714	9.405162508606545e-05	0.0	0.0	0.0
149677.20825195312	-0.06624186901836857	0.05436893594216639	0.00011469786836228799	0.0	0.0	0.0
149891.94458007812	-0.07225233619393592	0.06561375197524197	0.00013570264432915939	0.0	0.0	0.0
150107.78784179688	-0.0761981559040962	0.06743972752768009	0.00014177216315171146	0.0	0.0	0.0
150316.69409179688	-0.08219179768830874	0.07190079888446932	0.0001550879392001053	0.0	0.0	0.0
150527.94946289062	-0.08485104846459275	0.07933301667663521	0.00017019956032158037	0.0	0.0	0.0
150748.89965820312	-0.093148965834073	0.08550652637929237	0.00018933131720294457	0.0	0.0	0.0
150959.23583984375	-0.10329499984509044	0.08361565967410736	0.00019884727909587037	0.0	0.0	0.0
151174.25415039062	-0.10745672411191927	0.07996882376767567	0.00020055313998536568	0.0	0.0	0.0
151383.94555664062	-0.11501105935123487	0.08335604751844608	0.0002159142639360343	0.0	0.0	0.0
151601.06616210938	-0.11768350337607193	0.07610384399706353	0.00021060859554051617	0.0	0.0	0.0
151815.80078125	-0.1295734828254322	0.0734639003984673	0.00022201629892049188	0.0	0.0	0.0
152028.03784179688	-0.13494104887512928	0.06975661521080814	0.0002258785256002512	0.0	0.0	0.0
152241.7919921875	-0.146353360608558	0.06623181690004533	0.0002367335646011209	0.0	0.0	0.0
152458.18383789062	-0.1548441276974264	0.06561117932357598	0.00024886399926967855	0.0	0.0	0.0
152669.74243164062	-0.1607649272197507	0.05865207504443701	0.00024996817998623294	0.0	0.0	0.0
152876.12963867188	-0.17130863604004723	0.05377325141450777	0.00025988837519915	0.0	0.0	0.0
153085.44921875	-0.1789444281057454	0.0497163227696267	0.000268842784912819	0.0	0.0	0.0
153292.58276367188	-0.1848471469478671	0.04292488986264211	0.00027296248128824674	0.0	0.0	0.0
153500.68017578125	-0.1831438919386063	0.04325619524195695	0.0002784777307369697	0.0	0.0	0.0
153714.24682617188	-0.18735414229006528	0.03360143114993866	0.0002769325182509148	0.0	0.0	0.0
153924.41284179688	-0.18647526439973283	0.025078668615231853	0.0002714150026518684	0.0	0.0	0.0
154139.2021484375	-0.18952024480446938	0.016248810551920064	0.00027133928313599165	0.0	0.0	0.0
154350.40380859375	-0.1884909053885793	0.016368358798193716	0.0002784777222641936	0.0	0.0	0.0
154558.5068359375	-0.18389038978925243	0.005483769638367216	0.000266965654267679	0.0	0.0	0.0
154778.38720703125	-0.1805846263866625	-0.0010528422539541438	0.0002629318183291039	0.0	0.0	0.0
154988.77758789062	-0.1784645484663071	-0.0013596510678021536	0.00026800421005378667	0.0	0.0	0.0
155202.3271484375	-0.17927741501374758	-0.014644958134397984	0.00026263974974663143	0.0	0.0	0.0
155419.66381835938	-0.1700782152315956	-0.01101024139936349	0.00026153057738505193	0.0	0.0	0.0
155630.39013671875	-0.16748282292222325	-0.022163405456242614	0.0002540056209936241	0.0	0.0	0.0
155839.83349609375	-0.15953007050003898	-0.02158415996145088	0.0002507218730816006	0.0	0.0	0.0
156047.31005859375	-0.1569397126962026	-0.02817736462696822	0.0002475741775734015	0.0	0.0	0.0
156261.67163085938	-0.14915379430910794	-0.027570623590276566	0.00024209628039562815	0.0	0.0	0.0
156473.04150390625	-0.14372389248126693	-0.03788683935963568	0.00023101982588622942	0.0	0.0	0.0
156684.59790039062	-0.14389038339485158	-0.041596959202505904	0.00023579266682272006	0.0	0.0	0.0
156893.791015625	-0.13177614313081323	-0.04375794202583452	0.00021967182143468306	0.0	0.0	0.0
157108.26538085938	-0.1303578719443173	-0.044191873048503146	0.00022389237374573036	0.0	0.0	0.0
157321.07153320312	-0.12462553657768531	-0.047340790819384936	0.00021820177778032545	0.0	0.0	0.0
157530.6884765625	-0.11832358260456886	-0.04414773812723732	0.00021516990422551478	0.0	0.0	0.0
157743.05395507812	-0.11539617756939048	-0.049860644335613026	0.00021185711029391246	0.0	0.0	0.0
157959.42602539062	-0.10527186093979235	-0.04633290592020862	0.00019977016232499133	0.0	0.0	0.0
158174.20239257812	-0.10703235893613518	-0.050338682385893965	0.0002057323255836478	0.0	0.0	0.0
158388.11889648438	-0.10248576528174004	-0.053128271011341675	0.00020026598445508332	0.0	0.0	0.0
158596.28515625	-0.09248404939705526	-0.04709092613787316	0.0001879948163933078	0.0	0.0	0.0
158807.3349609375	-0.09028063402327087	-0.053012183123676525	0.00018631051911041776	0.0	0.0	0.0
159017.27026367188	-0.07962165476814102	-0.049264248230963974	0.00017009240069538732	0.0	0.0	0.0
159228.04321289062	-0.07213439099073003	-0.048695196850768785	0.00015976949410871454	0.0	0.0	0.0
159434.43920898438	-0.0698664723712248	-0.05261464148253019	0.00015819947035666058	0.0	0.0	0.0
159649.4443359375	-0.06256906552060233	-0.0479932136672993	0.0001484616392619431	0.0	0.0	0.0
159864.42529296875	-0.060954029477325616	-0.048655854230810106	0.00014835147825404977	0.0	0.0	0.0
160076.68041992188	-0.05354628193345354	-0.04412146606361505	0.00013686951359161148	0.0	0.0	0.0
160288.4140625	-0.048845229371692216	-0.043414268570317285	0.00012960938076150104	0.0	0.0	0.0
160502.47631835938	-0.037077203359929645	-0.04233349572834422	0.00010863179478991056	0.0	0.0	0.0
160715.24560546875	-0.027743947952748343	-0.04016242554954241	9.122048879601808e-05	0.0	0.0	0.0
160924.3232421875	-0.01956496436536967	-0.035276680777040555	7.611603792331213e-05	0.0	0.0	0.0
161136.84912109375	-0.0102678027600734	-0.02696769511957092	5.811952209825444e-05	0.0	0.0	0.0
161352.60327148438	-0.0004892897960811334	-0.025060281344944434	3.8421591556333144e-05	0.0	0.0	0.0
161565.376953125	0.009717180380425246	-0.02015385402529473	1.7097302507798924e-05	0.0	0.0	0.0
161776.42309570312	0.019541903801454426	-0.011953947588859091	-4.484849546073077e-06	0.0	0.0	0.0
161981.87573242188	0.025596049689832177	-0.011293870101712945	-1.7765116884075894e-05	0.0	0.0	0.0
162195.56616210938	0.0279327359229842	-0.006420066834732052	-2.337372972161545e-05	0.0	0.0	0.0
162403.34643554688	0.031038812897928977	-0.00401635996122636	-3.15508232220658e-05	0.0	0.0	0.0
162617.0703125	0.03542973767985858	0.0002544790009179372	-4.220452716182356e-05	0.0	0.0	0.0
162833.75244140625	0.031135371404836694	-0.0057113055354499785	-3.2873794943355807e-05	0.0	0.0	0.0
163047.22485351562	0.036576233946934135	-0.0071886034987102155	2.685987585168207e-05	0.0	0.0	0.0
163260.15161132812	0.030636185621745523	-0.00381989871313245	-3.79027836553201e-05	0.0	0.0	0.0
163471.89086914062	0.03232294059550129	-0.004189847833587927	-4.282566402026665e-05	0.0	0.0	0.0
163688.740234375	0.025911491659902693	-0.004385648804685112	-2.978822764671414e-05	0.0	0.0	0.0
163905.30029296875	0.026525503760754333	-0.0034514200494240067	-3.186452309440363e-05	0.0	0.0	0.0
164123.56567382812	0.026463705942406327	-0.00037322380245990056	-3.283791278889499e-05	0.0	0.0	0.0
164340.32543945312	0.025260944020700848	0.00021411549317856428	-3.0351117306529644e-05	0.0	0.0	0.0
164551.9931640625	0.022540023691176917	-8.063885232073184e-05	-2.4472710179538897e-05	0.0	0.0	0.0
164762.88598632812	0.025662847590346885	-0.0005254151480256201	-3.353722288297165e-05	0.0	0.0	0.0
164973.46337890625	0.026668389906149618	0.0015788204717599552	-3.784925941728427e-05	0.0	0.0	0.0
165190.60864257812	0.022094819668347594	-0.003534630167595527	-2.7358365787796938e-05	0.0	0.0	0.0
165404.68920898438	0.016263006211794724	-0.0034800506913622467	-1.5764810544760908e-05	0.0	0.0	0.0
165617.32348632812	0.016027537399616952	-0.006963882622913625	-1.7235386982056653e-05	0.0	0.0	0.0
165834.97119140625	0.015528279273379044	-0.0007948270597883828	-1.9550168156617202e-05	0.0	0.0	0.0
166044.25830078125	0.011587952578142007	0.0005675717224630626	-1.2085189946373592e-05	0.0	0.0	0.0
166254.10205078125	0.011793571714262248	0.00016673821685576733	-1.4878111918823398e-05	0.0	0.0	0.0
166468.57104492188	0.010853492148381846	-0.00497627069750286	-1.4246778828739043e-05	0.0	0.0	0.0
166684.22216796875	0.0041590056377408076	-0.0039029265863378564	-6.61697595563303e-07	0.0	0.0	0.0
166895.58447265625	0.0016104915502415604	-0.0009017757063000771	1.405775524803392e-06	0.0	0.0	0.0
167106.8427734375	-0.002005756440447771	-0.002772612969933627	8.858767819666384e-06	0.0	0.0	0.0
167319.5205078125	-0.0016691450806304408	-0.0023060547829004876	5.90106369339046e-06	0.0	0.0	0.0
167527.65112304688	-0.0009197085088547848	-0.0005577372916940598	1.5072221333642757e-06	0.0	0.0	0.0
167737.78588867188	-0.0033645714326771613	-0.007006948132688525	9.071622163920315e-06	0.0	0.0	0.0
167948.68017578125	-0.0027243937755909867	-0.002587082468927309	3.807415891849858e-06	0.0	0.0	0.0
168158.77221679688	-0.004764746546295676	-0.004819027167194275	9.300710555582474e-06	0.0	0.0	0.0
168372.50341796875	-0.002650930318583218	-0.0024986669064542425	1.174115914029234e-06	0.0	0.0	0.0
168583.65673828125	-0.004252400881101615	-0.0048714568342586775	5.036623737379226e-06	0.0	0.0	0.0
168793.62817382812	-0.008672563081686204	-0.005541752272320109	1.554241576478992e-05	0.0	0.0	0.0
169007.01171875	-0.011768776645960932	-0.0004457598676145739	1.766032939573317e-05	0.0	0.0	0.0
169215.68603515625	-0.008940345302997548	0.002188715165599015	6.09785723366959e-06	0.0	0.0	0.0
169434.52880859375	-0.009864196991057242	-0.004999667207755806	1.0472941632511938e-05	0.0	0.0	0.0
169645.11083984375	-0.013338046039717256	-0.005485346959437163	1.844353793093857e-05	0.0	0.0	0.0
169862.5400390625	-0.011462182096165972	-0.007191718482006314	1.2155575906532795e-05	0.0	0.0	0.0
170075.85595703125	-0.011360375590245953	-0.003570338480487592	6.925410405172017e-06	0.0	0.0	0.0
170285.80200195312	-0.013238467714427792	-0.005175515372884762	1.2720058528390718e-05	0.0	0.0	0.0
170494.7421875	-0.013194273222764749	-0.002295461113861921	9.611998415781379e-06	0.0	0.0	0.0
170706.02099609375	-0.019136543209052292	-0.004546018343871651	2.7208786079693818e-05	0.0	0.0	0.0
170923.16235351562	-0.025166970492717457	-0.005461212193381317	4.3768775917187237e-05	0.0	0.0	0.0
171138.89697265625	-0.031050697341202343	-0.0023605169560900327	5.452924219657894e-05	0.0	0.0	0.0
171346.63452148438	-0.027978356509982236	-0.0019832975389463066	4.447067632229793e-05	0.0	0.0	0.0
171559.17749023438	-0.026206158128746694	-0.0025785109480801517	3.84391038693275e-05	0.0	0.0	0.0
171770.77880859375	-0.031633953463499204	0.0031431153362307986	4.565500184158235e-05	0.0	0.0	0.0
171982.62158203125	-0.03894928749841674	-0.0010355638672148234	6.838688349590567e-05	0.0	0.0	0.0
172195.40087890625	-0.04221597097991727	0.00021886512630868576	7.386259035485138e-05	0.0	0.0	0.0
172411.41650390625	-0.04607608179716144	0.003947372228791943	7.594271795993647e-05	0.0	0.0	0.0
172623.1572265625	-0.04893910811845079	0.0025729257882227663	8.165904542733171e-05	0.0	0.0	0.0
172838.52880859375	-0.05445117039167132	0.003842766470616075	9.106010511112969e-05	0.0	0.0	0.0
173054.18969726562	-0.06285551320329064	0.010933160695824928	0.00010080814680561123	0.0	0.0	0.0
173269.18090820312	-0.060434905851683804	0.007959457693534086	9.286388702137978e-05	0.0	0.0	0.0
173487.37280273438	-0.06859112651650677	0.01177593943770009	0.00010547631017066172	0.0	0.0	0.0
173699.97338867188	-0.07138757856601231	0.014972679091252774	0.00010273259379302147	0.0	0.0	0.0
173913.77124023438	-0.07434520692649804	0.016358447437262114	0.00010260691932742186	0.0	0.0	0.0
174125.41577148438	-0.07682890180000429	0.01882099595626158	9.881925174777672e-05	0.0	0.0	0.0
174335.1669921875	-0.07804980488939506	0.017009184341293608	9.906808358634642e-05	0.0	0.0	0.0
174549.03002929688	-0.07932676771650125	0.017228609534076823	9.803760495154774e-05	0.0	0.0	0.0
174764.45581054688	-0.07994720000515125	0.017096890481479526	9.296690254448695e-05	0.0	0.0	0.0
174975.18212890625	-0.08357864607190167	0.018051824594527553	9.633107375495609e-05	0.0	0.0	0.0
175188.58203125	-0.08362818285440148	0.019613119178992073	8.621280296198635e-05	0.0	0.0	0.0
175399.31494140625	-0.08310329388646313	0.018149018828480686	8.26783109614407e-05	0.0	0.0	0.0
175611.47387695312	-0.08655861374114743	0.018011875460232318	8.574867019773679e-05	0.0	0.0	0.0
175824.978515625	-0.0855196069707735	0.020885600878352263	7.19334486120699e-05	0.0	0.0	0.0
176035.66455078125	-0.08954323033413206	0.01917359698810848	8.016795597232348e-05	0.0	0.0	0.0
176250.97631835938	-0.08613980017111827	0.021040764695637985	6.166805572603148e-05	0.0	0.0	0.0
176463.47094726562	-0.08367531098608877	0.018345059292768886	5.607463762997919e-05	0.0	0.0	0.0
176680.447265625	-0.08305556316328058	0.017770446746416552	5.064305432858549e-05	0.0	0.0	0.0
176889.77709960938	-0.08573134679748348	0.014702141538644159	5.866115768896468e-05	0.0	0.0	0.0
177102.78930664062	-0.08431463124514624	0.012166747583955131	5.601381579076253e-05	0.0	0.0	0.0
177311.0537109375	-0.08128732130192946	0.011645317401074889	4.657643581843074e-05	0.0	0.0	0.0
177524.3525390625	-0.08462108288125846	0.01025551601575451	5.2079107490971243e-05	0.0	0.0	0.0
177736.35278320312	-0.08318637026574444	0.009342007958059595	4.638901536282006e-05	0.0	0.0	0.0
177949.18823242188	-0.07857819271449329	0.011873590787887524	2.592111252134078e-05	0.0	0.0	0.0
178163.74072265625	-0.07388110369833771	0.008307070325300302	2.0542924510185998e-05	0.0	0.0	0.0
178374.10278320312	-0.07314341638417557	0.0012777775923824399	3.371379867069992e-05	0.0	0.0	0.0
178587.13720703125	-0.07024272229818575	0.005194446750744078	1.690634896441367e-05	0.0	0.0	0.0
178799.025390625	-0.07178950441240887	-0.0037384517570233484	4.073306342571594e-05	0.0	0.0	0.0
179022.51806640625	-0.06439477828397991	0.0023572878037991965	1.0121602221119293e-05	0.0	0.0	0.0
179234.61547851562	-0.06912224551398205	-0.009114965915968795	4.8384199764665126e-05	0.0	0.0	0.0
179453.94189453125	-0.0662112999099726	-0.0027942857611340114	2.6536729224738758e-05	0.0	0.0	0.0
179664.36669921875	-0.06389453016503059	-0.010280473713933347	4.0981079944464195e-05	0.0	0.0	0.0
179878.27880859375	-0.06152615806612382	-0.007613439058462641	2.904876561005361e-05	0.0	0.0	0.0
180091.8046875	-0.06726949287153637	-0.013893473447130473	5.60443757205933e-05	0.0	0.0	0.0
180309.89794921875	-0.0585136924955088	-0.01998713687446905	5.7284489657175784e-05	0.0	0.0	0.0
180521.95703125	-0.0647408900117579	-0.021190498642228384	7.257246123035711e-05	0.0	0.0	0.0
180734.91772460938	-0.056813071295003945	-0.021117018298181876	6.063457727024787e-05	0.0	0.0	0.0
180953.91235351562	-0.05551976928466898	-0.02202011812193818	6.113575465999943e-05	0.0	0.0	0.0
181164.08837890625	-0.05715793309012453	-0.02278004514231327	6.585022069446013e-05	0.0	0.0	0.0
181375.21166992188	-0.05725438382642808	-0.02974769172983414	8.510200808334039e-05	0.0	0.0	0.0
181590.0615234375	-0.051120369190383944	-0.031103478437411965	7.972903290808058e-05	0.0	0.0	0.0
181807.87133789062	-0.05367123996029349	-0.029552410188486634	7.963137899671977e-05	0.0	0.0	0.0
182017.04516601562	-0.05062548161842245	-0.029826447378182637	7.687463508928335e-05	0.0	0.0	0.0
182227.89990234375	-0.047696289352963946	-0.028497064004699174	6.998912588805585e-05	0.0	0.0	0.0
182440.47216796875	-0.04804743112679804	-0.03276180442743126	8.228374982720846e-05	0.0	0.0	0.0
182656.58837890625	-0.04480399750173078	-0.036305933655503546	8.720225554085544e-05	0.0	0.0	0.0
182871.47143554688	-0.038325282164974155	-0.032572257983139306	6.828857955067296e-05	0.0	0.0	0.0
183080.34594726562	-0.03871718770562376	-0.027973131735542802	5.716585334332874e-05	0.0	0.0	0.0
183293.85815429688	-0.03670933770341171	-0.029674317445425386	5.893431597112886e-05	0.0	0.0	0.0
183504.29711914062	-0.03290849575813603	-0.025216955217289578	4.121820898956292e-05	0.0	0.0	0.0
183712.24658203125	-0.024294296228164536	-0.022312295634163405	2.174438612633952e-05	0.0	0.0	0.0
183929.37890625	-0.026799267975636684	-0.01381580107427912	1.0009811351556746e-06	0.0	0.0	0.0
184146.50903320312	-0.016455209818556003	-0.011733972806820306	-2.0836254671607535e-05	0.0	0.0	0.0
184357.13061523438	-0.01211590020165497	-0.010331742118347744	-3.0513900637733836e-05	0.0	0.0	0.0
184570.07446289062	-0.0036938033385017282	-0.009263756811967777	-4.527280258960098e-05	0.0	0.0	0.0
184785.39086914062	-0.007343222007829729	-8.987830392017906e-05	-6.745976262141176e-05	0.0	0.0	0.0
185005.86279296875	0.0012123959210966573	0.0031365916220016266	-8.777807911352824e-05	0.0	0.0	0.0
185217.96826171875	0.006726170271283823	0.013768380124409414	-0.0001237786294339645	0.0	0.0	0.0
185434.68286132812	0.008365189121957443	0.018169910946335865	-0.00013803423201839987	0.0	0.0	0.0
185646.982421875	0.014539909723169512	0.02057980134802518	-0.0001515262413847403	0.0	0.0	0.0
185856.0537109375	0.012735175389164835	0.018205941537160188	-0.00014134569339663186	0.0	0.0	0.0
186071.14624023438	0.022004577423465625	0.0287221091824896	-0.00018048951298043063	0.0	0.0	0.0
186284.59375	0.019319822096811268	0.02827202249409019	-0.00017451083237230098	0.0	0.0	0.0
186499.2958984375	0.023109191563877227	0.03168371865724724	-0.00018714737555678134	0.0	0.0	0.0
186716.60571289062	0.022059875186308472	0.030815374447470782	-0.00018188931682060335	0.0	0.0	0.0
186931.75732421875	0.02254322536846812	0.03279264149385519	-0.0001866493136765957	0.0	0.0	0.0
187142.93603515625	0.02141560331642893	0.03487839443508071	-0.00019007186177291222	0.0	0.0	0.0
187355.365234375	0.02812396398383607	0.034363278479693345	-0.00019419360551720468	0.0	0.0	0.0
187563.99291992188	0.02828949163260823	0.03808394685176863	-0.00020313706328675387	0.0	0.0	0.0
187777.78442382812	0.02841657385020117	0.03707638473139736	-0.00019939323392477969	0.0	0.0	0.0
187991.2255859375	0.027247455874731177	0.03477931667480614	-0.0001897660378967325	0.0	0.0	0.0
188207.70678710938	0.02631981620133363	0.03563606653061576	-0.00019056131256524792	0.0	0.0	0.0
188421.68603515625	0.020531601849264787	0.0359985181179551	-0.00018454398667949718	0.0	0.0	0.0
188636.01684570312	0.019007564197848867	0.04150670862765371	-0.00019865049455664594	0.0	0.0	0.0
188842.95043945312	0.017081939432600966	0.040750835105650515	-0.0001941021277424589	0.0	0.0	0.0
189063.06079101562	0.019000123654911102	0.04195966798544238	-0.00020031090161555545	0.0	0.0	0.0
189274.57543945312	0.020241491506482048	0.03945790588199295	-0.00019444042374283072	0.0	0.0	0.0
189492.26318359375	0.01356089621366078	0.048833755121641925	-0.0002155895330523987	0.0	0.0	0.0
189704.10229492188	0.013770217973713564	0.051194934690200256	-0.00022419898269428196	0.0	0.0	0.0
189926.42431640625	0.00960598428642982	0.055892004400175214	-0.00023673633294583576	0.0	0.0	0.0
190139.58154296875	0.0035102098030103256	0.051813046186258885	-0.00022102041031860762	0.0	0.0	0.0
190355.39892578125	0.0078030608954773656	0.059333846102487764	-0.0002495750801748671	0.0	0.0	0.0
190569.47314453125	0.003683537495380759	0.05802311450828589	-0.0002455071504024244	0.0	0.0	0.0
190785.19848632812	0.006499108116338734	0.06297374594425605	-0.0002649899356027484	0.0	0.0	0.0
191000.53686523438	0.001851770631489981	0.06492412307728845	-0.00027081674632885137	0.0	0.0	0.0
191215.171875	0.0027355834345919555	0.07087881870046588	-0.00029384810894086586	0.0	0.0	0.0
191427.61010742188	-0.00014435667514287411	0.07190694799603153	-0.00029726847833774696	0.0	0.0	0.0
191639.75610351562	-0.0011878042143665815	0.07682936309767581	-0.00031411592333227556	0.0	0.0	0.0
191852.60888671875	-0.005121396674351666	0.07508393649760178	-0.00031013306490887654	0.0	0.0	0.0
192060.82006835938	-0.005749127121099468	0.07002204501233365	-0.0002979671156215473	0.0	0.0	0.0
192269.87158203125	-0.004510084542102184	0.0751404714278907	-0.00031650674057561134	0.0	0.0	0.0
192490.49096679688	-0.007915869608058568	0.07347082248290301	-0.00031418860065020977	0.0	0.0	0.0
192700.70361328125	-0.004824792122084296	0.0740989409902765	-0.00031769708686317424	0.0	0.0	0.0
192914.24365234375	-0.009464156151709405	0.0700345123123679	-0.0003055457211749695	0.0	0.0	0.0
193134.96630859375	-0.010315662020694484	0.07428660266788523	-0.00031863356949563617	0.0	0.0	0.0
193342.17822265625	-0.013216391642743705	0.07131208370899345	-0.0003082539169815375	0.0	0.0	0.0
193559.33642578125	-0.011565229166438927	0.06415871752074928	-0.0002856833528683349	0.0	0.0	0.0
193772.46020507812	-0.018686269888352855	0.06479300408331307	-0.000287919089166442	0.0	0.0	0.0
193985.7841796875	-0.01842449612850031	0.06614807573171468	-0.0002901250496152054	0.0	0.0	0.0
194192.44140625	-0.027983270811040017	0.05999437805890743	-0.00027234994827833733	0.0	0.0	0.0
194404.51196289062	-0.022777801386206116	0.055788223686953006	-0.00025514188773689394	0.0	0.0	0.0
194620.13134765625	-0.02862978002392557	0.05069658520809473	-0.00024092008864256908	0.0	0.0	0.0
194829.212890625	-0.025200821438658687	0.05402046657013973	-0.0002452948092086299	0.0	0.0	0.0
195051.21459960938	-0.027068115307888545	0.0528516464583766	-0.00024019655619135418	0.0	0.0	0.0
195267.06176757812	-0.027216511984904483	0.04387716193291501	-0.00021154953186429374	0.0	0.0	0.0
195485.65356445312	-0.02922392817130221	0.040910780761968774	-0.00020171010651807186	0.0	0.0	0.0
195703.74267578125	-0.029266688217218135	0.036335833885159714	-0.00018561260574027777	0.0	0.0	0.0
195918.91845703125	-0.026842758911255864	0.030825439894971756	-0.00016402179573990255	0.0	0.0	0.0
196133.38818359375	-0.03334201777826881	0.02766399886333272	-0.00015628628145474238	0.0	0.0	0.0
196346.70385742188	-0.029936720791280683	0.027778171832957853	-0.00014866993631387258	0.0	0.0	0.0
196556.23388671875	-0.027172977450598126	0.01897815327036151	-0.00011873471503826305	0.0	0.0	0.0
196772.55737304688	-0.02951870480310646	0.005823546408245078	-8.362545747756905e-05	0.0	0.0	0.0
196990.71215820312	-0.02419167242301704	0.009024325028125198	-8.29631330479775e-05	0.0	0.0	0.0
197200.88256835938	-0.02995649620923542	0.005516673686526767	-7.689966705127798e-05	0.0	0.0	0.0
197417.8935546875	-0.026338093818737304	0.00299925544819395	-6.48400416044337e-05	0.0	0.0	0.0
197632.36865234375	-0.028500419872110994	0.00023061671459586943	-5.799951964289171e-05	0.0	0.0	0.0
197844.26538085938	-0.02777773247520533	0.004292804316793369	-6.470256354564926e-05	0.0	0.0	0.0
198068.19140625	-0.022910264289457753	0.004360323755826353	-5.807800800950328e-05	0.0	0.0	0.0
198276.25927734375	-0.02433837640022188	-0.003266013925186627	-3.967840836493095e-05	0.0	0.0	0.0
198490.78930664062	-0.020086187892352007	0.0025079686043285674	-4.845551866558513e-05	0.0	0.0	0.0
198705.5068359375	-0.01677144968348031	-0.0032744357394566687	-3.23638171650975e-05	0.0	0.0	0.0
198921.0478515625	-0.02026528575138043	-0.0009901478446038788	-4.2384588113460945e-05	0.0	0.0	0.0
199135.62646484375	-0.019945957856366475	-0.005031645059765047	-3.4280822246989894e-05	0.0	0.0	0.0
199348.33203125	-0.020913622009830338	-0.008032547907228453	-2.9571286772367838e-05	0.0	0.0	0.0
199561.45678710938	-0.014596699149022122	-0.003124269543882681	-3.6395199614953276e-05	0.0	0.0	0.0
199774.63403320312	-0.018282061479318955	-0.006144091850826552	-3.598434103028471e-05	0.0	0.0	0.0
199986.77099609375	-0.01604098053511939	-0.00490170849430306	-3.997621552682021e-05	0.0	0.0	0.0
200198.2802734375	-0.00936268764922127	-0.008596304598237355	-2.869054129239746e-05	0.0	0.0	0.0
200406.20092773438	-0.009208775273438293	-0.005430536610550881	-3.892832672854974e-05	0.0	0.0	0.0
200616.10717773438	-0.011720286171597065	-0.007284900946762857	-4.0003800193764294e-05	0.0	0.0	0.0
200830.1181640625	-0.0074485145057017095	-0.007705026046246112	-3.776437553191518e-05	0.0	0.0	0.0
201040.30102539062	-0.011050789589989313	-0.007648795697467612	-4.4226819575024166e-05	0.0	0.0	0.0
201256.01611328125	-0.005903822377778366	-0.002461750180913079	-5.2396543606645745e-05	0.0	0.0	0.0
201466.908203125	-0.0010839809187866713	-0.004409218446018293	-4.3309492264752495e-05	0.0	0.0	0.0
201679.9462890625	0.003794314091724159	-0.011634565190331651	-2.294207911851343e-05	0.0	0.0	0.0
201890.26391601562	0.009048048362558953	-0.007339563120158314	-2.749985376363359e-05	0.0	0.0	0.0
202103.56591796875	0.014884885193858603	-0.003331948509745744	-3.085643397122849e-05	0.0	0.0	0.0
202320.5615234375	0.01588035545993557	-0.0030888524260949163	-3.142994661333922e-05	0.0	0.0	0.0
202527.61840820312	0.01927921389711924	-0.0062126748492594645	-2.1194088328270805e-05	0.0	0.0	0.0
202742.27587890625	0.02263923282560496	-0.0049283124864442605	-2.0520397880913214e-05	0.0	0.0	0.0
202952.42333984375	0.024394987735135792	-0.0039594138985539476	-2.0676490403534015e-05	0.0	0.0	0.0
203163.380859375	0.03068431281460862	-0.0019137024630334792	-1.8956861969306295e-05	0.0	0.0	0.0
203375.4052734375	0.03623444879039959	-0.0049139158792101565	-6.795467944356805e-06	0.0	0.0	0.0
203589.92822265625	0.032205286951343635	-0.0009188787824223576	-2.1656588780981466e-05	0.0	0.0	0.0
203798.74926757812	0.03563087145141483	-0.002110384332688162	-1.6612720403959444e-05	0.0	0.0	0.0
204013.8134765625	0.039133729067497514	0.0007095212214374792	-1.9470722415067276e-05	0.0	0.0	0.0
204225.2919921875	0.042221994588510364	0.0022259753295574202	-1.946254205522613e-05	0.0	0.0	0.0
204441.16772460938	0.04295367080801451	-0.003797991238859834	-6.343963212849979e-06	0.0	0.0	0.0
204651.71264648438	0.04550677162581125	0.0003488469045861757	-1.2636664044438603e-05	0.0	0.0	0.0
204861.447265625	0.03914431398371976	-0.004352410679806136	-9.453871733711941e-06	0.0	0.0	0.0
205070.69165039062	0.038814987066556346	-0.0026741468946434154	-1.304679120940394e-05	0.0	0.0	0.0
205286.3115234375	0.03805223708664165	-0.0021476750146217933	-1.4534842931829975e-05	0.0	0.0	0.0
205502.33911132812	0.0381659118209534	0.0004576315281189012	-1.9964606722365213e-05	0.0	0.0	0.0
205712.03198242188	0.04126565395520925	-0.000669366063534161	-1.3288892999722615e-05	0.0	0.0	0.0
205925.1494140625	0.03504163143452997	0.0002672390243689521	-2.1976865920775507e-05	0.0	0.0	0.0
206135.20483398438	0.03542728415628825	-0.000998420229175623	-1.8776389439863642e-05	0.0	0.0	0.0
206351.21215820312	0.035397202097907886	-0.0001275199532561498	-2.0578129547328944e-05	0.0	0.0	0.0
206563.66650390625	0.039758599138667305	-0.002464182721926634	-1.0226619133172173e-05	0.0	0.0	0.0
