200000.0	-4.71347950238964	1.2339849563090581	-1.1848061284586962	0.018274611346973432	-0.21951957775866196	-0.12165040309670457
400000.0	-4.680510726504748	1.233041116545107	-1.1714645975789992	0.12484265478928665	-0.10484207470461666	0.05145475266922975
600000.0	-4.668575096056521	1.2247500494614318	-1.174182427779314	0.24810512075965377	-0.06463812179333236	-0.02461127823975381
800000.0	-4.5781586224393465	1.2681327928415336	-1.176635444485014	0.20870694979575036	0.17598267424600453	0.033769279248695695
1000000.0	-4.564515442695133	1.2948332045383142	-1.1576260355929493	0.14977538337121088	0.09642449980419057	-0.11700136123067789
1200000.0	-4.474289544631296	1.3100609447688767	-1.158138370810822	0.29726679986443305	0.12232457776298018	-0.15401733047770577
1400000.0	-4.407640002383437	1.342605016170807	-1.1524263758969873	0.44439926917314654	0.10551438091449854	-0.13001045384711427
1600000.0	-4.3402972377032984	1.3545835886368212	-1.1552006541339916	0.5390259348477867	0.10433045277634198	0.09569345580043886
1800000.0	-4.239686235450796	1.3578987136489222	-1.1526329885030773	0.5492069066467489	-0.08436290129784377	0.20114498430854616
2000000.0	-4.1921016394615584	1.3894387205370151	-1.164822968757319	0.6585084773736039	-0.10774041119091976	-0.04820855074306089
2200000.0	-4.101351768787461	1.3763123863339801	-1.1701417479304275	0.5294766029178289	0.08267998831729034	0.1876620960029182
2400000.0	-3.996529170365481	1.3872643630889447	-1.1816607943301707	0.6422611292975745	-0.08741510846946965	0.018088769554988747
2600000.0	-3.7975418195988917	1.4227934248281071	-1.1809414409066588	0.6241067435640674	0.06903850198311529	0.09163152911130211
2800000.0	-3.6478102825811227	1.4151470214233288	-1.1727417732520962	0.7010612928594837	-0.11423273154358284	0.09844019469772901
3000000.0	-3.429307403154835	1.40437259377179	-1.1800507558461204	0.6668907374178219	0.05890721330357095	0.07826283893499957
3200000.0	-3.2458818735909474	1.4076534449633102	-1.195161462573883	0.986089427407394	-0.029377618504788025	-0.005367322146403931
3400000.0	-3.1309765833913668	1.3945390326022702	-1.2024406226594186	0.80298949966141	-0.1130902325331356	0.1225891341385458
3600000.0	-3.010800404924926	1.4009681984054776	-1.2161588875670768	0.9756879807323564	-0.1500114483362596	0.11906041148015878
3800000.0	-2.870781727028018	1.3926241224322802	-1.204917297433675	0.9054136883710228	-0.07886878758836398	-0.015083252239145415
4000000.0	-2.652920586947655	1.3804537650163213	-1.1983697730375917	0.9065777855663292	-0.11059769745844579	0.11907936678897292
4200000.0	-2.486158722468387	1.3721509029387848	-1.2020277894997724	0.9601459234616564	-0.06311911267239578	-0.13967870216438863
4400000.0	-2.306931212172728	1.3410032258438516	-1.207556866939025	1.1000805735309032	-0.25200999824179643	0.17169036384582595
4600000.0	-2.1283767095796517	1.321497753869735	-1.2061917297572333	1.1551739575207878	-0.21111011646228783	0.0034031439481811694
4800000.0	-1.9595457267490706	1.270572960352113	-1.2177088512098828	0.8920479201393751	-0.10480481303384878	-0.1249716176120003
5000000.0	-1.6366050032771122	1.2349423848996781	-1.2162604334887637	1.2870513843237652	-0.21229101707868842	-0.018547085150790833
5200000.0	-1.4113967168219312	1.2174503736208862	-1.2242061891126694	1.231003692381898	-0.21213203368098343	-0.037618002328315296
5400000.0	-1.1251144990470592	1.1758409318417664	-1.2250847909085973	1.1905590788780553	-0.2682579302284309	-0.1495410970531623
5600000.0	-0.9324365082338519	1.113762456046785	-1.2294273027150326	1.063971543609596	-0.10381692802497619	0.0037036858485110184
5800000.0	-0.6661371928681947	1.0736491359609466	-1.2189601365854443	1.3230070721665335	-0.3556684640275433	0.12104394823316778
6000000.0	-0.3885070886643698	1.0126141355337936	-1.2166654189025972	1.3327887554285365	-0.3212571440746312	-0.08244446973860636
6200000.0	-0.14553551141544396	0.956163581360191	-1.211475428258892	1.286098102602605	-0.3438834320030689	-0.14365554250807758
6400000.0	0.14908916121276494	0.8704366439853078	-1.204494151320974	1.5386935331813059	-0.44131432059438946	0.03299717685336549
6600000.0	0.4137507238633784	0.7797247667667783	-1.206325084804608	1.5135553710641587	-0.4028743088704041	0.0628346303729375
6800000.0	0.6921450837259857	0.6810959274083759	-1.2103395915950863	1.5477561636609898	-0.28828958510664804	0.14720648873769418
7000000.0	1.0686283553427747	0.5988039743739195	-1.2165251968618265	1.6013416392893454	-0.4687614778975471	-0.02628118282692823
7200000.0	1.356667403563852	0.5316798966195666	-1.234719569114105	1.6151112306838435	-0.6082864154207781	0.1004143048311253
7400000.0	1.6704919128722362	0.418954432878462	-1.2461795209524065	1.7252828777445772	-0.4431960187349707	-0.007514033463846886
7600000.0	2.0135055969092166	0.31226636563976684	-1.2373741416200184	1.8108210523668016	-0.4299604875385494	-0.1322279273085013
7800000.0	2.390113267600529	0.17976853475352272	-1.2455304774141145	1.6754889143807563	-0.49174751625292884	-0.039448063422979865
8000000.0	2.740176836423096	0.06758113540947996	-1.258914618192266	1.7732362623058753	-0.6464594712386746	-0.01870487160266084
8200000.0	3.0479354904779337	-0.0916138754678335	-1.2526486331160056	1.5459601962079057	-0.7784451383247553	-0.1010715450915003
8400000.0	3.343457147176504	-0.2438105872287153	-1.259960725793667	1.7504323575789194	-0.7611512505344437	0.010161844915609876
8600000.0	3.6563035516941045	-0.4074065742967714	-1.2640210324441141	1.6705891427348822	-0.7481770897960645	0.00844365269263077
8800000.0	4.012359135187381	-0.5418406526839639	-1.2657479713383895	1.7016420474422418	-0.7555168627186181	-0.0873456846598599
9000000.0	4.358053455535607	-0.6900774560508589	-1.266998024570935	1.637213999034969	-0.7504439231563542	-0.06823954524970202
9200000.0	4.760400049918118	-0.8577501355964359	-1.2681083187050988	1.7985230988123333	-0.8384869552222608	-0.004516775864664671
9400000.0	5.166507011679947	-1.037300404785629	-1.272474971959216	1.826393569934362	-0.9478729772427431	0.013245753053762665
9600000.0	5.501636575190533	-1.22195103506819	-1.2761589459125258	1.7942613621051493	-0.9761325631851302	0.051809901384173726
9800000.0	5.834574448812138	-1.4126345408682939	-1.2781318905506245	1.937920760282487	-1.2002414654300022	0.13705052209875118
10000000.0	6.104672569845581	-1.6238094064256943	-1.2724544988421775	1.992858008061958	-1.1009616656047143	0.06259728811266094
10200000.0	6.500217691308902	-1.906052437812401	-1.2654800489494904	1.9683186360642628	-1.256930794205226	0.25553885444423036
10400000.0	6.949886404210643	-2.1993864334614255	-1.255581850159377	1.8799254032991024	-1.4164654464844724	-0.11563389171222704
10600000.0	7.3030251840385585	-2.4471052228193786	-1.2511290127036607	1.8972850774278613	-1.5019148592728067	0.0024479167086091397
10800000.0	7.6592966518417	-2.7481544103910247	-1.25589638896595	1.9341354044467047	-1.5894170813412762	-0.00411019390494643
11000000.0	8.008292958321338	-3.0484103388840174	-1.2468402377363375	1.8491316467682182	-1.4809174739786501	0.024809055816169667
11200000.0	8.417461562389459	-3.381715966686385	-1.2542914600419728	1.7937392620539676	-1.7163269224745894	-0.014813989585068589
11400000.0	8.800622116609434	-3.690308174176007	-1.256231302888508	1.8994293292435138	-1.585444838152485	0.265857977886779
11600000.0	9.134738724610378	-4.024168044951979	-1.264372629741381	1.890304995539443	-1.683636824919927	-0.08079667723461634
11800000.0	9.524778315062218	-4.39601855982022	-1.2591489513974727	1.8702150515706275	-1.758920743169164	0.06713251964191123
12000000.0	9.901583553980004	-4.7514861146341785	-1.2637157260978205	1.82708059026991	-2.1092228500792203	0.09712663979835984
12200000.0	10.284690444744614	-5.122158580274527	-1.2761361805218674	1.7151949277975003	-1.8183161222907906	-0.08399941841799612
12400000.0	10.692317864710816	-5.542181552312716	-1.2766390020951057	1.5878243987576761	-2.077550205058962	-0.10196425328608741
12600000.0	11.070569953644656	-5.952811080666867	-1.277391318347806	1.7083761875629946	-2.2491627105641707	-0.039465982692099714
12800000.0	11.4014708312254	-6.389839578737471	-1.2876234796816133	1.622551617634113	-2.255598510833988	-0.11599563262289335
13000000.0	11.697325040023545	-6.829399543029984	-1.2724859802173698	1.6794520647264952	-2.212568864851884	0.049663714944378747
13200000.0	12.078224497627458	-7.288871663421756	-1.28068508855089	1.5905343055530379	-2.5053199467670204	0.1036700322822425
13400000.0	12.329008203254917	-7.7628784823661885	-1.2832928707572033	1.6279837572721358	-2.345391306997958	-0.1376821436613399
13600000.0	12.614163650466892	-8.269889838198354	-1.2858357742077497	1.6853269242681252	-2.366953349963646	0.13299106098593919
13800000.0	12.752213561244123	-8.769680141125862	-1.2851210806417088	1.4622111055548792	-2.552021363823098	0.1335333127218253
14000000.0	13.036368958355187	-9.315874997111244	-1.2777086281866683	1.5600505894650063	-2.6400838752756686	-0.03921142802547779
14200000.0	13.332356757279873	-9.879387523558385	-1.2852734149934155	1.150329927167777	-2.807472842015431	0.0772816773549194
14400000.0	13.574119958048215	-10.442724914859454	-1.2853493719610982	1.253084126570722	-2.8105179138103367	-0.009613480127107459
14600000.0	13.82689350634966	-11.025185841982628	-1.2933892993570173	1.1457754870025623	-2.9890996778247647	0.011605296504760432
14800000.0	14.07343988129563	-11.649003945702662	-1.2883262156364508	1.1052053896964091	-3.0735972203400403	0.010618227866574572
15000000.0	14.291327497129	-12.262370397567482	-1.2854518762815546	1.0284494465498133	-2.997087100806058	0.05095687246008252
15200000.0	14.535197956459834	-12.892365785085522	-1.2743272240152055	0.8989526019445804	-3.077050007570688	-0.10194217392390323
15400000.0	14.67971274989135	-13.523911634196807	-1.2669632991605975	0.9886397729563009	-3.2445332952681754	0.08972711318902223
15600000.0	14.856201177939985	-14.174189196319782	-1.2671832465859403	0.6810607004633331	-3.264142317428655	-0.0916287819212034
15800000.0	15.015351330599742	-14.81816273663432	-1.2671707924312792	0.4715371219360094	-3.2909171561241948	0.11552451501026378
16000000.0	15.119252996224485	-15.480950767464229	-1.2651788139054854	0.5811179408459178	-3.240325607223399	-0.029297725649045845
16200000.0	15.219512366845825	-16.159057961370593	-1.2580661426949784	0.2833615551355201	-3.4618732875892344	0.061237680353158755
16400000.0	15.22165821018414	-16.84475313755223	-1.263337845401219	0.22886566431756367	-3.5195364875936046	0.062086332788821474
16600000.0	15.282169766168288	-17.560374825293337	-1.2634762502135095	0.16704644378721686	-3.605354328823411	0.12689017329021735
16800000.0	15.260317775821811	-18.266094310312763	-1.2643711299407236	0.09073806872745317	-3.704930196222643	0.06590630422156263
17000000.0	15.270123260649152	-18.98559762570729	-1.2653640342893195	-0.15629188079346293	-3.6481952588136566	0.08365515990571495
17200000.0	15.216272598087537	-19.73027569245479	-1.2744401872193272	-0.22729290890062062	-3.6215962623630764	0.008109879089584049
17400000.0	15.177711573027432	-20.443535716525947	-1.2715472877411227	-0.2597884494416579	-3.648258669198731	-0.05909198361644497
17600000.0	15.125887747521723	-21.19365509459503	-1.2679720764115587	-0.5245848619772656	-3.778698539364592	-0.11168200239998063
17800000.0	15.019521388355178	-21.94889897435961	-1.2758898219541939	-0.6796292606466822	-3.586055255937089	-0.03031819226642739
18000000.0	14.848556931427776	-22.690555324746594	-1.2737596761741186	-0.767172891979038	-3.5802059465290625	-0.0047548984989376685
18200000.0	14.63909372251721	-23.455970285099085	-1.268112660915783	-1.0521154082842452	-3.737288649222632	0.10352729245242791
18400000.0	14.431820802618056	-24.239372471368497	-1.280129907633609	-1.3048913043160557	-3.6794351632979554	0.18470619427460516
18600000.0	14.220313973552056	-24.990596689671396	-1.2790933439006316	-1.2512841871365379	-3.862561719668376	-0.07073438202033856
18800000.0	13.965893172288641	-25.758806603653085	-1.2752623640555194	-1.3096540380565873	-3.5203419879790188	0.04059950005790271
19000000.0	13.657245186363978	-26.533017462463082	-1.2603464955097017	-1.5436036029468991	-3.6743518833374735	-0.0807630325121887
19200000.0	13.325691837794572	-27.23858623099575	-1.2573993681519526	-1.720961945155289	-3.5831727765152097	0.04444922591987456
19400000.0	12.914848254625394	-27.99912109538314	-1.2575127477729093	-2.028267632279684	-3.6364231980185413	-0.09392989943831588
19600000.0	12.526243165665504	-28.71123994253623	-1.2556117978629462	-2.1841040795341193	-3.64602936624012	0.28148350138711387
19800000.0	12.110049473583386	-29.439343213714228	-1.2588357842942473	-2.2847943075951056	-3.553941546886277	0.027419487984591987
20000000.0	11.528527866754478	-30.119355383266484	-1.2600173676091495	-2.5044273732846114	-3.530398014631668	0.013626895066843794
20200000.0	10.98172934726051	-30.79239756166676	-1.2604932924456165	-2.920879498506405	-3.3114170648905907	0.05988626203772603
20400000.0	10.456938360514195	-31.423440587835852	-1.2662641216148207	-2.713038983749746	-3.223058014469548	-0.03374546183689296
20600000.0	9.849633756402351	-32.03529029441874	-1.2690053001280257	-3.023161581589435	-3.2127409779780023	0.008875438912474337
20800000.0	9.292694916193772	-32.630409746470775	-1.272313029134701	-3.1266462490233913	-2.913515868791247	0.14194004891070355
21000000.0	8.644633975362549	-33.228841001808334	-1.28296442624293	-3.392892241948475	-2.8285993448996822	0.08360837754727903
21200000.0	7.918628005763837	-33.8034014154248	-1.2717330851227295	-3.5312435181201467	-2.796962374046081	-0.1280602348535358
21400000.0	7.195799879353489	-34.347746840998816	-1.281789100403645	-3.919848787744904	-2.5525178687161034	0.018562246435873557
21600000.0	6.436689659608966	-34.85603455160118	-1.2836910747096086	-3.8077943726554486	-2.464744931815733	0.13686415865278195
21800000.0	5.754813690981829	-35.338147299214256	-1.2778538373692714	-3.9797885662776373	-2.2478766465960045	0.10714996819146558
22000000.0	4.986289858397209	-35.78860990306162	-1.270383996962455	-4.266174055646189	-2.0280541995777694	0.16640176614959684
22200000.0	4.1749460278603525	-36.21239329412758	-1.2686796751766531	-4.057500839445279	-1.8964305995368567	0.029085517535304847
22400000.0	3.2109398978209263	-36.56547370292872	-1.2701880444315659	-4.327493235810961	-1.8602113275941587	0.04465420862244525
22600000.0	2.3107935350394744	-36.88703681746978	-1.268072182443692	-4.510481216856761	-1.4609217360006994	0.06116453711056134
22800000.0	1.3802917863789026	-37.171984952432986	-1.2667078623077872	-4.4709202809635	-1.3545066959869676	0.0472354538440609
23000000.0	0.46734935277194856	-37.424813755167605	-1.2540460708716212	-4.616506023810222	-1.2831547888607302	-0.14678757450763225
23200000.0	-0.4550981708329074	-37.624617545076056	-1.2628647840771898	-4.7423891189097755	-1.016819882386577	0.10611350573538096
23400000.0	-1.4231889424040705	-37.77325915257743	-1.26131946350732	-4.893905391923453	-0.6043788682617263	0.038628680519470174
23600000.0	-2.409212670073318	-37.850862443844726	-1.26113785141934	-5.0102905358198	-0.45937034939586363	0.01854138427354147
23800000.0	-3.41243943639756	-37.89422492921927	-1.2524248194540957	-5.039510097232742	-0.3527675125598443	-0.27039769233825706
24000000.0	-4.4237831756650845	-37.900614979624144	-1.2554125502704714	-4.960901359688915	0.20406219726699437	0.04064952887596284
24200000.0	-5.398474052956042	-37.85245857387616	-1.2408064619914188	-5.0311443123332085	0.4413447527838146	-0.009306459847540069
24400000.0	-6.353800005127994	-37.75132487610939	-1.2379582263449271	-5.075551610998275	0.7105580956716049	-0.17064617521538816
24600000.0	-7.327285826062963	-37.61799956073555	-1.239191259125309	-4.775365364307445	0.968438181836513	0.1513843784746073
24800000.0	-8.37982347164591	-37.412001708915966	-1.2467438991691027	-5.054851538946997	1.518095703345004	-0.07386696628502709
25000000.0	-9.373740047126361	-37.1397184795947	-1.2509819887869027	-5.040069627746541	1.4579372522492713	0.05070969883168502
25200000.0	-10.410302492873472	-36.8052214958366	-1.2619814038197865	-4.901929454917147	1.737300966943285	0.04138629825369121
25400000.0	-11.448870009078554	-36.428271416809636	-1.2663162308861162	-4.768919850698052	2.2676720027773225	0.025869168559658012
25600000.0	-12.44732121661099	-35.98708502398821	-1.2595165554825354	-4.901498273712349	2.3460727580403087	-0.016987510807291075
25800000.0	-13.473036948521978	-35.47632641890988	-1.2654604732295853	-4.791061350870791	2.6077484410153287	0.11124063567529759
26000000.0	-14.4656724498615	-34.93318272516767	-1.2696987490820866	-4.693818308062163	2.8456136941424623	-0.049393232190145665
26200000.0	-15.347497463548605	-34.321797518484686	-1.2638772273990655	-4.348372337725217	3.3073088964368713	0.14223080189351725
26400000.0	-16.17988992632634	-33.64886344620896	-1.2637444997819243	-4.466802949035867	3.5250762342287514	-0.06784658601005733
26600000.0	-17.055910614280553	-32.903147752766216	-1.26126171271898	-4.175779779144593	3.6841998750268825	-0.013821466056711798
26800000.0	-17.889989293300587	-32.1114238746392	-1.265683214356505	-3.976982198680412	4.084711378800851	-0.10411367016970463
27000000.0	-18.66223394436169	-31.276383554136014	-1.2608952247204284	-3.475237159237149	4.169119160817969	-0.15809183486414324
27200000.0	-19.434931122670964	-30.384273372724028	-1.265549434504051	-3.4869196002870306	4.595373340357574	0.13698356287803637
27400000.0	-20.132693367102185	-29.476367008554703	-1.2659013776906343	-3.3351147804376073	4.609199018271841	0.021138855685730904
27600000.0	-20.773705796403664	-28.51575224896607	-1.2712252877962809	-2.9016763423984546	4.750612745794901	0.08225021460036976
27800000.0	-21.419799656016668	-27.52164514723089	-1.267288030125373	-2.482815340335316	5.147684915330821	0.14477468695354723
28000000.0	-21.93200132552905	-26.497991827629885	-1.2630271820956165	-2.314545040921478	5.350133745134532	0.22766215940162177
28200000.0	-22.346818367619292	-25.4400486505042	-1.2597022330430143	-2.221424064140981	5.552850831310578	0.15955178525909183
28400000.0	-22.721543349603618	-24.342286579706265	-1.2634216497211015	-1.926585638544381	5.740904034346741	0.016700042387780348
28600000.0	-23.030573520143086	-23.233538940774526	-1.2596634365767603	-1.4860787493161298	5.869327397965136	0.029311519851702463
28800000.0	-23.273656278666024	-22.07198713169784	-1.2640931756802267	-1.0723798405794682	5.68385356012303	0.09692234771991312
29000000.0	-23.40336743146999	-20.874826658810093	-1.2649832956169316	-0.7962286923488039	5.892561596104682	-0.017315585314787635
29200000.0	-23.54597247062506	-19.673685138286157	-1.2709516808331491	-0.27021819266421404	6.065127979628516	-0.005029618951437505
29400000.0	-23.582625943674845	-18.436766585621857	-1.2673213127857736	0.1777317347850686	6.061229537119363	-0.07156754804017411
29600000.0	-23.543972563057483	-17.208547558196532	-1.2698282555221385	0.44150680780077733	6.204001360151249	-0.13113179048447043
29800000.0	-23.373671443603804	-15.955128112710417	-1.263909695459516	0.7267467160167806	6.058540758353604	-0.043953469593503054
30000000.0	-23.144855087854303	-14.725711657698726	-1.2582995983588796	1.2746131946473935	6.159884555307389	0.1961509391029056
30200000.0	-22.808395784474612	-13.503256426013076	-1.249397799672693	1.648641232627394	6.106495626224461	0.09531904740075703
30400000.0	-22.485370470367794	-12.285170142820938	-1.2488327752080584	2.0231432580857938	6.108148712881575	0.11131377240549498
30600000.0	-21.984333364912427	-11.110134139964686	-1.2646692419511036	2.4622561730763657	5.882134322164425	0.12354143732018781
30800000.0	-21.51899999240009	-9.943064364863327	-1.2764944309685424	2.6827508200410666	5.758636261861132	-0.316397029867723
31000000.0	-20.9072689094101	-8.810394308149931	-1.2794759665284798	3.322845253666747	5.665922593887374	0.1245802732409649
31200000.0	-20.162791901097204	-7.714074541044763	-1.2744007244080608	3.767268547095352	5.2460380444907	-0.049925770604051685
31400000.0	-19.412559505122957	-6.666180106384424	-1.2882080766034034	3.976110219027874	4.9477403601525864	0.13973114108782653
31600000.0	-18.618033640445795	-5.674860674874875	-1.2973521501665513	4.226124625615756	4.896070275916259	-0.05324841016434526
31800000.0	-17.729330236920703	-4.7093739173254985	-1.3061714559734068	4.794272017503547	4.678484961098292	-0.06836911688383554
32000000.0	-16.739714004296257	-3.8147851111397304	-1.3215213712584828	4.816046455340431	4.411094122685119	-0.1366952339121326
32200000.0	-15.668382425444207	-3.003710851418914	-1.3294327462654858	5.316627709984129	3.9176799664371753	-0.15557260026941358
32400000.0	-14.657960631697698	-2.259725118636724	-1.3210290278784158	5.7137132809504	3.5066886059567004	-0.050418057755234134
32600000.0	-13.495023965724467	-1.5860014056761171	-1.3272320201108114	5.818509553106134	3.233495845372991	0.0921955284564189
32800000.0	-12.277791985654543	-0.961595709449653	-1.3181863422684876	6.2418157028217	2.615284999624934	0.05241130768438093
33000000.0	-11.046865317144817	-0.4531872976344884	-1.3094984893729562	6.37060353391108	2.3393747853844555	-0.06404353858572091
33200000.0	-9.790148998668265	-0.030349974096447685	-1.3142984888798166	6.595139550044685	1.9351647875141247	0.06599111849676385
33400000.0	-8.415935684996835	0.29537056745401824	-1.309785662258379	6.7734284278367	1.4772077720896042	0.17463080878967338
33600000.0	-7.003769559326965	0.4806756518445633	-1.3006618713016516	6.823752133686419	1.0297799200588238	-0.10725534117072451
33800000.0	-5.620899809999039	0.5813808493472012	-1.2974378816055419	6.979870508005792	0.25071036375377453	-0.01783049687331135
34000000.0	-4.210182425494193	0.6402280428887741	-1.2994649884129632	7.2092427404839405	-0.07310726262551318	-0.044138933819190374
34200000.0	-2.8153727331473704	0.5749681500172759	-1.2993859476072847	6.698694540999754	-0.5351190394597056	-0.09802440666546527
34400000.0	-1.3414148074669399	0.4374893103451303	-1.307472953163957	7.118784410369411	-1.0418842277371079	0.03662750066881906
34600000.0	0.08697784958015431	0.1701441038751207	-1.310433498754446	7.059984325957316	-1.6564130540212478	-0.018618805491402296
34800000.0	1.5323787021161612	-0.22892852275132225	-1.3291512963388978	7.016304234718523	-2.360812868250589	-0.13867484201649208
35000000.0	2.9369175010332738	-0.7213804577411502	-1.3354186545497502	6.610987414385256	-2.8725464738540363	-0.06146671230734913
35200000.0	4.310065577209942	-1.310193085959327	-1.3420520681557633	6.531446161388158	-3.3646565771741965	0.027934413130719704
35400000.0	5.537571909966186	-2.0033467866345895	-1.352706361634379	6.357603055017247	-3.737635410634648	0.1470597711158527
35600000.0	6.781551119461556	-2.7918119699867963	-1.353637396822663	6.015551097063054	-4.292271444839833	-0.007724442098897449
35800000.0	7.952848791056583	-3.6997403754403067	-1.3519987405576404	5.825763949076291	-4.757115687019854	-0.1869112698244155
36000000.0	9.033869754275658	-4.646422027343339	-1.3495558931416745	5.497205935363321	-5.180328700592988	0.10486496361297629
36200000.0	10.069311289519039	-5.724671664310396	-1.351063017663237	4.9783522111193115	-5.679032072042787	-0.1804588139549898
36400000.0	11.063826947350634	-6.878491050273992	-1.360486812124478	4.6343479276927955	-6.032192728655611	-0.09702427442857514
36600000.0	11.895298448248267	-8.099835427189994	-1.3574672720729406	4.18850365743293	-6.467696156841084	-0.14306267020571214
36800000.0	12.610273589083985	-9.384775524367692	-1.3518711059370847	3.819609276421708	-6.409680628096	0.09038659266634998
37000000.0	13.260026602844263	-10.761362372328838	-1.3619188716002086	3.024710998850803	-7.024428220857552	0.0764301268130345
37200000.0	13.863174315828442	-12.20364872008562	-1.3717843692041214	2.542144477915923	-7.18475333412832	0.11841028989688383
37400000.0	14.28524813028988	-13.647471802391511	-1.3681102360965607	2.026819237675006	-7.310138417502555	0.11024634355402183
37600000.0	14.656693014365986	-15.165334009877396	-1.3680711005706088	1.2064130493036203	-7.675136232249599	-0.14701975809400153
37800000.0	14.822864102921953	-16.70486806088886	-1.3695476873695471	0.6344273355674421	-7.7293281263478395	-0.10171821850197107
38000000.0	14.966939471017056	-18.28240216219516	-1.3599253719976903	0.13678158540559535	-7.780905598571324	0.14774561212620851
38200000.0	14.921101604060507	-19.867560386352384	-1.3528162672261548	-0.4217202228196088	-8.017358771561339	0.13113969864196856
38400000.0	14.765401939507843	-21.438389179125195	-1.3466730062177446	-1.2467225104785582	-7.809320747026881	0.0939763200156942
38600000.0	14.482603202020158	-22.977861513749705	-1.3409468243150384	-1.8059054384531137	-7.7996490784449035	-0.017584478925140434
38800000.0	14.046641009012934	-24.514748710856423	-1.333531663731362	-2.6091051734663306	-7.676694986994063	0.022184866659783538
39000000.0	13.514961767414437	-26.019240001646644	-1.3270440061705941	-3.1657106881238937	-7.4254392933901485	-0.08933400855187248
39200000.0	12.76954756429316	-27.466300147907088	-1.3258530288219865	-3.8575780459701896	-7.098430373613651	-0.058454066282926986
39400000.0	11.941721371294511	-28.8607897138106	-1.3246146468788274	-4.364041809489319	-6.851229459096982	0.03742060740245398
39600000.0	10.999887919680944	-30.226878678857595	-1.3185751243075985	-4.7144192843885735	-6.5717685507457535	-0.023378129912675405
39800000.0	9.980450394400513	-31.49091408414788	-1.3173657606839786	-5.458419514086147	-6.153077025964929	-0.14381530445646484
40000000.0	8.807240987942523	-32.666910010432105	-1.3140372167358594	-5.986917969075626	-5.699541716002118	0.040192331858862625
40200000.0	7.530677559702015	-33.75684486014335	-1.309752319376807	-6.441069240485186	-4.956253925228656	-0.01716076285707134
40400000.0	6.1545099060955835	-34.737733087864164	-1.3043648327738038	-7.022827245343688	-4.689732633344285	-0.038343896227746546
40600000.0	4.716545365935754	-35.56961913351353	-1.2973418747596837	-7.296614240750484	-4.030866417142011	-0.0716902131571108
40800000.0	3.219833524504215	-36.30604591329837	-1.286498054844866	-7.679975145828525	-3.385259734371608	0.04412860825607697
41000000.0	1.7165882664759686	-36.90846364127001	-1.2702655104035327	-8.074961545895452	-2.6003606595780493	0.0003380367361202893
41200000.0	0.10314107851375365	-37.356735939148244	-1.2794957630255714	-8.288599205269525	-1.844655886467747	0.03953955009689518
41400000.0	-1.5898498084659842	-37.672929404655655	-1.2730473110723195	-8.476263521608653	-1.1841708962719566	0.049770436612169615
41600000.0	-3.2798760803783167	-37.85626974833869	-1.2719099802415994	-8.621134054852453	-0.49367597197371993	-0.02681871057720083
41800000.0	-4.913030731411486	-37.903952405778895	-1.27841672726895	-8.689085488556987	0.2694992967799493	0.028693723413327744
42000000.0	-6.561213038151784	-37.75647589211772	-1.2847018263060013	-8.640450790979733	0.9917409572968515	-0.09017413002861395
42200000.0	-8.200586970658058	-37.47959968910006	-1.2755362357189042	-8.592714486113419	1.7513511720086161	0.07354178544542289
42400000.0	-9.890538936534707	-37.05348458541713	-1.2816143819759471	-8.359961801517294	2.6118165321001143	0.07936952753525923
42600000.0	-11.608075619866113	-36.490636149369905	-1.28718591884226	-8.19400125196826	3.253360425924671	0.07210600878611764
42800000.0	-13.216003683225434	-35.727689726316456	-1.2736949745273702	-7.759622372071319	4.083828729979966	-0.02655743189641464
43000000.0	-14.678277780610713	-34.829384302084044	-1.2760663332684703	-7.384484115324466	4.742323439019569	0.0392375531585602
43200000.0	-16.04849241939892	-33.78642551701119	-1.2835658378273611	-6.949628278412687	5.362092901653997	0.06138477095883376
43400000.0	-17.45160695083196	-32.61146630508739	-1.2859001744799972	-6.388434616975002	6.228074796298562	-0.07840933110536495
43600000.0	-18.647589695623648	-31.32213448576455	-1.280708511933424	-6.084678267211893	6.774909954986427	0.18455565536774934
43800000.0	-19.725364151398132	-29.90767611983309	-1.2861856819860549	-5.379287916808556	7.319122718875949	-0.0025030798213098904
44000000.0	-20.72754209545827	-28.388500550846803	-1.2753710111566734	-4.587970826539132	7.691397457318078	0.12288704669474254
44200000.0	-21.558743422763914	-26.81708315109211	-1.2706481953374251	-4.030091394003391	8.232966838991379	0.029933258918889014
44400000.0	-22.22080124075712	-25.14797300683171	-1.2767534218265228	-3.4651403063887707	8.57370375916823	0.058105907479637633
44600000.0	-22.75437365104218	-23.404103370386178	-1.2756697875465028	-2.3671849905210522	8.730617349267916	-0.07439955774435136
44800000.0	-23.135865071325124	-21.618777058791096	-1.2700241556614442	-1.6322984032374204	9.07192616214954	0.016080623772983766
45000000.0	-23.376046627265936	-19.81380822609563	-1.2688441847640721	-0.819382500718192	9.012352926752786	0.13069696852796084
45200000.0	-23.451986216953458	-17.971116734358233	-1.2799741511206046	0.2751192948029705	9.259880962985275	-0.0301300154118324
45400000.0	-23.319352193931593	-16.126079166724672	-1.2743205308217282	0.9990553785386742	9.248319152478848	-0.04145060480210521
45600000.0	-23.038911817719995	-14.290746569293416	-1.2778899125868712	1.7820513715266884	9.118987509461567	-0.039497931119714606
45800000.0	-22.597795555510242	-12.487885801139411	-1.2741815013312974	2.78525800522102	8.903668771248642	-0.21259795888455013
46000000.0	-21.976988671583335	-10.69523650454616	-1.279265319715915	3.529415070808783	8.802016380063922	0.1619997343115189
46200000.0	-21.176984616308324	-9.000086681824426	-1.2790279743787447	4.20602225602819	8.534615115106325	0.03248802416171459
46400000.0	-20.14852853063895	-7.351589279233016	-1.275125738240795	5.1125549156134635	8.050923026574202	0.06695282773918343
46600000.0	-18.989834337390302	-5.7772773735213825	-1.2825040762074789	5.827627810679215	7.559629916681065	-0.030182979774493135
46800000.0	-17.84736897490629	-4.328199369911995	-1.3045986865816026	6.831600032127585	6.919073548608562	-0.047276985022208395
47000000.0	-16.464705114606442	-3.0282246742835373	-1.2998166462262895	7.258180690046957	6.221031571587271	0.16853204666614136
47200000.0	-14.941658659491441	-1.8292457197890355	-1.2966201533888575	7.809052570134923	5.57389307739351	-0.10245623591405943
47400000.0	-13.290875618127739	-0.7868706556431433	-1.2892894398061148	8.475097060610535	4.897111589673247	-0.008036444850952673
47600000.0	-11.593748433899673	0.08848532755690752	-1.2954416615727862	8.872980081857463	4.0467059961053	-0.18680755021706683
47800000.0	-9.811692233460676	0.8059555503007699	-1.2966891534747502	9.12679433173789	3.188460971875556	0.08912000036589048
48000000.0	-7.915454664523661	1.352527726322144	-1.302208122920729	9.529908722795664	2.4790905019730562	-0.05764390049735161
48200000.0	-5.98968686427404	1.7210621346131565	-1.2992075359760973	9.737742426647873	1.2053891749990957	0.10679405117397464
48400000.0	-4.016322226677567	1.8944664013236068	-1.3053332034064744	9.895453845351557	0.34894681219119134	0.13768274663519395
48600000.0	-2.1041537593682924	1.8877819342900544	-1.299532788219033	9.994827818371988	-0.5229189607353002	0.34930177183662947
48800000.0	-0.15764280026495125	1.6500394641460538	-1.293216527725065	9.872334712338207	-1.5626260634996094	0.009044696858668001
49000000.0	1.853350103756004	1.2209422066998643	-1.2882589173555055	9.733903825171398	-2.365394620795703	0.01171761033375417
49200000.0	3.820368724707122	0.6194201588554766	-1.2852200821166693	9.571774675853908	-3.376063944408208	0.07806877797004846
49400000.0	5.684296763243458	-0.1875246869731062	-1.2820528060268666	9.13604307024397	-4.419062483491956	-0.06374114421073591
49600000.0	7.416731083417978	-1.1677061418107502	-1.2814044975026766	8.645962712338347	-5.116148159708277	0.021797028408573525
49800000.0	9.059089423123394	-2.3452818094884424	-1.2839322996536602	8.124461215535517	-6.226333463184551	-0.09927709689907742
50000000.0	10.687921290756538	-3.652015527067917	-1.293344934256555	7.586077558447799	-6.991000743963612	0.020959750277761875
50200000.0	12.126631439086985	-5.097522565320896	-1.294929960848728	6.908818378509053	-7.720408147026654	0.02818356161374093
50400000.0	13.363737082630735	-6.704656018633126	-1.2879346099293398	6.034551171457998	-8.363654260933343	-0.0003344222169714583
50600000.0	14.464185982508463	-8.469491645665334	-1.2898124724432705	5.176699313799702	-8.949043920375352	0.015936520651846336
50800000.0	15.397202179771124	-10.287997326311178	-1.2911397039336945	4.405204952125253	-9.457732923303288	-0.07349886172278298
51000000.0	16.237094291744118	-12.241156711135485	-1.2946172699538168	3.4122882624605637	-9.795955879298454	0.10496503982334118
51200000.0	16.727037913642725	-14.21900751386902	-1.2870959374978392	2.350419449112095	-10.037284937147223	0.04477980608050925
51400000.0	17.10573260190695	-16.263756330715463	-1.2759684317434912	1.3794109740551284	-10.301183881344981	0.14377687176097317
51600000.0	17.279806907707744	-18.353633616699266	-1.268201004385077	0.19113227235951935	-10.468098613404019	-0.06207480439381598
51800000.0	17.211095046739302	-20.462936008211923	-1.2720503949810542	-0.7540776421974489	-10.522415009787588	0.04503966260449563
52000000.0	16.95929452221214	-22.526406474891413	-1.2734075460969505	-1.7269846461004188	-10.43609463027423	-0.08822651855965329
52200000.0	16.49974858449829	-24.585967667678688	-1.2757294643738295	-3.058130038812487	-10.157336600296452	0.056187377704739146
52400000.0	15.832745988061028	-26.60476029397398	-1.2687658310229404	-3.8617749642094514	-9.862979572855195	-0.029362912448750188
52600000.0	14.958690329420776	-28.56403994521315	-1.2710902799036694	-4.974541988581326	-9.564601233653008	0.021437159092019955
52800000.0	13.951817910843417	-30.403763253287035	-1.2640608423719937	-5.773289507831926	-8.74615950106993	-0.03545357400110095
53000000.0	12.661226429053915	-32.11517575172931	-1.261381976450481	-6.672307123590817	-8.339500870801174	0.10994867523215103
53200000.0	11.215444563553516	-33.70883656215632	-1.2566906839802754	-7.695019159273032	-7.739870795840665	-0.08573675840624197
53400000.0	9.562532088153542	-35.149007361984374	-1.2554216846495097	-8.200022660991365	-6.856415170481017	-0.22950310465762583
53600000.0	7.7972621262340684	-36.424551061567904	-1.2598093589384305	-9.061928279605432	-6.047356155437766	-0.09877419970133672
53800000.0	5.959172216094108	-37.49245147137592	-1.245209426393576	-9.719206941449134	-4.93507874871016	0.024536977808779777
54000000.0	3.92583389691518	-38.394439155049106	-1.239922478715353	-10.141051795347195	-3.9967128682820845	-0.003984889115548075
54200000.0	1.842653227373932	-39.05291315003072	-1.2480070721150462	-10.511326991717768	-2.713618739547132	-0.1352544742512479
54400000.0	-0.34449817102309055	-39.55003871639559	-1.244715262902846	-10.843802143384773	-1.77567960443106	-0.19685634587575682
54600000.0	-2.502354471004953	-39.775153335010906	-1.2410745977316822	-11.00398110274296	-0.542694657110093	0.10325134488874822
54800000.0	-4.73339142083749	-39.76464623242591	-1.228662277224478	-11.152715993477635	0.5038759120229003	0.03323384207045452
55000000.0	-6.940620230264471	-39.578583512231596	-1.2364731351299691	-10.977497833537575	1.4494871942841348	-0.14272405592067655
55200000.0	-9.12522744655907	-39.15464405253421	-1.224568288730754	-10.928050745408024	2.8389612847410812	0.0718992947979754
55400000.0	-11.23346116341419	-38.481645641847244	-1.2263842728660355	-10.725030802833741	3.688236074783841	-0.08170863611703036
55600000.0	-13.337833275954074	-37.60356913955711	-1.2198979646901156	-10.051246006517061	4.989743823216649	-0.22512360659373445
55800000.0	-15.301517307930686	-36.4862722334612	-1.2194467628862906	-9.859294538511357	5.9412180426097025	0.09784057158688018
56000000.0	-17.11572108362065	-35.188793636463686	-1.2194377117427284	-8.958032835049485	6.9514807853854075	-0.18260924028289757
56200000.0	-18.817352974286617	-33.66667790422369	-1.2321103848866164	-8.133700302889865	7.89806211773894	-0.08947614546525351
56400000.0	-20.39233403449117	-31.98249583562328	-1.228786737848676	-7.171324487427629	8.90070982337117	0.030805659279379963
56600000.0	-21.812884752370408	-30.117724974791734	-1.2183626830384229	-6.4029013986546985	9.576387804435416	0.04169253707597342
56800000.0	-22.897915039283543	-28.123298373269954	-1.2114606232431946	-5.296209869925749	10.341927195613547	0.055083796214585985
57000000.0	-23.846212861238534	-26.046029357690557	-1.209098850211658	-4.261937851576812	10.772543189733227	0.01789886038115895
57200000.0	-24.604560960874977	-23.8477027078628	-1.205468310355001	-3.019690794297487	11.182600795066431	-0.09278869790567429
57400000.0	-25.107341112620187	-21.598376677635223	-1.2076210268478782	-1.7868988685956209	11.543559563266786	-0.10619332053140136
57600000.0	-25.43290020370385	-19.256890311642348	-1.2065536093146523	-0.8179236661394742	11.504196302129047	-0.06959023229331783
57800000.0	-25.40810534021009	-16.912794709398458	-1.201635002785685	0.5540394688136836	11.69473973997467	-0.14884352375294324
58000000.0	-25.24058434409755	-14.591950295148262	-1.2218188173243194	1.5332287028484173	11.645413382735935	-0.0904509209689101
58200000.0	-24.87616953639751	-12.293882602060197	-1.2225572791639885	2.9135879971854077	11.499748654207252	0.10694775209416454
58400000.0	-24.231432989618447	-10.048495391877992	-1.2068124834377476	4.157867588833181	11.303251009337748	0.10548670578585652
58600000.0	-23.28959973571243	-7.85765446791012	-1.2082022919944453	5.355752014980614	10.808876751807743	-0.04366919666159378
58800000.0	-22.1207526426479	-5.792143856162383	-1.2060415636318664	6.358142729539545	9.885129254261267	0.013039963866417937
59000000.0	-20.75016265428163	-3.8607373204463844	-1.206442959465579	7.395052412567312	9.101177697446817	-0.06869796663269875
59200000.0	-19.133433972470264	-2.0607529798181217	-1.1937247614225908	8.548914825845095	8.466801216722176	0.0062109348885794205
59400000.0	-17.30845711646773	-0.4628271701137352	-1.1887607907418407	9.434184740800578	7.5467082139014385	-0.134577649904305
59600000.0	-15.353573822351468	0.9334259660949902	-1.1814791137475582	10.25155785621013	6.291332509673547	-0.16770800168610656
59800000.0	-13.230329579578255	2.0835602035496343	-1.1741976138615307	10.85788843679737	5.362245534604176	0.15881646223985765
60000000.0	-11.04100010274541	2.990995352088981	-1.1751784020087022	11.478392161146987	4.259366538661034	-0.028220897411603177
60200000.0	-8.78692069360191	3.6903707629636324	-1.1864680743512996	11.800979583475199	3.1403581040877775	-0.06814262067115537
60400000.0	-6.38514486654418	4.165817496372419	-1.201530691839996	12.109663541544432	1.751698641128676	-0.10288549280939219
60600000.0	-3.9537205058008613	4.403668393786596	-1.197685952627976	12.1055472177894	0.5220705842644758	-0.10184688876078017
60800000.0	-1.4838084158355245	4.354264549608343	-1.2015967402602754	12.268696056611349	-0.8398061420882437	0.15148235881954025
61000000.0	0.9041668527436015	4.07296053529805	-1.205603917168396	12.245627395708055	-2.1031152716007795	-0.007162931329649175
61200000.0	3.267887901529395	3.5440673853826885	-1.2082347552157517	11.914806909542232	-3.5143419050005225	0.04233359540351433
61400000.0	5.650894399599436	2.750682592173407	-1.2008485912132736	11.587396070649453	-4.524236147381832	-0.25652637897343933
61600000.0	7.939186765985361	1.7256664938830126	-1.196213968666099	11.111458117890583	-5.897000453554252	0.02549346906149435
61800000.0	10.105842822936452	0.43901800527965107	-1.190679403130606	10.530794488942195	-6.976075640590039	-0.09639209059822464
62000000.0	12.070202501093668	-1.0850273193748912	-1.1929635717684768	9.329445143210194	-7.995756157266119	-0.023576262533245587
62200000.0	13.818002700771208	-2.813437529709333	-1.194867498399133	8.470040622194237	-9.057726541996171	0.02072512087594012
62400000.0	15.445362382092005	-4.755911459342498	-1.1936303436261055	7.449256421871626	-10.239432518937955	0.0008113035775144462
62600000.0	16.830689976438855	-6.878198168391012	-1.1878319507951587	6.500991172882724	-10.848210394451174	0.03140133078580327
62800000.0	18.009261527508638	-9.125375524759768	-1.1811681938578875	5.170101701741952	-11.66071238161344	0.09823036822317403
63000000.0	18.948056136446784	-11.473155043924598	-1.1782656081703586	3.9050519367052456	-12.076950197537945	0.017018518090462707
63200000.0	19.65451818200229	-13.933446918047126	-1.1887238414572672	2.58533355353416	-12.528024492991861	-0.040055417111900894
63400000.0	20.120459964746207	-16.456210093545344	-1.1938257471726739	1.7747080123584695	-12.817397238835005	0.09591148501604004
63600000.0	20.31388499732452	-19.01724353990041	-1.2010338114147683	0.42926639160233937	-12.810238894752205	-0.10683432983463916
63800000.0	20.266250643416605	-21.607911767728062	-1.217752119508641	-1.0408902465507588	-12.86153631200784	-0.08092758721217747
64000000.0	19.961160293817045	-24.186466665024316	-1.2101210682254255	-2.311733058570059	-12.670230316156065	-0.08152003044384698
64200000.0	19.268665537119535	-26.69893113617119	-1.2242491635126416	-3.600416015889605	-12.521903994185902	-0.07148409134680875
64400000.0	18.43168981870705	-29.16159296006694	-1.2388153194186255	-4.8273848033517925	-12.196637812969515	0.010241293267676867
64600000.0	17.275061370299127	-31.52104378312429	-1.2393125071148088	-6.051174590994839	-11.519539174650705	0.15444099210325657
64800000.0	15.935122761279517	-33.75230599388477	-1.232986075645488	-7.478966821550337	-10.854680665869889	0.14911053484359446
65000000.0	14.35636390490119	-35.82156649901954	-1.2396474922354797	-8.49092324086292	-10.025104686613217	-0.0011670448184100785
65200000.0	12.627079679062707	-37.693070176316475	-1.245674075939451	-9.533731119666104	-8.83504554053945	0.03388511421644617
65400000.0	10.642766779077899	-39.363053094677234	-1.245100992534152	-10.629323373858025	-7.648262939150353	0.014466150914841108
65600000.0	8.436121630037569	-40.733578159084615	-1.238684507743389	-11.288475989039497	-6.438041554292676	-0.0028493243646936293
65800000.0	6.060396224082603	-41.934013771462226	-1.2496880313630672	-11.947969014441151	-5.530468871201824	0.02918470396900409
66000000.0	3.5228838802710176	-42.89828664050733	-1.2451562854622265	-12.507138665632327	-4.140077595246711	-0.019699384197862553
66200000.0	0.947216971418031	-43.58542737328853	-1.2474209460620451	-12.943644981711124	-3.164081944467254	0.0026249544140328545
66400000.0	-1.716785615359976	-44.07388616944934	-1.2427029829982477	-13.312739005737418	-1.7638503840610025	-0.030382206684824654
66600000.0	-4.357252921026207	-44.307075697972486	-1.236480299203217	-13.437755910211605	-0.4022874802500044	-0.06922871762948156
66800000.0	-7.031692779416838	-44.31041046438819	-1.2381011423170227	-13.493494625016366	0.5473621459265754	-0.05954781040580981
67000000.0	-9.71090281517634	-44.047745795447085	-1.235696375434387	-13.410056409690348	1.868255382693502	-0.03777019490554146
67200000.0	-12.406425696967426	-43.523794231128555	-1.2443292728507616	-13.19251243914559	3.164316998242827	0.013255514042646827
67400000.0	-15.013865617874712	-42.755331093923466	-1.240819208265662	-12.859910277887431	4.58282845314699	0.006467363276130195
67600000.0	-17.53866222047634	-41.71878045275606	-1.2389020874430323	-12.413490936006333	5.791558959827518	-0.1060530506540637
67800000.0	-19.882763135977388	-40.46572506325621	-1.2310914428875959	-11.742658937575198	7.129974645980784	0.02366698071619879
68000000.0	-22.167354836780895	-38.93346266352559	-1.2316719194566812	-10.83661502321198	8.119300896357565	0.12819997955965684
68200000.0	-24.221426285505245	-37.15453576565039	-1.2325083965937114	-9.961498373439001	9.443020132622268	-0.028343523929991347
68400000.0	-26.03863654909923	-35.15690509092978	-1.235889705824011	-8.754771495809406	10.403223902182706	-0.12209562511131668
68600000.0	-27.640997518164355	-32.95993130902268	-1.2356857907098178	-7.645320453234318	11.502934933551181	0.0521402576734908
68800000.0	-28.969066135162564	-30.6118068825062	-1.2255626124404269	-6.254369520942424	12.092731810509063	0.04156864867242743
69000000.0	-30.074473620910272	-28.136367940860758	-1.224442450406942	-5.367348441122628	12.682685756443611	-0.047144310397106697
69200000.0	-30.93662460405846	-25.543772371768902	-1.2258928139272665	-4.199871849690055	13.22297478309614	-0.005067937360477398
69400000.0	-31.68250881913685	-22.850426917270546	-1.2255552799406257	-2.8878072692116485	13.7164628442229	-0.05033587888989355
69600000.0	-32.13092642209169	-20.113635630958754	-1.2271745891617005	-1.7657357694233486	14.012622309672338	0.026858312894230574
69800000.0	-32.35467439944276	-17.293242578647643	-1.230022357732598	-0.5799089364081507	13.891258679257811	-0.1617441304970839
70000000.0	-32.28139208886811	-14.475655298123328	-1.2204655887116906	0.7500996139849585	14.037687036820508	0.2779784120309777
70200000.0	-31.975220266938738	-11.652181330863025	-1.2120722706393716	1.7793886036231068	14.022641590067302	-0.1818663394776017
70400000.0	-31.52118720654302	-8.884162906451632	-1.216602631639585	3.0648867890597757	13.868142957977524	0.039644359530028594
70600000.0	-30.75203269380707	-6.1635127225655975	-1.2186301071895562	4.420578881796218	13.664543815970346	-0.0005972324354896879
70800000.0	-29.68627292703046	-3.483917592080916	-1.2072251037472503	5.588268096177844	13.11154924686325	-0.07268461622720793
71000000.0	-28.476581889730518	-0.9148550455152757	-1.2102042167477678	6.842043194852699	12.392582848395135	-0.11874053310130642
71200000.0	-26.98209682312033	1.5170778583507356	-1.199821003125622	8.1989154644128	11.615574118731978	-0.10786807500575706
71400000.0	-25.244823677082085	3.7889857403848692	-1.1938682373370564	9.390961509310877	11.001616958223115	-0.10603123002482422
71600000.0	-23.28450335722975	5.845155891373086	-1.1947634656284394	10.437294224242446	9.709139741907698	-0.01922142438805306
71800000.0	-21.104634320109938	7.67210653603112	-1.192127816240845	11.583823787708372	8.41466956946772	0.011621367905394713
72000000.0	-18.683571376904762	9.27092433126881	-1.2029356803644926	12.25801765094599	7.499449314750864	0.055767545632233705
72200000.0	-16.085312007189582	10.674757972590966	-1.2086349465371735	12.786714172833166	6.367556706432876	0.0010433519412232624
72400000.0	-13.46175767377348	11.822278435904838	-1.2014900875800703	13.39036651278129	5.404658788978586	-0.0776560773542208
72600000.0	-10.747628141277819	12.766955477297216	-1.2000483183888155	13.924925353250966	4.147303645870907	0.08655080648625042
72800000.0	-7.871471499441145	13.481670205144962	-1.2006187280181595	14.085050652573363	2.841655911640036	0.165785909508292
73000000.0	-5.005783371700759	13.94221149461373	-1.205633726657832	14.410650371308698	1.9267809309786659	-0.043924153081812814
73200000.0	-2.0877833781904216	14.1580812360296	-1.18884212082872	14.809186651368394	0.5735950578324015	0.0008855133780046404
73400000.0	0.9289424680621066	14.160728052792916	-1.189728919173369	14.639274278900738	-0.47145979076589734	-0.023999734213390377
73600000.0	3.8672143675219823	13.934697733454332	-1.1763148598265043	14.85776084224203	-1.912530126909924	-0.10571953585536865
73800000.0	6.775256057194313	13.468355037976655	-1.1794233361526074	14.505056169331729	-2.9944599063518065	-0.056989541156827354
74000000.0	9.6896272599772	12.757893897427408	-1.1705100825632764	14.290775748966153	-4.245621355635871	0.03538045800426052
74200000.0	12.52809575392228	11.7854697989874	-1.1754841332997514	13.88329913056454	-5.599228708093143	0.07099431209617968
74400000.0	15.267931843610373	10.55444487515277	-1.177793085504513	13.359487667877389	-6.812672564887965	-0.044956975812642186
74600000.0	17.937108758448943	9.095470752475045	-1.1845734698573347	12.73612058972032	-8.128552093408217	0.04327540773508425
74800000.0	20.354498014792114	7.38708763804646	-1.1930961797669493	11.872685359443338	-9.40959415520911	-0.04012268120638575
75000000.0	22.640952336908924	5.399042372573863	-1.1906961804494274	10.758061203875892	-10.306309934004865	0.05700441203153496
75200000.0	24.71645702968273	3.231459265506788	-1.1953585988094952	9.731380465444312	-11.449665649628123	-0.05130646854937267
75400000.0	26.555073366052785	0.8650046746706078	-1.1938676877330434	8.45067953624318	-12.262234900098091	0.04814922240912603
75600000.0	28.138712644347446	-1.684392834477732	-1.1959921710098371	7.515675365047291	-12.895153400480286	0.13492317880612628
75800000.0	29.592900488816166	-4.333732203777822	-1.2002399410235673	6.3254540039890355	-13.784784065624804	0.0870098778935164
76000000.0	30.76037323389722	-7.109436700853325	-1.189485507117375	5.2752866799095415	-14.21194266596763	0.19813633330577776
76200000.0	31.7387994855168	-9.965731297824348	-1.1838206254703652	4.18142809301118	-14.506643929915546	-0.035167013162923824
76400000.0	32.43446148590888	-12.94934761439295	-1.1878575836197354	2.8209302872467235	-14.883825454064205	-0.17774741797459737
76600000.0	32.87003184476249	-15.961705044984202	-1.1868116149404877	1.8101825774053852	-15.221700712123374	0.16913026700423148
76800000.0	33.10823026422668	-19.009660916888542	-1.1901636331312977	0.7144086966475132	-15.478876991302615	0.16851459529060034
77000000.0	33.11987393724168	-22.08456722106403	-1.1808711967859655	-0.638767538966752	-15.353812375431502	0.03114993737450772
77200000.0	32.87144233395905	-25.167952361077432	-1.192712226669292	-1.6479936702210285	-15.419599961070034	0.03504157112664027
77400000.0	32.41332765068748	-28.244969733612244	-1.1974039003446448	-2.901807381598832	-15.328175415594655	-0.006819846376551697
