200000.0	-2.83867564678514e-05	-1.1172994441617664e-05	5.090639607101637e-05	-3.400702098876213e-11	9.304051543314199e-11	-6.243756926857998e-13
400000.0	6.323911738334502e-05	6.800319850865707e-06	4.135174586717189e-05	7.542585026833938e-11	-4.6207973443706397e-10	2.4349576707194674e-12
600000.0	4.365912057076723e-06	3.412608615295684e-05	1.9438082017035595e-05	2.9402819909750517e-10	8.949932596365832e-12	2.0785755171829563e-12
800000.0	-3.8088375249877895e-05	-0.00016709973763584903	4.693768162587661e-05	-1.6834094287027136e-09	4.243962826566073e-10	-1.461395654235405e-11
1000000.0	-3.621353625570451e-05	0.0002367448764099991	-4.8332136834761706e-05	3.086223923168566e-09	4.119067996971554e-10	2.2630889829552562e-11
1200000.0	0.00019171405194004843	0.00044436837413836764	-9.18084134305841e-06	6.00326550362372e-09	-2.7922702603376024e-09	7.072571439035737e-11
1400000.0	3.849992388247833e-05	-0.0005239193410260277	0.00040938230775711885	-1.0268790077441159e-08	-2.7183582355814693e-10	-3.401017866155077e-11
1600000.0	0.00040505729159262744	5.113861011179295e-06	0.0018746085326843249	3.2018568181518716e-10	-7.888517505232518e-09	-4.673843713961982e-12
1800000.0	0.0003018887794962867	-0.00017323862447171906	-0.0005147231106510009	-3.86178618533095e-09	-4.897954455749009e-09	2.0315550387176517e-12
2000000.0	0.00024634789210258414	-0.00020741682136138657	-0.0015600915861874347	-4.7894221657372845e-09	-2.9258207013822882e-09	8.906622060212326e-12
2200000.0	0.0003282116286340835	-0.00012454762248259216	-0.005753561734536231	-9.49664997964728e-10	-4.652174076662177e-09	1.0218501142602442e-11
2400000.0	0.00032775093873057496	0.00014576250501197526	-0.0038446564049494465	1.22031727445178e-08	-5.555091065037467e-09	6.973720976837051e-11
2600000.0	0.0005135702514242771	0.0002342170519812967	0.0007879238717436792	1.6712440100423004e-08	-2.0634744792634447e-08	2.28482329380091e-10
2800000.0	0.00029558531155462645	-4.022100344928226e-05	-0.0009351817830235386	-5.753982345644097e-09	-6.57404108078218e-10	-7.811980324703016e-11
3000000.0	0.00011586510083557439	-0.00018447447333423998	-0.00873216813306138	-1.7800659405737142e-08	2.8463575837003418e-08	-4.748506816340565e-10
3200000.0	0.00020604184253576323	-0.0001977700052830783	-0.009376476278833075	-1.950526921947878e-08	1.6649966382572194e-08	-4.526184631446334e-10
3400000.0	0.00015588085716098873	-9.081780729613772e-05	-0.011049745348595614	1.6032154519561444e-09	2.881862197413682e-08	5.333376463722989e-12
3600000.0	0.00035596808221336146	-2.462926995257944e-06	-0.007614495566620994	1.6651126713252195e-08	-2.7317180133009736e-08	4.6498615308478147e-10
3800000.0	0.0002969170732852477	-0.00018515102325301626	-0.01441381117844024	-2.5504374815875325e-08	1.5462840466986816e-08	-5.991292319369377e-10
4000000.0	0.0004618624191351072	-0.00017368983568046576	-0.019454000066128244	-1.731761899998857e-08	-2.2603899669777866e-08	-3.6284423192178855e-10
4200000.0	0.0003590703074786051	-6.689550901925345e-05	-0.019370847389832007	3.262498554115178e-08	1.5098960277880473e-08	5.816284701222205e-10
4400000.0	0.000392215026197035	-0.00012176644979135848	-0.021783578570730662	1.0141093412598945e-08	1.7022805529547095e-08	1.317399035216795e-10
4600000.0	0.0005518617493110754	-0.0003664904320357182	-0.023436948837789445	-1.415958490047047e-07	-3.227028046985331e-08	-2.6413864728443212e-09
4800000.0	0.000416368039286802	-0.0002793021805707822	-0.02017282248414308	-7.900705881755174e-08	1.525663240248966e-08	-1.4628665455527007e-09
5000000.0	0.00031289567502391653	-0.00023149239737416154	-0.007376769178911049	-9.676926305264918e-08	-2.478315344129292e-08	-1.8731149603971796e-09
5200000.0	0.00041421285510509915	-0.00018671323092879478	-0.01683856834030977	-2.700000229583929e-08	-3.6375398972030944e-08	-7.302642439201559e-10
5400000.0	0.00048008996895289806	-0.0003734880598584026	-0.02576333419472438	-1.24102197112511e-07	6.22295481261627e-08	-2.054426384903843e-09
5600000.0	0.0005168162618012016	-0.00043589698688785005	-0.03143103135725108	-1.3625305149571867e-07	1.1023080746036539e-07	-2.110058673301431e-09
5800000.0	0.0006336793224269199	-0.0003822857970410092	-0.04081364496083114	-5.9271883243062194e-08	6.410843018072078e-08	-8.700118333533977e-10
6000000.0	0.0005069448578867849	-0.000465938257696845	-0.04009306549721653	-5.318013593694745e-08	2.0148171540251774e-07	-3.948394302810102e-10
6200000.0	0.0004451152326312664	-0.000314488359939446	-0.04142802213195423	1.0558650344365161e-07	1.559365411021371e-07	2.870786848814515e-09
6400000.0	0.000464888754257212	-0.00010667477256993919	-0.04669882035587176	2.859330110621304e-07	3.465750604972414e-08	6.4969496237421125e-09
6600000.0	0.0005921841471185488	6.47736822728585e-05	-0.04742855517236646	3.051398239411196e-07	-1.5073116639560734e-07	7.262310114616151e-09
6800000.0	0.0006665725272588919	-9.207489850348812e-05	-0.049082091535342875	1.9364254422048535e-07	-7.409536576338515e-08	4.762170126219698e-09
7000000.0	0.00041226319061821995	-0.0003560590795024175	-0.049998548713690916	2.5478134807024664e-07	2.3235026049074958e-07	4.329916784544932e-09
7200000.0	0.0007350226506931217	-0.0003341173654235253	-0.045584945804768955	-1.120029727372194e-08	6.296587244289934e-08	3.489402414104824e-10
7400000.0	0.0010452858206528388	-0.00015762722800283414	-0.046602752727127716	-1.397760566265007e-07	-1.8052339372774737e-07	-5.999863644417223e-10
7600000.0	0.0011144562728653876	0.0001503294875876817	-0.04543073073961704	-8.497158557953722e-08	-4.189178164886408e-07	1.7366182702056374e-09
7800000.0	0.0010442211611794193	0.000279399009165815	-0.04147261475386303	-3.996711932322376e-08	-4.888080403060557e-07	2.883314714732093e-09
8000000.0	0.0007689698371732973	2.362991261912399e-07	-0.03554474367092715	-1.737496023178983e-08	-2.2259385046048584e-07	1.6444548915048648e-09
8200000.0	0.0006138497895653837	-0.00046253563935205776	-0.0320246197405333	-9.317426774772601e-08	1.249673197646031e-07	-1.5749089188823469e-09
8400000.0	0.0007338741035234684	-0.00042779347127235414	-0.03794018740628227	-9.372048581608667e-08	7.308596981016715e-08	-1.259843481476798e-09
8600000.0	0.0010102588530991464	-0.0004202764463926521	-0.04312492791066634	-2.088647759478368e-07	1.4806068313539558e-10	-2.5181786324245722e-09
8800000.0	0.0008300344046362248	-0.00020826548694333197	-0.04739747019439239	-4.387042695568863e-10	-9.057807137924743e-08	9.74103077505104e-10
9000000.0	0.0011532677078519822	-0.0004378987828737073	-0.04673351151221002	-2.5471151962205204e-07	-2.091051020371582e-08	-3.104095505741083e-09
9200000.0	0.0014193870525148742	-0.00034200747017467444	-0.053382101163829854	-3.225458639214698e-07	-1.360290363923306e-07	-3.319733161488008e-09
9400000.0	0.0014743263470801634	-0.00036215206234689406	-0.04985211137167705	-3.942156882557101e-07	-1.3156582851276867e-07	-4.310264919427457e-09
9600000.0	0.00083540382831045	-0.0012921331831659802	-0.0463431151673012	-2.3337321446736596e-07	5.156448787208603e-07	-6.428093851113061e-09
9800000.0	0.0003152819182101447	-0.0011006282552704306	-0.046528425944242995	8.976243816161331e-08	4.965439137473584e-07	-1.747786864145964e-09
10000000.0	0.0004394325692519383	-0.0018333798528615865	-0.05076190860016458	-5.263231157881714e-08	8.682340269675599e-07	-6.340797955168894e-09
10200000.0	0.0009996378307084947	-0.0003936791771915332	-0.04845189146617357	-1.5902386322913616e-07	2.4803650672123677e-08	-1.610905263002547e-09
10400000.0	1.9058432950344595e-05	0.00031313456918696575	-0.05085267988860598	4.70408505839568e-07	-2.1001330136296142e-07	9.164241269647543e-09
10600000.0	0.0002377737394749469	0.0003087810450708141	-0.048873852967619286	3.415535794637318e-07	-2.3190597882649604e-07	7.60265092813704e-09
10800000.0	-8.943174936021774e-05	-0.0006328931204666751	-0.05152049117491896	4.118318096041399e-07	2.665815159866822e-07	4.370913215089709e-09
11000000.0	0.0005306447903302629	-0.0023347699750624167	-0.05544419610147605	-4.8599684223706553e-08	1.0059076172866908e-06	-8.466992590825404e-09
11200000.0	9.585768755877578e-05	-0.0018508859136320082	-0.056078585536601805	2.156089490072189e-07	8.229905636061298e-07	-3.2714489895959266e-09
11400000.0	-0.00033288327513018775	-0.00237800506565559	-0.05528922305831775	3.523130955860901e-07	1.1143077339337815e-06	-4.0960856114810145e-09
11600000.0	-0.0006276259635824346	-0.004152179049437238	-0.0528993768384202	2.8932783179753634e-07	1.9562161410639324e-06	-1.3075954066223407e-08
11800000.0	-0.0009274848849483463	-0.0033686781072440755	-0.05649492716983613	5.263403782357247e-07	1.6229065285988312e-06	-6.481831233337582e-09
12000000.0	1.2010805075385713e-05	-0.004074446550501093	-0.05737577360370663	5.997257841601913e-08	1.8423965114414897e-06	-1.540148212164423e-08
12200000.0	0.00157896094753181	-0.005573732415260804	-0.057437657568893886	-7.398595567630203e-07	2.3484487954711213e-06	-3.236743554545549e-08
12400000.0	-0.0027565565460686055	-0.006491678329300039	-0.059928045713535855	1.02762758146544e-06	3.0851060922640684e-06	-1.4916754274424985e-08
12600000.0	-0.002439035148631005	-0.007908944593905681	-0.056141173558266276	7.535569815801275e-07	3.6627084745229494e-06	-2.5350671957751007e-08
12800000.0	-0.003920711206793664	-0.007391886250072867	-0.057685527754759616	1.4085835195459525e-06	3.559540505964826e-06	-1.420388969546304e-08
13000000.0	-0.0030297428895218956	-0.0070267718070817255	-0.05768131440876129	1.0790318982286807e-06	3.3481793521595946e-06	-1.6657803733459963e-08
13200000.0	-0.0033376383107684565	-0.006710628993651751	-0.060041146101517284	1.2409240188179394e-06	3.2343580897588782e-06	-1.2781673010822598e-08
13400000.0	-0.00305839443096805	-0.004994117982351649	-0.06032860465644095	1.2506250378563997e-06	2.5516908089988257e-06	-4.134154819542771e-09
13600000.0	-0.003451902898338717	-0.003556895915958102	-0.06029978964436479	1.4913380641080986e-06	2.0331933778075255e-06	6.170841242919932e-09
13800000.0	-0.0023963497756352946	-0.004618323036474141	-0.0627814200086201	1.055002796581691e-06	2.3482877192259647e-06	-4.697853416526e-09
14000000.0	-0.0028403624412396532	-0.004625782871139225	-0.06034377797310812	1.197451671893859e-06	2.3915889869890886e-06	-3.080577284003063e-09
14200000.0	-0.0019922997903627578	-0.004908883732953599	-0.05941730341766604	8.722295610496006e-07	2.451477706726257e-06	-8.776114810417511e-09
14400000.0	0.001536663838901239	-0.0038866232956496667	-0.0572507354191093	-3.2871964590086393e-07	1.9196080499081977e-06	-1.9438498706131017e-08
14600000.0	0.0036280590233991952	-0.004657793675990915	-0.05946069994004248	-1.071103118543182e-06	2.0637661371493594e-06	-3.271550111794782e-08
14800000.0	0.0029871639134401206	-0.005239352324091419	-0.061007834020207596	-8.708548540158309e-07	2.2801371339250446e-06	-3.2928570493268636e-08
15000000.0	0.005284510451772506	-0.0031106333863587334	-0.06101490587954191	-1.5383634838070256e-06	1.4657276193909313e-06	-3.077825291383738e-08
15200000.0	0.006560689518422541	-0.004635698577371694	-0.06026104251911672	-2.0268432120693282e-06	1.9136276930088423e-06	-4.4549928389276426e-08
15400000.0	0.006966244399295628	-0.007508489169250861	-0.06233589016869418	-2.2629558485116665e-06	2.8006761688506566e-06	-6.120830717408489e-08
15600000.0	0.008289232176288814	-0.0068406209285139	-0.06099623579707589	-2.6633863496887933e-06	2.5483108395052707e-06	-6.305720696335843e-08
15800000.0	0.008347163201841212	-0.005251776127901635	-0.06049774506179514	-2.6239333335395855e-06	2.057007422409144e-06	-5.4974794750373076e-08
16000000.0	0.009457425125178186	-0.0055482111861800375	-0.06092497132447341	-2.972512361045983e-06	2.102306000212607e-06	-6.042018192463873e-08
16200000.0	0.011924733067824997	-0.004446252278643859	-0.06066158589476463	-3.679378335393187e-06	1.6862649688351862e-06	-6.351238971499588e-08
16400000.0	0.014692236728506955	-0.003945276785432739	-0.06042750328058817	-4.484322584795971e-06	1.4471634787854574e-06	-7.054650897934381e-08
16600000.0	0.010928817273381424	-0.006112360775409654	-0.0622922069903613	-3.4472153413134135e-06	2.176742634514882e-06	-6.885077437181431e-08
16800000.0	0.015185892741807375	-0.004592861981846088	-0.06314749036288889	-4.6191825224174065e-06	1.6017172866099962e-06	-7.460457603030772e-08
17000000.0	0.011955721730319575	-0.00875216952267356	-0.061792399882305116	-3.831176594875008e-06	2.8813015687264604e-06	-8.55595478687192e-08
17200000.0	0.014273388779884247	-0.009585179814518681	-0.06038183249334644	-4.502546994727438e-06	3.065082567991305e-06	-9.677144440841431e-08
17400000.0	0.01067239308690893	-0.011674204045577539	-0.061886442330495735	-3.565993694885852e-06	3.711046519897388e-06	-9.630525969870488e-08
17600000.0	0.008931986831751683	-0.00815661770339308	-0.0632587659106349	-3.0057795264597133e-06	2.793926521365275e-06	-7.382118871042538e-08
17800000.0	0.005843857236508553	-0.007121795734862126	-0.06521923141548766	-2.1563981752683088e-06	2.569003505273787e-06	-6.012154667305743e-08
18000000.0	0.007027911817395503	-0.004167483694388248	-0.06692284557817925	-2.396135492807553e-06	1.7504963000676976e-06	-4.8135633823874716e-08
18200000.0	0.010847595460882356	-0.004948570690616678	-0.06388812289397022	-3.401884762074086e-06	1.910866618323577e-06	-6.222683695248105e-08
18400000.0	0.005734663693815685	-0.008293909822728115	-0.06341316179982358	-2.1759960401129925e-06	2.8610434511668193e-06	-6.718795874080418e-08
18600000.0	0.004744224485880955	-0.008825825641152496	-0.06206866824484852	-1.9423349242805264e-06	3.0325718113413787e-06	-6.804243011911834e-08
18800000.0	0.0060027570341385245	-0.00844037001070717	-0.062187169391261746	-2.243593978407172e-06	2.9145593062774757e-06	-6.876756617592388e-08
19000000.0	0.017258064607115813	-0.007711007225005571	-0.062387288017782844	-4.944076701299956e-06	2.545908545816238e-06	-8.716102967985749e-08
19200000.0	0.020217799605003205	-0.010232264280212351	-0.06106962899514933	-5.685201966132101e-06	3.1114673709370495e-06	-1.0591745124180814e-07
19400000.0	0.023635515344744187	-0.016212768148018315	-0.058774656929410356	-6.566932850117134e-06	4.475751229323447e-06	-1.426759761746749e-07
19600000.0	0.02181328383237589	-0.014058505954584757	-0.05951203619601339	-6.121571908297844e-06	4.001079267494997e-06	-1.2866239481643877e-07
19800000.0	0.022641155625057953	-0.00864900876529418	-0.05898872775071469	-6.244909950372914e-06	2.7993394799401195e-06	-1.0346753428641507e-07
20000000.0	0.02357342675017498	-0.009554770510348684	-0.05778663180554852	-6.461043469403382e-06	3.0084234483877935e-06	-1.0979337414330048e-07
20200000.0	0.03200473392684225	-0.013712474699747727	-0.059559994763321425	-8.336483068261046e-06	3.7785110963416e-06	-1.4108549055165459e-07
20400000.0	0.030265988357601893	-0.01306911418825794	-0.059950521269656304	-7.96081526830982e-06	3.6522307288138547e-06	-1.354962378002287e-07
20600000.0	0.026663192433121492	-0.010817997736463978	-0.05855692310516136	-7.186614599665703e-06	3.245534865449295e-06	-1.2078527037999585e-07
20800000.0	0.029769862582026407	-0.009723848196737217	-0.059024403656553266	-7.820453308175535e-06	2.9963726500128723e-06	-1.1863006723264128e-07
21000000.0	0.027794121355993243	-0.004623650010997313	-0.05761571496595234	-7.3918299252085236e-06	2.0324057772949986e-06	-9.285341235840204e-08
21200000.0	0.03000695142053189	-0.003572063651312037	-0.057543423132260144	-7.824341951270217e-06	1.8233720693955131e-06	-8.976047136176498e-08
21400000.0	0.016778318853220498	-0.009125291024298422	-0.05765932185490629	-5.286321918749321e-06	2.896110726851487e-06	-1.0757968130155119e-07
21600000.0	0.01176210664796957	-0.005182687084169912	-0.05823627487051653	-4.33223772229965e-06	2.1675710083884507e-06	-8.574702444809065e-08
21800000.0	0.010913274465202044	-0.008766118496097711	-0.05852411946348833	-4.179154923544572e-06	2.80399898363355e-06	-1.0262749417012617e-07
22000000.0	0.02198098632693595	-0.011146397373490553	-0.05761536142507831	-6.184413305429588e-06	3.2525555570881707e-06	-1.1687202009047957e-07
22200000.0	0.02878307560967557	-0.011735517617120206	-0.05825053654111515	-7.394472252041615e-06	3.3533878179285223e-06	-1.2026905427350566e-07
22400000.0	0.021158859946328386	-0.021244152638600605	-0.05807934714885429	-6.0515959879519225e-06	4.913329127074068e-06	-1.6773349466017595e-07
22600000.0	0.019210722533248292	-0.022854884017432263	-0.05766314247671372	-5.713955283008054e-06	5.176295202817792e-06	-1.7647272350352262e-07
22800000.0	0.022339288863841768	-0.02282771934417587	-0.060007607218840076	-6.24604088233939e-06	5.1342828968846335e-06	-1.743428233169848e-07
23000000.0	0.023107182516069382	-0.019561347602335674	-0.06028524661951883	-6.386358841714671e-06	4.629080877644783e-06	-1.5705375718361855e-07
23200000.0	0.021868222335105363	-0.019552373585387427	-0.060034770945364926	-6.188603756241247e-06	4.6245346774967355e-06	-1.57785200045704e-07
23400000.0	0.024497842049574326	-0.022377413992076916	-0.06068009888690469	-6.581299479892523e-06	5.043192750297293e-06	-1.7091167525930476e-07
23600000.0	0.02866074041041793	-0.018855564135694475	-0.060566545492513335	-7.231445498929624e-06	4.590504441018338e-06	-1.4932869170466274e-07
23800000.0	0.026067497627233576	-0.020031306540954308	-0.05972309771112857	-6.8379034569744776e-06	4.741578147797646e-06	-1.585068450144029e-07
24000000.0	0.022726654796449437	-0.02197443646298597	-0.061063189535600984	-6.35555188481357e-06	4.923103886972996e-06	-1.7145544250631962e-07
24200000.0	0.024605154123863413	-0.02441771783240832	-0.060156353157406445	-6.583856390125904e-06	5.28121987009417e-06	-1.8330212926927675e-07
24400000.0	0.030512943081851072	-0.0210013148233391	-0.061079461893659356	-7.414749775261788e-06	4.933071450059719e-06	-1.558388072862229e-07
24600000.0	0.024865002377082824	-0.020686447215542574	-0.06183385831294264	-6.697274856739624e-06	4.783105777918675e-06	-1.6158993884404567e-07
24800000.0	0.027320205664024287	-0.022875767649092098	-0.06057217782967663	-6.964513831816524e-06	5.104143764672466e-06	-1.7084578706703246e-07
25000000.0	0.028714799801080274	-0.021144536428449573	-0.05854399769142954	-7.1396503662360335e-06	4.996481876571811e-06	-1.5999027106864228e-07
25200000.0	0.027321920320572665	-0.0270447585876452	-0.0577304976876582	-6.885163593724682e-06	5.585393667722592e-06	-1.9729666522078414e-07
25400000.0	0.028913491930730426	-0.024315639990180604	-0.05871334963787736	-7.111863701529798e-06	5.3354914169031355e-06	-1.7741229837568804e-07
25600000.0	0.03241624225911244	-0.023866973745243644	-0.05952785928094042	-7.4946927373564355e-06	5.3631972119025855e-06	-1.6581581011929366e-07
25800000.0	0.03537500936248513	-0.025456754368814345	-0.06009415309930635	-7.766589788963673e-06	5.565082615430443e-06	-1.6732051525375758e-07
26000000.0	0.03744756460700236	-0.024394640827373627	-0.06164109941158623	-7.997625592315813e-06	5.502642590216122e-06	-1.5421532123284434e-07
26200000.0	0.03719300194855494	-0.028399378027026304	-0.06142363567989305	-7.89024864518518e-06	5.797166343873562e-06	-1.7874937380957232e-07
26400000.0	0.03528009195138056	-0.024929484291013323	-0.061352057812613395	-7.804705827312911e-06	5.4981224793483896e-06	-1.6431610943219374e-07
26600000.0	0.032105880120463934	-0.028464760790294613	-0.062124635544338544	-7.4816457125487675e-06	5.5906844554329835e-06	-1.9499989480135812e-07
26800000.0	0.040107194749685805	-0.030972623786494822	-0.06254002299373881	-8.010710235846394e-06	6.021712424314348e-06	-1.8029153476735842e-07
27000000.0	0.04311024785966996	-0.024381994204381682	-0.062089818698259455	-8.376116072005618e-06	5.8144953393225604e-06	-1.29872677476704e-07
27200000.0	0.040032208234037976	-0.027248304066729633	-0.0623725325311205	-8.113252397511526e-06	5.808059519547092e-06	-1.5887655468659106e-07
27400000.0	0.0456648080284862	-0.03345141468653232	-0.06253986469016809	-8.252599127798661e-06	6.294299366890209e-06	-1.7052006374558605e-07
27600000.0	0.044214098212711626	-0.026489213710004223	-0.062196069501472113	-8.382610635186957e-06	6.008261900858794e-06	-1.3648156711468787e-07
27800000.0	0.04209864719919733	-0.021424034237578566	-0.06166701823638369	-8.442057378077954e-06	5.781069797727302e-06	-1.1820728891802079e-07
28000000.0	0.04222749422748317	-0.018381385726724618	-0.06151968176921558	-8.543609980630885e-06	5.730647887857627e-06	-1.0008386833280913e-07
28200000.0	0.039412082378592034	-0.017685911445009538	-0.06187072610384602	-8.487246873830362e-06	5.555978201180334e-06	-1.1157105018757895e-07
28400000.0	0.04026649008678961	-0.019829386013418236	-0.061178909198518164	-8.421834421202807e-06	5.637433592984735e-06	-1.1918951762282247e-07
28600000.0	0.04510889308865543	-0.02295692536450288	-0.06220128140108557	-8.398383327957484e-06	5.921276707099147e-06	-1.0395607412194922e-07
28800000.0	0.047383308949604096	-0.023626389111998877	-0.05959210215497492	-8.359642358524024e-06	6.126716130585535e-06	-9.481902032681626e-08
29000000.0	0.045197532698396145	-0.023389718621368648	-0.0604024231374534	-8.374649091242172e-06	5.958022318091487e-06	-1.0872073367081338e-07
29200000.0	0.04441683164117773	-0.02829382067205521	-0.06021142689995919	-8.170000205059026e-06	5.805478551290282e-06	-1.428499553988259e-07
29400000.0	0.041956886973422494	-0.03240429231124174	-0.06212383486717891	-8.047203477899348e-06	5.461772505391435e-06	-1.8430899006166154e-07
29600000.0	0.04230852845846938	-0.03366866765269195	-0.0637594145230565	-8.006550476224375e-06	5.413369662373001e-06	-1.8639532791180785e-07
29800000.0	0.0423232324931646	-0.030158759205600204	-0.06314619581935098	-8.158709387121201e-06	5.5701025356985665e-06	-1.665629523013083e-07
30000000.0	0.041977096178543484	-0.03208231386182712	-0.06203327147580391	-8.063102821096258e-06	5.470673905211781e-06	-1.8254093474046897e-07
30200000.0	0.04429343012638265	-0.03454647772157709	-0.06374646745507935	-7.871462401148853e-06	5.5168572732946014e-06	-1.71341562681394e-07
30400000.0	0.046359437462898764	-0.04380448857897322	-0.06446199388316944	-7.314618217598895e-06	5.1313249595335095e-06	-2.0377339961372188e-07
30600000.0	0.045405666462022785	-0.04475096557068002	-0.06495914049021526	-7.3266422470171295e-06	4.960856675336926e-06	-2.1919719189449073e-07
30800000.0	0.047430828344330614	-0.04401059967686663	-0.06479510766361748	-7.233194157336521e-06	5.2273819422199965e-06	-1.9223907417499424e-07
31000000.0	0.04445709768311118	-0.042116133922720574	-0.06506046034758323	-7.556047698978165e-06	5.060188056522558e-06	-2.1522919576551857e-07
31200000.0	0.04837050893340449	-0.040866613777435036	-0.06297493420811658	-7.281091083355797e-06	5.641261828199794e-06	-1.6310780140756435e-07
31400000.0	0.04690471004940024	-0.038428166278441984	-0.06448070055005131	-7.57496727723042e-06	5.679765680341123e-06	-1.6497207164662828e-07
31600000.0	0.04818586973080481	-0.0357921220760002	-0.06400978804908491	-7.600409992895151e-06	6.1140617339400825e-06	-1.3256116390140577e-07
31800000.0	0.05070712254201642	-0.03599917393149869	-0.06361685016504258	-7.314612889876496e-06	6.411509465624037e-06	-9.949072823286939e-08
32000000.0	0.049739446818329244	-0.03439450129192165	-0.06434587489570967	-7.538184135255671e-06	6.459160601199922e-06	-1.031950398363684e-07
32200000.0	0.051309474753585035	-0.03484663689517093	-0.06249801419014483	-7.285422388992732e-06	6.647800197658792e-06	-8.435992343628718e-08
32400000.0	0.04797520476278342	-0.03454879962540353	-0.06367085279276813	-7.766135644770743e-06	6.193805830511592e-06	-1.3422445570986497e-07
32600000.0	0.04594233208656134	-0.033970147986566106	-0.06391551303998788	-8.098945909048223e-06	5.965875469950395e-06	-1.6494546132543342e-07
32800000.0	0.04890797953977842	-0.03225239315327933	-0.06495699562535641	-7.787460830692164e-06	6.660461637128047e-06	-1.0034777597519188e-07
33000000.0	0.04977093833907968	-0.03427736598779042	-0.06470101136002888	-7.496155043734273e-06	6.501861558630191e-06	-9.581520103429188e-08
33200000.0	0.05006516987706583	-0.03410452801303292	-0.06187757301931329	-7.414436913499018e-06	6.6188332349074324e-06	-9.351701778352447e-08
33400000.0	0.05024477456144967	-0.03220515126590659	-0.06257934297534629	-7.5391736799588655e-06	6.948964919294992e-06	-7.839647268994367e-08
33600000.0	0.0518457704511416	-0.03171205123353159	-0.06133626295509974	-7.252247316526568e-06	7.34831238268289e-06	-4.27380705538724e-08
33800000.0	0.053422846498990456	-0.030829370234432513	-0.06009188600123087	-6.986118971479543e-06	7.825331077537258e-06	-4.217136417791405e-09
34000000.0	0.05053642765774995	-0.030592723144896753	-0.06028926641625692	-7.620359046819937e-06	7.269395295568723e-06	-7.301626096816865e-08
34200000.0	0.05019302825813593	-0.030169344528412113	-0.06148505389539159	-7.750868315114972e-06	7.259432808428886e-06	-7.762543271272439e-08
34400000.0	0.05132782930077358	-0.03199795314246043	-0.060541285920598854	-7.306107235306602e-06	7.184742227054499e-06	-5.619076573863335e-08
34600000.0	0.0526535169232664	-0.03461613398387436	-0.061299441034692675	-6.7525187220221525e-06	6.982523893266093e-06	-2.7944666639952843e-08
34800000.0	0.0512505921629988	-0.03509941475822035	-0.06228092407763721	-7.080659566865204e-06	6.5292668393991965e-06	-6.960829533516226e-08
35000000.0	0.050509988567629845	-0.03386987333303562	-0.06109056996065716	-7.3779043623359295e-06	6.6018348234634726e-06	-9.025610359030286e-08
35200000.0	0.04971754795781365	-0.034438599937623125	-0.060859884822365914	-7.5390032785276215e-06	6.271280560407713e-06	-1.1868277738094317e-07
35400000.0	0.050634517357369534	-0.0367149471623215	-0.05982903216630475	-7.025363931040855e-06	6.050462965955292e-06	-9.716544294412847e-08
35600000.0	0.05139603686515365	-0.03877303033766531	-0.06089866272743913	-6.596181365682463e-06	5.816199414946209e-06	-7.39297988946473e-08
35800000.0	0.050632302904732314	-0.037464193396841976	-0.06088402088822999	-6.97491541717466e-06	5.8769350641671625e-06	-9.851450750276035e-08
36000000.0	0.050837677913201755	-0.03774199336158305	-0.06169594936899133	-6.8883455961839895e-06	5.8723723118844785e-06	-8.952648660938179e-08
36200000.0	0.051228053747647516	-0.0350243722755497	-0.06044147701214709	-7.0378800089845245e-06	6.637657598134352e-06	-6.997610631095099e-08
36400000.0	0.05194032474835716	-0.038803314453303595	-0.060951293421486544	-6.360611285335626e-06	5.988038390431831e-06	-4.663297421775382e-08
36600000.0	0.05161524423639804	-0.0402011328047771	-0.06229434780017556	-6.335079262973848e-06	5.527092164656552e-06	-6.086432549333372e-08
36800000.0	0.051073453605135856	-0.03753500989985716	-0.06217570540450253	-6.858641105266806e-06	5.9700693441926725e-06	-8.270968655433927e-08
37000000.0	0.05266135909778742	-0.03958768110048458	-0.06103819318280812	-5.9599454522636335e-06	6.090297924700848e-06	-9.869587386147794e-09
37200000.0	0.05328977766516868	-0.03955779596635846	-0.06005343881157618	-5.68973016080625e-06	6.357438179356022e-06	2.0078350737712084e-08
37400000.0	0.05286948741348386	-0.03767988142208256	-0.06072530064728802	-6.1195374476642505e-06	6.645774432467187e-06	-5.587554880145748e-10
37600000.0	0.051753940861372846	-0.03784479979066253	-0.061705891166302464	-6.599931798035541e-06	6.114215086048766e-06	-5.978216222865839e-08
37800000.0	0.05296141391915127	-0.03886942952699875	-0.06214319002556515	-5.915466207891652e-06	6.397950053137822e-06	1.1776748420877171e-08
38000000.0	0.05470743410814199	-0.042702179749057725	-0.06317917568952235	-4.568822562094968e-06	6.244691333517843e-06	1.2587290856719276e-07
38200000.0	0.054964412800268224	-0.04109280589430691	-0.06309520797893448	-4.671513279995123e-06	6.7826483946588655e-06	1.3863311873006625e-07
38400000.0	0.05529306350829907	-0.04255650235365432	-0.06296997467369983	-4.284715218761832e-06	6.576256115250081e-06	1.6422874963016027e-07
38600000.0	0.05663449702126808	-0.04324174595914687	-0.0635554176714192	-3.490046546012322e-06	7.095452862301124e-06	2.5810507011932877e-07
38800000.0	0.057275646819275286	-0.04442676736443901	-0.0636991966245141	-2.9564758374416945e-06	7.144363902775313e-06	3.0940008071985373e-07
39000000.0	0.057387059068325946	-0.04130042171713752	-0.06275792294692202	-3.3893346068295183e-06	7.998453246988915e-06	2.981158412581496e-07
39200000.0	0.05719096956360263	-0.041417232937493574	-0.06370627022102812	-3.4894165219190986e-06	7.858239104599935e-06	2.8718073927217206e-07
39400000.0	0.05707832627476987	-0.04058508811964518	-0.0619170165375762	-3.6727225475413944e-06	8.002576594076002e-06	2.6817767349010855e-07
39600000.0	0.05773891860967029	-0.044336603542122564	-0.060952190212635635	-2.5766246215863953e-06	7.5084850400791156e-06	3.541521326723987e-07
39800000.0	0.056768051480127285	-0.04318383798210779	-0.05993821435145911	-3.3817832743288005e-06	7.1724379460390825e-06	2.594493490876668e-07
40000000.0	0.057118926449383364	-0.04383531828457981	-0.060242677255107936	-3.0285906981713425e-06	7.255068501986544e-06	2.990511511748572e-07
40200000.0	0.05699601856234329	-0.043863873179163744	-0.06023777293238791	-3.1008837874425247e-06	7.167467933010102e-06	2.8880612072560157e-07
40400000.0	0.055574654130796486	-0.04536662860010554	-0.060243960092235004	-3.7615562003987747e-06	5.852366387429084e-06	1.795024441833523e-07
40600000.0	0.055712720583495294	-0.045767683443023816	-0.06066398105601016	-3.5800741035020136e-06	5.868082921686288e-06	2.0092325795202484e-07
40800000.0	0.05413254969590342	-0.04742924385489848	-0.060918017744527965	-4.379368382312554e-06	4.323418466057209e-06	6.877274355448738e-08
41000000.0	0.05499337494239807	-0.04694397989194268	-0.06183715984338127	-3.847019802306275e-06	5.086586969162686e-06	1.5265757582386515e-07
41200000.0	0.05538376949142264	-0.04857971155831194	-0.06074115007360496	-3.1423154122479816e-06	5.08379681427496e-06	2.281431074162196e-07
41400000.0	0.05554902756370615	-0.04877843741616637	-0.05952639047883287	-2.941720555182333e-06	5.188521308343031e-06	2.494959342597283e-07
41600000.0	0.05602415597922095	-0.0493733532871943	-0.0591885684732902	-2.3900828715644416e-06	5.489616844614214e-06	3.205556893178037e-07
41800000.0	0.055560364445805636	-0.048889836886620026	-0.05964682173969467	-2.9165657867248496e-06	5.15860740572038e-06	2.507444065743389e-07
42000000.0	0.05541489807379836	-0.04787588841374031	-0.06035790453544573	-3.3181078823389907e-06	5.195960296001535e-06	2.0544120928841364e-07
42200000.0	0.05546562922532393	-0.049323944567634975	-0.06110488519492802	-2.878067686417097e-06	5.024041778831299e-06	2.5902124514239975e-07
42400000.0	0.05544962581455007	-0.05054815402576717	-0.060200034525145885	-2.530306228350313e-06	4.8368896060930525e-06	2.95656826777634e-07
42600000.0	0.05564412856598561	-0.05108381708597208	-0.06036083387533819	-2.177593406575498e-06	4.969915743165414e-06	3.448349241180476e-07
42800000.0	0.055191976221208944	-0.05173992247585019	-0.05945850742779837	-2.4202119761188184e-06	4.421753149105978e-06	2.9892136207566217e-07
43000000.0	0.05550675408593627	-0.052105869146999044	-0.05790706179876384	-1.944913159055248e-06	4.744110276551744e-06	3.638122686292434e-07
43200000.0	0.054340142026026335	-0.05420525226711798	-0.05790539962744905	-2.5319952256843167e-06	3.206912381520136e-06	2.5553456061716285e-07
43400000.0	0.05363402233536528	-0.05496029743287424	-0.05902796772471964	-3.079302361310048e-06	2.321372130067006e-06	1.6904566496773704e-07
43600000.0	0.054796698501792966	-0.0537420284650724	-0.05955638969944381	-2.1331171000064922e-06	3.855772834329102e-06	3.310891716292231e-07
43800000.0	0.055974806521168645	-0.05224254302385077	-0.059539876551807265	-1.2348409996326868e-06	5.449885582299563e-06	4.851251298999757e-07
44000000.0	0.055509646920850066	-0.05311283518189668	-0.058289152767418646	-1.4617153692063813e-06	4.829824329501534e-06	4.400027088374204e-07
44200000.0	0.05495107171142919	-0.05167267293613688	-0.05695583648448934	-2.7930627848556575e-06	4.017444273210105e-06	2.1974641769556285e-07
44400000.0	0.054851457405671614	-0.051238424806127385	-0.058888126893794294	-3.1409245354920034e-06	3.847749708043947e-06	1.6974725236305265e-07
44600000.0	0.05451942804031148	-0.051589040703083365	-0.05996343842023144	-3.4718167725994925e-06	3.3615837088573116e-06	1.1711636832335558e-07
44800000.0	0.054804216673649965	-0.0499438116316844	-0.06120959339419172	-3.847336851973277e-06	3.6500834614624673e-06	5.819178833682332e-08
45000000.0	0.054802152237247666	-0.050095812307889405	-0.06141078301313383	-3.7698446387102755e-06	3.6713499292522507e-06	7.250402760585468e-08
45200000.0	0.055567195751683736	-0.04913391902490252	-0.06069029437157197	-2.973207023474039e-06	4.900295550415663e-06	2.1005635383105727e-07
45400000.0	0.055367799676082324	-0.049497278005750475	-0.061026435480633336	-3.1287055891327835e-06	4.586628547334839e-06	1.835153530586725e-07
45600000.0	0.05549499591833333	-0.04871094976459705	-0.06094608985861786	-3.3866046794945068e-06	4.611763423169888e-06	1.321664128759519e-07
45800000.0	0.05635756015087746	-0.046276640797199356	-0.0605366105031421	-3.27917471987599e-06	5.6535400252288005e-06	1.3675882895200635e-07
46000000.0	0.056440535029332856	-0.044901123502033444	-0.06187686618161594	-4.225764722761356e-06	5.126403771683473e-06	-5.2616525636230956e-08
46200000.0	0.05630134139705383	-0.04465955967523328	-0.06132991196065646	-4.819002844647312e-06	4.550063080131151e-06	-1.7444107064553658e-07
46400000.0	0.0562715890407891	-0.04493148233741381	-0.06293183053321981	-4.64895434142532e-06	4.647685130068652e-06	-1.3235418400764945e-07
46600000.0	0.05652578991253705	-0.044263576290812616	-0.062477220068285544	-4.577570543632689e-06	4.960828075581712e-06	-1.2750290084980559e-07
46800000.0	0.05634414413189293	-0.044461490098537296	-0.06073153841995239	-5.023390906975379e-06	4.3756173061057e-06	-2.2555649614981965e-07
47000000.0	0.055821533115683095	-0.0457445539006963	-0.059992363147820846	-5.231689348893598e-06	3.7143356611266084e-06	-2.513413679579807e-07
47200000.0	0.056825757693038347	-0.04328440463070093	-0.05941310641211962	-4.653617687726313e-06	5.1821757926087655e-06	-1.6977833498551e-07
47400000.0	0.0568925434956025	-0.043131951227251275	-0.060139335046605256	-4.611330583862072e-06	5.279592205277889e-06	-1.6153927850549542e-07
47600000.0	0.058156600505342264	-0.040001382036478655	-0.05913843510273479	-4.404534706976286e-06	6.448215121880377e-06	-1.9246707309502217e-07
47800000.0	0.05762043293458204	-0.041319592726378654	-0.05915754368754289	-4.496872377788128e-06	5.957262012337456e-06	-1.8035626974867125e-07
48000000.0	0.058809567760724685	-0.03843996131099628	-0.058686983397243445	-4.158713175534682e-06	7.157598771548114e-06	-1.8282171961088663e-07
48200000.0	0.059020338285911904	-0.03778699292648977	-0.059215197415958806	-3.406072583565236e-06	8.24232784161842e-06	-1.2640685553990659e-08
48400000.0	0.058456542732754045	-0.0393963974477458	-0.060418091437236386	-4.205632436521872e-06	6.832098424072365e-06	-1.6466133896857172e-07
48600000.0	0.057301802539604076	-0.04201371658444588	-0.06150267840089796	-4.455312623993686e-06	5.906467525315469e-06	-1.2704526546261604e-07
48800000.0	0.057963192451072516	-0.040528721596250476	-0.06136158744420384	-4.230553339371814e-06	6.509029036154368e-06	-1.3039680194637916e-07
49000000.0	0.058604084931637	-0.03889073303285802	-0.06218260534847256	-3.737488039792399e-06	7.482462609210085e-06	-6.305236576571903e-08
49200000.0	0.05874701644869706	-0.03890816591311908	-0.06091257448374186	-4.080998962952575e-06	7.0209299924199415e-06	-1.691685159080588e-07
49400000.0	0.05802022328770956	-0.040021272564972336	-0.06271555201249804	-3.811412408064758e-06	7.1878119778747646e-06	-2.1307667128507873e-08
49600000.0	0.05836206627706361	-0.039058007915546096	-0.06208306091159514	-3.4723915636105185e-06	7.80596655591674e-06	2.7823997862666992e-08
49800000.0	0.05725185713206351	-0.04095201347264418	-0.062088480846682344	-3.4838473972534453e-06	7.542064416005428e-06	1.471559829932611e-07
50000000.0	0.05713402554121875	-0.040869402766353084	-0.062093860433739594	-3.2475897563435622e-06	7.886742272003804e-06	2.214645568780939e-07
50200000.0	0.05688939995895499	-0.041613210337692476	-0.061545719235791496	-3.5249700644135723e-06	7.4064522226370686e-06	1.7638631179291185e-07
50400000.0	0.05709904917006815	-0.04148865791059451	-0.06253769449051212	-3.6486195379630342e-06	7.214110840092159e-06	1.2048455706699352e-07
50600000.0	0.056874937667590095	-0.042275689150530975	-0.06282366536276547	-3.975177387674816e-06	6.667671018685628e-06	6.372402505653866e-08
50800000.0	0.05505227598728071	-0.045127211218551816	-0.06287281893285229	-4.2330652708524995e-06	6.187826362808977e-06	2.309787008651801e-07
51000000.0	0.0548002175970711	-0.04613793929161416	-0.06208137659355741	-4.661527775596746e-06	5.484519033001804e-06	1.5103155956360944e-07
51200000.0	0.0561674055464373	-0.042983574548488994	-0.0615927526798118	-3.769070605181743e-06	6.9209106930590024e-06	1.9773141597051323e-07
51400000.0	0.05613334121922564	-0.04308671213748587	-0.06265391958604233	-3.7982974045364095e-06	6.861020977320394e-06	1.9705068846555812e-07
51600000.0	0.05608074714808263	-0.04224654396768408	-0.0634246261473495	-3.3040862541538023e-06	7.691058992669902e-06	3.343026937134574e-07
51800000.0	0.057442215475509636	-0.03970637465490528	-0.06427033373349482	-2.6905090767463616e-06	8.53565887637932e-06	2.975218581954966e-07
52000000.0	0.056344112772864434	-0.04164650919753104	-0.06353608992678998	-3.1462372338474013e-06	7.945103208118507e-06	3.406524131013124e-07
52200000.0	0.05636013672347106	-0.042167123462489776	-0.06509306675965693	-3.4009938131778363e-06	7.486218918990864e-06	2.755257627843575e-07
52400000.0	0.056575269579396785	-0.04013413859028237	-0.06438180658241872	-2.494366915466523e-06	8.966676856275687e-06	4.7364009940647866e-07
52600000.0	0.05762623925217534	-0.03837070799166589	-0.06415360385088845	-2.0514746824344208e-06	9.461516628375046e-06	4.210423883100018e-07
52800000.0	0.05745359934071558	-0.04017191313520851	-0.06320902655408026	-2.825135479028378e-06	8.208483391168087e-06	2.504469381799807e-07
53000000.0	0.05738013080393915	-0.040113693306199905	-0.0625457528259236	-2.781547039199656e-06	8.310024271696344e-06	2.717951140485312e-07
53200000.0	0.05612899919262046	-0.04286631637738028	-0.061671631233072975	-3.670372607271984e-06	7.228432091292671e-06	2.537757800323143e-07
53400000.0	0.0562799913665678	-0.04292965196335195	-0.06413642894788901	-3.7126461593663927e-06	7.061130183021303e-06	2.2175343185583382e-07
53600000.0	0.055974578183606384	-0.043333810016181244	-0.06397745852382711	-3.824851471321357e-06	6.987628144264287e-06	2.4548455039585565e-07
53800000.0	0.05731921897925298	-0.041735656520865874	-0.06507737547736314	-3.3815546730393648e-06	7.174754416757789e-06	1.2362926925085108e-07
54000000.0	0.05622960643311012	-0.04434233863992231	-0.06370755866632846	-4.289037835948988e-06	6.144917816761065e-06	9.191943935258715e-08
54200000.0	0.054403143690095135	-0.045049680438578	-0.06216563878684138	-4.368013219223618e-06	6.82221013360831e-06	3.952548673524197e-07
54400000.0	0.05317113954383154	-0.046826632787446865	-0.062449368317529154	-4.949961428404684e-06	6.4239191963556685e-06	4.783739378690595e-07
54600000.0	0.05435806462428066	-0.04637296673749835	-0.05929186088244584	-4.880773305576786e-06	6.03756315295472e-06	2.74566994715537e-07
54800000.0	0.05557795263753314	-0.0450877757280355	-0.05893688823304735	-4.456921784086783e-06	6.133286291823611e-06	1.4794909849551635e-07
55000000.0	0.05542282251056937	-0.04411004935730751	-0.057972749419725585	-4.105157374456332e-06	6.797379519287717e-06	2.56112399072982e-07
55200000.0	0.055916222931517205	-0.0439000325556545	-0.05758558148346243	-4.0331426945597715e-06	6.66036398335459e-06	1.7899066584399402e-07
55400000.0	0.057679700013443164	-0.04254622634289708	-0.05754395224896595	-3.5149565123164494e-06	6.526310743019264e-06	-4.154801797371401e-08
55600000.0	0.0578350794489836	-0.041969192715700286	-0.057816166919683505	-3.303107619124603e-06	6.763149648422599e-06	-2.4530535986982415e-08
55800000.0	0.05632385933200972	-0.04228854978373907	-0.05789573866259858	-3.507981755617232e-06	7.305977228257746e-06	2.238564222443919e-07
56000000.0	0.05733320013584492	-0.04105094829753696	-0.05900185711308252	-2.9923756365572728e-06	7.478611457813283e-06	1.3840349416518544e-07
56200000.0	0.0584545770439733	-0.041596088790334156	-0.05852956273374885	-3.072796793842255e-06	6.696407251408246e-06	-9.96121785136337e-08
56400000.0	0.05707509255784553	-0.044619720265327026	-0.059898760758756775	-4.2438456758239205e-06	5.765636570298244e-06	-6.713233286979934e-08
56600000.0	0.058165450904314485	-0.04502545179825723	-0.06034938588073672	-4.237314513045324e-06	5.095994576275603e-06	-2.8545353746202404e-07
56800000.0	0.0575794789606408	-0.04426891892295687	-0.05929955369839605	-4.083899792341496e-06	5.71008039090184e-06	-1.3834129301934069e-07
57000000.0	0.057204237990093255	-0.04508827977314929	-0.05935801597130776	-4.415026674491728e-06	5.475788492916967e-06	-1.2727243881401264e-07
57200000.0	0.05671598102629036	-0.04528975447175817	-0.058585609240893184	-4.575697240054173e-06	5.582219484242298e-06	-5.8950091358341836e-08
57400000.0	0.056244254281661826	-0.0461008773620108	-0.05808461441888324	-4.935958774917256e-06	5.405389249983312e-06	-3.054418821798186e-08
57600000.0	0.05502527538458257	-0.04564080755060159	-0.05985788956577754	-5.030842712906441e-06	6.0445715833309185e-06	2.0615880483766565e-07
57800000.0	0.054697969517151876	-0.04702559852998715	-0.057693605546241866	-5.569479174831775e-06	5.5985373990488066e-06	1.7407463105373547e-07
58000000.0	0.055293311456509786	-0.0468882227439592	-0.05978713066651152	-5.362344114848921e-06	5.415527682030678e-06	8.850559625718102e-08
58200000.0	0.056456905720354715	-0.046641046928014664	-0.05889099092626311	-4.996315114992107e-06	5.1101266276569415e-06	-9.443590890496582e-08
58400000.0	0.056423738440433184	-0.04567079566077187	-0.05865459703077457	-4.708654692184871e-06	5.506174452809264e-06	-3.8238944208943604e-08
58600000.0	0.055262091704025934	-0.04583327586623694	-0.058686659449113256	-5.092922726284929e-06	5.84260648394883e-06	1.4566262558487709e-07
58800000.0	0.055292563820112176	-0.047122571004710956	-0.058721946317682176	-5.47605653050626e-06	5.350621955987534e-06	7.921746137147072e-08
59000000.0	0.0561172254502746	-0.0467301810979068	-0.05859954963650387	-5.101208825408938e-06	5.2192167127996055e-06	-4.081865876402023e-08
59200000.0	0.056895772800882066	-0.045936015012885946	-0.05763356221881696	-4.619661465723134e-06	5.2559808676409705e-06	-1.370215056494146e-07
59400000.0	0.057109831811432483	-0.04519288166710945	-0.05817679014304268	-4.321761142899955e-06	5.435373332409965e-06	-1.397176656851103e-07
59600000.0	0.057189224728282924	-0.044185984999830626	-0.05861552288476156	-3.994319976800387e-06	5.74106092334367e-06	-1.0973477107072798e-07
59800000.0	0.05745552190038383	-0.043272162307830944	-0.05947398181428684	-3.621745995041663e-06	5.941036146806342e-06	-1.1669991065379695e-07
60000000.0	0.05744041767807968	-0.042269853700811794	-0.06052251229254633	-3.3269394113687264e-06	6.247345969592914e-06	-7.454139360832853e-08
60200000.0	0.05852743675343912	-0.03862311765650939	-0.06253639651718944	-1.832619910290719e-06	6.993845755881071e-06	-1.208390172473035e-07
60400000.0	0.05816791119911644	-0.03887590247111363	-0.06313777354001517	-2.0449768597129632e-06	7.019614077712881e-06	-6.799640465850058e-08
60600000.0	0.05832494660968449	-0.039045436476241875	-0.0631780110266214	-2.027784016135202e-06	6.918765371898081e-06	-1.00265913811904e-07
60800000.0	0.05911466729483659	-0.03968982781386003	-0.06316529976661792	-1.8678912572398504e-06	6.491371592322055e-06	-2.5690263554457745e-07
61000000.0	0.059087996973758834	-0.039711095952947924	-0.06476736991009203	-1.8677839227561413e-06	6.466380587553376e-06	-2.50033721449178e-07
61200000.0	0.0598431983520653	-0.039923145646996255	-0.06302866150962881	-1.6035298077654946e-06	6.203729650030226e-06	-3.8919513428469296e-07
61400000.0	0.060345295194796755	-0.040573666241155874	-0.06404388821264306	-1.5353923717701697e-06	5.865461045759726e-06	-4.926875908169046e-07
61600000.0	0.060350910301030236	-0.04116878092132523	-0.06363907004830925	-1.6991504548718913e-06	5.722108503508497e-06	-5.089258969542627e-07
61800000.0	0.059387730658520106	-0.04299432812534828	-0.06313605413650498	-2.6662970012015225e-06	5.59264315925965e-06	-3.8184982981438704e-07
62000000.0	0.059397771762538173	-0.04246053588320696	-0.06300746701083904	-2.5204134706803877e-06	5.71179614322613e-06	-3.7268515971349984e-07
62200000.0	0.0598202434953652	-0.04231486717903469	-0.0620819869900264	-2.27814358949068e-06	5.62794766452933e-06	-4.4681043148678834e-07
62400000.0	0.060382417652602556	-0.042069032095593616	-0.06258021896433466	-1.915770235766642e-06	5.49504200832984e-06	-5.433238884356211e-07
62600000.0	0.06082825490188085	-0.041998164703136213	-0.06135665302295873	-1.6736469761753317e-06	5.390748492868527e-06	-6.265230341117688e-07
62800000.0	0.05983621863215341	-0.04079709553744808	-0.06184547380606265	-1.8907846460552593e-06	5.923707481907779e-06	-4.296549883715025e-07
63000000.0	0.05942730938260114	-0.040212649104140546	-0.06369123613517629	-1.944726289720781e-06	6.124608593185237e-06	-3.45036127730354e-07
63200000.0	0.059140109952231866	-0.03907356844972419	-0.06273889601976293	-1.8318851096000624e-06	6.435460728894395e-06	-2.801199383931734e-07
63400000.0	0.059401453539537914	-0.04005838399831246	-0.06351891834290196	-1.922376528862304e-06	6.167299699209967e-06	-3.3575071100657394e-07
63600000.0	0.05905522422792964	-0.03922216602907159	-0.06186002222549316	-1.9361210257711806e-06	6.446470865882685e-06	-2.6703528676662134e-07
63800000.0	0.05847192097392572	-0.039012956147544325	-0.06392793117081584	-2.2099786404349582e-06	6.6274501573147405e-06	-1.492058550591833e-07
64000000.0	0.05823978900059287	-0.038942060013636405	-0.063663838341086	-2.3359641754801283e-06	6.719452087724468e-06	-1.0412961640077049e-07
64200000.0	0.05867211878668402	-0.03898969213814954	-0.0645949996875257	-2.072579314579564e-06	6.54587391084716e-06	-1.8948027332646686e-07
64400000.0	0.05886410191662922	-0.040091060246092866	-0.06355678384496798	-2.2220872121562383e-06	6.3582518388123806e-06	-2.2845552743857158e-07
64600000.0	0.05951093265837582	-0.03952055482090722	-0.06340538136755706	-1.6837223403728957e-06	6.204425072109786e-06	-3.630299608023532e-07
64800000.0	0.05829746688166559	-0.03890002579279771	-0.06368696307053955	-2.315189113485498e-06	6.698732301891881e-06	-1.1505616391522617e-07
65000000.0	0.058998695144410855	-0.03784212457829272	-0.06372112600380092	-1.61892965609657e-06	6.556445126520384e-06	-2.7251360431871345e-07
65200000.0	0.06030763928119687	-0.03747806159750536	-0.06272889437553894	-6.903354073508336e-07	6.133914539931347e-06	-5.553205375624477e-07
65400000.0	0.06070714343426606	-0.037461245360678526	-0.06265390148751342	-4.2110090122979164e-07	5.985852348317162e-06	-6.42739491602107e-07
65600000.0	0.06066645398839264	-0.03696239790048222	-0.06399316504436271	-3.2785216137066487e-07	6.0101253188344e-06	-6.403801930199434e-07
65800000.0	0.05997545089522448	-0.037975393571441224	-0.06292701629160942	-1.0262306507126724e-06	6.222553913516799e-06	-4.702159170564486e-07
66000000.0	0.06019924221913981	-0.039402297823475624	-0.06368100386705448	-1.1613102362755939e-06	6.0132107358072435e-06	-4.951125387662267e-07
66200000.0	0.06042993104419936	-0.04091017763745199	-0.06290451190999444	-1.3123359948523202e-06	5.83966437649997e-06	-5.205888759084287e-07
66400000.0	0.059919035562696635	-0.03991588103227498	-0.06269868784547171	-1.4734275281931786e-06	6.109836090726889e-06	-4.238338229514788e-07
66600000.0	0.060579980484324884	-0.03999831757657494	-0.062373841934429936	-1.0202974563132236e-06	5.834647806310838e-06	-5.810385975492506e-07
66800000.0	0.061095642303463135	-0.03854459538813307	-0.06299419532091152	-3.581121944076459e-07	5.659382719740517e-06	-7.47698736599047e-07
67000000.0	0.060299137873617084	-0.037738120716822254	-0.06199488792767803	-7.944307723459199e-07	6.0625441978999345e-06	-5.735702015650805e-07
67200000.0	0.06084385572470009	-0.03782513235820408	-0.06200138570005533	-4.0915671337549726e-07	5.8139544547850105e-06	-7.098953127444912e-07
67400000.0	0.06203327690076391	-0.03988855104066526	-0.060364922516410784	9.797362994845297e-08	5.25150507031659e-06	-9.565242484404518e-07
67600000.0	0.06135856442093257	-0.039301282745648904	-0.059800900159555796	-3.0694204303635933e-07	5.589976728275431e-06	-8.00489208810953e-07
67800000.0	0.0615500210849455	-0.040169635623892495	-0.059658010077677744	-3.143353678687292e-07	5.4872104228569005e-06	-8.20241883287398e-07
68000000.0	0.06110235282004389	-0.04002392301294089	-0.059932103326054004	-6.321377509146403e-07	5.698575567468284e-06	-7.018220056247342e-07
68200000.0	0.061533864354176966	-0.03855585842166184	-0.06102922847664773	-4.662196947357842e-08	5.4538040976046165e-06	-8.866181465418917e-07
68400000.0	0.06099270610109906	-0.037443823711218356	-0.05951441756954956	-3.0175419968092253e-07	5.766809772391228e-06	-7.794135309605209e-07
68600000.0	0.06095070326726234	-0.039513342252422805	-0.06023394026568539	-6.470101196263575e-07	5.778195460594046e-06	-6.761851116872541e-07
68800000.0	0.06046875313270145	-0.03753282793945921	-0.06170258031907669	-7.085478195391286e-07	5.9656496590090005e-06	-6.31499026551748e-07
69000000.0	0.06004710537747175	-0.03847421875839843	-0.062175906719978996	-1.1758293862631514e-06	6.197895531342383e-06	-4.5638507920790086e-07
69200000.0	0.06033963678048445	-0.038115394590733154	-0.06354740841689899	-8.765917416617987e-07	5.983056005611852e-06	-5.709005602772014e-07
69400000.0	0.0597909414226963	-0.03923929748769896	-0.06105412750335582	-1.4896117826372422e-06	6.3985232167604e-06	-3.316825264384951e-07
69600000.0	0.06052265368361341	-0.038703273831481116	-0.06069788199442998	-8.315320611915347e-07	5.960881353301654e-06	-6.00756547401761e-07
69800000.0	0.05970218568314054	-0.03894282919169868	-0.05978852411306783	-1.5416770211001595e-06	6.494667242905671e-06	-3.06434818417447e-07
70000000.0	0.05996748445384761	-0.039079203976839234	-0.05979346726470171	-1.3427791719079336e-06	6.336471659889911e-06	-3.8838223074475147e-07
70200000.0	0.059767373058581534	-0.03904171347496153	-0.06081533702795391	-1.4931792618025567e-06	6.429760649542617e-06	-3.2343749781736087e-07
70400000.0	0.059719526910727565	-0.03957155464249509	-0.06028022340958721	-1.593800774875217e-06	6.500640693449337e-06	-2.7146331525164473e-07
70600000.0	0.059839669279218514	-0.039329013215348874	-0.06020499187516684	-1.4700283286845686e-06	6.411019975337763e-06	-3.312232816592074e-07
70800000.0	0.05956361598609606	-0.03797794162751986	-0.061838756654798654	-1.5517817889809598e-06	6.474737585464985e-06	-3.2518309161180035e-07
71000000.0	0.06025631636439344	-0.03936178352886837	-0.06225147909957946	-1.0933665068968792e-06	6.05103663637374e-06	-5.010801803750525e-07
71200000.0	0.060022546451227614	-0.03996468234908953	-0.06304528794509656	-1.3324211195173876e-06	6.225306156987594e-06	-3.6972968368801324e-07
71400000.0	0.05987782018741237	-0.0394890673488248	-0.06267671918785557	-1.4155674075843128e-06	6.3115806253739085e-06	-3.4627864677580787e-07
71600000.0	0.060139973057367145	-0.040387975729323934	-0.06285695418553297	-1.2596457591953009e-06	6.162875903254369e-06	-3.901276969538758e-07
71800000.0	0.06017926307480123	-0.04015128624340325	-0.062069486342840395	-1.2154152377423765e-06	6.14126885335872e-06	-4.228472738279035e-07
72000000.0	0.06020377990060754	-0.04134817753040083	-0.06094363311698439	-1.2769789636752297e-06	6.235339360778152e-06	-3.359044276353815e-07
72200000.0	0.06002907718837061	-0.04139728512991591	-0.06018718811953727	-1.4300066612394043e-06	6.4014474734301335e-06	-2.515420947387859e-07
72400000.0	0.05881661834153505	-0.039943891994847984	-0.05995512297623109	-2.353197565452349e-06	7.2840733720773475e-06	1.713484721781212e-07
72600000.0	0.059243001140259384	-0.039321327046204745	-0.05913988570791693	-1.975496191292976e-06	6.914722681899582e-06	-7.412778216620146e-08
72800000.0	0.05970366994225068	-0.04057734303861408	-0.058060853687849155	-1.6398759190027069e-06	6.63575760658931e-06	-1.8866363900610887e-07
73000000.0	0.0598190070976179	-0.03944219261310795	-0.056520481380700774	-1.5151489731432417e-06	6.508073551199085e-06	-3.351743571090425e-07
73200000.0	0.059228981970147615	-0.03943268944615202	-0.059029168771839974	-1.9884685662323295e-06	6.948222988685432e-06	-5.3258015113831104e-08
73400000.0	0.05951083345713659	-0.038609165086754625	-0.06030895677100522	-1.7367935812598517e-06	6.599632357426298e-06	-2.7393523712242406e-07
73600000.0	0.05921660589196927	-0.03801880109412542	-0.06079957769010569	-1.9636023657545697e-06	6.8140281869345694e-06	-1.7643704732515185e-07
73800000.0	0.058870431710823845	-0.037227864560155435	-0.0612231283362358	-2.2346302014525468e-06	7.074305170784876e-06	-6.458257020019374e-08
74000000.0	0.059633503154094575	-0.03794857931462948	-0.061625587928929804	-1.6175597039359932e-06	6.3715150049342304e-06	-4.2361188613237164e-07
74200000.0	0.05962806260178259	-0.040281086297877515	-0.06265899222192227	-1.6042191791058305e-06	6.472042837229711e-06	-2.21434044241579e-07
74400000.0	0.06089669392237376	-0.04091386430686502	-0.06414765526279956	-6.112176422150115e-07	5.231255138463932e-06	-8.798376928222234e-07
74600000.0	0.06055708215530205	-0.040667137575101056	-0.06459485665552792	-8.82775491470087e-07	5.548775481451825e-06	-7.035462869563969e-07
74800000.0	0.06074638883771388	-0.040798918719090936	-0.0648734531300363	-7.38374017285149e-07	5.360241650598807e-06	-8.017102879976388e-07
75000000.0	0.06061451427251672	-0.04047529751602428	-0.06399457010500283	-8.481093331886722e-07	5.507314029944518e-06	-7.483137575049897e-07
75200000.0	0.06043401571788065	-0.04153500634293469	-0.06392677707733103	-9.463046138715604e-07	5.732137369528834e-06	-5.457969823316869e-07
75400000.0	0.06042336021041127	-0.041851706755342145	-0.06369072356820127	-9.418625137458481e-07	5.758819770414124e-06	-5.116641210444219e-07
75600000.0	0.06066246486344346	-0.04290050059095228	-0.06477860888182567	-7.251264137815181e-07	5.501968957038328e-06	-5.771316945990783e-07
75800000.0	0.060164062517668364	-0.043479591686474424	-0.06357498748056156	-1.0514255873197856e-06	6.082959639597212e-06	-1.96880872721624e-07
76000000.0	0.05991397486150316	-0.04271853617685953	-0.06434834207433607	-1.264504946504793e-06	6.3191580074059204e-06	-9.993128209945734e-08
76200000.0	0.059817446836540146	-0.042492770780023684	-0.06451330486157802	-1.3426776502287608e-06	6.418094533601875e-06	-5.428826021972217e-08
76400000.0	0.059690606706454825	-0.04257103391769646	-0.06512421019950247	-1.4233065672920267e-06	6.5428508627398955e-06	3.8766495463773653e-08
76600000.0	0.059281694378641	-0.04183172891897258	-0.06509073141583063	-1.7349560560956528e-06	6.992329198672316e-06	2.589045790615254e-07
76800000.0	0.05899320330789834	-0.041197786247584293	-0.06515185084623346	-1.9614814763275725e-06	7.3179888211183916e-06	4.120940299843934e-07
77000000.0	0.05918667724766949	-0.04138397967007223	-0.06490207951672969	-1.8235928690720442e-06	7.09805672628926e-06	2.8401824472431604e-07
77200000.0	0.058454389591294086	-0.0411771680453569	-0.06344166169117221	-2.271502139868334e-06	7.938260274344787e-06	7.89928362681306e-07
77400000.0	0.05831661360788217	-0.0403809050761098	-0.06307145485341464	-2.4135865248797927e-06	8.13213321073645e-06	8.367943577266103e-07
77600000.0	0.05885238807869339	-0.040745781710503345	-0.06330601366458251	-2.0699540063338355e-06	7.495600840444447e-06	4.522463599113071e-07
77800000.0	0.059330164228344556	-0.04071850820323454	-0.06269735599856392	-1.8071484867799506e-06	6.9877738018042014e-06	1.0189065472070112e-07
78000000.0	0.05929078580706367	-0.041507418872137714	-0.06301347492892428	-1.7577933543960404e-06	6.969127476278954e-06	1.7698992390047923e-07
78200000.0	0.05888146621700856	-0.039454783857902465	-0.06337070744027042	-2.157051277075918e-06	7.59200996321662e-06	3.907591397531702e-07
78400000.0	0.0588083226807043	-0.037320083828628045	-0.06384186566233528	-2.3848129858762475e-06	7.8516712675578e-06	3.397470421015616e-07
78600000.0	0.05893361774861024	-0.03935868281985824	-0.06362143618916315	-2.1341833825953984e-06	7.520129081765862e-06	3.38844058865679e-07
78800000.0	0.05881268430629107	-0.03827328342376592	-0.06341344458325551	-2.2875920277900347e-06	7.778587964198876e-06	3.9352212101380813e-07
79000000.0	0.05890488623941663	-0.038555995962696855	-0.06247233795983306	-2.214537821254668e-06	7.666244993034227e-06	3.347668615206607e-07
79200000.0	0.058672120764594236	-0.040272859566819676	-0.06248752708627785	-2.1559344891128994e-06	7.69378514938572e-06	5.741458392399639e-07
79400000.0	0.05897041216852542	-0.04183414994810307	-0.06149577424863531	-1.8831257230849793e-06	7.174910382441393e-06	3.7497321524534864e-07
79600000.0	0.05922174774677456	-0.04157484134446385	-0.06303303549979575	-1.8083046286479228e-06	6.930734909914741e-06	1.7580646566051383e-07
79800000.0	0.059741905190861144	-0.03976755712368195	-0.0623743367222562	-1.7605267716822026e-06	6.691235914678902e-06	-2.714858215405384e-07
80000000.0	0.05941665395736228	-0.038515347052032696	-0.06157626394143061	-1.9827108676578077e-06	7.244896589058416e-06	-2.398188436450611e-08
80200000.0	0.059617862532386115	-0.037967611063253616	-0.06085073047147516	-1.9516870459898044e-06	7.1563064175641395e-06	-1.864089765243977e-07
80400000.0	0.05955870111297399	-0.03841596836043401	-0.06125536103703665	-1.9340526243072463e-06	7.130301276519934e-06	-1.332043040823555e-07
80600000.0	0.0601027611463759	-0.037667139007425486	-0.06050477339032188	-1.8056886972195034e-06	6.757864177296379e-06	-5.760993654068801e-07
80800000.0	0.05968410174356729	-0.03797177758386216	-0.06110876744578933	-1.9116091877891366e-06	7.075072853970446e-06	-2.489004231549655e-07
81000000.0	0.060074606246350075	-0.03851067953164903	-0.061960684297084734	-1.7543556057978054e-06	6.609166930762441e-06	-5.513247160616908e-07
81200000.0	0.05985422443111954	-0.03873945007826183	-0.0608139891409574	-1.7996908390562568e-06	6.780110302351608e-06	-3.760027690691597e-07
81400000.0	0.05979240079618563	-0.03973373284817809	-0.06275943077188482	-1.757246393217021e-06	6.6010459690865415e-06	-3.3205396870574754e-07
81600000.0	0.06004320976404329	-0.04128857245452469	-0.06312355117529486	-1.6042871444088516e-06	6.056924958729074e-06	-5.444302777477777e-07
81800000.0	0.059715452071640474	-0.04205830430297019	-0.06306048596914003	-1.6524853250323946e-06	6.163363944535172e-06	-2.9674351092615644e-07
82000000.0	0.05980487881074428	-0.040988965937719446	-0.0623158721579432	-1.6752483826199113e-06	6.342063063844373e-06	-3.456564709327332e-07
82200000.0	0.05966902545336102	-0.040080285455892865	-0.06272932591181482	-1.7414813966790018e-06	6.647527405009723e-06	-2.1974094384194552e-07
82400000.0	0.060335888708854465	-0.03924318610061557	-0.06268680998224671	-1.605045351645857e-06	6.332571618020275e-06	-7.218039494749197e-07
82600000.0	0.06039899281484612	-0.039217787031165977	-0.059388896023745245	-1.5940313181853312e-06	6.335498201265832e-06	-7.78074006602965e-07
82800000.0	0.06066364994590045	-0.03936601515987082	-0.058704674846173796	-1.5283287591116788e-06	6.126592855453892e-06	-9.82770585388387e-07
83000000.0	0.06073980282991415	-0.03901935803392698	-0.05824902051046068	-1.5146792814509874e-06	6.16452779626844e-06	-1.0295117919672898e-06
83200000.0	0.060366601542998666	-0.037286755027884144	-0.058724519310094654	-1.6117313317716906e-06	6.812000702360311e-06	-6.947780393732692e-07
83400000.0	0.059954414669401525	-0.03876349074447476	-0.058163562546440034	-1.6989742188572598e-06	6.728766576488205e-06	-4.431355886435464e-07
83600000.0	0.06055371498816153	-0.03868165488534463	-0.059737801162065965	-1.5564715870730136e-06	6.359770806123048e-06	-8.866446871513706e-07
83800000.0	0.06054766872179666	-0.03906010888625401	-0.05863057340363686	-1.5622253223484556e-06	6.2891562690820355e-06	-8.993078783120948e-07
84000000.0	0.06016452199910324	-0.03814221652416256	-0.05775653856616253	-1.6354799477389914e-06	6.73565119910992e-06	-5.868019325446523e-07
84200000.0	0.06051943954661742	-0.03876203511285061	-0.05855452845348528	-1.560440845597308e-06	6.384362116312512e-06	-8.728751380967961e-07
84400000.0	0.059918372696229	-0.03812049676978565	-0.058034368767621684	-1.6804282529696994e-06	6.8533807492449355e-06	-4.2355981562775314e-07
84600000.0	0.05985439039767189	-0.039550408051171125	-0.058385210457947985	-1.7364137504273975e-06	6.549078958024453e-06	-4.365493597283885e-07
84800000.0	0.059836931459573126	-0.03964789714927493	-0.05867727422726326	-1.7396065993399263e-06	6.533196067589487e-06	-4.257135368707203e-07
85000000.0	0.05969789070030453	-0.03822198636828865	-0.05982379399697725	-1.7015506257517463e-06	6.9103738155373725e-06	-2.6209873550650465e-07
85200000.0	0.059867568351669787	-0.037744484636730774	-0.06059823278128198	-1.6286440566677227e-06	6.9345265027482325e-06	-3.545032972316669e-07
85400000.0	0.060730979215973195	-0.03808615514657463	-0.06164527426010968	-1.4188562559279596e-06	6.471736478102202e-06	-9.78336135537853e-07
85600000.0	0.06160712893556762	-0.03842123372504597	-0.06252071354476463	-1.2026213241572498e-06	6.034582906078606e-06	-1.578501826085368e-06
85800000.0	0.06171277120718279	-0.03870756003664537	-0.06267350567713341	-1.186871917445571e-06	5.9314929397586076e-06	-1.6602263980991145e-06
86000000.0	0.06147163896576048	-0.03820340294942005	-0.0625530222714436	-1.2130977251310385e-06	6.13462752084491e-06	-1.4672680507073257e-06
86200000.0	0.061286259202766244	-0.03858138105189409	-0.0618879910805942	-1.293005752593906e-06	6.132558602296751e-06	-1.3615798317229143e-06
86400000.0	0.060848319849107754	-0.03835294240413503	-0.06193469943484378	-1.3953349243635e-06	6.331099935369543e-06	-1.0575731444849882e-06
86600000.0	0.06048152958563263	-0.03767480569839658	-0.06343592503761385	-1.4312822296727506e-06	6.571335887909072e-06	-7.680070431380932e-07
86800000.0	0.060865074296725566	-0.037824987294598274	-0.06149992026298645	-1.3405019659878818e-06	6.4503091748457585e-06	-1.0304524831687963e-06
87000000.0	0.06041101598501518	-0.03849942294650018	-0.06252817542190271	-1.5307362710025563e-06	6.449114086939159e-06	-7.516971918039666e-07
87200000.0	0.060068967983476385	-0.03973144977894352	-0.06216570009388984	-1.758091308490205e-06	6.331624145386348e-06	-5.705229832967822e-07
87400000.0	0.05950059391441583	-0.03957235215854864	-0.061895471123351024	-1.930334217585039e-06	6.526507905615287e-06	-1.9844320601677433e-07
87600000.0	0.05872615212789277	-0.03977036290391423	-0.06218438940869587	-2.2114419227542984e-06	6.701512994969882e-06	3.006360998712742e-07
87800000.0	0.05903992046447353	-0.04047699909285513	-0.06216055141426107	-2.1711018274076687e-06	6.503061802376788e-06	6.843897495764201e-08
88000000.0	0.05940964917214822	-0.04052391306778213	-0.0625433628782686	-2.0358809460740476e-06	6.398744379696871e-06	-1.6513188227260286e-07
88200000.0	0.06075156905669443	-0.04025809682491414	-0.06361626127540174	-1.4881547333465652e-06	6.0934603427258426e-06	-1.0163488497932825e-06
88400000.0	0.06152057734013734	-0.040698604321579665	-0.063696525626555	-1.2318801321778057e-06	5.842157276900325e-06	-1.5360410102845403e-06
88600000.0	0.061273307347144756	-0.04096354774724183	-0.06456764197605154	-1.34742350769116e-06	5.849725586059543e-06	-1.3802940525346548e-06
88800000.0	0.0620844540173078	-0.041054729151317915	-0.06484233521474297	-1.0191200998460308e-06	5.650030361086224e-06	-1.9007177351271345e-06
89000000.0	0.06203212552363069	-0.04025821859616525	-0.06421605328570915	-9.495066839514542e-07	5.778378452324232e-06	-1.850600252169442e-06
89200000.0	0.0617298664989951	-0.0398842619713479	-0.06377065925061515	-1.0348521520366775e-06	5.899865310465561e-06	-1.6529951439120344e-06
89400000.0	0.06136318718340624	-0.037377987699899834	-0.06194411121709278	-9.057695849277889e-07	6.307934407487183e-06	-1.389701595203032e-06
89600000.0	0.061294568493341896	-0.037470937562244254	-0.06205226698461375	-9.444713829701072e-07	6.3108746504691175e-06	-1.3441560606569635e-06
89800000.0	0.06148291347821657	-0.03795199180461772	-0.06357811737982372	-8.97150298636391e-07	6.1925367935407945e-06	-1.4630690106675192e-06
90000000.0	0.060859691447107886	-0.03736121214434956	-0.0632086122881412	-1.1223760168673152e-06	6.388353593577769e-06	-1.0566825562538607e-06
90200000.0	0.06112541825079	-0.036981568879626565	-0.06284507401652921	-9.437383359603705e-07	6.3749499790968395e-06	-1.233159406306838e-06
90400000.0	0.06137046455216967	-0.03723893360354538	-0.061618871449377305	-8.652739272712405e-07	6.326500244416604e-06	-1.3932607162951339e-06
90600000.0	0.06133421545622387	-0.03721616914099066	-0.059242566390907234	-9.050270929422909e-07	6.383937892800641e-06	-1.3750209770825105e-06
90800000.0	0.06141731867383875	-0.03751752342983252	-0.05747890725954569	-9.152325878469671e-07	6.380139215316685e-06	-1.4341019455462487e-06
91000000.0	0.061631183272683326	-0.03799193923838668	-0.057847017677681585	-8.545067061231836e-07	6.2954976973101425e-06	-1.5679499710422203e-06
91200000.0	0.06136987551527712	-0.036719284038647486	-0.05821764090794789	-8.306892144128918e-07	6.422440612312659e-06	-1.4077381876237532e-06
91400000.0	0.0608424235132816	-0.03517268106052452	-0.05888504664286433	-9.298512545224666e-07	6.6103215208772316e-06	-1.0631236262396876e-06
91600000.0	0.06101071332627538	-0.03594819712858954	-0.05985504818109329	-9.184270958760818e-07	6.513718587376754e-06	-1.1594876348041548e-06
91800000.0	0.05974451797474512	-0.03790789180569051	-0.06060463261157846	-1.8803644041614943e-06	6.697406886320835e-06	-2.691495464310422e-07
92000000.0	0.05960684988279835	-0.03941951452253607	-0.05996225104793453	-2.1490850010251827e-06	6.688591831440533e-06	-1.4136234490225976e-07
92200000.0	0.05926521023715506	-0.03991729728690724	-0.061053675899406176	-2.3972818265762164e-06	6.730137838119035e-06	1.0365561753137614e-07
92400000.0	0.059595331580971286	-0.0407804210859172	-0.061502277618848855	-2.291297736073393e-06	6.619033838816349e-06	-9.527511059668377e-08
92600000.0	0.06021282099326283	-0.0407209986071548	-0.06304143070509226	-1.8766911164577605e-06	6.429222186864844e-06	-5.344919494976563e-07
92800000.0	0.05958677329859105	-0.041739209230602085	-0.06183979758105581	-2.3921922433323694e-06	6.604391836713185e-06	-6.628425261089271e-08
93000000.0	0.06033508683818147	-0.041899343341538775	-0.06257128597333639	-1.9232383519904085e-06	6.38735427938965e-06	-5.85651647557676e-07
93200000.0	0.059450993165290934	-0.040714550986844684	-0.06203197713141984	-2.382155898656782e-06	6.655032089422113e-06	1.4688889426810453e-08
93400000.0	0.05905771041814972	-0.04022290728596873	-0.06273609354205752	-2.5762469112580846e-06	6.7506654878584334e-06	2.7267597129826404e-07
93600000.0	0.058692863889120706	-0.039970955720800304	-0.06071750361309598	-2.809231414261028e-06	6.909132857624993e-06	5.2687792671668e-07
93800000.0	0.0590316051029234	-0.040062274397648076	-0.06131522254162148	-2.578510936854544e-06	6.791938424652937e-06	2.7644269163658626e-07
94000000.0	0.05913812640504883	-0.040538309377757535	-0.06008962484465147	-2.5616769071315113e-06	6.798189533115981e-06	2.2754459685470668e-07
94200000.0	0.05867017121731828	-0.040825614670550764	-0.06075664443260096	-2.8999241798117575e-06	6.941375389935633e-06	5.992935462456677e-07
94400000.0	0.05833362666669257	-0.03963407514656289	-0.06086215047881655	-3.0279038713141726e-06	7.031701356990337e-06	7.908851507118734e-07
94600000.0	0.058468620121201687	-0.04032729864797589	-0.06284168109636439	-2.9742998940424705e-06	6.95426978243871e-06	7.362007653798003e-07
94800000.0	0.05870485922492549	-0.03912639553787505	-0.06113870753918786	-2.721629838492473e-06	6.880275237978004e-06	4.7019472063226216e-07
95000000.0	0.0586693322942052	-0.03919382201102495	-0.06099737400967053	-2.7512209103130886e-06	6.902476887506713e-06	5.0683781747047e-07
95200000.0	0.05852723140963868	-0.040192379653286404	-0.06092632210314767	-2.9207268322537835e-06	6.99650122754035e-06	6.969975794139097e-07
95400000.0	0.05913337444197217	-0.03767486408685812	-0.0615764588864912	-2.310545277535996e-06	6.645800854138963e-06	8.24771558578613e-09
95600000.0	0.05844692072540802	-0.038049081207325385	-0.06277799036633333	-2.8248948207748637e-06	6.924653993529308e-06	6.245403530609782e-07
95800000.0	0.058187614797005835	-0.03791126984684642	-0.06292829204414323	-2.9961668419243913e-06	7.029683771605008e-06	8.296306143268138e-07
96000000.0	0.05872690134977812	-0.037841617846382555	-0.0639628311115736	-2.598627152735345e-06	6.765589987732692e-06	3.7080481199019665e-07
96200000.0	0.05979237282020454	-0.038499245669974105	-0.0632979744165114	-1.8539175836867994e-06	6.318384173453337e-06	-5.102775918184247e-07
96400000.0	0.059767271398882715	-0.03950618504666156	-0.06457091253856963	-1.905844983161884e-06	6.343756987133503e-06	-3.9831409712505463e-07
96600000.0	0.0600305412228845	-0.04036531843114274	-0.06483362700734664	-1.749725141577305e-06	6.251183648212285e-06	-5.483840316959726e-07
96800000.0	0.06011687939023895	-0.041228117050504776	-0.06634630404497648	-1.7078630931250702e-06	6.2091252420513025e-06	-5.466978874024126e-07
97000000.0	0.06004995001916685	-0.04043570672857783	-0.0660060100250582	-1.7317961904211694e-06	6.219249994024619e-06	-5.597605197877821e-07
97200000.0	0.05952718283947284	-0.040531572148085414	-0.0663043842995414	-2.09862051604417e-06	6.491240412494235e-06	-6.763551501688272e-08
97400000.0	0.05926677020811048	-0.04155986163263128	-0.06665255666211851	-2.303798538192458e-06	6.6733270995755405e-06	2.8962218531890373e-07
97600000.0	0.05950968113221808	-0.04206740241386306	-0.06371861332485318	-2.1571458988868222e-06	6.642430915124327e-06	1.2229746495661324e-07
97800000.0	0.05957183005359464	-0.04086454775037294	-0.06214829690541876	-2.1054859986436746e-06	6.6017830837007425e-06	-5.636417860691565e-08
98000000.0	0.05932885176455777	-0.04036878942819956	-0.06297812257736944	-2.2678616403437477e-06	6.707871665577221e-06	1.392957442985665e-07
98200000.0	0.05968146599109104	-0.039985088529330734	-0.06340363476466053	-2.029026794459694e-06	6.485017105517566e-06	-2.4071943342562766e-07
98400000.0	0.05964678138238746	-0.03962270101970977	-0.06437693964805843	-2.0483657712247002e-06	6.47315418428127e-06	-2.42813704019704e-07
98600000.0	0.05983726475576074	-0.040740339140982046	-0.06284453925994121	-1.916451619648432e-06	6.434096749079606e-06	-3.1744418067469635e-07
98800000.0	0.05955204633889342	-0.04224477580661131	-0.06210709190262834	-2.084535759687243e-06	6.670917438778879e-06	1.3433545686827956e-07
99000000.0	0.059766428062768585	-0.0424273677928423	-0.060615309991114495	-1.9475815925474034e-06	6.5822379647684e-06	-6.473090309184401e-08
99200000.0	0.060155879123470715	-0.04234862909693237	-0.06105324008013233	-1.6938165796598017e-06	6.319564039045757e-06	-5.008315754379728e-07
99400000.0	0.059768238295654114	-0.042561940747532875	-0.05939827838213641	-1.9302743392181056e-06	6.610203702651327e-06	-6.350057635768002e-08
99600000.0	0.060064205599529075	-0.04263566850637505	-0.0607505179149601	-1.7425287072307105e-06	6.3909165274145655e-06	-3.777686168111165e-07
99800000.0	0.06038643544275689	-0.042557231258712136	-0.060958762413345205	-1.5438222137282948e-06	6.1709306371131515e-06	-7.544477807560905e-07
100000000.0	0.06022988120349537	-0.0432633236385513	-0.06058392247053897	-1.6129969423094791e-06	6.288859224555209e-06	-5.043944564371856e-07
100200000.0	0.06032433199734093	-0.04231571275769917	-0.062124142003803166	-1.584044609304058e-06	6.192101030152199e-06	-7.124962760898662e-07
100400000.0	0.06058822248867888	-0.041425575233182854	-0.06250606253018383	-1.4590837796009577e-06	6.0076259520128546e-06	-1.1202082906467466e-06
100600000.0	0.061035132262760264	-0.04218186666525081	-0.06305838052616286	-1.1851510282942825e-06	5.69841418887424e-06	-1.5493135860452621e-06
100800000.0	0.060897460600023844	-0.04138610845002957	-0.06099725063781119	-1.2933724028687704e-06	5.850165523035937e-06	-1.4648931062086453e-06
101000000.0	0.060852653456437714	-0.04140621116020712	-0.0618578057564213	-1.314129595317975e-06	5.867096382215989e-06	-1.4044055688924455e-06
101200000.0	0.061497928268529345	-0.04193591565457243	-0.06258539580356108	-9.624084495312448e-07	5.4166123147351496e-06	-2.1090841909497673e-06
101400000.0	0.061218910410040996	-0.041573235552163065	-0.06102562056274039	-1.1203517187195527e-06	5.6514525416548426e-06	-1.8025039962633135e-06
101600000.0	0.06117244137824943	-0.03999163309002848	-0.060444637935639894	-1.2119454839205881e-06	5.755648432508319e-06	-1.8893992209006982e-06
101800000.0	0.06099682961151908	-0.040033995819798315	-0.059713732767344915	-1.293162777343596e-06	5.888407108322667e-06	-1.6698886015882522e-06
102000000.0	0.061277451267958596	-0.04043662531868448	-0.05889852261860203	-1.1475466937242035e-06	5.705817992556814e-06	-1.979753731295116e-06
102200000.0	0.061818501293900145	-0.041599465654724964	-0.05922413636635615	-8.479687203357076e-07	5.276898707102295e-06	-2.584903517519256e-06
102400000.0	0.06217123805201755	-0.041374492714234004	-0.059447245720804544	-7.05692916053921e-07	5.0672498936473254e-06	-3.034264298915453e-06
102600000.0	0.0620859791330453	-0.04175428767421213	-0.060099226462550295	-7.247135146603773e-07	5.090633833595133e-06	-2.8928095980711465e-06
102800000.0	0.0619111313004195	-0.041006983748810434	-0.059595288585954906	-8.294354498522305e-07	5.271579879515672e-06	-2.712110146988886e-06
103000000.0	0.06127012966908777	-0.04010790911232904	-0.06163771523770762	-1.1114701286335895e-06	5.696292436566442e-06	-1.964464435694054e-06
103200000.0	0.06101015636057965	-0.03988169406893289	-0.06344005487769751	-1.2148531869239993e-06	5.843735784419351e-06	-1.6400493301004244e-06
103400000.0	0.06063488291828828	-0.040488087579562695	-0.06360872332141783	-1.3373219944565063e-06	6.0261114523367424e-06	-1.0921949797147514e-06
103600000.0	0.06099410497252541	-0.03957767844415763	-0.06464032984237181	-1.2315351822952282e-06	5.885462105613691e-06	-1.595588109347463e-06
103800000.0	0.060680600666826665	-0.04093011798887399	-0.0641149141149342	-1.3041507659430975e-06	5.952818726736991e-06	-1.1113629579192593e-06
104000000.0	0.0610332379671708	-0.03949121659257046	-0.0635552607531138	-1.2171566570290862e-06	5.900725985085077e-06	-1.6629687784774412e-06
104200000.0	0.06082300164608995	-0.040776295823270206	-0.06156965526825076	-1.264114365638292e-06	5.921736575647474e-06	-1.3373441117400338e-06
104400000.0	0.060366653164902126	-0.041719489764229824	-0.05966206435414396	-1.404870478437801e-06	6.10213754003935e-06	-7.037915231857768e-07
104600000.0	0.06051603497312766	-0.040597143453869756	-0.058148418325780556	-1.3798574867772242e-06	6.170740389086564e-06	-9.547069972677692e-07
104800000.0	0.060580076793170796	-0.04025795118606976	-0.05725624176707068	-1.367330712896846e-06	6.194350402840312e-06	-1.0489933084711541e-06
105000000.0	0.060522673347560965	-0.039190443537364394	-0.06002978926553637	-1.3823979076469934e-06	6.297274071640517e-06	-1.0015885093340903e-06
105200000.0	0.060324200941364835	-0.03768651960212006	-0.060749818837450495	-1.45038048922814e-06	6.556144692535366e-06	-7.731203718032211e-07
105400000.0	0.0602353141308093	-0.03824241460983581	-0.05893997276879075	-1.483212710044834e-06	6.563761398647364e-06	-6.491220709315299e-07
105600000.0	0.06001649721249455	-0.03920350545915203	-0.05987278123556419	-1.5446603984981123e-06	6.533669359430196e-06	-3.3720359421843655e-07
105800000.0	0.05954649718927801	-0.038428073219601885	-0.06049240926158114	-1.681834893699388e-06	6.823147355089489e-06	2.831714070671857e-07
106000000.0	0.05936239105869579	-0.036718544431488316	-0.06078759829285249	-1.7180344758199771e-06	7.097092088679797e-06	4.859323395363064e-07
106200000.0	0.059721892822137815	-0.03761142536205654	-0.060253262012203046	-1.62017560322169e-06	6.857649031119656e-06	4.0842982991150843e-08
106400000.0	0.059917205567091805	-0.03721473771426544	-0.06111416513904185	-1.5448355712103926e-06	6.814631724763315e-06	-2.1916544158772715e-07
106600000.0	0.0594303068397361	-0.038034621568267535	-0.06160165908007791	-1.7038019267994198e-06	6.884654833333446e-06	3.9830045181212e-07
106800000.0	0.0598352422877571	-0.03771050522287431	-0.06133768724471037	-1.569374133531445e-06	6.785894775568811e-06	-1.1609243544132171e-07
107000000.0	0.05942357818669704	-0.03764320044295119	-0.060537600477125066	-1.699310775345558e-06	6.9510668241685724e-06	4.216728478783607e-07
107200000.0	0.060101124423917844	-0.03787334169129719	-0.06095243291744374	-1.4901908372820017e-06	6.701548889477268e-06	-4.035858281903707e-07
107400000.0	0.060268861810231646	-0.03866108750628715	-0.06022818448723902	-1.4678696700136483e-06	6.5727665627142415e-06	-6.071147762136568e-07
107600000.0	0.06057877386662322	-0.03782965280463398	-0.06026427378869279	-1.3301221244423818e-06	6.572047817454602e-06	-1.0111193528495061e-06
107800000.0	0.06045636221880382	-0.037908227168238474	-0.05951228448948341	-1.3757544701242464e-06	6.612267497217818e-06	-8.63595083822669e-07
108000000.0	0.060321224107024576	-0.03877577405165356	-0.06020456978937775	-1.4524727821922856e-06	6.544868181059955e-06	-6.85270002234619e-07
108200000.0	0.060820266093544094	-0.03895938501036382	-0.05926253235611812	-1.2952480988627832e-06	6.407755677223334e-06	-1.3240510255274418e-06
108400000.0	0.06123301046121268	-0.038866698380829706	-0.06069061691166025	-1.1354947503389267e-06	6.289497427840756e-06	-1.811071688175059e-06
108600000.0	0.0614050447422227	-0.039591361527416186	-0.060950237059787214	-1.1106349204614414e-06	6.1720170777971795e-06	-2.0095857135084416e-06
108800000.0	0.06152599731696158	-0.03945526234155171	-0.06043816129220065	-1.0587321941164196e-06	6.167456227597681e-06	-2.1633183343352234e-06
109000000.0	0.061557040717682046	-0.03966793588968323	-0.06063981643656	-1.0549708055164135e-06	6.13892774789069e-06	-2.194005988067468e-06
109200000.0	0.06196465652457921	-0.03952459086502233	-0.060817742962923055	-8.901621790638062e-07	6.060426382548138e-06	-2.6868054676774653e-06
109400000.0	0.06177371209836786	-0.038651273467071104	-0.060178730157322974	-9.059135145141333e-07	6.192414971087788e-06	-2.4589122419846484e-06
109600000.0	0.06212551600794383	-0.03937809877500142	-0.05917269003812539	-8.289150379031869e-07	6.079446456789151e-06	-2.865616334249823e-06
109800000.0	0.06212449063413885	-0.03852565179658882	-0.05763450393786376	-7.783959694065501e-07	6.178485680173888e-06	-2.8856085396401813e-06
110000000.0	0.06204870668534579	-0.039102482216561874	-0.058073274370652433	-8.44644516186458e-07	6.143014786235735e-06	-2.7735584703775894e-06
110200000.0	0.06194528065858201	-0.03877368253512688	-0.05693323287913457	-8.696003261750231e-07	6.2105769525990655e-06	-2.6604105215427075e-06
110400000.0	0.061304057554680325	-0.03906935101444045	-0.05845023178679527	-1.1421531417692647e-06	6.284033183160762e-06	-1.8680772917715325e-06
110600000.0	0.06107497233504522	-0.0398727424077289	-0.06028196793533364	-1.2861252924139246e-06	6.241407764309656e-06	-1.5462516904918068e-06
110800000.0	0.06122610163352793	-0.03959075306608578	-0.061457766108418896	-1.1843023360862007e-06	6.209037457240351e-06	-1.7284824048857834e-06
111000000.0	0.060933889596559716	-0.0393465525179483	-0.06201498839333303	-1.286003042821989e-06	6.267000988292176e-06	-1.3784062774324592e-06
111200000.0	0.060774343967372337	-0.03785113319414576	-0.062147264801413186	-1.2325196792939846e-06	6.373315529564107e-06	-1.232707198818374e-06
111400000.0	0.06088385633263237	-0.03679114164021738	-0.061919391591760964	-1.0945770314066542e-06	6.410629660193434e-06	-1.4056728315981103e-06
111600000.0	0.060501939102262633	-0.03645725937265061	-0.06383719030656859	-1.2250034244859147e-06	6.455582543608061e-06	-9.476442191592873e-07
111800000.0	0.06072315592983937	-0.036995473526063694	-0.06444239289023568	-1.1531761724818484e-06	6.382342206873128e-06	-1.1988344239576107e-06
112000000.0	0.06104135418083303	-0.035742805705770764	-0.06460760553632876	-8.909153605963455e-07	6.365376518985927e-06	-1.6417614353943591e-06
112200000.0	0.060709218563547315	-0.03598825531476569	-0.06609555111714616	-1.0585726371555526e-06	6.387917902701321e-06	-1.2143404764908683e-06
112400000.0	0.06084233640947001	-0.03520526132559014	-0.06598987967045192	-9.22515890340494e-07	6.386041420273399e-06	-1.4304931926418684e-06
112600000.0	0.06062868414753142	-0.03489510159255036	-0.06439561630925067	-1.0189391823265817e-06	6.470390058861804e-06	-1.1914389485906742e-06
112800000.0	0.0610214253527959	-0.03532304212085643	-0.06446451187179436	-8.463715131983446e-07	6.383640713319189e-06	-1.6507530459382003e-06
113000000.0	0.06084040922091908	-0.036715089524290985	-0.06460932017969359	-1.0535898700274208e-06	6.39684702071314e-06	-1.317152479263753e-06
113200000.0	0.06013184081911552	-0.03782949068262761	-0.06416632820301393	-1.5174920621729784e-06	6.539606248149349e-06	-3.664513331274472e-07
113400000.0	0.060139685408087826	-0.037281950610247694	-0.06499349462643025	-1.4594628797641314e-06	6.5238356351015405e-06	-4.1504138000923554e-07
113600000.0	0.05980047864039528	-0.036269411919593	-0.06463752111595429	-1.5740294213248615e-06	6.6130233199173846e-06	-4.7032554720056215e-08
113800000.0	0.059862900694214315	-0.036778917557995665	-0.06389294925231072	-1.5833472434594922e-06	6.616947428951534e-06	-8.314031090154254e-08
114000000.0	0.059874361473391736	-0.037118080126211275	-0.06433374928589099	-1.5960241213979481e-06	6.605338437875157e-06	-6.613586420973475e-08
114200000.0	0.05921455095014484	-0.03825125346566924	-0.06396503472133924	-2.064909306840544e-06	6.783590579813233e-06	9.31460636351519e-07
114400000.0	0.05967654633041816	-0.03983337724701406	-0.062250691746822975	-1.92662116425833e-06	6.72640651289758e-06	4.894682050652604e-07
114600000.0	0.059837802199232105	-0.039706815875207295	-0.06355507888091884	-1.8105231504696575e-06	6.653261906223059e-06	2.6797507850821403e-07
114800000.0	0.06018199985712075	-0.03832956315382	-0.06261232391665318	-1.5177503817098246e-06	6.563576271403999e-06	-3.5306077335365607e-07
115000000.0	0.05989921516339717	-0.038193234373935854	-0.06307572925549952	-1.6661846958220483e-06	6.627007258916594e-06	4.842268763077851e-09
115200000.0	0.060280094572077746	-0.0379274829775026	-0.06287585196203735	-1.4248955928671246e-06	6.520145472768906e-06	-5.370090849365521e-07
115400000.0	0.06007844132136736	-0.03799808877425076	-0.06338317620650731	-1.5460122174984787e-06	6.5704197328462755e-06	-2.398851761668428e-07
115600000.0	0.06003429036351922	-0.03677756295946247	-0.06401653738328004	-1.4977225487420616e-06	6.5412712628026845e-06	-3.217014250230487e-07
115800000.0	0.06011304865609643	-0.036679864602479316	-0.0647189151328866	-1.437492422539528e-06	6.497714353650357e-06	-4.4140725656844326e-07
116000000.0	0.0601402363492995	-0.03738454100043628	-0.06377433795809943	-1.4606238836423713e-06	6.530994219619723e-06	-3.8717730903688356e-07
116200000.0	0.06004189878138451	-0.038397119136434	-0.06302975880227148	-1.5676435743116873e-06	6.608677044345073e-06	-1.1967348988471963e-07
116400000.0	0.060217962373521124	-0.038169763597961974	-0.061444039838423406	-1.4612531772669869e-06	6.581743424058077e-06	-3.999557785510507e-07
116600000.0	0.060224979200873045	-0.03815978266555295	-0.06281153046113372	-1.444861134988289e-06	6.545584289106842e-06	-4.107724643398727e-07
116800000.0	0.05993883229396561	-0.038123316516707424	-0.061974785996443335	-1.6154844971094301e-06	6.666871048968425e-06	-2.735239968862091e-09
117000000.0	0.05998160357569995	-0.038594277255927255	-0.059978854827101816	-1.616734079029325e-06	6.713773881084681e-06	3.3421700747599376e-09
117200000.0	0.05954458023062631	-0.03854863118346478	-0.05958728641303093	-1.8876546630751832e-06	6.896930146786188e-06	7.006235371863176e-07
117400000.0	0.05951672587186253	-0.039607181785255595	-0.059974930966790976	-1.9266020280163804e-06	6.927124304421057e-06	8.944662379039825e-07
117600000.0	0.05916465880011671	-0.039307824925343314	-0.05907306714883794	-2.136765289966188e-06	7.086975305219132e-06	1.4232835275280527e-06
117800000.0	0.05923884307583916	-0.039563006627808324	-0.05939303476486636	-2.0898528273312972e-06	7.053044391019179e-06	1.3347143677376135e-06
118000000.0	0.05951277104567602	-0.04084522182640642	-0.060482019694058156	-1.9350431399163363e-06	6.93779573572053e-06	1.0615862220895732e-06
118200000.0	0.059887072798309855	-0.04133847935798118	-0.05969278499713788	-1.7074522490498793e-06	6.793093439447127e-06	4.6652018069692943e-07
118400000.0	0.05992730385703485	-0.04043503038149312	-0.06091255941838323	-1.6594807461286382e-06	6.720920730686873e-06	2.409897100066371e-07
118600000.0	0.0597018282886663	-0.040239124390979104	-0.06266802416874195	-1.7899012011539699e-06	6.7883091298406305e-06	6.419569461463701e-07
118800000.0	0.059847532640753084	-0.04110760487966508	-0.06325403136356487	-1.6970137222605395e-06	6.71479439276356e-06	4.888290405739904e-07
119000000.0	0.05950601323271198	-0.04076620991262307	-0.06246387748137946	-1.9328997804771178e-06	6.927051664946357e-06	1.2165215581683827e-06
119200000.0	0.05921606919932991	-0.03929190908162862	-0.06051274945314869	-2.1213366868180007e-06	7.1106927093978066e-06	1.60680541776401e-06
119400000.0	0.05912802889591963	-0.03950937964290144	-0.06019454622317146	-2.1817189772256965e-06	7.175692211882123e-06	1.861329844462573e-06
119600000.0	0.05882800765637099	-0.03988483314501639	-0.06172722115734213	-2.403331243817441e-06	7.358303620607951e-06	2.766704657698937e-06
119800000.0	0.05939407901875868	-0.040938606473065194	-0.06262728797252591	-2.0041523029536204e-06	6.976607185363746e-06	1.493185764055232e-06
120000000.0	0.059428532426410226	-0.04249807159837663	-0.06175861329645688	-1.987196491930947e-06	6.993568862800422e-06	1.7282849033235776e-06
120200000.0	0.059338564846154115	-0.0401990541097666	-0.062487844741369536	-2.034371534048462e-06	7.008417484264469e-06	1.476551643364167e-06
120400000.0	0.05917791904035962	-0.04078845247695242	-0.06249164882263441	-2.157244103915547e-06	7.1425283266432125e-06	2.135222166797681e-06
120600000.0	0.059222066374568345	-0.040618977261216306	-0.062296300991265395	-2.1164423375704893e-06	7.1033451710540524e-06	1.9304777456763656e-06
120800000.0	0.05927442565343001	-0.04114641757277009	-0.06250704938775041	-2.0746555663934923e-06	7.057351083301601e-06	1.8697823221120899e-06
121000000.0	0.059395518225333496	-0.04071006498407871	-0.06151753701939523	-1.9624812567058055e-06	6.948220660411136e-06	1.2267353254172994e-06
121200000.0	0.05937991104697393	-0.04076807152742884	-0.06023825896632488	-1.978262705807205e-06	6.990652795717182e-06	1.3285094483046827e-06
121400000.0	0.059292029387943854	-0.040537157342994394	-0.060385382188070685	-2.0729542010586974e-06	7.107869147868271e-06	1.821425609081522e-06
121600000.0	0.0593752322630268	-0.040929935630073105	-0.06067798075000932	-1.996776813849063e-06	7.00866937912853e-06	1.500467624514374e-06
121800000.0	0.0594861600342967	-0.04108037882405392	-0.061125375793240795	-1.8612578676446696e-06	6.82835018698045e-06	7.195387499439377e-07
122000000.0	0.05944087145317125	-0.04022236553777873	-0.060530910426477	-1.8585815536211098e-06	6.847086003954872e-06	4.816476971820032e-07
122200000.0	0.05942889387591263	-0.03979253252776797	-0.059998696157466225	-1.8424784842587258e-06	6.843474413643484e-06	2.685739207138116e-07
122400000.0	0.059441033585452885	-0.04007239103092738	-0.05838874021777261	-1.8552756051081942e-06	6.878476233641633e-06	4.265394201593534e-07
122600000.0	0.059376967555430676	-0.039218639366610436	-0.05744244102638088	-1.8520314251886414e-06	6.9102377214926296e-06	1.739873691178439e-07
122800000.0	0.05940654760026338	-0.03968959063287092	-0.05636865412055093	-1.8755783883815194e-06	6.943861540455788e-06	4.782188563657293e-07
123000000.0	0.05949384982952878	-0.04066030325424012	-0.056326562511123765	-1.9178069241441563e-06	6.972847480535018e-06	1.1045843642593653e-06
123200000.0	0.05953150700663055	-0.04047963893716197	-0.0569603051554409	-1.9944810083510535e-06	7.094769888506604e-06	1.8604228071010492e-06
123400000.0	0.059434204493946464	-0.039548712733773	-0.057918477916797224	-1.9502078721701e-06	7.069962311052712e-06	1.2852205568384237e-06
123600000.0	0.05941812284005205	-0.04020347863161921	-0.0584673923899265	-1.8573042129781937e-06	6.8920177938965495e-06	4.447475868645538e-07
123800000.0	0.05936525093348096	-0.039074699532637265	-0.057318124535696	-1.8943873205679938e-06	7.034647542930557e-06	7.12943020923175e-07
124000000.0	0.0594113890456719	-0.03960591178601601	-0.05658629330651691	-1.8913945222071123e-06	7.003416530740375e-06	7.407257698685021e-07
124200000.0	0.059461324059373315	-0.040631490597684845	-0.057272141231330516	-1.8619074602001965e-06	6.882379322829565e-06	5.051144980863682e-07
124400000.0	0.05930905567512797	-0.04004893341970739	-0.05861070691551466	-1.8163317637318648e-06	6.8573277481412206e-06	-5.406069135967588e-08
124600000.0	0.05942823330567754	-0.041447514981880984	-0.059017220173549385	-1.8162240294759422e-06	6.737875525238474e-06	-2.6523628606795504e-08
124800000.0	0.05943150099671172	-0.041530282657876	-0.06019839385451389	-1.805544125626017e-06	6.714107926993826e-06	-6.348657457637467e-08
125000000.0	0.05951049487577536	-0.0412477375018551	-0.06091848646205915	-1.8165827014647263e-06	6.757845234582656e-06	3.0487866132563433e-07
125200000.0	0.05956934490381123	-0.042458555681697985	-0.06088045558269737	-1.8195819656735035e-06	6.6466502247526465e-06	1.3856479409829565e-07
125400000.0	0.05962322781072121	-0.04228242940800782	-0.06231827331149923	-1.8176013469879095e-06	6.659523312465244e-06	3.6201507949068327e-07
125600000.0	0.05949522856917128	-0.04295272053196628	-0.061158619050638685	-1.8055606199100398e-06	6.5900185469446016e-06	-1.9476749455553318e-07
125800000.0	0.05912327141728787	-0.0395136126261353	-0.061037946915577034	-1.6938989270008473e-06	6.84784895668411e-06	-5.179911827625297e-07
126000000.0	0.059052237039071274	-0.039499242329389304	-0.06058422506148229	-1.680160113247174e-06	6.845987803302338e-06	-7.287565219376838e-07
126200000.0	0.05947241248713115	-0.039555295393303436	-0.0611009154148222	-1.728853049695365e-06	6.865695446893203e-06	3.3457573902864774e-07
126400000.0	0.05938699115985739	-0.03910772563602078	-0.05996714323453441	-1.707469003807078e-06	6.906464560807759e-06	1.9431769133896366e-07
126600000.0	0.05957256168113855	-0.037972626618207286	-0.05949326089648086	-1.6989812998312993e-06	7.0008962426270965e-06	8.745852537776587e-07
126800000.0	0.05978612994191912	-0.03934477381672216	-0.05884541430888328	-1.7753059871149597e-06	6.915776744419004e-06	1.118325439095718e-06
127000000.0	0.05986550724705923	-0.040653876265229594	-0.05928381712767942	-1.8302607096076324e-06	6.826864240091113e-06	1.0721466722742595e-06
127200000.0	0.06000338973011761	-0.040258865246818154	-0.059016031089152605	-1.8321508115614035e-06	6.852146869900606e-06	1.4366304232310088e-06
127400000.0	0.06014463330424417	-0.03916328488537454	-0.057494453218466066	-1.8088353059822878e-06	6.925360272805985e-06	1.880420463104018e-06
127600000.0	0.06000148569688595	-0.04016819943508574	-0.05797603921631098	-1.8310720352505517e-06	6.872829597400182e-06	1.430957422027612e-06
127800000.0	0.06050858710642662	-0.04015794097731266	-0.05969274215516384	-1.886403517242188e-06	6.834576388154327e-06	2.4281857895639223e-06
128000000.0	0.06033780471483656	-0.04023090122995528	-0.05828701962779004	-1.8778593850810615e-06	6.8552883945134446e-06	2.1093003955204883e-06
128200000.0	0.060307276575850575	-0.039838848776925236	-0.059915142340213584	-1.8373910027697568e-06	6.855317035969342e-06	2.0948390811941836e-06
128400000.0	0.05980649051251315	-0.039902969529515886	-0.05920161199639268	-1.771804825546789e-06	6.89088178912179e-06	1.1832006349709648e-06
128600000.0	0.060586010264782865	-0.04033753145325468	-0.06021327820782628	-1.8978405252281803e-06	6.815598225281921e-06	2.449485044761301e-06
128800000.0	0.06100671111715953	-0.0409818313163921	-0.060749848719832175	-1.9998863365361677e-06	6.765015743767032e-06	3.1195805032306173e-06
129000000.0	0.06099120129211187	-0.0414973960960414	-0.061723439759594254	-2.0219924859328514e-06	6.745661093483474e-06	3.043733383117433e-06
129200000.0	0.06050937735306822	-0.042126097826342836	-0.06262297302839077	-1.983436217366726e-06	6.761525670698223e-06	2.233541788272928e-06
129400000.0	0.06043667285811675	-0.043274757563071996	-0.06237559390883337	-2.046308915885299e-06	6.756753197031552e-06	2.0179808569381788e-06
129600000.0	0.06081972145285297	-0.043322839550574754	-0.062416101599301686	-2.1132802267347763e-06	6.728322216015228e-06	2.612949190546453e-06
129800000.0	0.06041036200667964	-0.04324393316983078	-0.06282382037243842	-2.0381750280257293e-06	6.754175394041256e-06	2.0139415886049043e-06
130000000.0	0.0611102664399276	-0.04332845795079503	-0.06356917357376592	-2.1655337344147616e-06	6.696720556996069e-06	3.080893457588783e-06
130200000.0	0.061444984183428905	-0.0426463190984884	-0.06241008985128614	-2.190610477133575e-06	6.682605779752342e-06	3.620987155001937e-06
130400000.0	0.062050755518835016	-0.04427043218499897	-0.0619610534603411	-2.4030862026213567e-06	6.665532724900517e-06	4.372886983289638e-06
130600000.0	0.06122973323611865	-0.044247855251608056	-0.06252866631438189	-2.240389670675484e-06	6.71146763185461e-06	3.1830273189936396e-06
130800000.0	0.061113774865550696	-0.04445756813865051	-0.06243417188018581	-2.2321709043202012e-06	6.724332331597138e-06	3.009605696690956e-06
131000000.0	0.060919029025892295	-0.04456860859089487	-0.06249741016296147	-2.203594653619278e-06	6.738192704419681e-06	2.745094372787825e-06
131200000.0	0.060759466006125154	-0.044183598009712284	-0.06409393221037062	-2.1392680051362477e-06	6.718128704191247e-06	2.5442565982415618e-06
131400000.0	0.06121317288982733	-0.0439640943953975	-0.06289199469681016	-2.2232901530457865e-06	6.70482532259818e-06	3.162731271015352e-06
131600000.0	0.061285257243028524	-0.045267307808338306	-0.06381966235637479	-2.30405214155457e-06	6.736619664639104e-06	3.2048791864235005e-06
131800000.0	0.06148249838414628	-0.04436316986923354	-0.06361795839187923	-2.298358831031429e-06	6.698759153277547e-06	3.502004349313902e-06
132000000.0	0.061662694717517993	-0.044943144251847075	-0.06190426829183039	-2.3719157324014674e-06	6.737956848251147e-06	3.7126078761922642e-06
132200000.0	0.060795950111535484	-0.04508869299220804	-0.06211840135736599	-2.2128838781943413e-06	6.766287485629897e-06	2.6382577843171816e-06
132400000.0	0.06054366356106067	-0.04542809804428712	-0.06243097743829105	-2.1742432724746473e-06	6.783739422355308e-06	2.3061733464166455e-06
132600000.0	0.0605505545340533	-0.04688792196180791	-0.06416135951823743	-2.227281188551016e-06	6.835346676535573e-06	2.2756855110956395e-06
132800000.0	0.06094191109391476	-0.047472601953268426	-0.06455853863318307	-2.3212678801071802e-06	6.857501135964238e-06	2.7301353862710613e-06
133000000.0	0.06093804145150585	-0.0471361981394379	-0.06476343457733573	-2.307115469244711e-06	6.837845933752091e-06	2.734010869235747e-06
133200000.0	0.06123321461889655	-0.046975185102143865	-0.06391347384366268	-2.3615432397192796e-06	6.840908176869179e-06	3.0933754981896534e-06
