-0.057110	-0.000919	-0.287655	-3.211226	1.235035	-0.584850	0.100000	-0.041419	-0.218764	-0.121650	
0.012916	-0.000282	0.013108	-3.197026	1.234260	-0.571509	0.100000	-0.001865	-0.103999	0.051455	
-0.020911	-0.007630	-0.002946	-3.216658	1.226136	-0.574227	0.100000	0.060297	-0.063781	-0.024611	
0.045745	0.044062	-0.002683	-3.169627	1.269708	-0.576680	0.100000	-0.036340	0.177071	0.033769	
-0.042064	0.027476	0.018779	-3.210423	1.296676	-0.557670	0.100000	-0.148909	0.098064	-0.117001	
0.024051	0.016168	-0.000735	-3.185088	1.312326	-0.558183	0.100000	-0.052251	0.124970	-0.154017	
-0.009482	0.033732	0.005489	-3.193297	1.345532	-0.552471	0.100000	0.045933	0.109590	-0.130010	
-0.018370	0.013519	-0.002995	-3.210390	1.358513	-0.555245	0.100000	0.093542	0.110338	0.095693	
0.005608	0.005309	0.002346	-3.203498	1.363279	-0.552677	0.100000	0.057963	-0.075778	0.201145	
-0.056474	0.034104	-0.012411	-3.258692	1.396838	-0.564867	0.100000	0.122344	-0.096019	-0.048209	
-0.022206	-0.009852	-0.005545	-3.279595	1.386427	-0.570186	0.100000	-0.050582	0.098184	0.187662	
-0.016867	0.015058	-0.011747	-3.295150	1.400930	-0.581705	0.100000	0.018905	-0.067311	0.018089	
0.068680	0.040625	0.000487	-3.225152	1.440995	-0.580986	0.100000	-0.042164	0.094432	0.091632	
0.010934	-0.001391	0.007967	-3.212929	1.439028	-0.572786	0.100000	-0.007488	-0.082761	0.098440	
0.071273	-0.003208	-0.007538	-3.140371	1.435244	-0.580095	0.100000	-0.083685	0.097451	0.078263	
0.027853	0.012336	-0.015343	-3.111261	1.447007	-0.595206	0.100000	0.193713	0.017058	-0.005367	
-0.048961	-0.002375	-0.007517	-3.158978	1.444053	-0.602485	0.100000	-0.030593	-0.057838	0.122589	
-0.051950	0.019045	-0.013959	-3.209665	1.462520	-0.616203	0.100000	0.100952	-0.084767	0.119060	
-0.040322	0.006365	0.010995	-3.248704	1.468301	-0.604962	0.100000	-0.010253	-0.002683	-0.015083	
0.029357	0.004847	0.006306	-3.218047	1.472561	-0.598414	0.100000	-0.049544	-0.022399	0.119079	
-0.029824	0.011251	-0.003897	-3.246584	1.483222	-0.602072	0.100000	-0.036407	0.038449	-0.139679	
-0.025405	-0.008818	-0.005770	-3.270691	1.473812	-0.607601	0.100000	0.063440	-0.136005	0.171690	
-0.034064	0.005841	0.001122	-3.303447	1.479064	-0.606236	0.100000	0.078990	-0.079462	0.003403	
-0.051717	-0.022297	-0.011760	-3.353843	1.456175	-0.617753	0.100000	-0.223718	0.044033	-0.124972	
0.094518	-0.003465	0.001201	-3.257983	1.452128	-0.616305	0.100000	0.132153	-0.045078	-0.018547	
-0.010955	0.018495	-0.008192	-3.267635	1.470042	-0.624250	0.100000	0.037592	-0.025205	-0.037618	
0.042409	-0.001504	-0.001128	-3.223919	1.467950	-0.625129	0.100000	-0.041340	-0.059892	-0.149541	
-0.058791	-0.017569	-0.004593	-3.281421	1.449794	-0.629472	0.100000	-0.205775	0.127274	0.003704	
0.007298	0.009096	0.010215	-3.272811	1.458311	-0.619004	0.100000	0.016192	-0.100401	0.121044	
0.011228	-0.006802	0.002047	-3.260273	1.450925	-0.616710	0.100000	-0.010947	-0.039920	-0.082444	
-0.030704	0.003117	0.004943	-3.289673	1.453461	-0.611520	0.100000	-0.093753	-0.035100	-0.143656	
0.013776	-0.020491	0.006737	-3.274581	1.432389	-0.604538	0.100000	0.123564	-0.103508	0.032997	
-0.023223	-0.019477	-0.002073	-3.296495	1.412339	-0.606369	0.100000	0.063321	-0.033958	0.062835	
-0.016394	-0.021051	-0.004257	-3.311570	1.390723	-0.610384	0.100000	0.063445	0.113183	0.147206	
0.074962	0.001977	-0.006430	-3.235284	1.392144	-0.616569	0.100000	0.084079	-0.033088	-0.026281	
-0.020002	0.024202	-0.018441	-3.253992	1.415789	-0.634764	0.100000	0.065295	-0.136180	0.100414	
-0.000585	-0.013972	-0.011714	-3.253276	1.401251	-0.646224	0.100000	0.144175	0.066837	-0.007514	
0.022453	-0.000156	0.008547	-3.229522	1.400534	-0.637418	0.100000	0.199747	0.119713	-0.132228	
0.050123	-0.017809	-0.008411	-3.178108	1.382166	-0.645575	0.100000	0.035069	0.099929	-0.039448	
0.017916	0.011022	-0.013642	-3.158921	1.392635	-0.658959	0.100000	0.105064	-0.011294	-0.018705	
-0.029797	-0.027079	0.006002	-3.187455	1.365000	-0.652693	0.100000	-0.148330	-0.098069	-0.101072	
-0.047181	-0.010811	-0.007573	-3.233361	1.353642	-0.660005	0.100000	0.030907	-0.033103	0.010162	
-0.034708	-0.012559	-0.004324	-3.266776	1.340542	-0.664065	0.100000	-0.072315	0.029009	0.008444	
0.003974	0.026633	-0.001993	-3.261495	1.366639	-0.665792	0.100000	-0.062702	0.072503	-0.087346	
-0.010555	0.023251	-0.001516	-3.270746	1.389343	-0.667042	0.100000	-0.147406	0.130943	-0.068240	
0.042280	0.014611	-0.001377	-3.227159	1.403399	-0.668153	0.100000	-0.004244	0.097680	-0.004517	
0.042612	0.013906	-0.004634	-3.183256	1.416744	-0.672519	0.100000	0.007654	0.044750	0.013246	
-0.031392	0.020348	-0.003953	-3.213375	1.436525	-0.676203	0.100000	-0.038971	0.075519	0.051810	
-0.036214	0.026224	-0.002243	-3.248304	1.462175	-0.678176	0.100000	0.092711	-0.088298	0.137051	
-0.101243	0.018006	0.005406	-3.348248	1.479596	-0.672499	0.100000	0.138195	0.072836	0.062597	
0.022456	-0.040439	0.006706	-3.324453	1.438566	-0.665524	0.100000	0.106017	-0.018705	0.255539	
0.075374	-0.038586	0.009632	-3.247749	1.399405	-0.655626	0.100000	0.012827	-0.112716	-0.115634	
-0.021830	0.020313	0.004191	-3.268280	1.419158	-0.651173	0.100000	0.028247	-0.131229	0.002448	
-0.018871	-0.019385	-0.005028	-3.285844	1.399206	-0.655941	0.100000	0.065372	-0.149296	-0.004110	
-0.025749	-0.004668	0.008794	-3.310279	1.393979	-0.646885	0.100000	-0.016138	0.029472	0.024809	
0.035405	-0.023488	-0.007710	-3.273550	1.369933	-0.654336	0.100000	-0.064809	-0.134493	-0.014814	
0.011019	0.015727	-0.002202	-3.261222	1.385112	-0.656276	0.100000	0.050230	0.070194	0.265858	
-0.035767	0.005234	-0.008404	-3.295684	1.389792	-0.664417	0.100000	0.054032	0.046311	-0.080797	
0.023062	-0.017742	0.004958	-3.271304	1.371494	-0.659193	0.100000	0.050465	0.046198	0.067133	
0.013442	0.013874	-0.004830	-3.256554	1.384819	-0.663760	0.100000	0.026857	-0.226731	0.097127	
0.024066	0.014117	-0.012686	-3.231186	1.398382	-0.676180	0.100000	-0.061631	0.141698	-0.083999	
0.053647	-0.019604	-0.000773	-3.176247	1.378219	-0.676683	0.100000	-0.161657	-0.039530	-0.101964	
0.030110	0.005554	-0.001023	-3.144867	1.383222	-0.677436	0.100000	-0.010284	-0.131261	-0.039466	
-0.010620	-0.004956	-0.010503	-3.154229	1.377713	-0.687668	0.100000	-0.061051	-0.058210	-0.115996	
-0.038249	0.008484	0.014862	-3.191216	1.385646	-0.672530	0.100000	0.035184	0.064309	0.049664	
0.055035	0.004609	-0.008468	-3.134906	1.389701	-0.680729	0.100000	-0.010520	-0.147431	0.103670	
-0.065952	0.006131	-0.002880	-3.199604	1.395276	-0.683337	0.100000	0.074615	0.092578	-0.137682	
-0.021623	-0.010830	-0.002816	-3.219947	1.383888	-0.685880	0.100000	0.184211	0.150530	0.132991	
-0.157861	0.012376	0.000440	-3.376520	1.395710	-0.685165	0.100000	0.017631	0.046022	0.133533	
-0.000030	-0.018129	0.007138	-3.375200	1.377023	-0.677753	0.100000	0.176691	0.036912	-0.039211	
0.024522	-0.019699	-0.007836	-3.349328	1.356773	-0.685318	0.100000	-0.167015	-0.052749	0.077282	
-0.016029	-0.003959	-0.000350	-3.364018	1.352271	-0.685394	0.100000	0.006395	0.022406	-0.009613	
0.009596	-0.007741	-0.008314	-3.353077	1.343989	-0.693434	0.100000	-0.025452	-0.080331	0.011605	
0.018962	-0.034035	0.004786	-3.332774	1.309417	-0.688371	0.100000	0.014368	-0.090929	0.010618	
0.006877	-0.008856	0.002599	-3.324565	1.300037	-0.685496	0.100000	0.022937	0.059293	0.050957	
0.050412	-0.011125	0.010851	-3.272823	1.288392	-0.674372	0.100000	-0.016418	0.049885	-0.101942	
-0.030382	0.001245	0.007094	-3.301897	1.289121	-0.667008	0.100000	0.168399	-0.049847	0.089727	
0.021113	-0.004053	-0.000487	-3.279463	1.284553	-0.667228	0.100000	-0.038899	-0.002675	-0.091629	
0.024308	0.015133	-0.000254	-3.253844	1.299172	-0.667215	0.100000	-0.143425	0.033268	0.115525	
-0.009417	0.008600	0.001725	-3.261960	1.307253	-0.665223	0.100000	0.076050	0.142919	-0.029298	
0.009432	0.004891	0.006847	-3.251223	1.311621	-0.658110	0.100000	-0.106551	-0.021419	0.061238	
-0.065210	0.008178	-0.005535	-3.315133	1.319274	-0.663382	0.100000	-0.041428	-0.026874	0.062086	
0.017557	-0.011667	-0.000404	-3.296250	1.307079	-0.663521	0.100000	0.021047	-0.065112	0.126890	
-0.039429	0.007439	-0.001160	-3.334361	1.313996	-0.664415	0.100000	0.074264	-0.119973	0.065906	
0.018504	0.001930	-0.001259	-3.314524	1.315400	-0.665408	0.100000	-0.039205	-0.024542	0.083655	
-0.017957	-0.015964	-0.009342	-3.331155	1.298910	-0.674484	0.100000	0.027628	0.035174	0.008110	
0.025382	0.021667	0.002623	-3.304441	1.320057	-0.671592	0.100000	0.138002	0.037803	-0.059092	
0.041020	-0.010093	0.003307	-3.262099	1.309437	-0.668016	0.100000	0.019494	-0.070340	-0.111682	
0.016181	-0.011332	-0.008185	-3.244613	1.297581	-0.675934	0.100000	0.014415	0.137939	-0.030318	
-0.017968	0.004872	0.001860	-3.261284	1.301934	-0.673804	0.100000	0.081495	0.154567	-0.004755	
-0.025325	-0.017595	0.005378	-3.285305	1.283818	-0.668157	0.100000	-0.046238	0.000286	0.103527	
0.008662	-0.035694	-0.012284	-3.275329	1.247611	-0.680174	0.100000	-0.138915	0.053363	0.184706	
0.036837	-0.005104	0.000765	-3.237182	1.242008	-0.679138	0.100000	0.078840	-0.140529	-0.070734	
0.026876	-0.025202	0.003559	-3.209011	1.216309	-0.675307	0.100000	0.186136	0.182009	0.040599	
0.006065	-0.035923	0.014646	-3.201663	1.179900	-0.660391	0.100000	0.119675	-0.000256	-0.080763	
0.016961	0.026338	0.002683	-3.183422	1.205767	-0.657444	0.100000	0.113031	0.055679	0.044449	
-0.028211	-0.036700	-0.000376	-3.210360	1.168585	-0.657557	0.100000	-0.023357	-0.042535	-0.093930	
0.028360	0.001852	0.001638	-3.180716	1.169969	-0.655656	0.100000	-0.007697	-0.106417	0.281484	
0.035275	-0.025793	-0.003486	-3.144169	1.143709	-0.658880	0.100000	0.065279	-0.076520	0.027419	
-0.095498	0.008759	-0.001445	-3.238409	1.152011	-0.660062	0.100000	0.017993	-0.125499	0.013627	
-0.026316	0.000299	-0.000740	-3.263431	1.151849	-0.660538	0.100000	-0.226999	0.011037	0.059886	
0.030032	0.024923	-0.006035	-3.232094	1.176311	-0.666308	0.100000	0.153152	0.008198	-0.033745	
-0.018384	0.024762	-0.003008	-3.249185	1.200602	-0.669050	0.100000	0.012277	-0.083420	0.008875	
0.065685	0.020122	-0.003575	-3.182200	1.220244	-0.672357	0.100000	0.075368	0.103450	0.141940	
0.007806	-0.006600	-0.010920	-3.173121	1.213156	-0.683009	0.100000	-0.024980	0.066653	0.083608	
-0.037530	-0.008199	0.010958	-3.209382	1.204472	-0.671777	0.100000	-0.002417	-0.034255	-0.128060	
-0.002502	-0.005517	-0.010325	-3.210601	1.198473	-0.681833	0.100000	-0.234657	0.067121	0.018562	
-0.007787	0.000944	-0.002175	-3.217104	1.198938	-0.683735	0.100000	0.031317	0.002084	0.136864	
0.099435	-0.004537	0.005564	-3.116382	1.193922	-0.677898	0.100000	0.006164	0.055530	0.107150	
0.041680	-0.006593	0.007199	-3.073456	1.186851	-0.670428	0.100000	-0.139992	0.101606	0.166402	
0.026450	-0.015650	0.001436	-3.045777	1.170727	-0.668724	0.100000	0.204496	0.049668	0.029086	
-0.100058	0.017314	-0.001776	-3.144617	1.187572	-0.670232	0.100000	0.061035	-0.107669	0.044654	
-0.011660	0.009145	0.001848	-3.155019	1.196242	-0.668116	0.100000	-0.004205	0.088343	0.061165	
-0.019155	0.004159	0.001097	-3.172913	1.199923	-0.666752	0.100000	0.146588	-0.018019	0.047235	
0.019397	-0.007176	0.012395	-3.152247	1.192267	-0.654090	0.100000	0.100734	-0.168356	-0.146788	
0.028906	0.000610	-0.009080	-3.122080	1.192400	-0.662909	0.100000	0.063656	-0.132364	0.106114	
0.000139	0.004836	0.001280	-3.120693	1.196759	-0.661364	0.100000	-0.007668	0.040992	0.038629	
-0.003212	0.027329	-0.000083	-3.122657	1.223609	-0.661182	0.100000	-0.057490	-0.060433	0.018541	
-0.008275	0.011522	0.008449	-3.129684	1.234642	-0.652469	0.100000	-0.033328	-0.207398	-0.270398	
-0.006830	-0.002956	-0.003249	-3.135262	1.231193	-0.655457	0.100000	0.087889	0.088345	0.040650	
0.036681	-0.001135	0.014344	-3.097327	1.229565	-0.640851	0.100000	0.044618	0.059278	-0.009306	
0.060087	-0.002018	0.002592	-3.036001	1.227056	-0.638003	0.100000	0.012113	0.057078	-0.170646	
0.043030	-0.024674	-0.001488	-2.991757	1.201891	-0.639236	0.100000	0.311494	0.037747	0.151384	
-0.037998	-0.007686	-0.007808	-3.028559	1.193724	-0.646788	0.100000	0.013846	0.307526	-0.073867	
0.015436	0.002261	-0.004497	-3.011912	1.195508	-0.651026	0.100000	-0.006211	-0.035031	0.050710	
-0.035651	0.007659	-0.011260	-3.046359	1.202689	-0.662026	0.100000	0.082590	-0.041633	0.041386	
-0.049498	-0.006987	-0.004600	-3.094638	1.195221	-0.666361	0.100000	0.147597	0.203185	0.025869	
-0.024683	0.000057	0.006533	-3.118083	1.194799	-0.659561	0.100000	-0.070937	-0.003440	-0.016988	
-0.070770	0.012566	-0.006208	-3.187606	1.206887	-0.665505	0.100000	-0.062369	-0.027627	0.111241	
-0.060115	-0.011760	-0.004504	-3.246447	1.194645	-0.669743	0.100000	-0.086374	-0.071710	-0.049393	
0.024651	0.000331	0.005554	-3.220498	1.194498	-0.663922	0.100000	0.119198	0.112008	0.142231	
0.044413	0.006545	-0.000133	-3.174796	1.200565	-0.663789	0.100000	-0.155903	0.054107	-0.067847	
-0.032557	0.025054	0.002217	-3.206083	1.225139	-0.661306	0.100000	-0.041052	-0.054640	-0.013821	
-0.027667	0.018107	-0.004686	-3.232468	1.242756	-0.665728	0.100000	-0.037114	0.085787	-0.104114	
-0.006548	0.010034	0.004522	-3.237723	1.252293	-0.660940	0.100000	0.252667	-0.084024	-0.158092	
-0.051337	0.017545	-0.004919	-3.287765	1.269337	-0.665594	0.100000	0.010234	0.099899	0.136984	
-0.024332	-0.014122	-0.000618	-3.310781	1.254707	-0.665946	0.100000	-0.086627	-0.116823	0.021139	
-0.019003	-0.006530	-0.005590	-3.328460	1.247676	-0.671270	0.100000	0.081517	-0.196325	0.082250	
-0.078921	-0.015510	0.003669	-3.406050	1.231667	-0.667332	0.100000	0.217870	-0.004086	0.144775	
-0.003192	-0.025538	0.003994	-3.407879	1.205636	-0.663071	0.100000	0.087335	0.009429	0.227662	
0.032888	-0.027653	0.003060	-3.373628	1.177500	-0.659747	0.100000	-0.133671	0.036744	0.159552	
0.008669	-0.020789	-0.003983	-3.363610	1.156240	-0.663466	0.100000	-0.167637	0.069633	0.016700	
0.007203	-0.039059	0.003493	-3.355062	1.116719	-0.659708	0.100000	-0.069587	0.062625	0.029312	
0.003352	-0.011593	-0.004694	-3.350368	1.104679	-0.664137	0.100000	-0.011407	-0.241019	0.096922	
0.044500	0.002890	-0.001156	-3.304528	1.107127	-0.665028	0.100000	-0.101882	-0.126538	-0.017316	
-0.042787	-0.009807	-0.006234	-3.345994	1.096878	-0.670996	0.100000	0.047404	-0.024674	-0.005030	
-0.013182	0.013953	0.003362	-3.357837	1.110392	-0.667366	0.100000	0.108768	-0.078439	-0.071568	
-0.015839	-0.001884	-0.002774	-3.372333	1.108065	-0.669873	0.100000	-0.020557	0.041540	-0.131132	
0.036520	0.021226	0.005651	-3.334465	1.128847	-0.663954	0.100000	-0.133914	-0.100312	-0.043953	
0.014771	0.000370	0.005345	-3.318360	1.128766	-0.658344	0.100000	0.009670	0.028364	0.196151	
0.041492	0.001930	0.008639	-3.275541	1.130244	-0.649442	0.100000	-0.021616	0.031656	0.095319	
-0.053140	0.011596	0.000305	-3.327371	1.141388	-0.648877	0.100000	-0.052469	0.118452	0.111314	
0.043731	-0.011793	-0.016096	-3.282309	1.129139	-0.664714	0.100000	-0.019353	0.003444	0.123541	
-0.072576	0.005608	-0.012091	-3.353572	1.134296	-0.676539	0.100000	-0.199626	0.021486	-0.316397	
-0.005926	0.002339	-0.003252	-3.358157	1.136181	-0.679520	0.100000	0.045843	0.099700	0.124580	
0.048423	0.002897	0.004803	-3.308391	1.138624	-0.674445	0.100000	0.100712	-0.122449	-0.049926	
-0.022436	-0.002844	-0.014077	-3.329504	1.135325	-0.688252	0.100000	-0.067993	-0.192699	0.139731	
-0.052584	-0.010994	-0.009419	-3.380756	1.123876	-0.697396	0.100000	-0.182716	0.012636	-0.053248	
-0.030210	0.017264	-0.009098	-3.409614	1.140691	-0.706216	0.100000	0.032027	0.078622	-0.068369	
0.002011	0.006032	-0.015632	-3.406240	1.146267	-0.721566	0.100000	-0.280569	0.123333	-0.136695	
0.018592	-0.012406	-0.008200	-3.386286	1.133403	-0.729477	0.100000	-0.094745	-0.031071	-0.155573	
-0.103448	-0.009186	0.008112	-3.488380	1.123764	-0.721073	0.100000	0.005344	-0.078269	-0.050418	
-0.007666	-0.004115	-0.006491	-3.494651	1.119200	-0.727276	0.100000	-0.160931	0.037377	0.092196	
-0.005195	0.026666	0.008755	-3.498448	1.145418	-0.718231	0.100000	0.017523	-0.168795	0.052411	
-0.038031	-0.004749	0.008401	-3.535079	1.140211	-0.709543	0.100000	-0.074560	-0.011287	-0.064044	
-0.053071	-0.001606	-0.005084	-3.586737	1.138149	-0.714343	0.100000	-0.038601	0.037745	0.065991	
0.029686	-0.006231	0.004227	-3.555616	1.131463	-0.709830	0.100000	-0.016669	0.050822	0.174631	
0.039395	-0.050789	0.008840	-3.514799	1.080222	-0.700706	0.100000	-0.093055	0.090776	-0.107255	
-0.011329	-0.036620	0.002944	-3.524722	1.043170	-0.697482	0.100000	-0.026050	-0.188032	-0.017830	
0.002199	0.022749	-0.002306	-3.521114	1.065501	-0.699509	0.100000	0.151369	-0.000842	-0.044139	
-0.020614	0.001837	-0.000201	-3.540320	1.066912	-0.699430	0.100000	-0.376799	0.057894	-0.098024	
0.059300	0.034204	-0.008367	-3.479604	1.100690	-0.707517	0.100000	0.067202	0.076274	0.036628	
0.022419	0.009765	-0.003243	-3.455793	1.110015	-0.710478	0.100000	0.072925	-0.010900	-0.018619	
0.056157	-0.016319	-0.019002	-3.398254	1.093252	-0.729196	0.100000	0.131350	-0.186262	-0.138675	
0.040222	-0.004466	-0.006559	-3.356673	1.088349	-0.735463	0.100000	-0.128461	-0.174307	-0.061467	
0.042008	0.003367	-0.006928	-3.313323	1.091281	-0.742096	0.100000	-0.020462	-0.150221	0.027934	
-0.062165	0.001509	-0.010951	-3.374163	1.092354	-0.752751	0.100000	0.032080	-0.014464	0.147060	
0.003998	0.006287	-0.001232	-3.368816	1.098204	-0.753682	0.100000	-0.040569	-0.076307	-0.007724	
-0.010794	-0.016159	0.001337	-3.378263	1.081606	-0.752043	0.100000	0.080041	-0.066188	-0.186911	
-0.035158	0.038329	0.002142	-3.412069	1.119502	-0.749600	0.100000	0.099693	-0.031673	0.104865	
-0.006996	-0.004445	-0.001807	-3.417700	1.114609	-0.751107	0.100000	-0.031038	-0.099392	-0.180459	
0.033405	0.003609	-0.009724	-3.382929	1.117772	-0.760531	0.100000	0.050451	-0.049867	-0.097024	
-0.041055	0.013889	0.002715	-3.422631	1.131214	-0.757512	0.100000	0.064292	-0.109695	-0.143063	
-0.062137	0.021612	0.005293	-3.483399	1.152374	-0.751915	0.100000	0.189002	0.286985	0.090387	
-0.025541	-0.005833	-0.010348	-3.507547	1.146081	-0.761963	0.100000	-0.081382	-0.027156	0.076430	
0.035592	-0.015079	-0.010170	-3.470552	1.130543	-0.771829	0.100000	-0.011461	0.076924	0.118410	
-0.032381	0.031513	0.003365	-3.501545	1.161604	-0.768155	0.100000	0.050850	0.169888	0.110246	
0.034779	-0.003241	-0.000268	-3.465365	1.157899	-0.768115	0.100000	-0.170151	-0.023287	-0.147020	
-0.048648	0.004999	-0.001784	-3.512627	1.162435	-0.769592	0.100000	-0.123608	0.050386	-0.101718	
0.054364	-0.012888	0.009315	-3.456858	1.149082	-0.759970	0.100000	0.011052	0.073635	0.147746	
-0.007891	-0.010594	0.006805	-3.463367	1.138028	-0.752861	0.100000	0.094995	-0.140690	0.131140	
0.011558	0.003128	0.005842	-3.450424	1.140701	-0.746717	0.100000	-0.079595	0.039827	0.093976	
0.014579	0.023087	0.005428	-3.434465	1.163331	-0.740991	0.100000	0.011897	-0.035294	-0.017584	
-0.008568	0.003310	0.007119	-3.441659	1.166176	-0.733576	0.100000	-0.144062	-0.053083	0.022185	
0.024675	0.002253	0.006194	-3.415608	1.167963	-0.727088	0.100000	-0.058423	0.005088	-0.089334	
-0.062102	0.015107	0.000900	-3.476343	1.182604	-0.725897	0.100000	-0.122735	0.081080	-0.058454	
-0.020584	0.012040	0.000948	-3.495537	1.194171	-0.724659	0.100000	-0.019845	0.021624	0.037421	
-0.014631	-0.026125	0.005750	-3.508770	1.167568	-0.718619	0.100000	0.220114	-0.057185	-0.023378	
0.022742	-0.001349	0.000922	-3.484625	1.165752	-0.717410	0.100000	0.036313	-0.051307	-0.143815	
-0.022006	-0.000948	0.003042	-3.505238	1.164338	-0.714082	0.100000	0.034837	-0.061849	0.040192	
-0.023291	-0.012475	0.003999	-3.527127	1.151397	-0.709797	0.100000	0.074624	0.170414	-0.017161	
-0.028718	-0.010465	0.005104	-3.554434	1.140472	-0.704409	0.100000	-0.058105	-0.120936	-0.038344	
-0.005142	0.022662	0.006741	-3.558155	1.162678	-0.697386	0.100000	0.069892	-0.062585	-0.071690	
0.011795	-0.005835	0.010565	-3.544937	1.156378	-0.686542	0.100000	0.041910	-0.055262	0.044129	
0.070381	-0.002973	0.015958	-3.473138	1.152943	-0.670310	0.100000	-0.055892	0.057743	0.000338	
0.013987	0.013878	-0.009498	-3.457762	1.166360	-0.679540	0.100000	-0.031730	0.113599	0.039540	
-0.023735	0.003564	0.006177	-3.480114	1.169458	-0.673092	0.100000	-0.038381	0.050561	0.049770	
0.008574	-0.010109	0.000868	-3.470149	1.158881	-0.671954	0.100000	-0.068975	-0.000057	-0.026819	
0.081910	-0.024158	-0.006775	-3.386851	1.134259	-0.678461	0.100000	-0.089079	0.008938	0.028694	
0.070100	0.019097	-0.006556	-3.315396	1.152903	-0.684746	0.100000	-0.055725	-0.033198	-0.090174	
0.068503	-0.004559	0.008892	-3.245567	1.147883	-0.675581	0.100000	-0.095251	-0.039640	0.073542	
-0.006388	-0.008485	-0.006348	-3.250658	1.138939	-0.681659	0.100000	-0.020708	0.057654	0.079370	
-0.072459	-0.023891	-0.005844	-3.321816	1.114592	-0.687230	0.100000	-0.080628	-0.058691	0.072106	
-0.015641	0.026357	0.013216	-3.336129	1.140504	-0.673739	0.100000	0.053924	0.031414	-0.026557	
0.063068	0.015752	-0.002641	-3.271727	1.155800	-0.676111	0.100000	0.058355	-0.026244	0.039238	
0.074338	0.019863	-0.007770	-3.196081	1.175201	-0.683610	0.100000	0.056757	-0.095571	0.061385	
-0.052790	0.018174	-0.002608	-3.247593	1.192905	-0.685944	0.100000	0.113925	0.122019	-0.078409	
0.047400	0.007219	0.004917	-3.198894	1.199646	-0.680753	0.100000	-0.147327	0.067591	0.184556	
0.047193	0.017030	-0.005749	-3.150422	1.216196	-0.686230	0.100000	-0.059944	0.059775	-0.002503	
-0.005945	0.017664	0.010540	-3.155107	1.233373	-0.675415	0.100000	0.063616	-0.058141	0.122887	
0.027045	-0.022066	0.004453	-3.126800	1.210815	-0.670692	0.100000	-0.089862	0.056756	0.029933	
0.050038	-0.003511	-0.006373	-3.075512	1.206819	-0.676798	0.100000	-0.274285	0.032270	0.058106	
0.025255	0.005622	0.000813	-3.049026	1.211958	-0.675714	0.100000	0.041344	-0.103564	-0.074400	
0.018003	-0.004460	0.005375	-3.029804	1.207014	-0.670068	0.100000	-0.033479	0.017864	0.016081	
-0.004985	-0.021744	0.000912	-3.033578	1.184788	-0.668888	0.100000	-0.053244	-0.191829	0.130697	
-0.008882	-0.005844	-0.011397	-3.041246	1.178469	-0.680018	0.100000	0.193236	-0.014251	-0.030130	
0.028883	-0.009764	0.005382	-3.011147	1.168234	-0.674365	0.100000	0.059297	-0.015897	-0.041451	
0.004447	-0.009770	-0.003839	-3.005496	1.157997	-0.677934	0.100000	-0.021905	-0.058933	-0.039498	
-0.007299	-0.016222	0.003437	-3.011593	1.141312	-0.674226	0.100000	0.121458	-0.102297	-0.212598	
0.001138	0.016193	-0.005353	-3.009251	1.157049	-0.679310	0.100000	0.015927	0.052570	0.162000	
0.011695	-0.021816	-0.000034	-2.996352	1.134770	-0.679072	0.100000	-0.143815	0.122651	0.032488	
0.075656	0.007953	0.003631	-2.919498	1.142269	-0.675170	0.100000	-0.045807	0.063599	0.066953	
0.047527	0.026871	-0.007648	-2.870803	1.168684	-0.682548	0.100000	-0.101989	0.079178	-0.030183	
-0.118572	0.010563	-0.022368	-2.988227	1.178780	-0.704643	0.100000	0.175279	0.019157	-0.047277	
-0.017484	-0.015223	0.004500	-3.004515	1.163085	-0.699861	0.100000	-0.062577	-0.028891	0.168532	
-0.003595	0.019922	0.002917	-3.006909	1.182542	-0.696664	0.100000	-0.108966	0.034712	-0.102456	
0.011402	0.010889	0.007052	-2.994304	1.192958	-0.689334	0.100000	0.026506	0.121538	-0.008036	
-0.040344	0.001539	-0.006428	-3.033451	1.194019	-0.695486	0.100000	-0.027595	0.082480	-0.186808	
-0.038132	0.010141	-0.001526	-3.070369	1.203683	-0.696733	0.100000	-0.145882	0.076501	0.089120	
0.009410	0.013284	-0.005798	-3.059731	1.216486	-0.702252	0.100000	-0.037665	0.254283	-0.057644	
-0.010983	0.015545	0.002720	-3.069491	1.231544	-0.699252	0.100000	-0.036158	-0.104744	0.106794	
0.003941	0.005655	-0.006405	-3.064322	1.236707	-0.705378	0.100000	0.004043	-0.025521	0.137683	
-0.072138	0.014386	0.005518	-3.135234	1.250598	-0.699577	0.100000	0.071226	0.054411	0.349302	
-0.034439	-0.025678	0.006036	-3.168419	1.224419	-0.693261	0.100000	0.012634	-0.027779	0.009045	
0.052108	-0.025353	0.004680	-3.115044	1.198576	-0.688303	0.100000	0.033670	0.125954	0.011718	
0.049304	-0.006947	0.002764	-3.064494	1.191150	-0.685264	0.100000	0.122652	0.066663	0.078069	
0.006732	-0.024043	0.002893	-3.056537	1.166631	-0.682097	0.100000	0.038450	-0.044763	-0.063741	
-0.044916	-0.013539	0.000376	-3.100230	1.152626	-0.681449	0.100000	-0.003452	0.159768	0.021797	
-0.036255	-0.034304	-0.002800	-3.135246	1.117861	-0.683977	0.100000	0.012981	-0.086680	-0.099277	
0.067021	0.003614	-0.009686	-3.066971	1.121028	-0.693389	0.100000	0.102225	-0.044016	0.020960	
0.010645	0.020243	-0.001862	-3.055099	1.140823	-0.694974	0.100000	0.133798	-0.030713	0.028184	
-0.041919	0.000264	0.006717	-3.095796	1.140631	-0.687979	0.100000	0.039105	-0.000639	-0.000334	
-0.016130	-0.031389	-0.002153	-3.110688	1.108786	-0.689857	0.100000	0.023864	0.002334	0.015937	
-0.009530	0.024103	-0.001603	-3.118974	1.132445	-0.691184	0.100000	0.148746	-0.006019	-0.073499	
0.081323	-0.019152	-0.003754	-3.036404	1.112841	-0.694662	0.100000	0.098000	0.070001	0.104965	
-0.076212	0.028995	0.007244	-3.111402	1.141391	-0.687140	0.100000	0.016266	0.144843	0.044780	
0.011763	0.015759	0.010853	-3.098395	1.156694	-0.676013	0.100000	0.055666	0.098302	0.143777	
0.011729	0.004477	0.007497	-3.085426	1.160708	-0.668245	0.100000	-0.098138	0.053306	-0.062075	
-0.022729	-0.001505	-0.004117	-3.106922	1.158739	-0.672095	0.100000	0.004505	0.013729	0.045040	
0.004594	0.036854	-0.001626	-3.101085	1.195130	-0.673452	0.100000	0.085046	0.007735	-0.088227	
0.007652	0.011916	-0.002591	-3.092193	1.206568	-0.675774	0.100000	-0.192300	0.091178	0.056187	
0.009487	0.002065	0.006693	-3.081469	1.208150	-0.668810	0.100000	0.042422	0.077147	-0.029363	
0.007852	-0.010898	-0.002592	-3.072385	1.196769	-0.671135	0.100000	-0.059059	-0.042514	0.021437	
0.073787	0.014639	0.006761	-2.997370	1.210929	-0.664105	0.100000	0.116816	0.255573	-0.035454	
-0.020878	0.028381	0.002413	-3.017049	1.238826	-0.661426	0.100000	0.133737	0.039397	0.109949	
0.001140	0.011761	0.004427	-3.014703	1.250092	-0.656735	0.100000	-0.036438	-0.082187	-0.085737	
-0.042324	0.011810	0.001006	-3.055821	1.261402	-0.655466	0.100000	0.242015	-0.010187	-0.229503	
-0.006866	0.005608	-0.004650	-3.061465	1.266505	-0.659854	0.100000	0.075159	-0.094751	-0.098774	
0.050093	0.027444	0.014336	-3.010148	1.293443	-0.645254	0.100000	0.016965	0.055336	0.024537	
-0.035121	-0.004742	0.005029	-3.044065	1.288184	-0.639967	0.100000	0.096810	-0.023167	-0.003985	
0.004181	0.030847	-0.008341	-3.038666	1.318516	-0.648051	0.100000	0.118214	0.199970	-0.135254	
-0.032343	-0.023200	0.003033	-3.069794	1.294789	-0.644760	0.100000	0.065539	0.045593	-0.196856	
0.042034	0.027486	0.003383	-3.026533	1.321757	-0.641119	0.100000	0.077538	0.158528	0.103251	
-0.008893	0.037230	0.012156	-3.034215	1.358459	-0.628707	0.100000	-0.018631	0.067183	0.033234	
0.013754	-0.016047	-0.008062	-3.019247	1.341869	-0.636517	0.100000	0.089417	-0.134686	-0.142724	
0.011274	-0.008028	0.011650	-3.006766	1.333304	-0.624613	0.100000	-0.044018	0.104993	0.071899	
0.038193	0.012555	-0.002066	-2.967370	1.345326	-0.626429	0.100000	-0.149952	-0.179522	-0.081709	
-0.031749	-0.006529	0.006236	-2.997933	1.338259	-0.619942	0.100000	0.093474	0.019797	-0.225124	
0.011448	0.016515	0.000203	-2.985286	1.354239	-0.619491	0.100000	-0.258154	-0.088447	0.097841	
0.040009	-0.009529	-0.000239	-2.944082	1.344169	-0.619482	0.100000	-0.019945	-0.080670	-0.182609	
0.008641	0.020884	-0.012920	-2.934263	1.364516	-0.632155	0.100000	0.028084	-0.069238	-0.089476	
-0.030376	0.003559	0.003071	-2.963466	1.367529	-0.628831	0.100000	0.112039	0.075447	0.030806	
-0.061300	0.022376	0.010173	-3.023580	1.389358	-0.618407	0.100000	-0.090377	-0.008400	0.041693	
0.072418	0.010654	0.006655	-2.949953	1.399457	-0.611505	0.100000	-0.027024	0.107139	0.055084	
-0.004869	-0.025116	0.002117	-2.953642	1.373782	-0.609143	0.100000	-0.087054	0.000620	0.017899	
-0.037690	0.001044	0.003387	-2.990150	1.374276	-0.605513	0.100000	0.024157	-0.003613	-0.092789	
-0.011266	-0.019058	-0.002395	-3.000221	1.354669	-0.607665	0.100000	0.098767	0.063238	-0.106193	
-0.067873	0.025914	0.000824	-3.066894	1.380041	-0.606598	0.100000	-0.112298	-0.155076	-0.069590	
0.044703	0.005658	0.004676	-3.020964	1.385147	-0.601679	0.100000	0.062407	-0.016902	-0.148844	
-0.053477	-0.015694	-0.020424	-3.073233	1.368900	-0.621863	0.100000	-0.167576	0.008426	-0.090451	
-0.099175	-0.011041	-0.000987	-3.171180	1.357312	-0.622602	0.100000	-0.002919	0.061774	0.106948	
-0.061115	-0.009917	0.015496	-3.231027	1.346851	-0.606857	0.100000	0.036952	0.201437	0.105487	
-0.002449	0.015948	-0.001633	-3.232184	1.362260	-0.608247	0.100000	0.059170	0.177592	-0.043669	
-0.007033	-0.001969	0.001917	-3.237925	1.359747	-0.606086	0.100000	-0.077174	-0.143759	0.013040	
-0.026938	-0.001795	-0.000644	-3.263568	1.357408	-0.606487	0.100000	-0.116437	-0.190770	-0.068698	
0.011183	0.026765	0.012476	-3.251080	1.383630	-0.593769	0.100000	0.038579	0.036844	0.006211	
0.028859	0.007940	0.004727	-3.220921	1.391017	-0.588805	0.100000	0.019823	0.082268	-0.134578	
-0.009764	0.008212	0.007046	-3.229396	1.398673	-0.581523	0.100000	0.054909	-0.123255	-0.167708	
0.014148	-0.020795	0.007049	-3.213957	1.377319	-0.574242	0.100000	0.001959	0.066066	0.158816	
-0.039399	-0.034539	-0.001210	-3.252071	1.342229	-0.575223	0.100000	0.083655	0.131957	-0.028221	
-0.069219	-0.005107	-0.011520	-3.319989	1.336585	-0.586512	0.100000	-0.002868	0.215818	-0.068143	
0.009157	0.013787	-0.015297	-3.309504	1.349837	-0.601575	0.100000	0.024440	0.050999	-0.102885	
-0.005291	0.022940	0.003604	-3.313471	1.372237	-0.597730	0.100000	-0.140509	0.064903	-0.101847	
0.014684	-0.014158	-0.004150	-3.297463	1.357531	-0.601641	0.100000	-0.004253	-0.038879	0.151482	
-0.059512	0.006811	-0.004248	-3.355656	1.363799	-0.605648	0.100000	0.080173	-0.034586	-0.007163	
-0.049066	0.013184	-0.002873	-3.403380	1.376438	-0.608279	0.100000	-0.011808	-0.175544	0.042334	
0.032480	0.000773	0.007143	-3.369539	1.376660	-0.600893	0.100000	0.042703	0.065148	-0.256526	
0.028872	0.017824	0.004394	-3.339319	1.393934	-0.596258	0.100000	0.099311	-0.074216	0.025493	
0.028743	-0.000151	0.005296	-3.309241	1.393226	-0.590724	0.100000	0.199860	0.046000	-0.096392	
-0.021649	-0.004059	-0.002520	-3.329566	1.388610	-0.593008	0.100000	-0.168488	0.158823	-0.023576	
-0.058760	0.008636	-0.002141	-3.386995	1.396690	-0.594912	0.100000	-0.069394	0.127090	0.020725	
0.023480	-0.010799	0.000999	-3.362161	1.385333	-0.593675	0.100000	-0.024289	-0.137846	0.000811	
0.004159	-0.020271	0.005561	-3.356657	1.364508	-0.587876	0.100000	0.181720	0.040532	0.031401	
0.033636	-0.001043	0.006429	-3.321679	1.362920	-0.581212	0.100000	0.049034	-0.122926	0.098230	
0.033673	0.013856	0.002670	-3.286678	1.376231	-0.578310	0.100000	-0.017051	-0.029029	0.017019	
0.041706	-0.010291	-0.010690	-3.243657	1.365389	-0.588768	0.100000	-0.130899	-0.101674	-0.040055	
0.043596	-0.008978	-0.005337	-3.198764	1.355865	-0.593870	0.100000	0.275862	-0.134262	0.095911	
0.016185	-0.007406	-0.007446	-3.181300	1.347917	-0.601078	0.100000	0.165412	0.016186	-0.106834	
0.023762	-0.021434	-0.016959	-3.156265	1.325944	-0.617796	0.100000	-0.052617	-0.020144	-0.080928	
0.018778	-0.019061	0.007384	-3.136225	1.306352	-0.610165	0.100000	-0.052906	0.054985	-0.081520	
-0.112694	0.010554	-0.014372	-3.247665	1.316384	-0.624293	0.100000	-0.054626	-0.044898	-0.071484	
0.000318	-0.004448	-0.014816	-3.246048	1.311409	-0.638860	0.100000	0.008281	-0.119026	0.010241	
-0.061807	0.003190	-0.000753	-3.306556	1.314075	-0.639357	0.100000	0.062307	-0.001004	0.154441	
0.007858	0.003109	0.006071	-3.297376	1.316658	-0.633030	0.100000	-0.112585	-0.061217	0.149111	
0.013364	0.002990	-0.006915	-3.282693	1.319121	-0.639692	0.100000	0.056423	-0.121287	-0.001167	
0.089367	0.007452	-0.006282	-3.192013	1.326046	-0.645718	0.100000	0.093494	0.026381	0.033885	
0.038345	-0.011829	0.000315	-3.152391	1.313687	-0.645145	0.100000	-0.046150	0.058153	0.014466	
-0.008735	0.051137	0.006158	-3.159866	1.364298	-0.638729	0.100000	0.090523	0.073679	-0.002849	
-0.034060	-0.016783	-0.011259	-3.192662	1.346970	-0.649732	0.100000	0.074350	-0.202573	0.029185	
-0.080305	-0.015884	0.004272	-3.271690	1.330547	-0.645201	0.100000	0.031124	0.017637	-0.019699	
-0.028246	0.026938	-0.002523	-3.298627	1.356953	-0.647465	0.100000	-0.013328	-0.184213	0.002625	
-0.049091	-0.012342	0.004459	-3.346399	1.344068	-0.642747	0.100000	-0.102211	0.015064	-0.030382	
0.019676	0.000890	0.005966	-3.325384	1.344421	-0.636525	0.100000	-0.053753	0.157477	-0.069229	
0.008195	-0.014580	-0.001875	-3.315860	1.329303	-0.638145	0.100000	-0.055659	-0.127680	-0.059548	
0.002305	0.002546	0.002150	-3.312229	1.331317	-0.635741	0.100000	-0.041310	-0.059124	-0.037770	
-0.040105	0.011356	-0.008887	-3.351009	1.342140	-0.644374	0.100000	-0.015385	-0.035086	0.013256	
-0.004439	0.001175	0.003252	-3.354108	1.342778	-0.640864	0.100000	-0.014061	0.107250	0.006467	
-0.002950	0.012649	0.001661	-3.355717	1.354890	-0.638946	0.100000	-0.052484	0.030876	-0.106053	
0.064334	-0.027959	0.007555	-3.290041	1.326389	-0.631136	0.100000	-0.035063	0.081110	0.023667	
-0.025562	-0.003348	-0.000833	-3.314287	1.322510	-0.631716	0.100000	0.036655	-0.174172	0.128200	
0.020382	0.002188	-0.001089	-3.292580	1.324169	-0.632553	0.100000	-0.102549	-0.013932	-0.028344	
0.038859	-0.001295	-0.003634	-3.252404	1.322345	-0.635934	0.100000	-0.051317	-0.106594	-0.122096	
0.017262	0.003872	-0.000050	-3.233841	1.325689	-0.635730	0.100000	-0.128281	0.109090	0.052140	
0.057963	-0.005040	0.009869	-3.174584	1.320118	-0.625607	0.100000	0.115085	-0.019764	0.041569	
0.054456	-0.007994	0.000870	-3.118859	1.311597	-0.624487	0.100000	-0.121261	-0.022532	-0.047144	
0.071575	0.002084	-0.001700	-3.046036	1.313156	-0.625937	0.100000	-0.094035	0.035705	-0.005068	
-0.042372	0.016797	0.000087	-3.087190	1.329428	-0.625600	0.100000	0.055881	0.154250	-0.050336	
0.020254	-0.004679	-0.001869	-3.065701	1.324217	-0.627219	0.100000	-0.008162	0.173885	0.026858	
0.006056	0.034812	-0.003099	-3.058420	1.358499	-0.630067	0.100000	-0.023917	-0.114653	-0.161744	
0.061218	0.009136	0.009305	-2.995979	1.367092	-0.620510	0.100000	0.089758	-0.026306	0.277978	
0.048987	0.014054	0.008145	-2.945794	1.380599	-0.612117	0.100000	-0.116965	0.006828	-0.181866	
-0.051704	-0.019110	-0.004775	-2.996320	1.360937	-0.616647	0.100000	-0.081442	0.024768	0.039644	
0.012597	-0.019768	-0.002274	-2.982525	1.340625	-0.618674	0.100000	0.019233	0.119844	-0.000597	
0.056859	0.012115	0.011158	-2.924473	1.352203	-0.607269	0.100000	-0.081075	-0.001426	-0.072685	
-0.051967	0.003477	-0.003222	-2.975270	1.355139	-0.610249	0.100000	-0.089183	-0.131625	-0.118741	
-0.019692	0.001503	0.010139	-2.993772	1.356100	-0.599865	0.100000	0.015312	-0.144140	-0.107868	
-0.021709	0.011490	0.005713	-3.014284	1.367047	-0.593913	0.100000	0.014510	0.178681	-0.106031	
-0.027920	0.000613	-0.001133	-3.040998	1.367114	-0.594808	0.100000	-0.032097	-0.015769	-0.019221	
-0.013784	-0.000951	0.002398	-3.053566	1.365616	-0.592172	0.100000	0.161841	-0.150419	0.011621	
0.053368	-0.000656	-0.011045	-2.998977	1.364415	-0.602980	0.100000	0.044787	0.050697	0.055768	
0.087115	0.023712	-0.005940	-2.910663	1.387581	-0.608679	0.100000	-0.078738	0.001655	0.001043	
-0.007537	-0.015442	0.006901	-2.917036	1.371584	-0.601534	0.100000	-0.023198	0.135607	-0.077656	
-0.017849	0.004783	0.001201	-2.933718	1.375819	-0.600093	0.100000	0.047759	0.013026	0.086551	
0.061531	0.004395	-0.000810	-2.871014	1.379664	-0.600663	0.100000	-0.155611	-0.137350	0.165786	
-0.011868	-0.017663	-0.005255	-2.881734	1.361449	-0.605678	0.100000	-0.093388	0.114422	-0.043924	
-0.003029	-0.027347	0.016549	-2.883610	1.333558	-0.588886	0.100000	0.131916	-0.054576	0.000886	
0.071697	-0.002437	-0.001122	-2.810760	1.330588	-0.589773	0.100000	-0.107015	0.098052	-0.024000	
-0.010471	0.010169	0.013178	-2.820107	1.340224	-0.576359	0.100000	0.146960	-0.129610	-0.105720	
-0.023211	0.014418	-0.003339	-2.842190	1.354106	-0.579468	0.100000	-0.066194	0.021517	-0.056990	
0.023272	0.017481	0.008682	-2.817781	1.371046	-0.570554	0.100000	-0.021007	0.008057	0.035380	
0.011578	0.004259	-0.005202	-2.805076	1.374756	-0.575528	0.100000	-0.040747	-0.097118	0.070994	
0.003520	-0.004416	-0.002539	-2.800434	1.369791	-0.577837	0.100000	-0.045164	-0.059743	-0.044957	
0.053507	0.017964	-0.007011	-2.745808	1.387207	-0.584618	0.100000	0.016644	-0.124911	0.043275	
-0.044490	0.015794	-0.008757	-2.789200	1.402446	-0.593140	0.100000	0.009826	-0.194204	-0.040123	
0.012936	-0.028176	0.002163	-2.775148	1.373709	-0.590740	0.100000	-0.081794	0.050574	0.057004	
0.019044	0.008931	-0.004899	-2.754994	1.382091	-0.595403	0.100000	0.016574	-0.074298	-0.051306	
0.008212	-0.000398	0.001253	-2.745680	1.381140	-0.593912	0.100000	-0.142546	-0.015289	0.048149	
-0.028684	-0.024120	-0.002362	-2.773265	1.356467	-0.596036	0.100000	-0.012917	0.080711	0.134923	
0.053977	0.009783	-0.004486	-2.718179	1.365708	-0.600284	0.100000	-0.137680	-0.191048	0.087010	
-0.015688	-0.001560	0.010514	-2.732780	1.363602	-0.589530	0.100000	-0.080339	-0.088944	0.198136	
0.020780	0.015416	0.005429	-2.710907	1.378473	-0.583865	0.100000	-0.028300	0.064965	-0.035167	
-0.030561	-0.031785	-0.004270	-2.740384	1.346136	-0.587902	0.100000	-0.224900	0.043556	-0.177747	
-0.057536	0.002036	0.000811	-2.796824	1.347634	-0.586856	0.100000	-0.070607	-0.029793	0.169130	
-0.021164	0.010460	-0.003587	-2.816869	1.357555	-0.590208	0.100000	0.010320	-0.108630	0.168515	
-0.010776	0.009128	0.009056	-2.826519	1.366140	-0.580916	0.100000	-0.149869	0.096699	0.031150	
-0.030395	0.007162	-0.012073	-2.855784	1.372756	-0.592757	0.100000	0.050592	0.011664	0.035042	
0.003676	-0.000088	-0.004929	-2.850966	1.372119	-0.597448	0.100000	0.025435	-0.013394	-0.006820	
0.055356	-0.013149	0.005982	-2.794469	1.358421	-0.591227	0.100000	0.100651	0.151252	0.044931	
