0.000000	0.000000	0.000000	0.512821	2.114969	-0.605830	
-0.004625	0.030621	0.002285	0.507991	2.144744	-0.603302	
-0.002028	0.037664	0.011191	0.505760	2.181550	-0.591870	
-0.001747	-0.026410	-0.007306	0.503810	2.154267	-0.598939	
-0.004776	0.057689	-0.013538	0.498833	2.211094	-0.612238	
0.007801	-0.026215	-0.007222	0.506434	2.183995	-0.619215	
-0.017773	0.015270	-0.004459	0.488459	2.198392	-0.623427	
-0.002060	-0.000544	-0.001530	0.486204	2.196968	-0.624707	
-0.006516	0.012718	-0.004191	0.479494	2.208808	-0.628649	
0.003586	0.009004	0.005170	0.482888	2.216929	-0.623228	
0.005683	-0.026494	0.001815	0.488377	2.189548	-0.621163	
0.010538	-0.033744	0.008370	0.498720	2.154929	-0.612544	
0.015380	0.021835	-0.005386	0.513900	2.175902	-0.617685	
0.003468	0.024289	0.006743	0.517162	2.199321	-0.610696	
0.010233	0.033290	0.006198	0.527189	2.231732	-0.604254	
0.008852	-0.006599	0.012107	0.535830	2.224240	-0.591905	
-0.008632	0.009871	-0.006888	0.526983	2.233222	-0.598556	
0.003733	-0.031160	-0.000062	0.530505	2.201169	-0.598379	
-0.004547	0.030568	0.012716	0.525746	2.230856	-0.585424	
-0.003734	0.005491	-0.006116	0.521802	2.235456	-0.591305	
0.002186	0.034558	-0.003817	0.523780	2.269119	-0.594885	
0.001369	-0.022170	0.005854	0.524939	2.246042	-0.588794	
-0.006194	0.038140	0.002809	0.518535	2.283283	-0.585749	
-0.007062	-0.037196	-0.008209	0.511265	2.245174	-0.593723	
-0.004587	-0.008599	-0.001482	0.506474	2.235677	-0.594968	
0.002716	0.004143	0.000684	0.508987	2.238926	-0.594046	
0.005134	0.009017	0.001078	0.513918	2.247048	-0.592731	
-0.001637	-0.016433	-0.002732	0.512075	2.229716	-0.595226	
0.000056	-0.007102	0.004177	0.511927	2.221722	-0.590810	
-0.009628	-0.034173	0.001834	0.502094	2.186661	-0.588741	
0.009331	-0.011098	0.004572	0.511224	2.174688	-0.583933	
-0.003977	-0.021145	-0.003625	0.507043	2.152674	-0.587324	
-0.013194	-0.023782	-0.003773	0.493646	2.128030	-0.590862	
0.004174	0.012915	0.006451	0.497622	2.140095	-0.584175	
-0.007540	0.000939	-0.001934	0.489883	2.140177	-0.585874	
0.000420	0.023738	-0.007811	0.490108	2.163060	-0.593451	
0.005679	0.009849	-0.013671	0.495591	2.172044	-0.606885	
-0.003358	-0.010529	0.002254	0.492034	2.160646	-0.604388	
0.000881	0.010228	0.000237	0.492718	2.170010	-0.603909	
-0.003445	-0.008846	0.017209	0.489076	2.160295	-0.586459	
-0.002656	0.002531	0.000223	0.486224	2.161963	-0.586001	
-0.005667	0.002647	0.004994	0.480363	2.163745	-0.580772	
-0.006746	0.023129	0.005700	0.473425	2.186009	-0.574840	
0.005067	-0.005177	-0.008798	0.478303	2.179958	-0.583408	
-0.002974	-0.002617	0.000873	0.475138	2.176469	-0.582302	
0.001930	-0.032381	-0.006903	0.476879	2.143218	-0.588972	
-0.001351	-0.039472	-0.000338	0.475337	2.102889	-0.589074	
0.009918	0.026719	-0.009206	0.485065	2.128767	-0.598045	
0.002106	-0.025125	-0.009787	0.486977	2.102790	-0.607593	
-0.005396	0.016162	0.003233	0.481386	2.118112	-0.604117	
0.012428	-0.002699	0.013118	0.493622	2.114565	-0.590757	
0.001251	0.022605	-0.003073	0.494675	2.136325	-0.593594	
-0.005639	-0.007441	0.008110	0.488838	2.128030	-0.585246	
-0.001758	-0.008820	0.013507	0.486884	2.118359	-0.571505	
-0.004085	-0.035888	-0.004832	0.482604	2.081623	-0.576109	
0.002843	0.022082	0.008790	0.485255	2.102873	-0.567089	
0.001358	0.039211	0.006797	0.486419	2.141243	-0.560065	
-0.004465	0.010289	0.008561	0.481759	2.150676	-0.551280	
-0.001168	-0.004886	0.006447	0.480398	2.144930	-0.544612	
-0.012204	0.021461	0.015892	0.468002	2.165533	-0.528502	
-0.003963	-0.017774	0.003873	0.463852	2.146893	-0.524418	
-0.008011	-0.012154	-0.001611	0.455655	2.133880	-0.525820	
0.008371	0.033263	-0.001729	0.463844	2.166290	-0.527339	
0.007589	-0.035225	-0.000213	0.471247	2.130199	-0.527341	
-0.001609	0.009153	0.003576	0.469450	2.138500	-0.523555	
-0.002754	0.006565	0.011477	0.466508	2.144209	-0.511868	
-0.003671	0.008407	0.002692	0.462651	2.151758	-0.508971	
-0.001752	0.008027	0.000042	0.460713	2.158924	-0.508726	
-0.001182	-0.004108	-0.008217	0.459347	2.153953	-0.516739	
-0.004029	-0.031956	0.008480	0.455135	2.121136	-0.508053	
0.004852	0.021775	0.008853	0.459805	2.142062	-0.498997	
-0.000066	0.037230	0.005088	0.459555	2.178435	-0.493709	
0.008707	0.014296	0.003385	0.468079	2.191860	-0.490127	
0.003480	-0.011924	0.010944	0.471371	2.179059	-0.478987	
-0.004465	-0.077450	0.005826	0.466718	2.100738	-0.472969	
-0.003593	-0.028577	0.002029	0.462938	2.071321	-0.470751	
0.001530	0.021704	-0.001871	0.464283	2.092197	-0.472434	
0.004200	0.009822	0.011064	0.468297	2.101182	-0.461181	
0.007407	0.027833	-0.010457	0.475517	2.128175	-0.471454	
0.003898	-0.010923	0.001360	0.479225	2.116401	-0.469905	
-0.000989	0.027101	0.006220	0.478044	2.142655	-0.463497	
0.013413	0.013812	0.012784	0.491267	2.155610	-0.450528	
0.003797	0.006228	-0.003897	0.494867	2.160977	-0.454244	
0.004516	-0.000998	-0.004376	0.499185	2.159114	-0.458439	
0.003628	0.016652	0.002606	0.502613	2.174903	-0.455650	
0.002453	-0.022215	-0.003243	0.504864	2.151819	-0.458711	
-0.008021	0.030236	-0.007719	0.496641	2.181195	-0.466246	
0.009784	-0.033738	-0.008165	0.506227	2.146585	-0.474225	
-0.000674	-0.003838	0.014044	0.505351	2.141889	-0.459992	
0.003608	0.023987	-0.004593	0.508757	2.165019	-0.464401	
0.008423	0.016698	0.005117	0.516977	2.180851	-0.459098	
0.004352	0.005807	0.003974	0.521122	2.185786	-0.454941	
-0.000577	-0.033449	-0.005072	0.520337	2.151462	-0.459831	
-0.003068	0.029029	-0.001327	0.517061	2.179631	-0.460975	
0.011981	-0.027318	0.002245	0.528835	2.151441	-0.458545	
0.010422	0.057469	0.008945	0.539045	2.208049	-0.449416	
-0.005750	0.027026	-0.008201	0.533080	2.234192	-0.457437	
-0.004018	-0.001792	-0.008546	0.528849	2.231506	-0.465800	
-0.003774	-0.018849	0.002067	0.524863	2.211765	-0.463547	
0.002781	0.016149	-0.007150	0.527435	2.227029	-0.470512	
-0.009660	-0.003453	-0.008995	0.517564	2.222686	-0.479318	
0.006956	0.013206	-0.006732	0.524313	2.235002	-0.485859	
0.006745	0.000197	-0.002002	0.530848	2.234306	-0.487667	
-0.006078	-0.009302	0.002555	0.524558	2.224110	-0.484917	
0.002179	-0.019979	0.014685	0.526527	2.203242	-0.470038	
-0.008893	-0.062871	-0.005487	0.517423	2.139489	-0.475336	
-0.002814	0.001663	0.004992	0.514402	2.140297	-0.470154	
0.004894	-0.034693	0.006742	0.519090	2.104748	-0.463224	
0.001107	-0.028661	-0.003650	0.519990	2.075246	-0.466689	
0.004324	-0.027345	-0.009152	0.524106	2.047071	-0.475654	
0.014807	0.028022	0.006422	0.538703	2.074274	-0.469042	
-0.003521	-0.006439	0.003741	0.534966	2.067006	-0.465113	
0.000107	0.016481	0.005431	0.534860	2.082661	-0.459496	
0.000224	-0.036968	0.001267	0.534869	2.044860	-0.458045	
0.000858	0.010567	-0.002412	0.535514	2.054608	-0.460274	
0.003639	-0.011518	-0.000224	0.538938	2.042269	-0.460314	
-0.007824	0.015939	-0.000330	0.530898	2.057391	-0.460460	
-0.005527	-0.010820	-0.005317	0.525160	2.045749	-0.465592	
0.006213	-0.010193	-0.004073	0.531163	2.034737	-0.469479	
-0.001981	-0.007817	0.011126	0.528969	2.026107	-0.458166	
0.002517	0.014607	0.003148	0.531275	2.039903	-0.454834	
0.001186	0.051929	-0.006080	0.532249	2.091017	-0.460733	
0.006211	0.011537	0.007789	0.538246	2.101717	-0.452759	
0.001752	0.023487	0.001715	0.539783	2.124364	-0.450863	
-0.004157	0.003064	0.000620	0.535410	2.126579	-0.450062	
0.002435	0.002222	0.001350	0.537631	2.127950	-0.448533	
-0.005649	0.006197	-0.010736	0.531767	2.133296	-0.459089	
0.002567	-0.039945	-0.003623	0.534121	2.092498	-0.462529	
-0.005702	-0.005445	0.003565	0.528205	2.086216	-0.458778	
0.013230	0.011962	0.025285	0.541224	2.097344	-0.433310	
-0.000991	-0.000666	0.002061	0.540016	2.095839	-0.431076	
0.005755	-0.056946	0.006187	0.545556	2.038055	-0.424717	
-0.004373	-0.002642	-0.007231	0.540964	2.034598	-0.431778	
-0.007712	-0.013730	-0.002018	0.533036	2.020054	-0.433623	
0.001728	0.005570	-0.002801	0.534551	2.024817	-0.436250	
0.002343	-0.003406	0.006374	0.536681	2.020601	-0.429702	
0.003636	-0.022919	0.002999	0.540102	1.996874	-0.426530	
-0.003254	0.086155	0.003911	0.536632	2.082231	-0.422449	
0.009371	-0.002644	-0.003259	0.545788	2.078755	-0.425540	
-0.000726	-0.003242	0.001041	0.544844	2.074681	-0.424329	
-0.007624	-0.009710	-0.004330	0.537003	2.064141	-0.428489	
0.001102	-0.009235	-0.005625	0.537890	2.054080	-0.433943	
0.002733	0.029856	0.006486	0.540408	2.083115	-0.427283	
0.005326	-0.026661	0.002937	0.545518	2.055621	-0.424175	
-0.007960	0.064200	-0.002024	0.537340	2.118999	-0.426029	
0.014693	0.012490	-0.003667	0.551818	2.130641	-0.429526	
0.008230	0.034304	0.001090	0.559827	2.164093	-0.428264	
0.004413	-0.014111	-0.005945	0.564016	2.149116	-0.434038	
0.004264	-0.041028	-0.008064	0.568055	2.107229	-0.441928	
-0.006499	-0.005693	0.003310	0.561329	2.100692	-0.438441	
0.007870	-0.030804	0.011551	0.568975	2.069048	-0.426715	
0.005017	0.002258	-0.011562	0.573764	2.070479	-0.438106	
0.015001	0.010369	0.001976	0.588535	2.080020	-0.435954	
-0.005241	0.048055	0.004298	0.583059	2.127243	-0.431482	
-0.004129	0.002304	-0.007392	0.578697	2.128696	-0.438702	
0.008966	0.024405	0.004333	0.587432	2.152250	-0.434193	
0.004861	0.013807	0.003166	0.592058	2.165196	-0.430854	
-0.007954	0.030863	-0.004414	0.583867	2.195193	-0.435096	
0.008145	0.007033	0.005148	0.591779	2.201348	-0.429774	
-0.003929	0.034167	0.005185	0.587614	2.234635	-0.424417	
-0.004807	0.016358	0.011622	0.582572	2.250099	-0.412625	
0.002097	-0.043810	0.004667	0.584436	2.205390	-0.407793	
0.000785	-0.000755	-0.007599	0.584987	2.203753	-0.415229	
-0.007007	-0.015610	0.005667	0.577746	2.187262	-0.409396	
-0.007964	-0.016136	0.009084	0.569551	2.170250	-0.400148	
0.008308	-0.002044	0.001029	0.577631	2.167338	-0.398959	
-0.016738	0.038756	0.005494	0.560663	2.205228	-0.393306	
0.002871	-0.020809	0.005877	0.563310	2.183537	-0.387271	
0.002753	-0.067280	-0.001737	0.565837	2.115383	-0.388853	
-0.016077	0.019476	-0.004589	0.549534	2.134013	-0.393286	
-0.001102	0.015551	0.007776	0.548213	2.148711	-0.385353	
-0.005167	-0.007849	-0.001189	0.542827	2.140002	-0.386388	
0.011010	-0.003919	0.015168	0.553619	2.135228	-0.371066	
-0.014252	0.027726	0.000676	0.539146	2.162100	-0.370241	
-0.000906	0.020294	-0.004852	0.538023	2.181529	-0.374945	
-0.003164	0.003708	-0.006979	0.534645	2.184365	-0.381774	
0.009402	0.027611	-0.001528	0.543833	2.211103	-0.383150	
0.005382	-0.053059	0.003561	0.548998	2.157159	-0.379435	
0.004159	-0.001486	0.000212	0.552938	2.154811	-0.379072	
-0.009780	-0.031174	0.000486	0.542937	2.122776	-0.378434	
0.001958	0.004087	-0.010983	0.544677	2.126013	-0.389266	
-0.003592	0.011930	-0.000778	0.540867	2.137093	-0.389889	
-0.001377	0.036933	0.002052	0.539274	2.173171	-0.387681	
0.003417	-0.024840	-0.001828	0.542476	2.147462	-0.389354	
0.000549	0.011214	0.003419	0.542808	2.157817	-0.385779	
-0.004219	-0.064790	0.004462	0.538372	2.092164	-0.381163	
0.003022	-0.070670	-0.001138	0.541179	2.020658	-0.382148	
0.010812	-0.014370	0.002625	0.551775	2.005480	-0.379370	
0.011546	-0.007166	0.001018	0.563100	1.997512	-0.378201	
-0.001409	-0.007637	0.002096	0.561466	1.989076	-0.375954	
-0.011550	0.025525	0.000174	0.549692	2.013806	-0.375629	
0.012534	-0.031107	-0.000961	0.562006	1.981894	-0.376440	
0.006178	0.008300	0.003612	0.567959	1.989401	-0.372678	
0.001632	-0.022701	-0.006125	0.569364	1.965904	-0.378654	
-0.000950	-0.002005	-0.007646	0.568186	1.963114	-0.386149	
-0.000986	0.031903	0.014087	0.566973	1.994231	-0.371907	
-0.012739	-0.000119	-0.000841	0.554008	1.993315	-0.372599	
0.003601	0.025361	-0.013829	0.557388	2.017879	-0.386279	
-0.006548	0.014571	0.000248	0.550617	2.031642	-0.385877	
0.013399	-0.009996	0.010720	0.563796	2.020834	-0.375003	
-0.000070	0.017311	0.005224	0.563500	2.037337	-0.369629	
-0.000673	0.014725	0.000911	0.562602	2.051247	-0.368570	
-0.005757	-0.029072	0.010093	0.556619	2.021355	-0.358330	
0.002318	-0.039148	0.002125	0.558715	1.981398	-0.356061	
-0.004376	-0.000619	-0.012009	0.554115	1.979987	-0.367928	
0.003176	-0.054578	0.015213	0.557070	1.924617	-0.352568	
0.003521	0.004684	-0.005098	0.560368	1.928532	-0.357525	
-0.003808	0.006774	-0.002182	0.556336	1.934535	-0.359564	
-0.003056	-0.001879	0.008617	0.553058	1.931882	-0.350803	
0.008727	0.022059	0.010576	0.561564	1.953168	-0.340087	
-0.007527	0.034139	-0.003313	0.553813	1.986526	-0.343265	
-0.008340	0.027139	0.005551	0.545251	2.012870	-0.337577	
0.005529	0.029127	0.014829	0.550562	2.041192	-0.322612	
0.004605	-0.049130	-0.009212	0.554947	1.991246	-0.331696	
-0.000059	-0.011773	0.007875	0.554665	1.978676	-0.323688	
-0.001641	-0.008185	-0.012617	0.552802	1.969700	-0.336175	
0.010648	-0.034389	-0.010670	0.563229	1.934523	-0.346710	
-0.009402	-0.066684	0.003808	0.553601	1.867066	-0.342764	
0.007414	0.030961	-0.003860	0.560794	1.897280	-0.346486	
0.003578	0.007023	-0.008342	0.564148	1.903544	-0.354690	
0.001460	0.001739	0.001764	0.565383	1.904522	-0.352784	
-0.000973	-0.017661	0.008942	0.564184	1.886099	-0.343701	
0.005860	0.004575	-0.002642	0.569818	1.889920	-0.346205	
-0.000789	0.015345	-0.011695	0.568801	1.904510	-0.357762	
-0.008666	-0.007817	0.010789	0.559907	1.895931	-0.346830	
-0.004210	0.022831	0.020218	0.555473	1.918003	-0.326473	
-0.001867	-0.025479	0.010374	0.553385	1.891757	-0.315968	
-0.004106	0.018654	0.001185	0.549057	1.909654	-0.314656	
-0.017603	0.001226	0.008888	0.531235	1.910117	-0.305642	
-0.002210	0.013903	0.003462	0.528812	1.923256	-0.302057	
0.002775	0.025488	0.008161	0.531376	1.947975	-0.293775	
-0.007426	0.007597	-0.008224	0.523738	1.954793	-0.301882	
0.000089	0.023674	0.007432	0.523618	1.977686	-0.294329	
0.002333	0.040580	0.003752	0.525741	2.017474	-0.290460	
0.000172	0.030368	-0.001429	0.525703	2.047035	-0.291772	
-0.005488	-0.017841	-0.000961	0.520005	2.028376	-0.292616	
-0.002152	0.023903	-0.006741	0.517644	2.051468	-0.299240	
-0.004288	0.016522	0.000057	0.513149	2.067170	-0.299064	
0.009910	-0.056470	0.000896	0.522854	2.009874	-0.298048	
-0.000091	-0.039346	0.004946	0.522555	1.969724	-0.292983	
0.004755	0.023245	-0.005880	0.527100	1.992181	-0.298745	
-0.009026	0.004395	0.009778	0.517863	1.995780	-0.288848	
0.009524	-0.003527	0.009063	0.527180	1.991454	-0.279669	
-0.008967	0.051265	0.002477	0.518003	2.041922	-0.277080	
-0.003379	-0.014395	0.000631	0.514416	2.026710	-0.276338	
0.004581	-0.002545	0.001842	0.518791	2.023355	-0.274386	
-0.010272	-0.048884	-0.001594	0.508312	1.973661	-0.275871	
-0.004587	0.023099	0.000319	0.503522	1.995971	-0.275442	
0.003424	-0.001898	0.002403	0.506744	1.993274	-0.272928	
-0.013931	-0.012936	-0.006391	0.492611	1.979541	-0.279210	
0.011792	0.019571	0.006704	0.504205	1.998321	-0.272395	
-0.004870	0.019312	0.006442	0.499133	2.016834	-0.265844	
0.000053	-0.007490	-0.013524	0.498987	2.008538	-0.279261	
0.001898	0.006955	-0.006366	0.500686	2.014689	-0.285515	
-0.003882	-0.006240	0.010805	0.496604	2.007643	-0.274596	
0.001954	0.015965	0.009792	0.498360	2.022805	-0.264694	
0.001456	-0.025373	-0.000634	0.499617	1.996623	-0.265222	
-0.013397	0.005450	0.013655	0.486020	2.001274	-0.251461	
0.007668	-0.001764	-0.002055	0.493493	1.998709	-0.253416	
0.001788	-0.004994	-0.003137	0.495083	1.992916	-0.256452	
-0.010791	0.013082	-0.012487	0.484094	2.005201	-0.268836	
0.002683	-0.008554	0.003920	0.486583	1.995845	-0.264808	
0.001038	0.022025	0.003166	0.487426	2.017072	-0.261536	
0.000902	-0.051147	-0.002562	0.488133	1.965118	-0.263993	
0.006915	0.032953	0.000147	0.494853	1.997286	-0.263741	
0.002237	-0.019242	-0.015870	0.496892	1.977245	-0.279505	
0.001767	0.023379	0.009194	0.498461	1.999833	-0.270199	
-0.007755	-0.008101	0.006750	0.490506	1.990932	-0.263341	
0.002263	0.011217	0.002511	0.492573	2.001353	-0.260725	
0.002379	0.004503	0.001259	0.494755	2.005055	-0.259362	
0.001602	0.004824	-0.012457	0.496159	2.009078	-0.271715	
0.008277	0.044913	0.001057	0.504238	2.053187	-0.270550	
0.008197	-0.008380	0.010673	0.512233	2.043986	-0.259769	
-0.003652	0.002355	0.003118	0.508376	2.045523	-0.256547	
0.002458	0.035196	-0.005597	0.510631	2.079901	-0.262041	
-0.005617	0.011363	0.001946	0.504809	2.090433	-0.259990	
-0.007130	-0.020141	-0.006076	0.497478	2.069455	-0.265962	
0.011622	0.005198	-0.002637	0.508901	2.073826	-0.268492	
-0.006782	-0.004642	0.016316	0.501915	2.068354	-0.252070	
0.000526	-0.031065	0.006733	0.502241	2.036462	-0.245236	
0.000241	0.031936	0.011501	0.502281	2.067584	-0.233636	
-0.012059	0.004827	0.008463	0.490021	2.071584	-0.225080	
0.005458	0.027205	0.003410	0.495283	2.097961	-0.221581	
0.006756	0.029400	-0.001667	0.501841	2.126522	-0.223159	
-0.004805	-0.022938	0.002288	0.496836	2.102734	-0.220782	
-0.002392	0.046882	0.008740	0.494245	2.148775	-0.211954	
-0.000606	0.018750	0.001696	0.493441	2.166665	-0.210173	
-0.000217	-0.016409	-0.004120	0.493027	2.149390	-0.214209	
0.013398	-0.032191	0.002123	0.506228	2.116339	-0.212001	
0.004387	0.047332	-0.000956	0.510413	2.162825	-0.212872	
0.003055	0.048525	0.000783	0.513264	2.210485	-0.212004	
-0.000007	-0.031025	0.004371	0.513052	2.178576	-0.207548	
-0.003073	0.004970	0.002118	0.509774	2.182675	-0.205347	
-0.006245	0.007844	0.000095	0.503325	2.189646	-0.205171	
-0.001382	0.033718	0.018405	0.501742	2.222488	-0.186683	
-0.000562	0.031498	-0.006654	0.500979	2.253097	-0.193262	
-0.001439	-0.008295	0.007383	0.499340	2.243901	-0.185802	
-0.003887	-0.015077	0.000281	0.495252	2.227927	-0.185446	
0.005238	0.049801	0.001103	0.500292	2.276837	-0.184269	
-0.005298	0.039763	-0.003310	0.494794	2.315689	-0.187506	
0.011059	0.039838	-0.005669	0.505655	2.354601	-0.193100	
-0.000600	0.015417	-0.001088	0.504853	2.369077	-0.194110	
0.003467	-0.045706	0.007024	0.508117	2.322423	-0.187008	
0.009172	-0.023305	-0.000544	0.517086	2.298189	-0.187477	
0.005134	0.009284	-0.006148	0.522014	2.306554	-0.193551	
-0.006590	0.018805	0.015073	0.515215	2.324436	-0.178400	
0.002880	0.042606	-0.005470	0.517889	2.366112	-0.183799	
-0.003383	0.012244	0.001866	0.514299	2.377410	-0.181860	
0.001706	-0.039724	0.010639	0.515799	2.336735	-0.171148	
-0.005641	0.023169	0.008365	0.509952	2.358970	-0.162715	
-0.003155	-0.024108	0.001620	0.506593	2.333919	-0.161030	
0.015094	-0.017011	0.005294	0.521484	2.315974	-0.155671	
0.000157	-0.004372	-0.000140	0.521432	2.310676	-0.155749	
-0.000161	-0.016284	-0.008005	0.521063	2.293468	-0.163692	
0.003995	-0.005914	-0.011704	0.524849	2.286636	-0.175330	
-0.003559	-0.014233	0.003168	0.521080	2.271489	-0.172093	
0.005945	-0.015890	-0.002107	0.526817	2.254691	-0.174131	
-0.011756	-0.024079	0.001398	0.514851	2.229710	-0.172663	
-0.010887	0.015102	0.012243	0.503758	2.243921	-0.160350	
0.005596	-0.007725	0.009033	0.509152	2.235298	-0.151253	
0.007415	-0.010666	-0.010490	0.516364	2.223738	-0.161683	
-0.004964	0.031084	0.001548	0.511193	2.253934	-0.160070	
-0.003968	0.013032	0.006618	0.507021	2.266064	-0.153389	
0.001872	-0.022333	0.005478	0.508690	2.242825	-0.147850	
0.000109	0.005009	0.003948	0.508596	2.246937	-0.143843	
0.001082	0.007995	0.008181	0.509474	2.254033	-0.135604	
-0.011034	0.015174	0.001211	0.498237	2.268305	-0.134340	
0.005821	0.025332	0.007496	0.503858	2.292730	-0.126790	
-0.005027	0.035984	0.005881	0.498630	2.327797	-0.120858	
0.001824	-0.031661	-0.003321	0.500255	2.295205	-0.124131	
-0.013064	-0.002267	-0.007266	0.486991	2.292020	-0.131347	
-0.006987	0.029027	0.001237	0.479809	2.320130	-0.130057	
0.003565	0.017736	0.011554	0.483182	2.336938	-0.118452	
0.003729	-0.005137	-0.005325	0.486718	2.330866	-0.123730	
0.010503	-0.007345	0.014917	0.497027	2.322589	-0.108763	
0.001611	-0.001039	-0.002503	0.498439	2.320621	-0.111223	
0.004745	0.003314	0.009436	0.502985	2.323008	-0.101742	
0.004285	-0.016864	0.002831	0.507069	2.305215	-0.098871	
0.011713	0.018552	0.003971	0.518579	2.322845	-0.094859	
0.001288	-0.021201	0.009690	0.519660	2.300715	-0.085132	
0.008356	-0.018823	0.005826	0.527808	2.280972	-0.079272	
0.009430	0.031271	-0.001518	0.537027	2.311330	-0.080759	
0.000533	-0.058498	0.012700	0.537345	2.251908	-0.068027	
0.008144	0.047082	0.002861	0.545275	2.298089	-0.065139	
0.008819	0.003391	0.001872	0.553875	2.300561	-0.063241	
-0.006485	-0.000724	0.015429	0.547169	2.298917	-0.047786	
0.005389	0.003478	-0.008763	0.552339	2.301476	-0.056530	
0.002018	-0.019830	0.001074	0.554136	2.280725	-0.055433	
-0.000729	-0.009297	-0.007689	0.553185	2.270516	-0.063100	
0.006518	0.024575	-0.002571	0.559482	2.294183	-0.065646	
-0.009927	-0.013077	0.003246	0.549331	2.280189	-0.062374	
0.001930	0.032435	0.003483	0.551042	2.311711	-0.058866	
-0.006634	-0.023931	0.002906	0.544187	2.286856	-0.055936	
-0.001000	0.032525	0.019199	0.542969	2.318467	-0.036714	
-0.002084	0.035194	0.006139	0.540668	2.352734	-0.030561	
0.000791	0.015581	-0.006666	0.541243	2.367374	-0.037214	
0.000812	-0.015118	-0.000175	0.541838	2.351309	-0.037374	
0.004937	-0.034589	0.012787	0.546558	2.315780	-0.024572	
0.006772	0.025988	-0.013690	0.553112	2.340842	-0.038252	
-0.006681	-0.003975	-0.009031	0.546210	2.335931	-0.047267	
-0.007427	0.032531	-0.010826	0.538564	2.367528	-0.058075	
-0.001910	0.017253	-0.003251	0.536439	2.383834	-0.061302	
-0.001686	-0.025405	-0.001051	0.534539	2.357476	-0.062329	
-0.003584	-0.036676	0.000588	0.530741	2.319857	-0.061716	
-0.000735	-0.008439	0.002234	0.529794	2.310490	-0.059457	
0.006185	-0.028952	0.006990	0.535767	2.280614	-0.052443	
0.005920	0.023983	-0.008241	0.541473	2.303684	-0.060663	
0.010980	-0.017775	-0.003115	0.552236	2.284988	-0.063754	
0.005086	-0.020448	-0.007819	0.557101	2.263626	-0.071547	
0.004653	0.044392	-0.003819	0.561531	2.307113	-0.075338	
-0.005179	-0.004475	-0.009605	0.556128	2.301715	-0.084912	
-0.000226	0.005814	0.004449	0.555680	2.306609	-0.080429	
0.004776	0.016641	-0.008185	0.560234	2.322328	-0.088581	
-0.006708	-0.029119	0.012362	0.553301	2.292281	-0.076184	
-0.005427	0.025496	-0.010182	0.547653	2.316859	-0.086336	
-0.001154	0.026020	0.007070	0.546281	2.341953	-0.079231	
0.009860	-0.013036	0.007022	0.555922	2.327980	-0.072178	
-0.001928	0.004149	-0.008431	0.553771	2.331198	-0.080580	
0.002664	-0.014397	0.002424	0.556214	2.315870	-0.078124	
-0.003821	0.036293	-0.005103	0.552170	2.351237	-0.083196	
0.006241	-0.014920	-0.002092	0.558191	2.335377	-0.085254	
-0.003497	-0.004576	0.003531	0.554470	2.329866	-0.081689	
0.009614	-0.022762	-0.001353	0.563863	2.306173	-0.083010	
-0.015508	0.027397	-0.004781	0.548129	2.332647	-0.087758	
0.000014	-0.013731	0.001691	0.547924	2.317983	-0.086031	
0.002397	0.012391	-0.000621	0.550102	2.329447	-0.086618	
-0.014955	0.002411	0.009953	0.534927	2.330926	-0.076630	
-0.000948	-0.039165	0.012173	0.533765	2.290829	-0.064426	
0.003861	-0.065031	0.010511	0.537412	2.224882	-0.053890	
0.007430	-0.027170	0.005583	0.544627	2.196823	-0.048286	
-0.001339	0.034754	0.006821	0.543071	2.230698	-0.041446	
0.009990	0.001821	0.006559	0.552843	2.231627	-0.034870	
0.000932	-0.011590	0.003387	0.553554	2.219145	-0.031469	
0.005998	0.012239	-0.003131	0.559331	2.230496	-0.034588	
0.011154	-0.011148	0.012877	0.570261	2.218457	-0.021697	
0.008116	0.008339	-0.002081	0.578149	2.225909	-0.023769	
-0.001454	-0.008189	0.001319	0.576463	2.216830	-0.022440	
0.011123	0.008122	0.006962	0.587356	2.224066	-0.015470	
0.008377	0.019572	-0.006176	0.595498	2.242748	-0.021639	
-0.006172	0.009656	0.003124	0.589088	2.251507	-0.018507	
-0.004679	0.000870	-0.008242	0.584173	2.251476	-0.026741	
-0.001767	0.034995	-0.007722	0.582172	2.285571	-0.034453	
0.004642	-0.006675	0.001448	0.586581	2.277982	-0.032991	
0.003416	0.027675	-0.002880	0.589762	2.304746	-0.035858	
0.014126	0.018390	0.005926	0.603652	2.322214	-0.029917	
0.003049	-0.050574	-0.009680	0.606460	2.270712	-0.039585	
-0.003228	0.047042	0.008512	0.602989	2.316846	-0.031058	
0.007041	-0.006953	0.010255	0.609789	2.308966	-0.020790	
-0.007518	-0.024413	-0.010914	0.602027	2.283630	-0.031696	
-0.010606	-0.007092	0.007772	0.591180	2.275624	-0.023911	
-0.006869	0.040254	0.001147	0.584075	2.314968	-0.022754	
-0.007849	0.003365	-0.005468	0.575992	2.317407	-0.028213	
0.004221	-0.062981	-0.002491	0.579983	2.253499	-0.030693	
0.001127	-0.037997	0.012009	0.580878	2.214601	-0.018671	
0.001677	-0.012393	0.004828	0.582323	2.201323	-0.013836	
0.002011	-0.006624	0.002731	0.584101	2.193818	-0.011099	
-0.002867	-0.026578	-0.019833	0.581001	2.166363	-0.030927	
0.003745	0.022525	0.002404	0.584514	2.188021	-0.028511	
-0.003172	-0.071489	0.004166	0.581108	2.115658	-0.024334	
-0.005918	0.005952	0.013161	0.574957	2.120763	-0.011163	
-0.001749	-0.026460	0.005886	0.572979	2.093455	-0.005272	
0.020370	-0.063536	0.010502	0.593119	2.029082	0.005232	
-0.005533	0.002461	-0.001165	0.587349	2.030731	0.004064	
0.008556	-0.020910	-0.011998	0.595670	2.009009	-0.007936	
0.001667	0.004314	0.008523	0.597098	2.012519	0.000591	
0.003552	-0.018754	0.015216	0.600411	1.992960	0.015807	
0.003448	-0.004792	-0.001047	0.603620	1.987371	0.014753	
0.000930	0.047769	-0.004281	0.604308	2.034346	0.010466	
-0.000929	0.036386	-0.007308	0.603137	2.069918	0.003153	
0.000451	0.024582	-0.012396	0.603347	2.093672	-0.009244	
-0.007189	-0.035261	0.000224	0.595917	2.057574	-0.009017	
-0.014240	-0.018471	0.000563	0.581438	2.038280	-0.008450	
-0.011202	-0.017088	-0.007788	0.570003	2.020377	-0.016235	
-0.003621	-0.031696	0.005105	0.566154	1.987874	-0.011124	
-0.000347	-0.000037	-0.001369	0.565581	1.987042	-0.012489	
-0.000644	0.026789	-0.002063	0.564711	2.013036	-0.014547	
0.007206	-0.002445	0.000457	0.571691	2.009786	-0.014084	
-0.007267	-0.019002	-0.007267	0.564196	1.989980	-0.021346	
-0.007961	-0.008493	-0.004663	0.556009	1.980691	-0.026001	
0.005418	0.012389	-0.000194	0.561205	1.992288	-0.026185	
-0.003091	0.011230	-0.006672	0.557890	2.002722	-0.032846	
-0.000307	0.005842	0.004249	0.557360	2.007763	-0.028583	
0.008397	-0.008892	-0.002859	0.565534	1.998067	-0.031431	
0.005664	0.040926	-0.002804	0.570973	2.038194	-0.034223	
-0.002834	0.006314	-0.006688	0.567910	2.043693	-0.040897	
-0.004449	-0.019301	-0.005283	0.563233	2.023575	-0.046164	
-0.016264	0.035813	0.007798	0.546744	2.058579	-0.038348	
0.003218	0.004915	-0.000609	0.549743	2.062671	-0.038942	
0.009303	-0.013926	-0.004718	0.558826	2.047920	-0.043644	
-0.005656	0.004828	-0.008941	0.552946	2.051929	-0.052568	
-0.003880	-0.023394	0.000270	0.548845	2.027714	-0.052276	
-0.003707	0.054284	-0.010842	0.544919	2.081187	-0.063097	
-0.013843	0.023399	0.006281	0.530858	2.103754	-0.056791	
0.008718	-0.017722	0.005249	0.539364	2.085191	-0.051519	
0.002460	-0.020320	0.000118	0.541608	2.064037	-0.051380	
0.002626	-0.029927	-0.001270	0.544017	2.033285	-0.052630	
0.002906	0.003224	0.009893	0.546706	2.035695	-0.042716	
0.003227	-0.012512	-0.003588	0.549714	2.022369	-0.046286	
0.012650	0.031881	0.007594	0.562144	2.053442	-0.038674	
-0.009348	0.012417	0.002151	0.552572	2.065037	-0.036507	
-0.011436	-0.015130	-0.009028	0.540915	2.049081	-0.045520	
0.005271	0.013337	0.004975	0.545969	2.061598	-0.040527	
0.003390	-0.019928	0.012198	0.549141	2.040846	-0.028313	
-0.002098	-0.009742	-0.001340	0.546824	2.030288	-0.029641	
0.006715	0.032702	-0.001503	0.553320	2.062178	-0.031133	
0.011039	0.000438	0.000307	0.564138	2.061791	-0.030814	
-0.003767	0.048301	0.000784	0.560146	2.109268	-0.030018	
-0.000163	-0.050053	-0.005529	0.559759	2.058371	-0.035534	
-0.004680	0.024694	0.000489	0.554855	2.082242	-0.035031	
0.006696	-0.002059	0.001201	0.561329	2.079350	-0.033817	
-0.000638	0.027858	-0.006013	0.560467	2.106376	-0.039816	
-0.004883	-0.049207	-0.006039	0.555360	2.056327	-0.045839	
-0.004502	-0.025950	0.002682	0.550635	2.029555	-0.043138	
0.013969	0.027114	-0.012426	0.564385	2.055857	-0.055546	
-0.007062	0.032834	-0.003503	0.557097	2.087869	-0.059027	
0.006949	0.061746	-0.006168	0.563824	2.148780	-0.065172	
-0.009588	-0.001034	-0.022729	0.554010	2.146887	-0.087875	
-0.003437	0.017979	-0.001255	0.550351	2.164008	-0.089095	
0.001582	0.016276	-0.005398	0.551713	2.179418	-0.094457	
0.001463	-0.002723	0.000124	0.552955	2.175824	-0.094296	
-0.009221	-0.014365	0.010488	0.543513	2.160588	-0.083770	
0.001965	0.006776	0.010730	0.545261	2.166500	-0.073006	
0.000579	0.006354	-0.003138	0.545622	2.171988	-0.076115	
0.007346	0.058857	-0.003769	0.552750	2.229976	-0.079854	
-0.002627	0.001157	-0.001378	0.549902	2.230241	-0.081200	
-0.005069	-0.004856	-0.012017	0.544614	2.224493	-0.093185	
-0.004234	0.005007	-0.006994	0.540162	2.228610	-0.100142	
-0.005088	0.041826	-0.006874	0.534858	2.269545	-0.106976	
0.010593	-0.020979	-0.003251	0.545237	2.247659	-0.110185	
0.000897	-0.023453	-0.016733	0.545916	2.223307	-0.126874	
0.015517	0.007982	-0.008988	0.561214	2.230400	-0.135811	
0.011870	0.039258	0.000002	0.572860	2.268767	-0.135754	
0.004824	-0.016588	0.007600	0.577455	2.251271	-0.128100	
-0.009076	0.039040	0.004236	0.568148	2.289411	-0.123813	
-0.008354	0.027249	-0.001821	0.559567	2.315744	-0.125584	
-0.009922	-0.039494	0.009590	0.549422	2.275324	-0.115944	
0.002514	-0.013506	-0.003164	0.551716	2.260908	-0.119061	
0.009197	0.025256	-0.003313	0.560693	2.285259	-0.122327	
0.003278	0.030518	0.003892	0.563747	2.314863	-0.118386	
-0.008743	0.053594	0.008876	0.554778	2.367531	-0.109463	
0.001357	-0.020113	0.011558	0.555913	2.346472	-0.097862	
-0.009796	0.042657	0.004732	0.545895	2.388191	-0.093091	
0.001317	-0.013526	0.001732	0.546993	2.373710	-0.091322	
-0.004660	-0.007703	0.001388	0.542115	2.365058	-0.089897	
0.006387	0.029476	0.000526	0.548284	2.393588	-0.089335	
-0.011020	-0.001543	-0.017413	0.537045	2.391088	-0.106712	
-0.010903	-0.032393	0.009097	0.525928	2.357738	-0.097572	
-0.003215	-0.045042	-0.002000	0.522502	2.311753	-0.099533	
-0.007789	-0.007552	0.007217	0.514504	2.303277	-0.092277	
0.002274	-0.034426	-0.012258	0.516572	2.267930	-0.104498	
0.002155	-0.044567	-0.000090	0.518521	2.222456	-0.104546	
0.003969	-0.006804	0.004120	0.522283	2.214763	-0.100384	
0.001372	-0.028920	-0.005458	0.523446	2.184958	-0.105801	
-0.005469	-0.059629	-0.012547	0.517768	2.124455	-0.118306	
-0.010402	0.042823	-0.002999	0.507159	2.166428	-0.121258	
-0.013380	-0.000455	-0.000516	0.493575	2.165107	-0.121726	
0.000012	0.013668	0.007141	0.493390	2.177908	-0.114536	
-0.004472	0.023804	0.007697	0.488720	2.200841	-0.106793	
-0.012841	0.026777	-0.003115	0.475684	2.226739	-0.109865	
0.003179	0.017966	-0.006441	0.478673	2.243814	-0.116263	
-0.003208	-0.009222	0.001071	0.475273	2.233695	-0.115145	
0.010488	-0.001840	0.011561	0.485571	2.230962	-0.103538	
-0.001826	-0.017867	0.007921	0.483551	2.212203	-0.095575	
-0.005399	0.004404	-0.006100	0.477959	2.215722	-0.101636	
-0.006866	0.012089	0.007978	0.470902	2.226924	-0.093617	
0.003297	0.046028	-0.015049	0.474011	2.272062	-0.108629	
-0.000566	-0.012741	-0.003192	0.473255	2.258412	-0.111777	
0.000192	-0.021625	-0.005831	0.473258	2.235884	-0.117563	
0.012686	-0.034308	0.007584	0.485755	2.200681	-0.109932	
-0.004400	0.002254	-0.008750	0.481161	2.202056	-0.118638	
0.005121	-0.022296	0.003434	0.486089	2.178879	-0.115157	
-0.001701	0.010269	0.003894	0.484194	2.188276	-0.111217	
-0.000991	-0.001789	-0.005506	0.483010	2.185613	-0.116678	
-0.005673	0.031078	0.003296	0.477143	2.215817	-0.113336	
-0.006121	-0.011730	0.009666	0.470831	2.203200	-0.103625	
0.007302	-0.019562	-0.004416	0.477944	2.182757	-0.107999	
-0.009273	0.012318	0.005399	0.468480	2.194202	-0.102557	
0.003846	-0.013691	-0.011525	0.472139	2.179634	-0.114041	
0.000599	-0.022003	0.001137	0.472550	2.156759	-0.112858	
-0.006246	0.004114	-0.001030	0.466115	2.160011	-0.113843	
-0.004708	0.029689	0.010976	0.461221	2.188837	-0.102821	
0.004759	-0.000611	0.003369	0.465795	2.187351	-0.099411	
-0.005524	-0.014203	-0.000969	0.460085	2.172273	-0.100340	
-0.001289	0.006923	-0.004520	0.458611	2.178328	-0.104820	
-0.002909	0.011416	-0.007693	0.455518	2.188872	-0.112471	
-0.003608	-0.017520	0.012964	0.451728	2.170477	-0.099462	
0.010212	-0.020516	-0.012059	0.461759	2.149093	-0.111481	
0.001361	-0.007282	-0.009948	0.462935	2.140951	-0.121384	
-0.001061	0.042123	-0.008302	0.461688	2.182218	-0.129637	
0.003706	0.011385	0.006486	0.465209	2.192730	-0.123099	
-0.009165	0.002891	0.001313	0.455859	2.194744	-0.121737	
-0.012915	0.041865	-0.001820	0.442761	2.235732	-0.123508	
-0.005575	0.000389	0.012764	0.437009	2.235227	-0.110695	
-0.012838	0.031865	-0.002410	0.423997	2.266198	-0.113062	
-0.006073	0.022986	0.003804	0.417754	2.288278	-0.109212	
-0.004354	-0.011107	0.014028	0.413233	2.276256	-0.095141	
-0.000460	0.007904	0.004992	0.412607	2.283250	-0.090110	
-0.004522	-0.007319	0.004461	0.407921	2.275017	-0.085613	
-0.004437	-0.030653	0.007556	0.403321	2.243455	-0.078023	
0.010879	0.035580	0.000832	0.414038	2.278138	-0.077160	
0.008355	-0.029452	0.014270	0.422227	2.247774	-0.062860	
0.012798	-0.016624	-0.000157	0.434857	2.230251	-0.062992	
-0.007774	-0.011364	0.009149	0.426909	2.217995	-0.053818	
0.006909	-0.045936	0.010496	0.433646	2.171172	-0.043300	
0.005009	0.041466	-0.006589	0.438482	2.211769	-0.049872	
0.000018	-0.042480	0.010307	0.438325	2.168404	-0.039546	
0.003537	0.012391	0.011087	0.441686	2.179928	-0.028443	
-0.003830	0.024216	0.009352	0.437679	2.203272	-0.019080	
0.002584	0.007813	0.002979	0.440089	2.210203	-0.016093	
-0.001650	-0.025110	0.004467	0.438262	2.184209	-0.011620	
-0.004563	-0.000894	0.008930	0.433524	2.182441	-0.002686	
-0.004344	-0.009733	-0.005344	0.429006	2.171835	-0.008029	
-0.003814	-0.031535	-0.006964	0.425020	2.139431	-0.014990	
0.006424	0.019740	0.011217	0.431275	2.158316	-0.003767	
-0.000078	0.006683	0.005465	0.431024	2.164135	0.001700	
-0.001163	-0.012988	-0.007277	0.429689	2.150282	-0.005578	
0.002489	-0.025650	-0.010074	0.432006	2.123772	-0.015650	
-0.002327	-0.059472	-0.011227	0.429506	2.063451	-0.026871	
0.009600	0.069982	0.006401	0.438934	2.132607	-0.020459	
-0.003676	-0.021834	0.007680	0.435083	2.109920	-0.012771	
-0.000852	0.007013	0.010451	0.434057	2.116090	-0.002314	
-0.010919	-0.027722	0.004952	0.422964	2.087522	0.002639	
-0.005941	-0.018163	0.003757	0.416854	2.068524	0.006395	
0.011121	-0.028894	-0.010840	0.427808	2.038802	-0.004448	
0.001585	-0.044667	0.008381	0.429222	1.993320	0.003935	
-0.011030	0.034151	0.011192	0.418021	2.026674	0.015126	
-0.012668	0.053974	0.002859	0.405186	2.079838	0.017979	
-0.014143	0.034195	-0.001115	0.390881	2.113201	0.016856	
-0.003082	-0.023480	-0.009651	0.387643	2.088876	0.007199	
0.010094	0.001544	-0.004570	0.397581	2.089585	0.002625	
0.015142	0.021222	-0.002814	0.412565	2.109971	-0.000190	
0.005417	0.010024	-0.008502	0.417817	2.119151	-0.008691	
0.002191	-0.008250	-0.008817	0.419841	2.110054	-0.017505	
0.000751	-0.003727	0.003105	0.420424	2.105483	-0.014393	
0.000604	-0.004248	0.015866	0.420860	2.100394	0.001479	
0.005534	-0.019807	-0.007526	0.426226	2.079746	-0.006048	
0.012792	0.003605	0.015579	0.438847	2.082520	0.009534	
0.004629	-0.048123	-0.000808	0.443301	2.033565	0.008722	
0.001993	0.019737	0.000206	0.445116	2.052489	0.008924	
-0.003399	-0.036680	0.002107	0.441540	2.014988	0.011028	
0.010253	-0.007854	-0.005487	0.451616	2.006328	0.005537	
0.001856	-0.007218	0.011472	0.453291	1.998307	0.017007	
-0.009927	0.041618	-0.001657	0.443183	2.039126	0.015343	
0.005046	0.051538	-0.002068	0.448052	2.089848	0.013269	
0.004737	0.047113	-0.000064	0.452610	2.136125	0.013199	
0.002531	0.076410	0.010534	0.454960	2.211681	0.023728	
-0.001723	-0.024056	-0.006615	0.453055	2.186740	0.017104	
0.002919	-0.009000	-0.000741	0.455793	2.176865	0.016356	
0.013068	-0.005290	0.004934	0.468679	2.170705	0.021283	
-0.007696	0.000144	0.001275	0.460796	2.169981	0.022550	
-0.007334	0.044126	0.004570	0.453277	2.213239	0.027111	
-0.011705	0.028255	0.003460	0.441391	2.240608	0.030560	
0.003385	0.012419	0.000486	0.444599	2.252132	0.031034	
-0.002303	0.008082	0.006751	0.442119	2.259313	0.037773	
-0.010865	-0.026836	0.003296	0.431077	2.231574	0.041054	
-0.003875	-0.021373	-0.003535	0.427029	2.209308	0.037502	
-0.010320	0.026708	0.000110	0.416539	2.235132	0.037597	
0.004170	0.006140	0.013181	0.420542	2.240378	0.050763	
0.003110	-0.013481	0.001030	0.423483	2.226002	0.051773	
-0.000192	-0.014521	-0.007736	0.423122	2.210591	0.044017	
-0.003121	0.054799	0.000523	0.419832	2.264506	0.044523	
-0.008493	-0.016824	-0.010489	0.411171	2.246776	0.034016	
-0.006689	-0.011741	-0.009160	0.404317	2.234136	0.024842	
-0.000824	-0.006287	-0.008466	0.403332	2.226956	0.016366	
-0.002155	0.005153	0.007285	0.401015	2.231218	0.023644	
0.013708	0.032983	-0.013501	0.414562	2.263310	0.010134	
-0.002449	-0.016621	-0.000999	0.411947	2.245784	0.009131	
0.002005	-0.025040	-0.001493	0.413787	2.219846	0.007635	
0.005520	0.000619	0.002279	0.419142	2.219578	0.009911	
-0.012265	0.047050	0.001434	0.406708	2.265740	0.011341	
0.006389	-0.014142	0.005748	0.412935	2.250692	0.017085	
0.000315	0.014650	0.017911	0.413084	2.264442	0.034988	
-0.001234	-0.014936	-0.011566	0.411685	2.248601	0.023408	
-0.012854	0.025348	-0.010275	0.398666	2.273050	0.013123	
-0.006547	-0.003188	-0.007722	0.391960	2.268953	0.005396	
-0.000287	0.061394	-0.003735	0.391517	2.329440	0.001658	
0.008099	0.010306	0.002742	0.399459	2.338814	0.004400	
0.009314	0.011733	0.007775	0.408614	2.349611	0.012173	
0.004721	-0.001807	-0.000361	0.413172	2.346864	0.011807	
0.007787	0.050845	-0.002490	0.420794	2.396770	0.009313	
-0.010073	0.015652	-0.010221	0.410552	2.411463	-0.000912	
0.003966	-0.015599	-0.001075	0.414354	2.394900	-0.001986	
0.010262	-0.049226	0.001356	0.424450	2.344716	-0.000630	
-0.000577	0.019016	0.013525	0.423704	2.362795	0.012896	
0.003196	0.013280	0.001979	0.426730	2.375130	0.014869	
0.002795	0.037575	-0.008976	0.429354	2.411755	0.005888	
0.006191	0.075890	-0.009151	0.435373	2.486681	-0.003266	
-0.009731	-0.042254	0.000647	0.425468	2.443433	-0.002617	
-0.007144	-0.045453	-0.019066	0.418154	2.397003	-0.021682	
0.007092	0.034073	-0.016488	0.425079	2.430117	-0.038162	
0.001826	-0.000249	-0.003113	0.426735	2.428897	-0.041260	
-0.000337	-0.052441	0.001649	0.426227	2.375484	-0.039594	
-0.004578	-0.011583	-0.005937	0.421478	2.362951	-0.045516	
0.001797	0.000667	-0.008816	0.423107	2.362672	-0.054313	
-0.009723	-0.036185	-0.003894	0.413215	2.325543	-0.058185	
0.001601	-0.015522	0.004677	0.414650	2.309090	-0.053485	
-0.007200	-0.007849	0.011765	0.407284	2.300317	-0.041699	
0.004239	0.015131	0.002767	0.411360	2.314529	-0.038915	
0.009813	-0.003034	0.001637	0.421008	2.310569	-0.037263	
-0.006905	0.011392	-0.009894	0.413935	2.321038	-0.047142	
-0.006663	0.040806	-0.006893	0.407107	2.360916	-0.054016	
-0.001420	0.020855	-0.013253	0.405524	2.380827	-0.067248	
-0.011109	0.043309	0.001593	0.394252	2.423184	-0.065629	
-0.007415	0.004243	0.008311	0.386679	2.426457	-0.057292	
0.001861	-0.012439	0.012494	0.388386	2.413048	-0.044775	
-0.004057	0.030244	0.000589	0.384173	2.442327	-0.044169	
-0.005835	-0.045279	0.010400	0.378185	2.396071	-0.033751	
0.000812	0.003371	0.005717	0.378846	2.398484	-0.028020	
-0.009182	-0.021187	-0.001860	0.369512	2.376337	-0.029868	
-0.000556	0.010348	-0.000912	0.368809	2.385735	-0.030768	
-0.001540	-0.005557	-0.001764	0.367122	2.379224	-0.032520	
0.007765	0.023398	0.004801	0.374740	2.401671	-0.027706	
-0.004296	-0.000821	0.002658	0.370294	2.399890	-0.025037	
0.004612	0.012889	0.003965	0.374757	2.411819	-0.021062	
0.003284	0.025405	0.001536	0.377891	2.436259	-0.019518	
-0.004102	0.045669	-0.006075	0.373638	2.480954	-0.025585	
0.006042	-0.027424	-0.001394	0.379530	2.452538	-0.026970	
-0.005650	0.020634	0.009856	0.373728	2.472192	-0.017103	
-0.006867	0.001691	-0.001481	0.366712	2.472894	-0.018577	
0.000472	0.030288	0.005722	0.367037	2.502193	-0.012848	
0.004765	-0.049118	0.005845	0.371655	2.452075	-0.006998	
0.003581	0.020916	-0.003744	0.375087	2.472010	-0.010738	
-0.002296	0.003292	-0.000435	0.372642	2.474313	-0.011170	
0.001263	-0.003237	0.003015	0.373756	2.470087	-0.008150	
-0.006234	0.027231	0.003204	0.367372	2.496330	-0.004943	
-0.002030	-0.005535	-0.005269	0.365195	2.489796	-0.010210	
0.004023	-0.011828	0.004167	0.369072	2.476973	-0.006039	
-0.000275	0.035105	0.010875	0.368650	2.511087	0.004839	
-0.004593	-0.009129	0.004037	0.363909	2.500954	0.008874	
0.005457	0.011547	0.006484	0.369221	2.511500	0.015355	
-0.002121	0.030263	0.003726	0.366952	2.540759	0.019074	
0.000821	0.008127	0.001723	0.367626	2.547871	0.020790	
0.004320	-0.028655	0.015185	0.371799	2.518196	0.035966	
-0.010811	0.013121	0.007682	0.360840	2.530310	0.043634	
0.020157	-0.016092	-0.005126	0.380853	2.513206	0.038490	
0.004371	0.046751	0.002131	0.385072	2.558952	0.040606	
0.000784	0.037486	0.011122	0.385701	2.595415	0.051712	
-0.006207	0.037260	0.004427	0.379340	2.631636	0.056118	
-0.004046	0.039020	-0.000341	0.375143	2.669603	0.055754	
0.003025	0.016956	-0.005399	0.378018	2.685492	0.050333	
-0.010292	0.024454	-0.015119	0.367575	2.708872	0.035193	
-0.008193	0.044175	-0.006087	0.359235	2.751963	0.029092	
-0.002968	0.024710	-0.002486	0.356123	2.775572	0.026595	
0.002968	-0.000864	0.006611	0.358949	2.773598	0.033195	
0.004829	0.047231	0.011206	0.363634	2.819720	0.044388	
0.011041	-0.054725	-0.007141	0.374530	2.763867	0.037228	
-0.012314	-0.020711	0.006149	0.362066	2.742050	0.043363	
-0.000527	-0.020743	0.006416	0.361395	2.720211	0.049761	
-0.000155	0.037082	-0.011026	0.361096	2.756206	0.038716	
-0.008391	-0.023271	0.000926	0.352560	2.731833	0.039626	
-0.004037	-0.014193	0.000617	0.348383	2.716547	0.040228	
-0.004684	0.008332	0.000811	0.343559	2.723793	0.041022	
0.007219	-0.007142	0.014210	0.350641	2.715562	0.055215	
-0.003690	0.036269	0.010012	0.346810	2.750744	0.065206	
-0.004796	-0.013406	0.002670	0.341876	2.736238	0.067849	
-0.004864	0.021480	-0.001757	0.336875	2.756624	0.066065	
-0.002777	0.009309	0.003155	0.333963	2.764831	0.069194	
-0.015128	0.009831	0.001594	0.318702	2.773556	0.070760	
-0.005272	-0.013843	0.002076	0.313303	2.758604	0.072808	
-0.006370	-0.000080	-0.002887	0.306807	2.757421	0.069892	
-0.000398	-0.036046	-0.001220	0.306287	2.720272	0.068644	
-0.002581	0.022942	-0.000073	0.303583	2.742126	0.068543	
0.004949	0.020115	0.006375	0.308411	2.761145	0.074891	
