200000.0	0.37445168524392924	-3.109448590948248	0.5973881942297314	0.27839308118796807	0.026327611704157778	-0.10468499677479365
400000.0	0.42455284970166507	-3.0807512245837105	0.604594779647223	0.3727265946156686	0.10420019197163621	-0.001316760698695148
600000.0	0.4735238827474073	-3.08125942602554	0.6179828055501049	0.4263898363064335	0.056616692782526463	0.12735657235393616
800000.0	0.5812086524879072	-3.080401531142446	0.6196102928575755	0.5812597671644085	0.01053537998200263	-0.030152894332889667
1000000.0	0.7178143774498111	-3.0893642672940804	0.6240115858959139	0.8127245605638156	0.0024190521201040618	-0.11421379558324182
1200000.0	0.8947418377841769	-3.031618219193827	0.6229632079178067	0.9054535864394688	-0.038459704178510384	0.013281310316055528
1400000.0	1.0748660277924627	-2.9934457062822992	0.630910781432061	0.9005570816690275	0.23950283168278755	-0.07320964992738842
1600000.0	1.290712324158133	-3.033411759131385	0.6257343583174939	0.8896988131212853	0.07128075519800314	0.15334020059537318
1800000.0	1.4530650020541722	-3.1386848757022414	0.6425425031548542	1.0632549409972194	-0.049608656014990704	0.05491461728033668
2000000.0	1.6613297297624563	-3.0882681352287693	0.6640987629471119	1.2287994831883262	0.0652132989307276	0.06232225853688861
2200000.0	1.908719348522925	-3.039222306339187	0.6549357452239737	1.3609959709968606	0.11191014107426979	-0.0018383603427216445
2400000.0	2.1369826755252994	-3.067194721463737	0.6662443558949396	1.3920353004574757	-0.0016643952663474813	0.039831189339904725
2600000.0	2.418124448631534	-3.0547525022024353	0.6733863166334786	1.4550692674213537	0.010399275015228259	-0.06739886034130267
2800000.0	2.7501549595947585	-3.1296738909435944	0.6701161926713999	1.3564000327931285	-0.20997689916712536	0.03331607796040533
3000000.0	3.0825435996827353	-3.0728270397727404	0.6847786745156956	1.556484893282306	-0.08021898639476259	0.05653155693853402
3200000.0	3.38047664932069	-3.037143915897583	0.698701524459469	1.5263903687786848	0.04060632287312538	-0.13036062999319498
3400000.0	3.7351552832543042	-3.0850791169184992	0.6794876705430929	1.886436260632812	-0.1416736307156042	-0.08869486826904244
3600000.0	4.1207033906943575	-3.1155856746828086	0.6734066674143625	1.846054125866059	0.12270864076216904	-0.11763051442937142
3800000.0	4.484466133699013	-3.125525727903917	0.6751683320919255	2.003019145770539	-0.10594805406280391	-0.24003379956113374
4000000.0	4.89437072932778	-3.1372467990884494	0.6549343400730387	1.9627384552440066	-0.15413898514636404	0.02735691521735412
4200000.0	5.361941739781502	-3.1620856988069757	0.6770868508040789	2.152738788078226	0.07983585297635534	0.03845263182860915
4400000.0	5.773157719426235	-3.183424147555712	0.673427957572043	2.1817722698141115	-0.09389006703337202	-0.08321921358922432
4600000.0	6.231920939972508	-3.1167317430700625	0.6792900988341666	2.378101979745085	-0.1100772547932503	0.054156375831493145
4800000.0	6.699921815961376	-3.186147266916823	0.6831213697919802	2.4679274960251676	-0.03343069570788277	0.009133214172825203
5000000.0	7.195249819955513	-3.2083370813005976	0.691368808895473	2.431600706115866	-0.04885596482718252	-0.19410743866330765
5200000.0	7.67181968285119	-3.1212177177952545	0.6967199322686418	2.5817207660467885	-0.04746547808383837	0.0014296933880104102
5400000.0	8.17931096341701	-3.0415005078007655	0.7268174434904477	2.7847050418933974	0.058718300949193065	-0.050724497741755886
5600000.0	8.684639176636171	-3.1047732543953717	0.7301835701227125	2.5410707200930833	-0.033696809964536244	-0.021823117825292105
5800000.0	9.216280110974553	-3.1105364257951496	0.7380131150146342	2.8681365872613016	0.15830116355723015	0.06979847548980325
6000000.0	9.73922365832291	-3.0580370668457317	0.7019673444462298	2.9732296942046035	0.024906686778483664	-0.13701676312164468
6200000.0	10.314923512871616	-3.0509586725580626	0.6857345574776856	2.9031675819986162	0.040001387740728436	-0.10856722460593464
6400000.0	10.935497401781697	-3.0353872294296984	0.6812936318270437	2.9939133180504154	-0.04788129284337077	0.026391461826479504
6600000.0	11.571837110401411	-2.980720266347903	0.6689000586452085	3.2014754192082284	-0.06124580530833218	-0.025985659079740972
6800000.0	12.239174617396513	-3.0089275063563288	0.6778006675632402	3.3594993260333332	-0.19134324152591584	-0.06413055579646373
7000000.0	12.885460448666057	-2.954904162033274	0.6701499165451582	3.1655127468717366	-0.17941236425527216	-0.022042531705702736
7200000.0	13.546208226292734	-3.0476565429604747	0.6541134316654876	3.1857652525569984	-0.2507728314271296	-0.1435787341873474
7400000.0	14.217413527361483	-3.069008931069047	0.6475513333096374	3.377687215076782	-0.3781898620593603	0.007128211563164403
7600000.0	14.90881078284591	-3.1223206574417555	0.6449184842226197	3.596279727246401	-0.31062357308683036	-0.06836102221218672
7800000.0	15.615183063770747	-3.19070784049941	0.6340544191552355	3.566091477063176	-0.28976811467983526	0.0398771978244825
8000000.0	16.3403002820604	-3.221994236030394	0.6544216030643264	3.532228415135461	-0.4522517842144608	0.019901030262381214
8200000.0	17.086725063206742	-3.3068450498798576	0.6580081485438686	3.760501053426073	-0.42321380802194536	0.14922196026240797
8400000.0	17.80560124301826	-3.2679416247614865	0.6601752679958073	3.939117272271329	-0.4640905443111474	0.07697448765411637
8600000.0	18.588512037822916	-3.2953683686596693	0.6670345583289898	3.9863025077481464	-0.5527458360034139	-0.10940775548225833
8800000.0	19.403470077357532	-3.357591318060317	0.6881085562187257	3.8700098382047554	-0.33088370102771286	0.17191184999379602
9000000.0	20.221851925482753	-3.4616596150795744	0.6800235706987572	4.179810412645863	-0.22336046211678012	-0.023366698884138202
9200000.0	21.00862950671446	-3.440648458933726	0.6716626351306187	4.336329167257499	-0.19133831677941282	-0.054162954464158634
9400000.0	21.845656912026456	-3.444985528888937	0.6945785776325346	4.374732408304114	-0.17968621989436148	-0.07259158627227508
9600000.0	22.747304830377765	-3.389538474002051	0.6917512931215837	4.28893416457337	0.06718969412667498	0.08745238307045972
9800000.0	23.644375985171912	-3.406572062833471	0.666250231895736	4.540847425647244	-0.25598285866590625	0.1507761769295499
10000000.0	24.518357610703134	-3.4391600434898724	0.6541070840920602	4.429830113737206	-0.03386662892256513	0.07198278301587069
10200000.0	25.383994475701304	-3.4781857462200003	0.6566592182805157	4.4802869322911505	-0.32655070329332575	0.021964253279784414
10400000.0	26.30116955313036	-3.4981894972172283	0.626791785032821	4.549857586186159	-0.18155661009041352	-0.0533593728728197
10600000.0	27.244491402877628	-3.6284198951742503	0.6344379676301214	4.612260685200286	-0.4052981627452731	0.07172767955067293
10800000.0	28.19966188833254	-3.677207622085022	0.6584115544665172	4.704931798550182	-0.278008799673904	0.11025515210982606
11000000.0	29.186361672948326	-3.7748115014828736	0.6445806140710754	4.794213367752195	-0.5423322585712286	0.036854428046850525
11200000.0	30.135507414768384	-3.9392811100359393	0.6805028224133172	4.741384038238794	-0.7272491399661463	-0.05598074403137973
11400000.0	31.159652560029468	-4.127268381716873	0.6822719727502993	5.108495861074516	-0.874226320638997	-0.05668301615901602
11600000.0	32.13300798597875	-4.233810268826638	0.7100789014879549	5.050632689124443	-0.888949978670707	-0.038926680763670285
11800000.0	33.13152704588009	-4.526763977227338	0.6999089900268662	5.256613547342527	-1.228142981736559	-0.049432749990122156
12000000.0	34.1888549236722	-4.7880667819570375	0.7091445617169087	5.213468533480599	-1.0006299230127826	-0.20554174231182606
12200000.0	35.22699510251727	-5.006193351175932	0.6941268301527024	5.185345572847464	-1.0907959981906907	-0.04134988948834264
12400000.0	36.26682997704338	-5.251968607282013	0.6847843083867464	5.449045296636879	-0.9597969338946029	-0.03858853658027702
12600000.0	37.33425762455819	-5.450326309179902	0.6984599287680981	5.505257790437604	-1.22222663885743	-0.09757378457327621
12800000.0	38.44240862727357	-5.651140157706079	0.6831925116652553	5.5549003931398255	-0.9559399211689561	0.028066564568144405
13000000.0	39.5262600187768	-5.8245829367428374	0.6841257070414157	5.6948893230987565	-0.7196417719397094	0.11730039493000367
13200000.0	40.66161931532906	-5.914316438173686	0.6765371682878594	5.817551516149612	-0.5367827987261561	-0.11478179178708399
13400000.0	41.81061547005738	-6.020796836785951	0.6841698836330649	5.728780958603911	-0.5044399827272816	-0.03564167770182151
13600000.0	43.01354083290221	-6.167670935424653	0.7173897672075915	6.034743363079526	-0.5769404749813216	-0.02827613324111028
13800000.0	44.22729731892678	-6.214896568047946	0.743814772444358	6.060926934641104	-0.44592783966052535	-0.010133808460604656
14000000.0	45.47633440935842	-6.359229638825276	0.7589119603213359	5.995208829377168	-0.5232689465025544	-0.05018765803412289
14200000.0	46.68333040132935	-6.463171590341467	0.76528767225804	6.18214231618744	-0.47187511816298144	-0.0077780916759553585
14400000.0	47.9003313073736	-6.611898157318174	0.7847269915880865	6.202184100277359	-0.6744283926670986	-0.14187627508347392
14600000.0	49.130386813427926	-6.753689893184571	0.767525726167869	6.49666284586099	-0.8804801436510397	-0.05238840729457318
14800000.0	50.389637084526385	-6.911049216012452	0.7535350132093579	6.551734334120993	-1.1326120815435605	0.005466178522628312
15000000.0	51.69844608490162	-7.123925922655298	0.7646152915566498	6.561906465297203	-1.4954301580590088	-0.09766702286282657
15200000.0	52.96687852217951	-7.378125762109964	0.7901081649418983	6.359944350213956	-1.7921130580509546	0.09357935440049028
15400000.0	54.231781611118485	-7.77632480752426	0.7680235464826051	6.374236744753692	-1.8172170814953823	0.1722342953454706
15600000.0	55.52651080324365	-8.150494452619917	0.7611260602497731	6.460464250768592	-2.029166180550196	-0.08737128465244921
15800000.0	56.816149053193534	-8.661236328337464	0.7861088060171393	6.631567926312917	-2.290129813509766	-0.10973393158657413
16000000.0	58.120716679123156	-9.06489193054795	0.8000691264766844	6.4726666867875124	-2.2986199139478973	-0.06574306775569899
16200000.0	59.38520810356969	-9.533733869598793	0.7831708755733899	6.50994757622688	-2.394878609514476	-0.25564879608295044
16400000.0	60.725983076893165	-9.982375437973491	0.7840381966132179	6.845277048545972	-2.227371622667742	-0.030788318864411645
16600000.0	62.06983959980933	-10.45929394274943	0.7611682376489759	6.900693126063927	-2.2525409449990583	0.010411017143853306
16800000.0	63.46576991511695	-10.927952125463898	0.7623010221227995	6.97345725398988	-2.0441098123091823	-0.06752238499434433
17000000.0	64.8448386176067	-11.250334085948563	0.7442354894221923	7.0478434285740486	-1.8704892467347076	-0.08363101385988339
17200000.0	66.27004812097631	-11.655184714600587	0.7538233074875362	7.317927555833084	-1.4998163033347083	0.04612539836320971
17400000.0	67.73934459348453	-11.936321365021406	0.7623992443173806	7.372345967985395	-1.4300393660227895	-0.16202490050561905
17600000.0	69.20308017062935	-12.208257709584945	0.7803263108857879	7.67191259843896	-1.3929323920039316	-0.022429568630457145
17800000.0	70.67091186111041	-12.448348565537904	0.7843101640033221	7.558169844010335	-1.3400398859375762	0.008733569053766268
18000000.0	72.20322315847221	-12.674721517669568	0.7769873112919171	7.742337414246612	-1.3902775743460922	-0.04721236379705678
18200000.0	73.76531350456064	-12.98387555642947	0.7822946742482575	7.5523598594122054	-1.5734617512955915	-0.014953725689568284
18400000.0	75.31706515773908	-13.365944222029148	0.8059310083386595	7.682699397570609	-1.5165887490549408	0.0008411861593101421
18600000.0	76.88812058162891	-13.68910982846674	0.8030059642205754	7.881615566890183	-1.9246511392593468	-0.11944005042803872
18800000.0	78.43713259701123	-14.165708247505837	0.7934789433157468	7.722702001241722	-2.3333686285925612	0.13490948754711574
19000000.0	79.99775673797743	-14.648303855516996	0.767398701823617	7.79053419802079	-2.8629971828598633	0.14177827632755824
19200000.0	81.53891137080437	-15.220021638317958	0.7778864481855468	7.578929423697564	-3.0432874367676734	0.17555379378193595
19400000.0	83.09453092466106	-15.871000742807695	0.782977732625811	7.4870260093892105	-3.4112477963529524	0.01359824022537631
19600000.0	84.58712432995937	-16.69125507679221	0.7860381825985261	7.537778037365847	-3.8604588784363685	-0.052019499461977
19800000.0	86.05183266683375	-17.41505696142092	0.767461067542758	7.517779706528521	-3.980478448953237	0.07422781186957252
20000000.0	87.55410568820047	-18.184248360796325	0.7604631387149127	7.5475446164075795	-4.191552119268846	-0.011813407622686038
20200000.0	89.0623336070564	-19.033650300015648	0.7783546607388365	7.444536033052031	-4.162952299475503	-0.037698972358111205
20400000.0	90.57956580201137	-19.843800766060216	0.7908731709100518	7.6181916672423	-4.085951373076157	-0.13011380494432673
20600000.0	92.1280152617421	-20.709722792379054	0.7964967480087299	7.878753177399811	-3.88472553688335	-0.04678020003190025
20800000.0	93.72704917264547	-21.428075497134945	0.7712092526626266	8.301300159173682	-3.7666255176884578	-0.15936153659384
21000000.0	95.36988840379873	-22.134239348668636	0.7482765757735297	8.397473253939093	-3.4351287797175556	-0.01905143434839613
21200000.0	97.05267007913696	-22.711880931725705	0.740573862504416	8.416115091493653	-3.157126602436127	0.08723647737631093
21400000.0	98.77345832733934	-23.256111418307267	0.7544949922014506	8.762194191455073	-2.9038306627730783	0.04087653577231618
21600000.0	100.51050958343205	-23.838594216854844	0.7230944476300498	8.772290995571769	-2.9373065647844183	0.06449990833281666
21800000.0	102.28401714376525	-24.396522702647264	0.7071288971258304	8.98501388272113	-2.684694045048883	-0.1185490816563259
22000000.0	104.07196182040039	-24.878388959869376	0.6962642487872259	8.8787042723393	-2.67220010200213	-0.06418882580084251
22200000.0	105.89319019070571	-25.414500983180893	0.6719003549694842	8.978489176429918	-2.735940151310513	-0.06990885476666071
22400000.0	107.7116702641957	-26.042312098277275	0.6618588436448838	9.10164905922369	-3.1577204676620316	0.14562356509554067
22600000.0	109.50070572503171	-26.745612048830566	0.6750661062409811	9.060464615183697	-3.738774569436459	-0.14193909958253698
22800000.0	111.29170048347748	-27.496177265318686	0.6629417078200384	8.668130888141494	-4.103729743430749	0.09182555694748362
23000000.0	113.03205405825909	-28.370108817202276	0.6397177643325668	8.67222351129053	-4.733462545240471	0.2406143050746078
23200000.0	114.71862327958385	-29.429685595481747	0.6263896540548883	8.547446251496842	-5.278244525020016	0.029733795471354105
23400000.0	116.3885524161067	-30.561305912226043	0.6146427669801855	8.204043413883785	-5.657764153224916	-0.03699372726604901
23600000.0	118.07191179486783	-31.783677023018875	0.6045621529121156	7.924435878749872	-6.029609476137023	0.07950731826860426
23800000.0	119.68378372339066	-33.02287070326066	0.6019346931643342	7.957190656713516	-6.186750734720336	0.1770586129965192
24000000.0	121.29726826514455	-34.33093661153819	0.6144240158016525	8.020434358253443	-6.267452562246595	0.01827087485336444
24200000.0	122.87028216121428	-35.55824933011674	0.6226615704935194	7.816856267856209	-6.377576924020582	0.08826585741867518
24400000.0	124.47760783789784	-36.879402846741506	0.5970930067881128	8.119345219371668	-6.304380259571046	-0.12667732140787719
24600000.0	126.12977521645568	-38.14407475034466	0.5826395314254078	8.458275024313783	-6.245102425376513	-0.06276263292993013
24800000.0	127.83520257517515	-39.412455015244184	0.6022706747051517	8.74753068433113	-5.813126931208572	0.03128814272544378
25000000.0	129.57069976657294	-40.485589765241436	0.5948745910244917	8.959415277353914	-5.58202528633548	0.1929806124740484
25200000.0	131.42538232307263	-41.53472625418963	0.5784412098071057	9.306722135751981	-5.301062424753724	0.1434280819184656
25400000.0	133.3235657206592	-42.47711725933194	0.5838192397491182	9.609694206570039	-4.951153204091341	0.056536158679031744
25600000.0	135.27156199431775	-43.533404321330416	0.5898774068394904	9.749565419558923	-4.709423664759719	0.12836685591044522
25800000.0	137.2777009356506	-44.48483384369819	0.5700832613134366	9.95860401635887	-4.763606182405213	0.11253495397043015
26000000.0	139.29888588768065	-45.49079590979631	0.5644766161595021	9.918564649270948	-4.79067222754513	-0.07824013277390994
26200000.0	141.28345862073087	-46.46417159187791	0.570562367282654	9.859632627523222	-5.119928940705132	0.011450852337014872
26400000.0	143.25892595100746	-47.50348298580369	0.5908555763070749	9.81990370476085	-5.595737495555668	-0.0460160255827953
26600000.0	145.15535492586503	-48.61448744158208	0.5725002744497389	9.533769961155759	-5.860185525016201	0.07364100116426434
26800000.0	147.02999889260417	-49.9231580719873	0.5775914581858131	9.150837996652552	-6.450894600686041	-0.12688467965225095
27000000.0	148.82849019450126	-51.316638565468864	0.5782330887168257	8.651441716830254	-7.209034591584138	-0.0750311253816431
27200000.0	150.57240205624026	-52.827283995468896	0.5615523949749216	8.4479242454865	-8.094740405273349	-0.2599039480549111
27400000.0	152.16157748265786	-54.51311490496083	0.5917734713103198	8.114386430393713	-8.637334244866704	0.07778060888892797
27600000.0	153.72500753327915	-56.22007628245532	0.5986134636170738	7.735013744414167	-8.851011759070587	-0.06454232570846295
27800000.0	155.26778925369564	-58.03582798077351	0.5750601361390288	7.587745545007348	-9.172150248732704	0.0065654522055853095
28000000.0	156.78871895137206	-59.9155594130287	0.6103559702962805	7.642272533945361	-9.262236271846588	0.07349074405211589
28200000.0	158.3086165272321	-61.793180112969985	0.6352283104383544	7.5938402244180265	-9.117921052471058	0.1828381431408471
28400000.0	159.8288072876374	-63.646924228709054	0.6334808699917278	7.887678127501078	-9.135252825920741	-0.11049812064467926
28600000.0	161.43456101399713	-65.53740877522276	0.6560682320944236	8.257173073600057	-8.96617524121391	0.0346019696331521
28800000.0	163.1026408064766	-67.26936687259696	0.6755546435483761	8.494749886058772	-8.703754560779284	-0.019608884248818684
29000000.0	164.90567703430477	-68.93297747377727	0.6847283807132396	9.298329609153143	-8.075195215749709	-0.1252376021439897
29200000.0	166.76977173358878	-70.51474940308923	0.6966334312445588	9.532874537770592	-8.02377460184092	-0.14136116568236257
29400000.0	168.6329133897977	-72.07910021345062	0.684772530286278	9.782284984309038	-7.513244873762092	0.11296600730206788
29600000.0	170.6236178848944	-73.62471675514914	0.6843594074412014	10.036530240043575	-7.46110449259043	-0.04555634181655372
29800000.0	172.63216789791602	-75.0683104310679	0.6747894135568546	10.262415969426613	-7.517208741955118	-0.07517922035637381
30000000.0	174.63051507627486	-76.55130386632996	0.6695318791960062	10.037355914976793	-7.721812414129385	0.014702319506089934
30200000.0	176.6397969862933	-78.09829029004503	0.6545596786769095	9.922706025674785	-7.9846313972786325	-0.06865991047391592
30400000.0	178.64896897847413	-79.72851661279343	0.6577433272229835	9.692758745845023	-8.401388032018186	-0.1008539077875897
30600000.0	180.53511577206777	-81.48306568604885	0.6503429825693238	9.272898761873591	-8.928987402607833	0.1460193317467886
30800000.0	182.35123973474086	-83.30631887373781	0.6491045790898526	8.675421513483935	-9.865359560491282	0.00581386918829219
31000000.0	184.0509042991513	-85.30018092145143	0.6555101231646835	7.951857920831964	-10.28962675182532	-0.28739645621984417
31200000.0	185.56943387731187	-87.50586785790485	0.672262483191864	7.403390864130698	-10.768884387764643	0.045842512345607565
31400000.0	186.99601394651097	-89.7377862453602	0.6648683603712093	6.958514376361621	-11.586600902586765	-0.09444514647632446
31600000.0	188.26607321398222	-92.03885992095695	0.6657708125140871	6.492541718958695	-11.908107211383115	-0.016487603251112034
31800000.0	189.50679738893496	-94.35612415701357	0.6643412199283967	6.074699625534115	-11.906406368118226	0.09095686278404642
32000000.0	190.75550453036587	-96.76950603413285	0.6622624202100049	5.971818384239975	-12.183154018383453	-0.00019079920568702548
32200000.0	191.9735340726027	-99.23751273439478	0.6746883240776175	6.108321491998703	-12.119792996234448	-0.045074773953560465
32400000.0	193.22614236989406	-101.63529858577326	0.6705721407051574	6.279265262766932	-12.101111110646242	-0.024736126985685183
32600000.0	194.55063851503138	-104.02848962828867	0.6653820689997456	6.844979683144377	-11.869187958257116	0.0038496160645693704
32800000.0	196.0190812480576	-106.32210791995986	0.6544342323591805	7.314145417096016	-11.768573434303503	0.20506098697559455
33000000.0	197.52771848106258	-108.65766831078813	0.6448429611301499	8.007324838293743	-11.184832648945076	0.030966358626590865
33200000.0	199.15414749784793	-110.9220957146777	0.6184279376923323	8.437082266618917	-10.970573728944906	-0.06995160063131613
33400000.0	200.93659045992044	-113.11616274096644	0.5952291938816135	8.724330049174728	-10.808508440024978	-0.00679106782415372
33600000.0	202.73016895409063	-115.22067955308518	0.5948377350805091	9.065448167935777	-10.694990402360636	0.08885623876015579
33800000.0	204.56617318480139	-117.35795092645479	0.6197131701615352	9.260476690571362	-10.976611312561591	-0.016622046509367716
34000000.0	206.39363190751706	-119.51489602851296	0.5906218586613924	9.248374438945802	-11.179707586843403	0.02800573692886389
34200000.0	208.2259959663865	-121.73225355745151	0.6189542577437158	8.683609919089474	-11.368619306386286	-0.13124012383208097
34400000.0	209.91230246187604	-124.01951451353686	0.6058280737113698	8.278422210493762	-11.782319790948561	-0.04456866107625011
34600000.0	211.54794189807407	-126.49677033930729	0.5884033473048547	7.694630460477728	-12.509985449809719	-0.13472262315730757
34800000.0	213.0410952067202	-129.1000822772317	0.5599654901693165	6.849899488321535	-12.883772576291406	-0.03517056775959983
35000000.0	214.29738533123677	-131.78590012369264	0.5561520659376392	5.927964161232691	-13.511845799021877	0.13595857329796193
35200000.0	215.3839578563642	-134.56647112106864	0.5652958302066076	4.81160541924072	-13.994105190864799	-0.014037089052852917
35400000.0	216.31479244005737	-137.3224354212104	0.550553515722805	4.136313892191434	-14.282198241500723	-0.02720722179282814
35600000.0	217.06015356769726	-140.17906349196022	0.546511773382732	3.4985858846489677	-14.507166470634624	0.1328518952017407
35800000.0	217.75643833958858	-143.0334219888545	0.570824616281876	3.2404957968259622	-14.679190097400069	0.011168113819192879
36000000.0	218.41123608688355	-145.9630344645055	0.5834318955069627	3.1780551637952916	-14.786267479550817	0.017349046412553047
36200000.0	219.07187011845696	-148.92209006147118	0.561326785810168	3.229327232263786	-15.007816924081444	-0.0957700200152698
36400000.0	219.79832470125595	-151.88272006489757	0.6012832003144966	3.7579348347068486	-14.897715454474683	-0.08585852422822011
36600000.0	220.57766360086356	-154.87278071893078	0.6052200264515244	4.294872593104767	-14.766443885299852	0.08667715654020378
36800000.0	221.4806549610146	-157.76998946128106	0.6068438590681431	5.009501444011356	-14.691316110714176	-0.05548148236976275
37000000.0	222.5461099209942	-160.61202032443452	0.6278777294307629	5.716073589167829	-14.311050942048178	-0.06319110039677647
37200000.0	223.76696244426475	-163.51344873946917	0.6477085210254268	6.400805232424757	-14.192329868895165	-0.14942868550938193
37400000.0	225.07186989707992	-166.29864137439162	0.6191175602536896	6.750386311658823	-14.06393032220476	-0.010069368421210307
37600000.0	226.45482671618402	-169.08549881104713	0.6117035618242821	7.104595710491799	-14.111936640375179	0.058717058164240075
37800000.0	227.87484991257833	-171.91009833853076	0.5984438577761289	7.1371791623457765	-14.236644974687714	0.08153531423748352
38000000.0	229.22642676600336	-174.80100202776	0.6066801108632844	6.801151189772472	-14.451928001518587	-0.10817610960642614
38200000.0	230.52594916736524	-177.7407084684005	0.6038340945517753	6.629987523857384	-14.674624653639757	0.19487821917814818
38400000.0	231.74925349152267	-180.682420681584	0.6199257989282565	5.598039817584664	-14.917839517137695	-0.04586571000616894
38600000.0	232.75765562264385	-183.6607905838889	0.6126097522442295	4.724039072958572	-15.569941759178827	-0.09916683978665833
38800000.0	233.5896386869277	-186.755259634134	0.6086751695370689	3.5755835655013506	-15.838781645243554	-0.15036446290084496
39000000.0	234.185266355392	-189.950126419442	0.6181878556819677	2.4345001854405366	-16.06813758490578	0.03582435345154504
39200000.0	234.54659917664367	-193.14597373826362	0.6201894634307796	1.4113624545824155	-16.280939163194457	-0.04661610953873282
39400000.0	234.6798893017736	-196.36238724247895	0.6227518997096952	0.3880648397192336	-16.39556979479244	0.03618124543177591
39600000.0	234.67848452563717	-199.71869346751572	0.5904837215469414	-0.24197655119057704	-16.456703848606647	0.041730227271917684
39800000.0	234.62469218148465	-203.01168585318197	0.5826739583499162	-0.5457576463068949	-16.696200528655844	-0.05193415091812952
40000000.0	234.50929372728248	-206.3391601867601	0.5946597794597968	-0.6049838793688325	-16.629156899804403	-0.1816784059803614
40200000.0	234.36142091700987	-209.7177882575223	0.5704779324501142	-0.48928293074813495	-16.88228833058559	0.028878229105514384
40400000.0	234.29495885849158	-213.05052855021395	0.5702797989607089	0.04274594427228575	-17.090154560121672	-0.0877223679135674
40600000.0	234.34278867027385	-216.4471922338929	0.5607762497029651	0.8140097262710055	-16.91473186862782	0.08436119565916071
40800000.0	234.58986125425295	-219.76970490379688	0.5576636889276859	1.4640283059025558	-16.90873333402653	-0.06043919886149518
41000000.0	234.99725823605237	-223.12192924499806	0.5520402707706675	2.3620466555628337	-16.945460085244925	0.07071201464045551
41200000.0	235.5925870468995	-226.4717089420888	0.5406078681279993	2.98134903709523	-16.799081967399236	0.010849109227120535
41400000.0	236.25023466439112	-229.8283346144594	0.5570436146547739	3.5824311866469785	-16.929332688835103	-0.07385345652413007
41600000.0	237.05115649194786	-233.29241293996932	0.5496139746120587	3.8537151787916843	-17.222947427632157	0.06414543781093308
41800000.0	237.84070836649275	-236.6976155764139	0.5456200631332221	3.701738471823417	-17.151569896150363	0.01877427500508567
42000000.0	238.55451789678276	-240.12721079196137	0.5503150741567375	3.3714872949658434	-17.19361093291271	0.03683987398251206
42200000.0	239.1957804754165	-243.67313467658659	0.5596308247270059	2.754232852329039	-17.362132290388065	0.05050619803335157
42400000.0	239.64692480581346	-247.18058594446822	0.5498096923991512	1.6202327149533944	-17.543197163065393	-0.1603021479488822
42600000.0	239.8945515307993	-250.70875012770537	0.5607524266616091	0.6721225679105541	-17.662764361990355	-0.05113173393009781
42800000.0	239.86974350336462	-254.3166667351826	0.5795971975567697	-0.6659914705409344	-17.772397743278734	0.04601671470049988
43000000.0	239.61937850194792	-257.8922686068468	0.5613046336683223	-1.5936970737898535	-17.847271716503194	-0.004095313759665594
43200000.0	239.14044909822692	-261.4198251304841	0.5614563197772736	-2.9103703497620965	-17.76552150533486	0.14071762801440213
43400000.0	238.4451926711725	-264.96468879131675	0.5530851126792209	-3.8843114211848806	-17.559820486704158	0.0321787659608365
43600000.0	237.630750344	-268.45715585012687	0.5608191887314306	-4.615321897413199	-17.71475494045847	0.12396324031267972
43800000.0	236.67459636137727	-271.968113026576	0.587115028887806	-4.771718238060386	-17.599372835596938	0.09174954325116433
44000000.0	235.65839483538952	-275.46282147443054	0.5723292933621169	-5.044699849581017	-17.974857429945953	0.029609514013553218
44200000.0	234.6616552148462	-279.02581438810813	0.5643057083068604	-4.734637244529504	-17.779401521332264	-0.04399726552926657
44400000.0	233.77555686592893	-282.58996984157426	0.5776939722114504	-4.307573197287585	-17.862472843416008	0.02093789581043813
44600000.0	233.0135497211285	-286.21473958925213	0.5708280085476714	-3.4585304944628033	-18.23526168751262	0.03326594006969955
44800000.0	232.37139944137405	-289.8439288337402	0.5674107923182866	-2.7053690387384752	-18.341018382283433	0.043512124656869426
45000000.0	231.9055006517723	-293.5187748414444	0.5555485291317942	-2.2089209601962922	-18.52698451654525	-0.008385497591768187
45200000.0	231.58973942602682	-297.26749231298766	0.5482439662657945	-1.2799559027040421	-18.746632035309595	-0.226205774666208
45400000.0	231.3979151554882	-301.02778180246077	0.5666150139325019	-0.7237458661226956	-19.10341893709152	-0.07045416707981865
45600000.0	231.20735384472985	-304.7916262961012	0.5750317355908283	-0.6236039201790894	-19.101276378599906	0.06558434271430566
45800000.0	231.0767720392768	-308.69097998419466	0.5739311753893364	-0.782904416450567	-19.108631178730068	-0.0020704822684603666
46000000.0	230.82945235193617	-312.54801560914063	0.5928200930621271	-1.6452871082791058	-19.128357909082197	0.1527586127205847
46200000.0	230.49196639513036	-316.38972684322704	0.6023570128866431	-2.2461816035858417	-19.239878820707666	-0.09670193473880129
46400000.0	229.94169168117497	-320.30732411569136	0.5775547696049814	-3.451043639838961	-18.939814161368155	0.07668937681129528
46600000.0	229.11455735257533	-324.0257247297055	0.5676177309588758	-4.409934809618686	-18.880233913984707	0.06388916127698986
46800000.0	228.08652739783895	-327.77352683324125	0.578794193466766	-5.89964762026949	-18.598575553512838	0.01571333596399174
47000000.0	226.79485292136965	-331.4515647374728	0.5760984106062461	-7.233361033227985	-18.14684751218624	-0.23334707620559422
47200000.0	225.26563656754556	-335.0579414246981	0.5597329196816534	-8.20416668724496	-17.90265418613977	0.0008932940691119892
47400000.0	223.53375953348223	-338.5526961073893	0.5652121817228285	-9.335314181612492	-17.508935421665893	-0.06351109898923105
47600000.0	221.5344138718157	-341.9617861632738	0.5417323267884813	-10.369726760611455	-16.921001438561447	-0.240623057891742
47800000.0	219.45998281283298	-345.3110668451635	0.5507934480952944	-10.646275087788611	-16.94541356723263	-0.06946934271827897
48000000.0	217.346716749686	-348.65651060049015	0.5524634394015916	-10.641055303295175	-16.913598302433485	-0.03073207518982418
48200000.0	215.26323593925878	-352.05173476730977	0.528953111292654	-10.524455774167038	-17.087277754085367	-0.06400775161633397
48400000.0	213.19157911039073	-355.51250457425573	0.5451627040744439	-10.05988865119227	-17.472388582588984	0.039127952256975365
48600000.0	211.23547076437478	-358.9673198693697	0.545744115721412	-9.305131705537546	-17.944250470184233	-0.1283381730805371
48800000.0	209.44991634129025	-362.5884491794017	0.5279121213777911	-8.486997126703812	-18.431002943158433	0.07767051375311976
49000000.0	207.77633408866163	-366.2872183616206	0.5471223937186998	-8.03402710716932	-18.70998106114034	0.11832044642607728
49200000.0	206.2166931066787	-370.02226572319273	0.5498409760842218	-7.4024691087906325	-19.074765668794722	0.03426504184692502
49400000.0	204.76489881930482	-373.89723611537056	0.5514129388975384	-7.1062139480223205	-19.274336066842515	0.06952622928518298
49600000.0	203.33383447510568	-377.74908831705415	0.5552209747942048	-7.118474259531538	-19.36201989732541	0.030724456378463962
49800000.0	201.8531283358731	-381.5526730966935	0.5669114103395901	-7.224458219583666	-19.51141945781376	0.009521627065181114
50000000.0	200.32130455840328	-385.4076809522099	0.5448662888787945	-7.943185314094005	-19.342530838857492	-0.1402197046233095
50200000.0	198.63900623220752	-389.3083051976986	0.5258744846130934	-8.696378738933094	-18.867127775047333	0.03322089819176333
50400000.0	196.757413436746	-393.0810174372566	0.5264271759025977	-9.890514364100202	-18.527151485943474	-0.1262116028165336
50600000.0	194.67474917956812	-396.67268057342596	0.5230274842276222	-10.886952168982775	-17.750864719086167	-0.17138413043038456
50800000.0	192.3406650295739	-400.0896714592039	0.5232562932919624	-12.345260557163218	-16.73340744383218	-0.1139547065280823
51000000.0	189.78852449032706	-403.3874345636281	0.5335246635619464	-13.26137910896692	-15.87146380189972	-0.020512190179189926
51200000.0	187.02441522838134	-406.5184498677179	0.5282175980292438	-14.319981739422085	-14.868566306194218	0.008307882500892622
51400000.0	184.0877067382622	-409.29184122642016	0.5144578814953771	-15.345954573040842	-13.470839424966224	-0.0616700079253925
51600000.0	180.93859943017404	-411.8377767751804	0.510548801016838	-16.236930026749413	-12.220809653265823	-0.10430680416262952
51800000.0	177.6153628144732	-414.1489674309967	0.5194210507750889	-16.664566651616507	-10.87446403094625	0.0874779160863156
52000000.0	174.1654449674385	-416.18113584923645	0.5319284206599906	-17.558489257617996	-9.761561981335099	-0.03797785729973349
52200000.0	170.58074407325864	-418.05327164890934	0.5468585747686995	-18.109131622541682	-9.458107252454203	-0.10904992895289461
52400000.0	166.93039177967626	-419.9565301412369	0.5221835544514416	-18.333503500050544	-9.488515229597317	0.20172488323036541
52600000.0	163.23276651481902	-421.9918343394214	0.5092328984262209	-18.298625563235003	-10.470314197978418	0.09763334179737553
52800000.0	159.6176938963402	-424.17737514026084	0.4979201544815195	-18.07491821039878	-11.241258472976224	0.04167475120165449
53000000.0	156.00525807217403	-426.4913032731329	0.5006522518846952	-17.922468439601392	-12.294043769585842	0.07394293861853317
53200000.0	152.49593433796457	-428.9918349901118	0.5141849787298509	-17.625441846225947	-12.673760314101337	0.09939798296037922
53400000.0	149.03821127471102	-431.59129817222725	0.5330427120528558	-17.53196841668121	-13.066826282224037	-0.17976676054887228
53600000.0	145.4957096032394	-434.2509486758188	0.5140564164926975	-17.570999228816387	-13.323090160594775	-0.03865566604281519
53800000.0	141.91684392221302	-436.84491298141205	0.5076336505948924	-18.162211497292336	-13.000294273364991	-0.09130400172889998
54000000.0	138.26079012980023	-439.416532350006	0.483768087630484	-18.674156838506416	-12.597524950092724	0.0625349753890396
54200000.0	134.45698988626356	-441.83058143396613	0.4981385402099805	-19.011319935056022	-11.296403767162927	-0.12297541230675657
54400000.0	130.5626753289322	-444.0337422230191	0.4943502141113935	-19.598630283362453	-10.33033354636915	0.14955299640945866
54600000.0	126.53871275615701	-445.9470227449036	0.5099317803431836	-20.31091537914122	-9.067340241798101	-0.09427951141345015
54800000.0	122.4655754638114	-447.59248103672445	0.4944417662687092	-20.697868888507283	-7.939805741546189	0.12155005118348453
55000000.0	118.32473199297064	-448.976726605017	0.4903392881746668	-21.11516836177365	-6.531978752892753	-0.03166761552442641
55200000.0	114.0817940918698	-450.1441594115762	0.47489048841142634	-21.54274065273516	-5.397370057528705	-0.02052383873338409
55400000.0	109.71503618599617	-451.1138470720848	0.48560446905451005	-21.943825253754042	-4.229352768899897	-0.05360349529002564
55600000.0	105.31124850721116	-451.8124874190502	0.46325134840935756	-22.286798464808527	-3.29022092945571	-0.02094784608914297
55800000.0	100.8363714418491	-452.42504638730486	0.47742981178593735	-22.5225170924749	-2.9919382265219343	0.02903228853589842
56000000.0	96.3348423566113	-452.97965566635173	0.5019522106133135	-22.52801080133817	-2.9590358223052267	0.10795517384203344
56200000.0	91.76376509329253	-453.6672407196531	0.500976184097863	-22.847420118976203	-3.471884653426721	0.05543382586624948
56400000.0	87.21917109996119	-454.39535032459673	0.49408223888507896	-22.605846683142882	-3.9880715109773206	-0.11206658728969852
56600000.0	82.68779724590686	-455.2943021541472	0.5188848021053809	-22.696658445617427	-4.68644669451595	-0.0686238155811383
56800000.0	78.13694691286595	-456.31786498084256	0.5446445506472619	-22.804671914589033	-5.385025612902572	0.00620577355467036
57000000.0	73.62822271151016	-457.46127839361236	0.5358821296953729	-22.651571751127037	-5.983615935415821	0.08920145299658735
57200000.0	69.06450562519713	-458.7181986116413	0.5299652679367288	-22.765814141354	-6.539686520160852	-0.16865965595152058
57400000.0	64.50916160563294	-460.10051257388125	0.5374036005540841	-22.75336945075471	-6.540969442810112	-0.12551612777796178
57600000.0	59.97841427759535	-461.4337113560875	0.5639959637241532	-23.09525794766835	-6.771069611727529	-0.11180614834698915
57800000.0	55.38603978851101	-462.60117057800306	0.5745581369838613	-23.071425973810904	-6.074077185899112	0.061201171998351366
58000000.0	50.77475659974554	-463.738455270713	0.5811295780299308	-23.2298574701997	-5.108928938188376	0.0192765430597373
58200000.0	46.107041329060785	-464.66322252571604	0.579978333856012	-23.58437314024231	-3.990300319874982	0.12070509420167815
58400000.0	41.4029455665886	-465.35562343917184	0.5866797184062889	-23.78071378679784	-2.5904504913074216	0.30841805623542196
58600000.0	36.66495630274305	-465.7742049197355	0.5949185787095735	-23.91271354320581	-1.4847152114309392	0.06509210783203072
58800000.0	31.88648786712951	-465.9875112987512	0.5826340309802354	-24.004686716174465	-0.4796259689263736	0.08594058453706385
59000000.0	27.133271943064123	-465.98617612309727	0.5968756360275589	-24.124708687954715	0.6974631480629007	-0.10551487535428263
59200000.0	22.317303401755414	-465.7468824002741	0.6107172386430466	-24.065862203644233	1.8088168099879383	0.018935261099121196
59400000.0	17.510133020953777	-465.30039311685977	0.5915402210688814	-24.130451078581974	2.8524801964349495	0.0576996653271487
59600000.0	12.647600303278894	-464.6528881476274	0.6029766713485911	-24.256903966956394	3.6481335907225168	0.18813532418686754
59800000.0	7.815919700308135	-463.9235386902624	0.6005768884709953	-24.43912180198061	3.62759438253446	0.06613153437094478
60000000.0	2.9305464973407	-463.21980000565657	0.6096838740280688	-24.48697645708131	3.5724678919022907	0.05241182044100132
60200000.0	-1.9749421364635562	-462.51745768617155	0.6027017361647979	-24.62312272946068	3.201859680718164	0.004498937104642143
60400000.0	-6.897485440623749	-461.9691118571497	0.6091254117574117	-24.67175432384605	2.677165572553566	-0.2306184290875584
60600000.0	-11.846372258619182	-461.45000052402486	0.6021477325047785	-24.872322193500004	1.8742212784182115	0.06516285255932755
60800000.0	-16.837773865055528	-461.06817864933265	0.5971640032075065	-24.760017605861112	1.3832396987400675	-0.1854598444164885
61000000.0	-21.83321496733106	-460.8754621858527	0.5982180619824107	-24.97208061680289	0.9025000870984181	-0.027629455104047563
61200000.0	-26.827832451590695	-460.76931640463476	0.6123791280615161	-25.119654223080207	0.5510531795255348	-0.10826088262645504
61400000.0	-31.89212698473099	-460.72771320717055	0.6044675563762472	-25.239485255530806	0.2123645000031572	0.12228627459412582
61600000.0	-36.98148789967852	-460.64763496268597	0.5849238619793783	-25.415135775207737	0.6254680546296459	-0.11985025444469008
61800000.0	-42.10788887554605	-460.5112175963344	0.5853041899150018	-25.375869414757823	1.3798871100316892	-0.06693425372477914
62000000.0	-47.22527773667345	-460.1154028441981	0.5554217158949656	-25.349780595617304	2.1979356647182233	-0.0645568466301371
62200000.0	-52.333785509528006	-459.56162873034043	0.5609037512969718	-25.27770107270274	3.4616421686157044	-0.028673506775966088
62400000.0	-57.37264467328189	-458.78743399451304	0.5689449428188385	-25.188700208897426	4.533434211048458	-0.05906986633764381
62600000.0	-62.39674744718148	-457.81191475954586	0.5638377877929854	-25.226623841886166	5.646514517862603	-0.04121767154930667
62800000.0	-67.40884741333328	-456.59274255721004	0.5685504178811164	-25.089588818650483	6.78831704433649	0.13862837290340602
63000000.0	-72.36548763430784	-455.14384375288773	0.5760574873387863	-24.651717248830774	7.851080012366171	0.04511529806793029
