200000.0	-2.0034192607296487e-05	-2.4667617091053224e-06	7.699072403569776e-05	-1.1282958935607871e-11	4.063415536341764e-11	-9.87239855233569e-13
400000.0	-2.7283534912941364e-06	-2.9649230521964554e-05	4.345912009370466e-05	-1.7383850804156558e-10	-4.78636946607611e-11	-1.3136601760974004e-11
600000.0	4.9467978316511473e-05	2.8375734683430437e-06	-5.9460771522063504e-05	8.330294633929296e-11	-4.0187245836286577e-10	5.429672242261075e-12
800000.0	1.4092252761410367e-06	5.853624494714065e-05	0.00018921118665132485	6.239520332460881e-10	-9.006971991291853e-11	3.9710517424474425e-11
1000000.0	-0.00022842337416069822	6.851703095107204e-05	0.0004879779609580227	7.349295643139809e-10	2.396252731883955e-09	4.169920653868998e-11
1200000.0	-0.00018805248162347626	0.00014083775412314467	-9.146325447802596e-05	1.7531453785170666e-09	2.2894835581840424e-09	1.0028162362344244e-10
1400000.0	5.1672229464151215e-05	-0.0004935669236778547	0.0003924635641156282	-8.775000152776986e-09	-2.1607063372100674e-09	-4.520981203510927e-10
1600000.0	0.00038938633982872964	-0.00011974854019708035	-0.0020622309545815284	-1.3079558165515797e-09	-6.472715289626067e-09	-1.6210944786313916e-10
1800000.0	0.00018661976529078038	0.00020089495024049574	-0.0017334282859990699	6.464020842317398e-09	-1.8127790714647e-09	1.3355396708166153e-10
2000000.0	-2.4754153257606923e-05	-3.991407774337581e-07	-0.0015645167468388535	2.5719689949005736e-10	4.2934405568750014e-09	-8.071821222623383e-11
2200000.0	-0.0002146082555929594	-0.00011416119493164516	0.0002033467951459869	-4.292711625342748e-09	8.52237160735417e-09	-2.674844246310535e-10
2400000.0	-0.00013355002827005293	4.342747944848707e-05	0.0002654539352577933	3.5342890911060936e-09	4.5591139158821875e-09	7.128150739203988e-11
2600000.0	-0.00022653959200111398	5.1394169309641004e-05	0.0038537575337800503	3.5272983387371376e-09	8.120933998861776e-10	9.97089565491419e-11
2800000.0	5.475375626664284e-05	0.00031020716442849367	0.0026734526313932938	2.5205123594959207e-08	-1.892088467383021e-08	1.1909367969768704e-09
3000000.0	3.417586027242154e-05	0.00017068381398299557	0.0010633460898916713	1.1540917980189508e-08	-8.661991113850414e-09	5.361908886468082e-10
3200000.0	-0.00012582888225096616	1.9644234640341313e-05	0.007903592553643975	-1.7000546661917416e-08	-2.040218046265928e-08	1.9588739904299771e-10
3400000.0	-0.000572957833001975	5.6837524306918246e-05	0.011989168426535898	-1.1038967661368417e-09	2.640019187465709e-08	-6.89881147010408e-10
3600000.0	-0.0006258591507981098	-0.00012309509410155428	0.016373739901432437	-5.203875929193798e-08	2.2316372521026164e-08	-2.1328081868042926e-09
3800000.0	-0.001137681101938182	-1.3462688998672136e-07	0.02651211290032178	-2.5944283090605574e-08	3.763315770292334e-08	-1.5231645741185935e-09
4000000.0	-0.0008755246294255882	7.5750577619887e-05	0.019580175647251032	-9.945089935486486e-11	1.6785335434297137e-08	-3.3995829991960943e-10
4200000.0	-0.0005219515399581942	-0.00015180548581428076	0.013465151705947835	-6.153945177937262e-08	3.6912857884840294e-08	-2.7675177316847287e-09
4400000.0	-0.0006570052608820393	-7.37807886937108e-05	0.01549834106181774	-3.4377545026634325e-08	3.0419678954810406e-08	-1.7949452618161423e-09
4600000.0	-0.0005566574564758964	-0.00016894654411535616	0.009353170804347187	-9.0983758594169e-09	7.63103747184182e-08	-4.99204228299768e-10
4800000.0	-0.00048398540422942433	-0.0002510482863179803	0.007152272498909141	-2.2576747367027184e-08	1.0415637593263676e-07	-6.439931296007423e-10
5000000.0	-0.0008151244617762031	-0.00015709421655807753	0.017074993856909464	-9.09425520721165e-09	5.933825118718176e-08	-1.102956154597966e-09
5200000.0	-0.000727893151830287	-0.00014341684912755033	0.013573608900323539	1.2530333116127313e-08	7.27660635111434e-08	1.5374317109693784e-10
5400000.0	-0.0007846951386532301	-0.0002388920424268359	0.014056226908309795	-2.6026155018386363e-08	1.4538769453277608e-07	7.847413562534184e-10
5600000.0	-0.0005937452598091756	-0.00012376715005590466	0.012060725293926525	2.861902176548421e-08	-1.4736016230966839e-08	-2.056903108425288e-09
5800000.0	-0.0004205024483009474	-0.0001600855768650863	0.005918315802679854	-6.909932248655671e-08	4.615893853156426e-08	-4.612514570061906e-09
6000000.0	-0.0006859584970173441	-0.0001552522776248032	0.012541227626794802	-3.0681935421005596e-08	9.512460361530374e-08	-1.76704385631685e-09
6200000.0	-0.0007297986389342667	-0.00021303308649511405	0.0157875225133046	-1.806966570692144e-08	-2.7455307981282487e-09	-2.970108697371441e-09
6400000.0	-0.0004866180246534225	-0.00018524123208871071	0.011285386001111397	5.637955961333006e-08	-5.5636863742833366e-08	-1.4644934977788406e-10
6600000.0	-0.0004958823523176512	-0.00012506763017499763	0.010682349630005979	8.529466533760192e-08	2.1905373982077766e-08	8.557373896143148e-10
6800000.0	-0.0005893743453089133	4.995568713598989e-06	0.012237070371874884	1.9503652238453577e-07	1.635138072984149e-07	3.126753202212712e-09
7000000.0	-0.00042371022967703677	-4.385919466216108e-05	0.010912616386611462	1.9477506325452717e-07	-4.6552788411142333e-08	9.362667531139624e-09
7200000.0	-0.00044478620228185963	7.989960523751522e-05	0.015325653415174334	1.834424397054748e-07	-3.01407248643646e-07	1.9757420915669487e-08
7400000.0	-0.0003653250144931137	6.20547079571831e-05	0.012233862365158544	2.543242001260218e-07	-3.315601528405566e-07	2.3970225708192648e-08
7600000.0	-0.00034507196595644544	-0.0001655514843257948	0.013288915274998137	1.206771450312321e-07	-1.5087976093504646e-07	8.411804059038497e-09
7800000.0	0.00011450785201724784	-0.0003409021506701812	0.00940270158676564	-9.108320966308689e-08	-1.815995898655994e-07	2.3415570770970296e-09
8000000.0	0.0001917724372433509	-5.6573900845910483e-05	0.007012663903997587	-3.950640391061711e-08	-3.746637365046224e-07	1.4505069449394848e-08
8200000.0	0.0004551245195730659	-0.0005384182527919752	0.00042279025016168145	-7.770882541924539e-08	-2.4978041862440435e-07	7.067193214405409e-09
8400000.0	0.0003711848925885188	-0.0011740259492484572	-0.0018383658393106776	-5.329990930904346e-08	1.36685875452827e-08	-2.2614243263427494e-09
8600000.0	-0.0003912919887238246	-0.0013005157417130058	0.003135820112060006	1.8176951278019513e-07	1.629337523478326e-07	1.5515288749622098e-09
8800000.0	0.0002671812105322414	-0.0008751576927460789	-0.0029278193639795578	3.064821312432739e-08	-9.564935237983569e-08	-2.2047938156592546e-10
9000000.0	0.0006340151269564716	-0.001493928884591557	-0.0008072113729771443	-2.268052625885067e-07	1.432356073211039e-07	-8.289199623941039e-09
9200000.0	0.0006090900653468336	-0.00228406629553368	0.00204580998408219	-3.474572917310749e-07	5.072016396137949e-07	-5.557570895541781e-09
9400000.0	0.00035798070797346353	-0.002680486231080794	0.004900441978910495	-3.1018675803273734e-07	7.109829312059928e-07	1.6172117099858734e-09
9600000.0	0.0012852929112730973	-0.0023491942481411445	0.002165624002708089	-7.838755555090348e-07	3.9392920310250597e-07	-2.6882399944870213e-08
9800000.0	0.0006657809253629912	-0.0022561306582250906	-0.0016060177659096594	-2.6892463592130904e-07	6.394511327460154e-07	5.938900958679201e-10
10000000.0	0.0010171174119316406	-0.001918267956707292	-0.0025711580711785236	-4.1429056188552886e-07	2.7416664635324284e-07	-1.7255244675822412e-08
10200000.0	0.0006454985136626666	-0.0012991774544793707	-0.0019515249211607831	2.428546827407089e-07	-1.2676970301927863e-07	-3.0246859750742008e-09
10400000.0	0.0007886518365110306	-0.0011022397534787545	0.0005857343174043672	1.9541336330721207e-07	-5.37433791508833e-07	-1.1749080631289176e-08
10600000.0	0.0007288844736781443	-0.0006990428910112228	-0.0004990459914183207	6.09844386141299e-07	-8.65884127544143e-07	3.733816089262175e-09
10800000.0	0.0012346095074210672	-0.0007766130112771105	-0.0022900370692143703	1.1222172576476963e-07	-1.1640104638404438e-06	-1.0853166310989225e-08
11000000.0	0.0013144709643776041	-0.0006670947121564804	-0.001911312821474086	8.357601985423362e-08	-1.320396480813705e-06	-6.6441289646433645e-09
11200000.0	0.001392150408421458	7.778024719469262e-06	0.0005057473736624102	1.7168230708431616e-07	-1.8508618611853092e-06	2.500064745670146e-08
11400000.0	0.001064052811525518	-0.00044641612173198716	0.0028101440518436627	1.4634607112138506e-07	-1.214873129015094e-06	-1.9070442003881667e-08
11600000.0	0.001525842212675272	-0.0005220291893376565	0.004254238864767566	-2.6278848935911784e-07	-1.151354314770209e-06	-3.684525961083414e-08
11800000.0	0.00024294181531106388	-0.0010407857080282643	0.005814884748899747	3.7045677743337944e-07	-4.916701350336608e-07	-7.036891568399326e-08
12000000.0	0.0013062246594564163	-0.0006201622316761952	0.01027209356415229	-3.4785513149856863e-07	-5.190357017820422e-07	-9.079613588121533e-08
12200000.0	0.0019255247373371042	-1.753548170910289e-05	0.010603961793051815	-6.187989204761818e-07	-8.763944431255291e-07	-7.289099739229741e-08
12400000.0	0.003379065058287817	-0.001181938251277985	0.010998400772571764	-1.462600295856544e-06	-4.2842565667376563e-07	-1.28491222025278e-07
12600000.0	0.0017872291334383667	-0.001330039530868727	0.012374914275171027	-7.4196562482528e-07	-1.445395958966505e-07	-1.1814013473757147e-07
12800000.0	0.0021599948884264628	-0.001616692960115758	0.011200170468175397	-9.268500586222119e-07	-7.783669219397746e-08	-1.258867013909842e-07
13000000.0	0.003446313684592425	-0.0025904400871770337	0.008656505372950945	-1.6282287527089622e-06	2.5412617791547375e-07	-1.5282833189647421e-07
13200000.0	0.004888480980144796	-0.003523362393486225	0.01062133502759181	-2.5197991877417236e-06	5.380252252580573e-07	-1.8108759584332398e-07
13400000.0	0.005546395773702685	-0.0024486186564259913	0.010787608618421549	-2.740934723758101e-06	-1.801659667714686e-07	-2.046393910141812e-07
13600000.0	0.0043266412197393855	-0.0034360135868380833	0.010933144921190494	-2.1460140216723928e-06	6.435332025662558e-07	-1.5927545600268323e-07
13800000.0	0.004288321620045872	-0.0036722861280142193	0.010722080911253274	-2.1741327175619315e-06	8.320290014586489e-07	-1.5423470700169041e-07
14000000.0	0.0040182053666825215	-0.002648035074658601	0.011086187939622672	-1.6762434483739847e-06	1.0413597639879756e-07	-1.5920853985092827e-07
14200000.0	0.004263902745510085	-0.002826298672215178	0.010812144506152178	-1.9462144840549632e-06	1.9336846774271193e-07	-1.670788527244508e-07
14400000.0	0.004038789828789124	-0.0024502845028119514	0.012585408002098026	-1.585688323821971e-06	-1.9103432225756217e-07	-1.5935182367982028e-07
14600000.0	0.0030612615291726163	-0.0033749183678762687	0.012882859381387559	-1.0966571124303007e-06	1.0788364063422482e-06	-1.4062086443314574e-07
14800000.0	0.0019579939728466235	-0.004187128864035888	0.012283543204600022	-4.1516385288892944e-07	2.319514285631335e-06	-1.381323200179988e-07
15000000.0	0.0005054921544788379	-0.004208409950637014	0.013214505145295269	7.686220690778753e-07	3.060700098381985e-06	-1.2655102410556454e-07
15200000.0	-0.0005826990480423658	-0.003270686748091183	0.011172292590352174	2.180391123925336e-06	2.224457065917121e-06	-2.65246173788489e-08
15400000.0	0.00014717928029302771	-0.003478447439906122	0.008341865325791066	1.8829482533543387e-06	1.479871589172623e-06	2.815169351763526e-08
15600000.0	0.0008082807770808683	-0.0026932235898162794	0.009451006767920505	1.4885845716114228e-06	1.11418211536356e-06	5.449898009322431e-08
15800000.0	-9.466957985368842e-07	-0.002726354815388204	0.010762846539440325	1.8812768923941633e-06	1.5607344673625684e-06	1.5808651112419554e-08
16000000.0	0.000210265815950201	-0.0012586316125530767	0.011222223407006045	1.8708376817074463e-06	9.189692806017621e-07	8.725324792407871e-08
16200000.0	-0.00036389465845393647	0.0017296965977781715	0.014027444472275385	2.2286169716806926e-06	1.829448234713095e-07	1.7204012369801563e-07
16400000.0	0.0017212233855096997	-0.00031272913908045644	0.013835248249662148	1.1942330392242791e-06	8.653771579490775e-07	8.757917005055754e-08
16600000.0	0.0012440502441511269	-0.0016017565085142	0.013064743028302598	1.3632497110321095e-06	1.2888187160020614e-06	6.682001238588724e-08
16800000.0	0.00203615296258629	-0.001433808417509195	0.013340113938257864	1.0370451715941068e-06	1.2128858067586303e-06	5.847622860220807e-08
17000000.0	0.0016307878118408147	-7.422078288450967e-05	0.013709262550049964	1.2627678628766225e-06	7.010444120926326e-07	7.337150559677518e-08
17200000.0	0.004380749712425535	-0.0020173222442013937	0.012651406802992926	3.3032114477356393e-08	1.3875260724659784e-06	2.738543916417292e-08
17400000.0	0.0047599531655489295	-0.0018442500520854076	0.014082800458631152	-1.204378528624108e-07	1.189011116588476e-06	1.877212243304473e-08
17600000.0	0.00317086499192623	-0.006092576471275983	0.013782200786776916	2.941604047787568e-07	3.264541835056166e-06	7.562139724546838e-08
17800000.0	0.0021086541284070213	-0.00516551366021334	0.013021316636875814	8.475570468152426e-07	3.0008754010774747e-06	9.236399480814074e-08
18000000.0	0.0008774223436050254	-0.006265142863144505	0.013033682045816905	1.3421922438036542e-06	3.6364037377763103e-06	1.251624235917232e-07
18200000.0	-0.0014176071687247796	-0.0016544948470418996	0.01247647288296636	2.8891249636712906e-06	1.60714939009344e-06	1.534925301389839e-07
18400000.0	0.001141996255802348	6.5597448090494535e-06	0.01198851081849197	1.7770469901469027e-06	5.516710093054343e-07	1.018683210280938e-07
18600000.0	0.0007064040140822591	-0.0015939054113649374	0.012907946790581173	1.813979853639872e-06	1.3921231382052599e-06	9.800566423003167e-08
18800000.0	-0.0007597979391775001	-0.0007018038741460073	0.01080669629032682	2.6961145927948094e-06	9.548524909871265e-07	1.398351935030105e-07
19000000.0	-0.004596618739588243	-0.0022858638745368973	0.008861961289580474	4.48529103598901e-06	1.7200863641464905e-06	1.5103863413339072e-07
19200000.0	-0.0027734814664274092	-0.0020544125937026142	0.006815337311784522	3.7882245821986708e-06	1.0004119213847026e-06	2.0114545470595198e-07
19400000.0	-0.0017113966841917278	-0.0008071607175638327	0.0066775590812850946	3.4131978287342585e-06	4.5795774573278e-07	2.7301747977551743e-07
19600000.0	-0.004982571392601429	-9.399829420532826e-05	0.007182870236519369	4.726494484038048e-06	4.654259999069046e-07	2.758804763159477e-07
19800000.0	-0.005648679465457851	-0.0004888995971666117	0.006373309912941043	4.9857729195250405e-06	3.7147414798928576e-07	2.8956319353821055e-07
20000000.0	-0.008937193840630561	0.0002336374734828126	0.0064700689042037594	6.147909565438376e-06	2.158197376936598e-07	3.0966048799465226e-07
20200000.0	-0.01162718804401599	0.0033608726610663163	0.006733935812631943	7.06248232636759e-06	-3.870124283897328e-07	4.2417063720123915e-07
20400000.0	-0.012116880680190208	0.005905588944136603	0.008005269907489001	7.2141793281627666e-06	-6.911689254345232e-07	4.7005367516704585e-07
20600000.0	-0.010161345536167966	0.00511289216168484	0.008462400343294945	6.6120810048639845e-06	-4.343200157522101e-07	4.3808596942197605e-07
20800000.0	-0.011444046126284926	-0.001616648209950446	0.010148475794339423	6.895117949658657e-06	1.4689818623555763e-06	3.7080470634894807e-07
21000000.0	-0.01251570183293783	-0.004637617178563516	0.010153602301962215	7.171771803378606e-06	2.3273101447166188e-06	3.708314870726839e-07
21200000.0	-0.015479385262338411	-0.0012620972886962945	0.008870115533412425	8.109836190690584e-06	1.379447772512746e-06	4.031970280310629e-07
21400000.0	-0.01702203116051245	-0.005352840382421529	0.008400379663109985	8.498596718245558e-06	2.758883162766347e-06	4.3684459725329884e-07
21600000.0	-0.024117939945096655	-0.0037731515820678793	0.0074476354973670245	1.0761570719168354e-05	2.536666843910409e-06	5.270698083979553e-07
21800000.0	-0.023102262360307626	-0.005973873443242125	0.008714547165963133	1.037978260449422e-05	3.077583847618094e-06	5.22550867261055e-07
22000000.0	-0.02016170086342332	-0.0011881179236768995	0.009222217054056644	9.558974459650821e-06	1.2030663380755387e-06	4.5643636779945943e-07
22200000.0	-0.013354815137259626	0.0017376066804281306	0.009896205819731614	7.319962651903474e-06	-2.1194691406040993e-07	3.4618632241203976e-07
22400000.0	-0.01172196760281044	-0.0012308080176533006	0.008398116340535892	6.628914494412603e-06	8.913617365734914e-07	3.232137696559678e-07
22600000.0	-0.016329614399825866	-0.005132814829135903	0.009704552157643301	8.033678995113977e-06	2.5188917025118276e-06	3.579234786141989e-07
22800000.0	-0.016224407266028508	-0.0014078572832487602	0.00852110851195995	8.234539586425457e-06	1.1204986105152408e-06	4.193131745126626e-07
23000000.0	-0.01703177300811867	-0.00419051520326965	0.006147314065170718	8.489455352093059e-06	1.4940877346481403e-06	3.7733005857298783e-07
23200000.0	-0.01692407198559429	-0.00668660407636169	0.006103398309770856	8.345280173055299e-06	2.058280099825937e-06	2.428715113348926e-07
23400000.0	-0.015046887004559143	-0.006262032227842862	0.006645263813395184	7.756554646956103e-06	2.1878007520136273e-06	2.756277450503901e-07
23600000.0	-0.016330680997853696	-0.005492646130051423	0.0058720379221736865	8.178095066364969e-06	1.9958007812467633e-06	4.139764413088739e-07
23800000.0	-0.013909751504436789	-0.008098882798789574	0.0044442334404224265	7.522763908642495e-06	2.0529751287712943e-06	4.090618676878208e-07
24000000.0	-0.007457139905258223	-0.010174005432100638	0.004801740502561005	5.838270663838542e-06	2.6582192855370847e-06	3.5740207970452805e-07
24200000.0	-0.008896036169101833	-0.00821613043626699	0.004081867788583081	6.181154554527561e-06	2.507385975271843e-06	5.064475727768964e-07
24400000.0	-0.007931721161558835	-0.006825383595600372	0.005621813102189605	5.921502907989459e-06	2.7251486849350845e-06	5.014048080163773e-07
24600000.0	-0.009732382076273208	-0.00807635113915994	0.006454886979843139	6.317842002777028e-06	2.9591560861770487e-06	4.6399256102457405e-07
24800000.0	-0.0073836611048607465	-0.009849761942091032	0.006446548229945885	5.824925391613565e-06	3.2884431372503285e-06	4.3375928075385135e-07
25000000.0	-0.012974600757583072	-0.00936038522002889	0.004639069714227739	7.053876963514652e-06	3.035887672339392e-06	4.856353922095865e-07
25200000.0	-0.019398548025351244	-0.009713919649056688	0.0034742699285967237	8.464579914338817e-06	3.1557954887496852e-06	5.499035386560015e-07
25400000.0	-0.021926397748115254	-0.011622962613131964	0.003390603822042867	9.029652667137149e-06	3.666552142040729e-06	5.848066018294437e-07
25600000.0	-0.021576002514924142	-0.011013590323368844	0.0026534182232929434	8.952074251195622e-06	3.5985576930413703e-06	5.785822348160386e-07
25800000.0	-0.023112366681971887	-0.014327239311957398	0.0022060993356496886	9.294255860164032e-06	4.605987764267084e-06	6.165220996724937e-07
26000000.0	-0.02218633967780143	-0.012829099608886082	0.00353997069071422	9.085342388948972e-06	3.9654815692563434e-06	5.958230670665681e-07
26200000.0	-0.024813562177762212	-0.012269541573982364	0.0038454913607689806	9.765258348106514e-06	3.844486096354013e-06	6.26465076755948e-07
26400000.0	-0.028753538753597867	-0.01441826137228597	0.004708457276210443	1.0727042590511058e-05	4.5086432599562475e-06	6.69755923738109e-07
26600000.0	-0.024522580072960976	-0.01297353092222434	0.004477992548596012	9.673891356694423e-06	3.999022875107047e-06	6.431249302511612e-07
26800000.0	-0.020785614453943987	-0.011065344234765632	0.00611991719876291	8.71596955753695e-06	3.7152437231833186e-06	6.540616273144428e-07
27000000.0	-0.020409421071638807	-0.008468598134579385	0.006991020815074734	8.67366088495203e-06	3.4944105743758145e-06	7.461417050727274e-07
27200000.0	-0.024969132007379265	-0.006396713590315652	0.009504169937584777	9.59378754224701e-06	3.462814649723464e-06	5.360673438857064e-07
27400000.0	-0.030051142908117966	-0.005870482489719672	0.008663625468747977	1.0620078968110417e-05	2.0940159081647927e-06	2.5572982925111826e-07
27600000.0	-0.029965242891257085	-0.005152596794474478	0.00928242585437645	1.0590685540292113e-05	2.1748834867876794e-06	2.3135791269062736e-07
27800000.0	-0.03138284212200694	-0.004583543631278153	0.009162418449255298	1.083180502819432e-05	1.6733752614248881e-06	1.5442906562336552e-07
28000000.0	-0.029880304155680812	-0.006408694603946509	0.00859253224679513	1.0602209469377742e-05	1.1822498325077346e-06	2.4047271413720704e-08
28200000.0	-0.026001034785771076	-0.009399560444801164	0.007060264899122206	1.007399835267039e-05	1.646746265407035e-06	1.352495651448483e-07
28400000.0	-0.023693819797851064	-0.00927602147996513	0.008344862214400969	9.744637648769266e-06	2.0841555978026375e-06	1.11653264726015e-07
28600000.0	-0.0232249164070716	-0.011273688768149466	0.008215621137007391	9.733108576333166e-06	2.0886706910566878e-06	5.823087829709244e-08
28800000.0	-0.026768657269615952	-0.00805980070448185	0.00830285249731428	1.0112166196941745e-05	1.6946381859903464e-06	1.0140166840271166e-07
29000000.0	-0.01879346816743324	-0.01281410216480108	0.009944948828040078	9.178925477676241e-06	2.6378216820140735e-06	4.4100682171147345e-08
29200000.0	-0.024621727557062115	-0.016261316967496903	0.011268574718283011	1.0053469444739246e-05	3.2082641341366823e-06	9.583052565860539e-08
29400000.0	-0.020607917110459555	-0.01097474177107467	0.009980965619169564	9.363691344388138e-06	2.2680963992292076e-06	3.388918175961023e-08
29600000.0	-0.020165450277403733	-0.009849917509861634	0.010358652065471735	9.284672241461261e-06	1.981207566095327e-06	2.2212850650993892e-08
29800000.0	-0.02134391027105195	-0.01556700372745296	0.011195888258245077	9.536379988066486e-06	3.1183491622275483e-06	6.970435396549582e-08
30000000.0	-0.023345877948303555	-0.011100476726017366	0.01073747350870608	9.876456073467195e-06	2.2313087722768275e-06	6.982786113955338e-08
30200000.0	-0.023353954705891015	-0.00799626770464944	0.011170823515607902	9.889791871430244e-06	1.4999622431619188e-06	6.264916364734021e-08
30400000.0	-0.022330574637566145	-0.007263294721664833	0.011961660986346642	9.688394014073843e-06	1.2970757019970066e-06	5.56223314594028e-08
30600000.0	-0.019500772276543434	-0.006409805926688652	0.010385023145822046	9.219350453575388e-06	9.486905562942665e-07	6.150781978095183e-08
30800000.0	-0.02418385697073098	-0.0063056470198230175	0.010145048283020049	1.0051105928471463e-05	9.005636913248469e-07	2.3966411043872415e-08
31000000.0	-0.022944545399552485	-0.004252061297945141	0.012666571243273715	9.809165636716242e-06	1.4891181211682852e-06	1.0676679251180372e-07
31200000.0	-0.01873169404491665	-0.007255626272306038	0.012051098812467973	9.222679298916517e-06	1.958201642447091e-06	2.1129470071355854e-07
31400000.0	-0.01981965827423045	-0.005457894103174067	0.012640347398035616	9.214076772162798e-06	1.0226901983808669e-06	-1.4638508206887238e-07
31600000.0	-0.02145989586816042	-0.003798281630297115	0.012407748694275696	9.296836843337121e-06	-1.0515258738704887e-07	-3.926392269890522e-07
31800000.0	-0.021476720073305873	-0.006124513225167574	0.011229551815795153	9.414901210136658e-06	4.748634765659822e-07	-1.223978529150159e-07
32000000.0	-0.024303651352806835	-0.004673133841557201	0.01085150505127261	9.600355757479082e-06	3.1125948417696353e-07	-4.948562253838799e-08
32200000.0	-0.024801863265418212	-0.004053776346041083	0.010984834779468013	9.62240579988139e-06	6.356804364288577e-07	3.420282152160035e-08
32400000.0	-0.026990053602858534	-0.0019324700236354048	0.010797367437945049	9.649626071072072e-06	8.41395469911082e-07	1.6646583889561984e-07
32600000.0	-0.02596563331724227	-0.0019114576511662681	0.010516897667981273	9.60529311915903e-06	9.575274036535437e-07	2.0392871025796246e-07
32800000.0	-0.03170248370223486	-0.0017977773996997333	0.00829840668457653	9.82008519862014e-06	2.3980918958950666e-07	2.0097566711533663e-07
33000000.0	-0.028439414203738567	0.0012270303360049964	0.007880095807367874	9.526054747030463e-06	9.081908615281431e-08	2.1624199147308596e-07
33200000.0	-0.028561763572905973	0.00582306880297642	0.008326468277276561	9.289696347402873e-06	-4.082976825173921e-07	2.1517777885373315e-07
33400000.0	-0.030632121517566186	0.011187786584970206	0.008070343509076528	9.134331724331797e-06	-1.083246599740212e-06	2.137195081130703e-07
33600000.0	-0.02915452704481369	0.014660555497927032	0.007067525293562253	8.888145138693372e-06	-1.4873875125715882e-06	1.808457630433446e-07
33800000.0	-0.03349574496088296	0.008321667324645076	0.007503732350195595	9.441708170248298e-06	-4.906891723630465e-07	2.6000288747173387e-07
34000000.0	-0.03635051132357294	0.00112093685091119	0.007568543938617085	9.896022332176693e-06	6.849641881041981e-07	3.120031699303155e-07
34200000.0	-0.036175308385646365	0.005827146361972326	0.008618799027214198	9.756437040614022e-06	-9.62665662628018e-08	3.163534557374893e-07
34400000.0	-0.03532929333384265	0.007967353727958955	0.008867712569470765	9.64136573786461e-06	-3.98727438460741e-07	3.3192053683415266e-07
34600000.0	-0.03846496138959759	0.005547051248194278	0.010109723620859053	9.884128362591163e-06	-3.256442431941859e-08	2.4523123918361454e-07
34800000.0	-0.03574430960515116	0.0040951961128846606	0.010311327775215649	9.706435849454611e-06	1.857955560863089e-07	2.552519566623003e-07
35000000.0	-0.034247999317184454	0.0009395796319179215	0.008970847154675103	9.641625330182688e-06	-2.375996171961568e-07	1.192768315904585e-07
35200000.0	-0.035835844382456	0.0023406179848407408	0.008885954000581823	9.648688315697213e-06	-4.825064944429173e-07	9.15523573239205e-08
35400000.0	-0.035468391133332854	0.0019664706945746605	0.009003478149423186	9.690596099543172e-06	-1.6890516133281319e-07	1.7247357547851475e-07
35600000.0	-0.03733844507992596	0.0016626579816598134	0.007550118592278006	9.697643532366327e-06	-4.4963517597513187e-07	3.530779854176393e-07
35800000.0	-0.03804078252587842	0.00201833759951113	0.0073664455867176095	9.659589486040813e-06	-4.497322662600469e-07	3.962769600561174e-07
36000000.0	-0.03743267594780748	0.0011139468787301355	0.007205604351012538	9.766940322933567e-06	-1.8176053306423192e-07	4.80960584324954e-07
36200000.0	-0.039409448540557834	0.003585765773927457	0.007978020981131102	9.436476077567277e-06	-5.404378404098407e-07	3.271794548824378e-07
36400000.0	-0.03789028438761114	0.002398632861075415	0.008810145533477559	9.665694682889712e-06	-6.607019677562426e-07	1.8469878115229505e-07
36600000.0	-0.036282981183773294	0.0006500833426697399	0.007966557226870542	9.94984423539925e-06	-8.213929584129119e-07	1.821839103053842e-07
36800000.0	-0.037651997069003504	-0.00032968122410478927	0.008506955628314357	9.930597263708764e-06	-9.96406393587067e-07	1.1902369178539235e-07
37000000.0	-0.03735897663622017	0.0019968397974647707	0.008882578285844846	9.718259789915446e-06	-9.111872509688029e-07	1.490569721676219e-07
37200000.0	-0.03685434296687979	0.002975584738871508	0.010112564482631155	9.66253349429248e-06	-9.540216753925081e-07	1.5012775793593604e-07
37400000.0	-0.03687858483139091	0.006030664803467019	0.009810774182006467	9.362981839335693e-06	-1.0937811261926536e-06	1.4416316566451258e-07
37600000.0	-0.03781539864789151	0.0032955331933704484	0.009202121558336999	9.553281593183531e-06	-8.138345831225984e-07	1.630819492947007e-07
37800000.0	-0.03748951545411902	0.0012212242523670122	0.008411313393684346	9.741055978447818e-06	-5.522147180126869e-07	1.6489978344738984e-07
38000000.0	-0.038293453811484135	0.0014190770158884942	0.00933859330757459	9.690112670005033e-06	-6.589346109549887e-07	1.7348964990785478e-07
38200000.0	-0.03567121202637942	-0.0037689771795967877	0.007659756480135514	1.0142374583611386e-05	-2.957723373500623e-07	1.1674521550424508e-07
38400000.0	-0.032297366481271815	0.00035784758995278856	0.007860496546726697	1.0025894979443569e-05	-4.7015451793988135e-07	2.071192950685804e-07
38600000.0	-0.033011690375879074	-0.0020094572602805637	0.008888681503331306	1.008787093603095e-05	-4.29096255880207e-07	8.166118315807893e-08
38800000.0	-0.03240260338326993	-0.003007421948530265	0.010231220029969682	1.0145660853727498e-05	-2.3427722247596543e-07	-3.3410026877567103e-09
39000000.0	-0.030726323408146922	-0.004849566493817794	0.009725484318355553	1.0410617736651483e-05	-1.62033859738426e-07	8.814244917027329e-08
39200000.0	-0.02926458927162207	-0.006465288604547269	0.0100192314977206	1.0696376455833699e-05	1.3472752476981907e-07	1.448954869674516e-07
39400000.0	-0.03019293969963741	-0.005920253169757363	0.009362648965129347	1.0570124184269661e-05	1.86527113078025e-07	3.0362348093189716e-07
39600000.0	-0.03117442339999278	-0.005846151900414902	0.00868587907877711	1.0551317439951117e-05	1.0021416831592255e-06	7.535353351991794e-07
39800000.0	-0.03193343929716527	-0.004435028385458673	0.008926407303426255	1.0270792152045195e-05	9.336792719654785e-07	6.817740353753643e-07
40000000.0	-0.030818242179322008	-0.0043646331531885015	0.010397867402361071	1.0623002465989013e-05	2.1767205241073307e-06	8.423403007386782e-07
40200000.0	-0.031240471931084146	-0.004625441167576381	0.009830388729405198	1.0488896132751675e-05	1.4479991555946925e-06	6.936765446707247e-07
40400000.0	-0.031788579750969784	-0.00578973690514799	0.01052025043950068	1.0465507241643623e-05	2.981635627689216e-07	2.6987500602134287e-07
40600000.0	-0.030721895234615087	-0.007909802294767516	0.009558923993775977	1.0938894991443406e-05	-1.7944088975317907e-07	2.128998652039796e-07
40800000.0	-0.031212653852741638	-0.005626563310798274	0.009764082726504787	1.0517822168552788e-05	1.6391630334537994e-07	2.9050796858063596e-07
41000000.0	-0.03299145216952373	-0.005265417923761947	0.008863960249370017	1.0083174341981071e-05	8.294518505651145e-08	2.867496819308869e-07
41200000.0	-0.03400846366764474	-0.001566942282739168	0.008385604806014718	9.351714321738806e-06	2.824500841457933e-07	3.2448711977689475e-07
41400000.0	-0.034905271986375684	-0.002532815994425476	0.00902896911211596	9.325648365012525e-06	2.0242234886846265e-07	3.3489316330011657e-07
41600000.0	-0.040555375649577105	-0.010497589347769024	0.008796389399327654	9.41644940062854e-06	4.1550455757061713e-07	4.193958551690557e-07
41800000.0	-0.042746002817920487	-0.011768371274910672	0.008610980901871347	9.232038568829878e-06	5.549379659980044e-07	4.531570673959172e-07
42000000.0	-0.04039329416006278	-0.009839285393035285	0.008052334551260537	9.359645620770146e-06	5.317504848114062e-07	4.341069122785174e-07
42200000.0	-0.03798834263322219	-0.009130290135216013	0.007470523708654205	9.627423733062904e-06	5.06320169038257e-07	4.36599482695921e-07
42400000.0	-0.03779037732789833	-0.007226675766080224	0.008840807542519605	9.481785658552172e-06	6.016054644565317e-07	4.998788814339254e-07
42600000.0	-0.03501507817421032	-0.008842559466793482	0.009239448877905274	1.0059798733412003e-05	6.342230061473988e-07	5.628359674907841e-07
42800000.0	-0.034732578946394706	-0.009299850784340877	0.00863822990888988	1.0140460003904091e-05	5.163376180939593e-07	5.77799701431354e-07
43000000.0	-0.033055744943189636	-0.013704942270641254	0.008804495430812118	1.0737780651373391e-05	-1.916576978998269e-07	2.5414953101382186e-07
43200000.0	-0.032912766963348036	-0.015137577895236454	0.0074225646986875084	1.0826150125102582e-05	-8.973115089938557e-07	2.0014015229774326e-07
43400000.0	-0.03281451216707292	-0.015244635797011349	0.007062469012474653	1.0966021240257596e-05	-4.26324361947195e-07	5.24217517350306e-07
43600000.0	-0.03440693482306194	-0.01349550517349193	0.005847756422621054	1.0057712735976382e-05	-1.9767577684033054e-06	2.4463540122445838e-09
43800000.0	-0.03304492365853673	-0.016635628703599952	0.005259985203379178	1.0822597492109517e-05	-2.286096733206053e-06	9.194276978464982e-08
44000000.0	-0.034115078713945216	-0.01581251926236155	0.005207368670590855	1.0045651743208064e-05	-4.382192176555779e-06	-8.543886038105113e-07
44200000.0	-0.033334145341556466	-0.016369021312983078	0.005831315646745169	1.0426152823571784e-05	-3.997483757625617e-06	-7.798846705993868e-07
44400000.0	-0.0325622128754552	-0.015283180598179057	0.00565902606281693	1.0581664276140714e-05	-3.028491166404815e-06	-3.9057146559298506e-07
44600000.0	-0.03182429234461476	-0.01731552322415058	0.005640915008352123	1.1107636575513658e-05	-3.4335651674746214e-06	-4.932458541320562e-07
44800000.0	-0.030945461594081396	-0.01872991150288195	0.00549955614040424	1.15827962412169e-05	-3.631931646827974e-06	-5.276226728607983e-07
45000000.0	-0.03235525924776241	-0.016505638869784674	0.005666535411413084	1.0834109316541975e-05	-3.3597940585867806e-06	-4.797318739897605e-07
45200000.0	-0.03231523839745553	-0.019551164289008934	0.008192343207526454	1.138647006262106e-05	-3.864146698346039e-06	-5.248448489711157e-07
45400000.0	-0.03622419164084074	-0.029086752528124482	0.009551797917843528	1.1890855478248895e-05	-4.701305745661244e-06	-5.842633905381566e-07
45600000.0	-0.03669390978600796	-0.03312716094133629	0.009152559592623339	1.2348495218382677e-05	-4.894007518093025e-06	-6.150055186710625e-07
45800000.0	-0.03587827896241831	-0.03546177460672961	0.009308867855302171	1.282846794890268e-05	-5.138224060423789e-06	-6.532002900387114e-07
46000000.0	-0.038835286412187864	-0.03340124830937495	0.007795696703752072	1.1965058826210121e-05	-4.542073323691388e-06	-5.870873389016534e-07
46200000.0	-0.039673209409162406	-0.035536564777044644	0.00897477616672129	1.2009143747763013e-05	-4.789540447215459e-06	-6.519439084591284e-07
46400000.0	-0.03915929435020319	-0.032964270643941695	0.008114591027427544	1.188559892389999e-05	-4.4815172340656135e-06	-5.10080098189697e-07
46600000.0	-0.0387119244391715	-0.0359535261632182	0.0077885343808835675	1.2220978012587725e-05	-4.98423554480046e-06	-6.875642208526473e-07
46800000.0	-0.03963103375653713	-0.035149441753613085	0.007745335804924557	1.1880129311020838e-05	-5.027322791389355e-06	-7.987651759887199e-07
47000000.0	-0.040529196236354745	-0.031423689351762055	0.009845126414378465	1.1362786739439711e-05	-3.96535678981912e-06	-7.502927997116995e-07
47200000.0	-0.041093359352587434	-0.03178679994265462	0.009835852518905298	1.0997811699431759e-05	-4.914091969757286e-06	-1.3827405473581363e-06
47400000.0	-0.04120630759711451	-0.031617849707473514	0.010397547373384015	1.0706286998962673e-05	-5.7160346692874545e-06	-2.0803517220027842e-06
47600000.0	-0.04196592472664484	-0.02693471231383358	0.012245025380553424	1.0036991144882625e-05	-4.031637068747954e-06	-1.9575566778021237e-06
47800000.0	-0.04239927939852727	-0.02518379828527048	0.012524165548545237	9.442652374515149e-06	-4.50215408727187e-06	-2.4504510856552147e-06
48000000.0	-0.0421544784284776	-0.025676912809961754	0.012479719864645088	9.715271031303469e-06	-4.079953696451289e-06	-2.1657036622577024e-06
48200000.0	-0.04280216813241012	-0.023433894838385146	0.012589505446273986	9.177404681051278e-06	-3.251409981459407e-06	-1.8976487320465438e-06
48400000.0	-0.044306853363144265	-0.021056836321321173	0.011743395284331196	8.120924874066415e-06	-3.1695786518024556e-06	-1.8773547301009768e-06
48600000.0	-0.04423537736024161	-0.020851800069577327	0.012630008651104349	8.15606967701524e-06	-2.9659670465052176e-06	-1.88211227304785e-06
48800000.0	-0.043631560743906464	-0.022578437870685582	0.011625983136978789	8.635927310445409e-06	-3.4269463334036807e-06	-1.9558208893508985e-06
49000000.0	-0.045402288379445176	-0.021022283794802362	0.010173643809959694	7.7064427720723e-06	-3.173837634144932e-06	-1.917245640233596e-06
49200000.0	-0.04513237576535521	-0.019745795006270096	0.009590654115704637	7.556007473834088e-06	-2.884896196434468e-06	-1.8657829239072667e-06
49400000.0	-0.045742735868006985	-0.017442902611093568	0.008677491837671948	6.962083326967789e-06	-2.3506773094671056e-06	-1.7914417747788837e-06
49600000.0	-0.04677282021700984	-0.014798645012523055	0.008186909738532498	6.241864738821226e-06	-1.766776812987783e-06	-1.6853629715057185e-06
49800000.0	-0.04607644194430388	-0.01595455870549328	0.008126645205991876	6.601986885935929e-06	-1.995851334219146e-06	-1.7382695277296802e-06
50000000.0	-0.046642656987454185	-0.016584801535071688	0.009479412599464596	6.525537530766601e-06	-2.2099401188091014e-06	-1.7534349326770293e-06
50200000.0	-0.04440056854857799	-0.015806901970510823	0.008921863505776792	7.07940177764513e-06	-2.114368676972749e-06	-1.6486545515346273e-06
50400000.0	-0.044420713173073584	-0.015783750427598026	0.010003468091620837	7.073064999598065e-06	-2.0848471826466417e-06	-1.654631642524556e-06
50600000.0	-0.04227244402707813	-0.01640221710462663	0.011366673976572506	7.926164561304508e-06	-1.759767266638507e-06	-1.3283378536855258e-06
50800000.0	-0.04217540029931665	-0.014335307578640362	0.011950219467201989	7.811152749469218e-06	-1.0040296974871887e-06	-1.0597462441045565e-06
51000000.0	-0.04135123958439378	-0.01588937465825071	0.01177031661005099	8.447575105940208e-06	-8.157191760460095e-07	-6.383567955364133e-07
51200000.0	-0.041392236499574055	-0.01767793565054931	0.011401152572699047	8.515838853035727e-06	-1.776876059125544e-06	-1.03130531540755e-06
51400000.0	-0.0414338604277534	-0.016703517812387814	0.011538100229585067	8.20893134922049e-06	-2.0219522504355576e-06	-1.3828325378912314e-06
51600000.0	-0.04125740314027582	-0.015404694830526075	0.012009307985108915	8.028119786831718e-06	-1.8895501523752268e-06	-1.6392763271555706e-06
51800000.0	-0.04237523436528482	-0.019306114589039556	0.010865736742468267	8.692872864117698e-06	-1.0589996496911675e-06	-1.6408688930009702e-07
52000000.0	-0.04300535127320406	-0.01670397649302315	0.010606953243354481	7.885837493814243e-06	3.416943825363582e-07	4.370621042132961e-07
52200000.0	-0.04300267675876752	-0.014563788909596118	0.011060596669956171	7.453701582616509e-06	1.188693179199098e-06	4.7268402264888404e-07
52400000.0	-0.044871545231369526	-0.01249894505882172	0.00856492164137742	5.444802250755829e-06	1.6680572190466022e-06	1.305197660736428e-06
52600000.0	-0.04555411845152808	-0.011408431677312324	0.007388112789023418	4.2953026207793296e-06	6.854278248525706e-07	1.0044219676032459e-06
52800000.0	-0.04663581469354122	-0.008910100717650032	0.006695992989485588	2.9590430207462485e-06	1.8286495629925693e-06	1.4442919666011261e-06
53000000.0	-0.04876017056448382	-0.007988074889431497	0.0060165662292818575	1.1789321164785932e-06	5.714573540090116e-07	9.371576726521442e-07
53200000.0	-0.05077600724456508	-0.004933384052876178	0.004945232598953488	-8.991996304369188e-07	1.5764392133481533e-06	1.2522240883925995e-06
53400000.0	-0.050475173091060484	-0.002898721428213535	0.006531363224405055	-1.1388301959212868e-06	3.070261320561524e-06	1.5755069588411757e-06
53600000.0	-0.04971351348472904	-0.003789351266468215	0.006875139010799205	-4.5324987665047327e-07	2.776143545340134e-06	1.4943841800683103e-06
53800000.0	-0.05240563569225491	-0.003175603681233378	0.007745021467381191	-2.1324274237154813e-06	2.4726378557821066e-06	1.3146791746788943e-06
54000000.0	-0.054369947200594806	-0.004828518048404864	0.007276414274705859	-2.9527187729219746e-06	7.921889907207093e-07	8.05652747490537e-07
54200000.0	-0.05272084147005852	-0.002918501089795234	0.00807892069373917	-2.2417498304742133e-06	2.8562841268555633e-06	1.4565730194388639e-06
54400000.0	-0.05190992010316774	-0.005578873765701138	0.00668132608681012	-1.2092735000694093e-06	1.3618339956983693e-06	1.2747293584658057e-06
54600000.0	-0.05172518502753463	-0.006900369022184044	0.007648325744779399	-7.806672123461597e-07	3.9034615779400904e-07	8.382617352694286e-07
54800000.0	-0.05131574449704176	-0.01085138688455608	0.006738442442423976	1.3488181742808534e-07	-2.6028046981545058e-06	1.39965370276705e-07
55000000.0	-0.051104188535431465	-0.011264625080551913	0.007050662486619162	4.831937451634377e-07	-2.5992640816709724e-06	1.6361206161002596e-07
55200000.0	-0.05074455041896652	-0.012583375050400422	0.007296348358470933	1.198011834661116e-06	-3.0644429387477695e-06	1.411293732846084e-07
55400000.0	-0.050593205502781284	-0.012433805618169048	0.007746561420574248	1.2780554412979529e-06	-3.0273813662264305e-06	2.408581554734492e-08
55600000.0	-0.0508452166092785	-0.010829887004560605	0.007769740516639433	4.5973113649976383e-07	-2.5384813634854674e-06	-9.096614807438728e-08
55800000.0	-0.05095664947752286	-0.010898910984275999	0.007419028965931912	3.560118199153152e-07	-2.6052113281340574e-06	-3.440295892527485e-08
56000000.0	-0.051424868272106926	-0.010396610595762796	0.00625882194616756	1.537117857198388e-07	-1.395662403619916e-06	7.01857456374327e-07
56200000.0	-0.052246758067407584	-0.009847785271623825	0.0058606850200248395	-1.2024312243831048e-06	-2.470272836534355e-06	9.969945830703146e-08
56400000.0	-0.05093520440276073	-0.00994217409073991	0.006871005778190439	3.009697413796715e-07	-1.3210909392084364e-06	5.531950902367127e-07
56600000.0	-0.05103335648027937	-0.009792798151514546	0.007497373548160402	2.358625992448065e-07	-1.2290151774684229e-06	5.134984176300386e-07
56800000.0	-0.05364568131771904	-0.010522757529090956	0.0076344515626208835	-1.63456746675921e-06	-2.515551846348015e-06	8.789469904730232e-08
57000000.0	-0.05340577169717696	-0.009884064215600584	0.006681688331269493	-1.6930536020689993e-06	-2.031040151870944e-06	1.933445957261506e-07
57200000.0	-0.0552915438276845	-0.010496143822068338	0.008460671327094446	-2.7336853417074045e-06	-2.6129379019103615e-06	8.390845077799344e-08
57400000.0	-0.0568067901495198	-0.008459661891992144	0.009446137421048969	-4.222897663948008e-06	-1.3365891364507831e-06	2.8210452303440067e-07
57600000.0	-0.05985883635855825	-0.013006447462942782	0.010857438909404042	-5.050105900940947e-06	-4.391266930600109e-06	-1.4307841252030597e-07
57800000.0	-0.059097746930424036	-0.012443236982575823	0.009926948059156945	-4.7218179687231216e-06	-3.972088977568996e-06	-8.535283288047113e-08
58000000.0	-0.0577436698540362	-0.0109311464942899	0.00934511988909976	-4.174860165490496e-06	-2.933441175189112e-06	1.1265398102951258e-07
58200000.0	-0.05797329010635215	-0.011401285097166954	0.008102872578009452	-4.30822440878592e-06	-3.242453082680444e-06	5.402895127739066e-08
58400000.0	-0.05933071898606873	-0.009149774534095875	0.0050727117433624624	-6.0155509494552365e-06	-2.0311360273526616e-06	6.961863759693352e-08
58600000.0	-0.060987256720754425	-0.008662033489820864	0.00476394671506309	-7.517912909914648e-06	-2.1095476043482764e-06	-3.002184163335315e-07
58800000.0	-0.061108387903610034	-0.011188590952813084	0.004438334671229372	-7.175612967128817e-06	-3.821464615481426e-06	-5.556620533343141e-07
59000000.0	-0.061414433229207636	-0.012159925637961188	0.0058589633209139	-7.205819040313308e-06	-4.5201516725777345e-06	-8.729734133262094e-07
59200000.0	-0.06111465681300702	-0.013041355680607247	0.005940936566428229	-6.69653438952892e-06	-4.909682850416377e-06	-7.602933939985576e-07
59400000.0	-0.0606264986146298	-0.012963812789314345	0.005553164406182161	-6.070274851187884e-06	-4.448385579892838e-06	-2.738180550686446e-07
59600000.0	-0.060960760937125436	-0.0105971686258155	0.003894676424873727	-7.017624783517421e-06	-3.193148581688177e-06	-1.751259946598569e-07
59800000.0	-0.06169520355526462	-0.01166965657949038	0.0038611048409607387	-7.84973390130991e-06	-4.533269280702331e-06	-9.324375792796543e-07
60000000.0	-0.061580811523383634	-0.011837357704889681	0.0038030673571194705	-7.70583927225819e-06	-4.595075200601594e-06	-8.835786008330151e-07
60200000.0	-0.061887772792140895	-0.011570926130532044	0.004208493318593931	-8.010604907533426e-06	-4.471811876565558e-06	-9.823075189879327e-07
60400000.0	-0.062308251348744244	-0.010130352709393003	0.006700295786699376	-8.419724696336315e-06	-3.5219256755242314e-06	-9.75209012134908e-07
60600000.0	-0.06347311062081522	-0.012286072545621094	0.006526122760179529	-8.956417459922472e-06	-4.9217982839250776e-06	-1.2787266286152328e-06
60800000.0	-0.061558576443248816	-0.011328852384397247	0.008312565675967817	-7.719498550937875e-06	-4.576678981154359e-06	-1.078936285156744e-06
61000000.0	-0.06260288745016546	-0.01025961367602131	0.008612415592166708	-8.517369642314672e-06	-3.804204232993574e-06	-1.0310514126339998e-06
61200000.0	-0.06254528675546114	-0.009235855341495264	0.00958725629319945	-8.585649665642297e-06	-3.319163815314876e-06	-9.563714326008072e-07
61400000.0	-0.06259961316200459	-0.011539906689267942	0.008540140836100725	-8.389802867474894e-06	-4.532934461621555e-06	-1.09250420740421e-06
61600000.0	-0.06442886311847776	-0.012197688014271282	0.009847259485691873	-9.355707171117549e-06	-4.812967579522122e-06	-1.0709990688269276e-06
61800000.0	-0.06287779537653805	-0.01072476617159315	0.010245039928048998	-8.578933773988145e-06	-4.285434128163872e-06	-9.800698619342966e-07
62000000.0	-0.06109959191165742	-0.01112267438046597	0.010685838278130598	-7.526558195982131e-06	-4.917439118573929e-06	-9.247413583689344e-07
62200000.0	-0.06043239690646404	-0.010032030007934558	0.010702748289565472	-7.167304174961108e-06	-4.378757710049358e-06	-8.077453193395147e-07
62400000.0	-0.05880124321362693	-0.009588615575202592	0.010979244534091787	-6.136382520500075e-06	-4.385171849181444e-06	-5.228521351679679e-07
62600000.0	-0.05969225107627895	-0.00994745250925772	0.011245695559823212	-6.730730982053457e-06	-4.491069930500274e-06	-7.428520794926608e-07
62800000.0	-0.061408625994123237	-0.010476727885397366	0.009877371285267788	-8.003012973195834e-06	-4.591863877659146e-06	-1.3607856941331897e-06
63000000.0	-0.06025225939524652	-0.011290324527734942	0.00933806610676047	-7.039120854851224e-06	-5.126336421796507e-06	-8.013743016512669e-07
