200000.0	1.8163747505917132	-3.109302536072531	0.7995707671238914	0.16417716923085707	0.028185045506113296	-0.6484011152717106
400000.0	0.023845838967135657	-0.054066978032192736	0.04983572955896853	-0.05063980268616863	0.07992339101738603	0.09518017377243644
600000.0	-0.03715337227959736	-0.02513076950049875	0.014447808401156892	-0.07258370662974833	-0.04604697009441904	0.1288294398455026
800000.0	0.009848038202866838	-0.010498683579176937	-0.028151218032013814	0.036285029633645216	-0.04616487767671192	-0.1541851467725041
1000000.0	0.00741702786308307	-0.007577927759399028	0.020413703157609375	0.12940584962531876	-0.005667376551365807	-0.09647516499618083
1200000.0	-0.018269189532477026	0.057160459214974146	0.0422294307604516	-0.010194029583669106	-0.03476494537238395	0.11280627894139242
1400000.0	-0.016313034540592186	0.07468794871262974	-0.007884377345056648	-0.11796885967522386	0.28494066639485544	-0.06654571215663371
1600000.0	0.05911837281805288	-0.15370099547233584	0.025095439145460086	-0.106075436604257	-0.17379795618725927	0.20666905299086483
1800000.0	0.04749390740185189	-0.13148535409191364	-0.060683424614040526	0.09359497061466515	-0.15290210136752924	-0.017848140896818604
2000000.0	-0.024908618016523887	0.05169418017394056	-0.020660956157233623	0.10424702175322142	0.10799319087119696	-0.004090998764712611
2200000.0	-0.07128497603107875	0.019270464834531875	-0.03516929227474064	0.06471977147561403	0.06864113157234776	-0.07053917856073717
2400000.0	-0.13285067763251623	-0.07074404763580366	0.002121917775665283	-0.05054916294750411	-0.10200735678064363	-0.004562714986114644
2600000.0	-0.07643494566310904	0.013728252452084977	0.002126662889387121	-0.03724648000764352	-0.0008128588992101522	-0.11131923479706968
2800000.0	-0.0038834527482456416	-0.06476100183971178	0.031714745244504905	-0.1852065384316346	-0.20585823286550373	0.02408065243219868
3000000.0	0.1432200163807873	0.15615724419586385	0.031327956850142	0.0805855575717711	0.11126504728294247	0.042446420700868966
3200000.0	0.05223276889397033	0.1237848007867135	0.01984117023128318	-0.07539572285658558	0.19118135286111107	-0.15853735964408225
3400000.0	0.12394682180910133	-0.04641039743216124	0.04643572339841717	0.27500486417698333	-0.09522260065300042	-0.07467496859029761
3600000.0	-0.026773442949605375	0.007104152406859132	0.0560185672432566	-0.015510528808536206	0.25314000942801385	-0.08944213213993493
3800000.0	-0.02770895798504025	-0.14373595414049944	0.08480168527082299	0.07130836378797745	-0.11656164894928278	-0.18864972240189395
4000000.0	-0.051604963546912686	-0.0599861457198525	0.12359851144837564	-0.08488898021515445	-0.09433098782621666	0.12367006096875141
4200000.0	0.05692451407819199	-0.0033828431537141768	0.10731305608900066	0.06642819897678809	0.20130469258048048	0.10978983061156591
4400000.0	-0.007197653053814257	-0.12443385534425122	0.06657851929070602	-0.019418379063302904	-0.07847061468535159	-0.035824368699600984
4600000.0	0.016292909706958625	0.007645137932658308	0.08577481763146844	0.11132255382335599	-0.06808679101042203	0.11042442740227955
4800000.0	-0.04728229556001562	-0.014892250284793018	0.051572373779371405	0.06283845022079149	0.02874008187202394	0.03993444081426287
5000000.0	-0.07295983334988598	-0.04223418193257977	0.04565073188309576	-0.08553008978699106	-0.023726620528894102	-0.17339283978806685
5200000.0	-0.05012468626160427	0.06512507072061213	0.11220364660420123	0.020860802439174986	-0.04109420582523058	0.061114837032275854
5400000.0	-0.071615575228547	0.16024661674453533	0.12063549464236278	0.12338497581073682	0.060975908722535985	-0.003913145012489461
5600000.0	-0.14079552711133836	0.04571305757583044	0.12166109147216808	-0.24701275906402698	-0.0763591884540885	0.02525258974145665
5800000.0	-0.05603869015503271	0.06750154158126254	0.12018894225312027	0.0827198244137417	0.13191356012575492	0.11332092550606243
6000000.0	-0.14022848857921666	0.03713750530265392	0.03880620874316976	0.06638113235412657	-0.04903838140601294	-0.11910410721989588
6200000.0	-0.17691403289520657	0.05256665256472104	0.06786368792808006	-0.11178965813366393	-0.011855968696490998	-0.06580927637599605
6400000.0	-0.09354003790111953	0.06132251022127422	0.09246765046705363	-0.0620647291860128	-0.07884077853516626	0.08440502253938761
6600000.0	-0.03838260730315746	0.1496219798844094	0.05146703162703892	0.07570939340394967	-0.029875099062199074	0.014961941206151533
6800000.0	-0.04049438418924467	0.13595706016719822	0.05827096612230853	0.12933649969719685	-0.10305287042203415	-0.026606785262715593
7000000.0	-0.11163634417296642	0.2567800200008823	0.0638683455343394	-0.17991941092773445	0.0035710508915809402	0.020520727742843928
7200000.0	-0.030089726750986756	0.18828870202245485	0.04408192152299528	-0.19800588386796747	0.010690296908789032	-0.10455040647341682
7400000.0	0.05931297604791652	0.20752362348525022	0.08583563705636477	-0.026464914112314997	-0.050560027087728776	0.0686612705533329
7600000.0	0.07121707056762006	0.23737454952931136	0.06139572673212679	0.13007318026927095	0.08948786069577602	-0.019908060061895813
7800000.0	0.005559588549319372	0.19444824010043193	0.0641217136155372	-0.020114722221393322	0.14064943672989627	0.09242294351229248
8000000.0	0.015470617894930427	0.1705498510282517	0.05228571266804061	-0.12370582779534844	-0.026459874769568015	0.05480383948798523
8200000.0	0.08312205790200267	0.17511042442476477	0.036722440489534325	0.06741992822918563	0.02303510316719659	0.1734643035309143
8400000.0	0.015448549188633365	0.2823361627149952	-0.03243358750555059	0.14275282784181886	-0.017949374897173964	0.06668861967211709
8600000.0	-0.039223730864673456	0.33353482502933307	-0.05472561737076376	0.07766983382211912	-0.12550187248198424	-0.13476191829943027
8800000.0	-0.04914639105025742	0.3935500596215613	0.021758282083896074	-0.1295228581191208	0.08064111441183408	0.16932917024237065
9000000.0	0.02449676591892569	0.3048781049347773	-0.06084143528981201	0.11762391015381546	0.1123380936012176	-0.05869034221868297
9200000.0	-0.06705073318235577	0.31400919343128564	-0.047996157204696854	0.16296347882976026	0.044475781142960025	-0.08166877097238506
9400000.0	-0.14748524900153726	0.3116227681800421	0.006896942014645746	0.08616214482301476	-0.019175857648033368	-0.08800889096608341
9600000.0	-0.14707251501418384	0.3870362049101841	0.038508560927968394	-0.11682195100428583	0.1916354436750988	0.08554234571333129
9800000.0	-0.07632748818181057	0.28060310311209324	-0.026580848244880384	0.07517796310433233	-0.19878510256730259	0.13270829466880077
10000000.0	-0.1359321694519089	0.33768271691441054	-0.09913959957349017	-0.1286292970201739	0.05873145293944877	0.02944051767146602
10200000.0	-0.12487175671040518	0.27542891220071963	-0.11309754248994242	-0.14806816456981142	-0.21472201330833668	-0.0278275303700136
10400000.0	-0.06539151772265939	0.36884075685264994	-0.13527464447857052	-0.1284503276639981	0.023181555211763377	-0.10071850934053544
10600000.0	-0.0023656972343637506	0.25939371321690796	-0.08659604141070198	-0.11051065487302836	-0.12226292408871947	0.0387391806691315
10800000.0	0.05032539129037161	0.32402695934446957	-0.08220496832441038	-0.08255618867890391	0.15284877526420182	0.06927637289579505
11000000.0	0.10924375391476815	0.24188581270722764	-0.13091197218988304	-0.043322193571275314	0.010338675819809962	-0.01691966689225069
11200000.0	0.09943587543668642	0.18916789041903437	-0.09254947922202306	-0.14429230054565156	-0.018172607800050145	-0.10921367134161648
11400000.0	0.20137152635694733	0.15925890554898103	-0.04942851115257396	0.17819803147129942	-0.007308030252014541	-0.09499561659704506
11600000.0	0.0907989926387529	0.23493555636066876	0.014181924126586587	0.025413849850038694	0.09904667985616367	-0.06496359160428505
11800000.0	0.06242828934978206	0.09436908025000168	0.02658397016135483	0.17291482345731257	-0.1680166592631953	-0.06700628230464284
12000000.0	0.008995276480085579	0.12570187911913155	0.060073265153782196	0.009690994650324747	0.1595000710285912	-0.2152872015292007
12200000.0	-0.004357310127772962	0.0641602540735029	0.13504579620950896	-0.08941441184819521	0.0675731745771424	-0.020536566598439672
12400000.0	0.015615311113755581	0.016033848092568803	0.13345987534450976	0.12432292868009664	0.1721390827424929	-0.014600519398571508
12600000.0	-0.05098281009452421	-0.0375454375239439	0.15278278712148652	0.05981213285924092	-0.15742556459815815	-0.07180140280508804
12800000.0	-0.06590425611663875	0.037099186538863016	0.16784912016000697	0.01458001492804506	0.03688174004982536	0.0634954279075764
13000000.0	-0.1031721463586166	0.030920088119580136	0.14143526731517608	0.0705416378972954	0.13142327368104734	0.14424712047524624
13200000.0	-0.13277713823053006	0.0374324199350804	0.07054126903160562	0.06932263845614628	0.16288733198961702	-0.1075276998128689
13400000.0	-0.16798655436782894	-0.017047390641928395	0.12382829874767287	-0.11968875860906625	0.050050391785616655	-0.014678596452026106
13600000.0	-0.0830894445683441	-0.08389971731946577	0.16299078082959273	0.12745815789205128	-0.11471326654562347	-0.005467351538644055
13800000.0	-0.11652786539698212	0.011684821286242375	0.19014764189277011	0.03015354392419667	0.0021939258366957537	0.01305156014753327
14000000.0	-0.0903824650432341	-0.04532353892056662	0.1971065349246528	-0.12029355090159122	-0.07209788337692369	-0.028844089418844206
14200000.0	-0.05684301803882619	-0.02038053339096635	0.21316198495465621	0.016893832414146104	0.04149694193171649	0.017267141799728023
14400000.0	-0.0884799393596083	-0.07264046998066931	0.22234044065209757	-0.057986120897233207	-0.05000393392340563	-0.11916254265598544
14600000.0	-0.08705127120174438	-0.04950456759387212	0.2535737537494729	0.1822503521744121	-0.08999513580563445	-0.014970875071398757
14800000.0	-0.17396433522451815	0.014698874894886416	0.2445540202933736	0.17173388964147307	-0.11568842058069384	0.04496348700484001
15000000.0	-0.2182774627520061	0.08477021229023318	0.23538203732363583	0.09837225858211962	-0.17993297078560566	-0.06357136983960245
15200000.0	-0.2822297568244423	0.19886928127830927	0.2870026768635162	-0.1521290109630451	-0.17353819199008758	0.13503230638187064
15400000.0	-0.2430562787100783	0.22006881866379047	0.20503971532703824	-0.13030190335219327	0.06464513868727995	0.19827951835026492
15600000.0	-0.18387249072083023	0.20954576834089167	0.11087144030486162	-0.06327856643418706	0.056939259143243603	-0.08383355022812534
15800000.0	-0.16372289356419145	0.09840924390213956	0.1692758773595584	0.08973671071051381	-0.06878838378791796	-0.09629007345661394
16000000.0	-0.21165329162463564	0.17725502128515203	0.22155912450240633	-0.1337993050821069	0.019775143545119445	-0.04215477156754112
16200000.0	-0.20383939322818634	0.1622876634690602	0.22068917824154144	-0.1496898043024002	-0.031171252165268726	-0.22660857660321523
16400000.0	-0.12189393764337808	0.18922355522568957	0.31828221120748945	0.13592503167379366	0.10585214473306914	0.024349736161373415
16600000.0	-0.19106921282753575	0.11938151776039518	0.28541014419612504	0.07192082961929458	-0.029136476616688167	0.06264373193358186
16800000.0	-0.2039751479622396	0.09107908241587204	0.26071154811752517	-0.007535253001969444	0.038719072310339886	-0.022525663985884112
17000000.0	-0.22348437925333542	0.1415502767382133	0.25307062685244675	-0.06578040394053719	-0.017686390147225728	-0.03632411740082153
17200000.0	-0.19825029410085904	0.08644876875209029	0.2798105183526842	0.08866109669657796	0.12674276719948185	0.09728820137870604
17400000.0	-0.223573778801736	0.055102933314859825	0.24810703665241685	-0.011565136265408782	0.019260975270500635	-0.12143412966758854
17600000.0	-0.23434561470949689	0.048589592805697635	0.31845924355774863	0.1855798963655948	-0.06526560331247855	0.030914862516934257
17800000.0	-0.3487958513220235	0.09527304755616761	0.31005920162803596	-0.03529644029380741	-0.055035082032136584	0.059093948136215685
18000000.0	-0.3203659540218524	0.14994240016998006	0.2781777326061092	0.050115887518360935	-0.05679491744814835	-0.002796966131123478
18200000.0	-0.3147593318710733	0.13634356908562495	0.28519122430677085	-0.2079546862456514	-0.13072139077522826	0.030071374900595922
18400000.0	-0.21872824376600875	0.11314417335537463	0.29663830536735436	-0.08376770586509874	0.12123387112791839	0.043400546844822974
18600000.0	-0.16251037822517844	0.09020718865837551	0.27499714137516185	0.08472662286008958	-0.016183245661975487	-0.08078440110596187
18800000.0	-0.2026123184476205	0.03433177203603677	0.2994624897794667	-0.0628598617095264	-0.07222820682742137	0.18238859918602826
19000000.0	-0.16015249922472208	0.07790737596447173	0.19676401450080827	0.07483994153698692	-0.17863624595895056	0.17215039819969807
19200000.0	-0.18973638618786026	0.16544347556640382	0.13428672898683058	-0.10959138015910685	0.09671727607100156	0.1886410650437745
19400000.0	-0.10440841204550111	0.13137060065615458	0.05853560054219109	-0.11252406544418925	0.06138766160157516	0.009192264838716114
19600000.0	-0.06571031652420345	0.0027936261109715588	0.05568343169203127	0.02452123726556099	-0.136225358827482	-0.05609998116276269
19800000.0	-0.11808918297363391	0.10868363156833993	0.05809952889791825	-0.014645286389157519	-0.01645996594350052	0.07462804342469678
20000000.0	-0.11264166590105162	0.1484310313573225	0.01793179946355239	-0.004042929550090335	-0.11402520406673311	-0.019066095100198868
20200000.0	-0.11863629232344408	0.16567129149950688	0.041635607094551164	-0.16625963956146705	-0.04688835802674696	-0.044280202766626336
20400000.0	-0.049529361469851096	0.1889638174055328	0.07099767880903785	-0.08406174573776415	-1.3291139027593601e-05	-0.1323771445845599
20600000.0	-0.01153078818197173	0.11683801885967782	0.1303580445556981	0.04455776898647912	0.046092033191079906	-0.03704609937061112
20800000.0	-0.018810816060664592	0.13754641774219678	0.11879714831968846	0.2811851361466253	-0.09572383362567871	-0.1475978881061208
21000000.0	-0.13957862700553392	0.17663221544264118	0.15588622216156556	0.09118572243747813	-0.044051406978610874	0.004103261986351338
21200000.0	-0.17711691335826174	0.25770156571768155	0.14647220158654772	-0.10469655753624707	-0.07139532472720189	0.10903806378503603
21400000.0	-0.12677671982199	0.32868248634350294	0.11504586915983794	0.09800274007562138	-0.051450787729432346	0.05203465839865599
21600000.0	-0.18120895948239024	0.31638847666983594	0.06070113111555342	-0.06683296885647039	-0.19964630769067737	0.07016926727906171
21800000.0	-0.1511273037582157	0.37677600214205853	0.01482502264075014	0.05420267413812141	0.028810309279659663	-0.11970555151191181
22000000.0	-0.17667857767662554	0.4199873422932505	0.053430667926026465	-0.11425174529818172	0.0928838163305219	-0.05470295666208698
22200000.0	-0.10499660956328682	0.4033372934749657	0.05252399286058651	-0.055765538507561274	0.2111625546825424	-0.05562805208718065
22400000.0	-0.06249863014215862	0.28821481737681154	0.06730746215186201	0.09343065348556046	0.04361318393561975	0.16523962725144742
22600000.0	-0.1081157667067032	0.2384514329333065	0.013513734690939416	0.12614271468048877	-0.15690977190318156	-0.13667999504081996
22800000.0	-0.14738691831979622	0.32080081191403664	0.058982000423841274	-0.16112558336702065	0.025808965599750877	0.10957744029579765
23000000.0	-0.07242799654768817	0.3107954063071148	-0.007467998876534043	0.07529632631892369	-0.034068669792155504	0.25007804410890877
23200000.0	-0.11628723260677987	0.2580569794981429	-0.12339412656306492	0.17041947218392117	-0.04386728320070432	0.016853521569889455
23400000.0	-0.18566808168570503	0.24247103339022402	-0.14239911694342833	-0.03818148626889872	0.07031162577522299	-0.05279542683569135
23600000.0	-0.1062458011416112	0.1621157175917496	-0.12953295566060974	-0.15510823606907564	0.027080227205261487	0.06922704059048021
23800000.0	-0.01628110635941482	0.13974266744612862	-0.15892830215783504	0.013957543415624052	0.08352020851758013	0.16184699125612526
24000000.0	0.005140960539520734	0.06526990971283908	-0.2128446710449855	0.07212278410785355	0.16218253882715938	-0.01176865465686866
24200000.0	-0.0466833203999073	0.05233712803637758	-0.20018555260097348	-0.20582456148688433	0.05496549101162351	0.05895423250599009
24400000.0	0.049739811343300744	-0.021785045397386682	-0.2500267025366033	0.00078816520062297	0.016331462743278458	-0.16091381397706575
24600000.0	0.05197726237356903	-0.04497523213160548	-0.1981225217091538	0.08934132971221764	-0.08762186612241685	-0.08425600108292047
24800000.0	0.007382845312534414	-0.07228569082860048	-0.143618711961354	0.06427363266366015	0.04220178469277602	0.014689073965383229
25000000.0	-0.05905187584414762	-0.030448508485406478	-0.15719635647930585	-0.06013000223328113	-0.12655989900887032	0.17319378347869518
25200000.0	-0.016604588765915196	0.03426224678438672	-0.24580588679348447	-0.03848899629834435	-0.15654580414460284	0.10664294935011158
25400000.0	0.003766519484628361	0.15748441555678738	-0.28619150128084814	0.02283561941263912	-0.06853022579824142	0.008912524848533568
25600000.0	0.0036597614728179906	0.08571452609292152	-0.2865327640933599	-0.009127234804665818	0.009019916453181231	0.07870569615292056
25800000.0	0.045759402969480334	0.06944002096972213	-0.3419165420454269	0.06005396448983724	-0.048856148461717375	0.05479307276573819
26000000.0	0.05449943662361534	0.03348654235228565	-0.37357782977155907	-0.029439072804683164	0.030964728312368628	-0.14167435039315596
26200000.0	0.06449423454020575	0.03305566760051448	-0.31244468285366356	-0.034498195838889245	-0.07030130304460336	-0.04049855613411675
26400000.0	0.08341118015837878	0.07585901867929579	-0.2782029191989428	0.030656962013816624	-0.12116244334066195	-0.09489514494933485
26600000.0	0.029854898631100468	0.16165599019023347	-0.2605069574216152	-0.023468357113333838	0.1353826779063274	0.0326750664775195
26800000.0	0.039191110383768546	0.05031475503145799	-0.27054779854316724	-0.04184617756501119	0.12791430324356767	-0.1700320398477663
27000000.0	0.06197671418320283	-0.013470219157959207	-0.20125354022660846	-0.1173176912528131	0.05057841686350173	-0.1020523555515442
27200000.0	0.1561510179615766	-0.035487118570245	-0.17557388294904652	0.14750967070698273	-0.255105354452259	-0.27580008600474276
27400000.0	0.044600085916670196	0.02106351952924257	-0.03148471612019821	0.17323713463797397	-0.2792387311484248	0.08519666597887847
27600000.0	-0.04791211979758714	0.1693754079388654	-0.059317920199961516	0.016562755674054408	-0.016235698661970943	-0.0665997009685482
27800000.0	-0.03519947336283735	0.15057828220759717	-0.0543691529778646	0.041146279415383624	-0.08196102534220273	0.010628059249052618
28000000.0	-0.039322470282826316	0.14305646734415944	-0.02183434491618641	0.13803942165618022	-0.029894265175899548	0.07611401977588021
28200000.0	-0.09805295962053151	0.13728054525707023	-0.02809743907969109	-0.04055248234843667	0.1937491951120105	0.17783057027785087
28400000.0	-0.09533932526275635	0.038911178392702084	-0.10282387752192335	0.05021296861153601	0.037638147278537204	-0.13024619282961675
28600000.0	-0.11042775362616908	-0.05649951126467556	-0.028019912173360972	0.09131765844405315	-0.03114738566770292	0.02559524351590945
28800000.0	-0.1627092431148469	-0.012918131074172834	-0.020809935513219302	-0.1295272158744929	-0.05919421700689753	-0.032139207077509224
29000000.0	-0.06967783894214108	0.034251582889851306	-0.00021231628712370387	0.21871142184930292	0.16892325869492808	-0.13560961600410215
29200000.0	-0.16369923971871003	-0.01630290007359747	0.0652472819508616	0.022666050797987225	-0.18021146626352635	-0.14077283595147447
29400000.0	-0.24804834302079826	0.04577215508808763	0.10937058878197303	-0.07222160091632546	0.13263569700898348	0.1250422810012346
29600000.0	-0.21129750092367772	-0.05230011561575054	0.057827267607994726	-0.020168458997492422	0.016819910664606752	-0.044093268491516784
29800000.0	-0.2122670844557888	-0.008916124066786324	0.06541299796609557	0.11681225040143062	-0.052869749973921465	-0.0699829041997463
30000000.0	-0.29536927438203975	0.044710256454308706	0.08817973903963727	-0.13680342206927065	-0.043659222992070035	0.025953581706300015
30200000.0	-0.237100517612447	0.08057322765866104	0.06297772161330495	-0.08295427527005295	0.014370413918349811	-0.05922626069113161
30400000.0	-0.15782783374035603	0.08762360967747895	0.09119397230275417	-0.00694882452892287	0.03774104158335945	-0.08566188702569384
30600000.0	-0.16436866557202734	0.06438792281943506	0.12013719346170604	-0.014720155362093479	0.11590689446690483	0.16954097051685835
30800000.0	-0.13409771183370367	0.06135113388624802	0.0516033870400604	-0.022787387034394868	-0.18685955173865132	0.01682022640719025
31000000.0	-0.09137754404346765	0.15846531650821305	0.051796109266202484	-0.054740223914397035	0.06569850089453588	-0.2770267525973378
31200000.0	-0.07648694769565623	0.054511060939347544	0.18400182139029714	0.051392976443589866	0.19409022195996428	0.08216646411201739
31400000.0	-0.07691416274829521	-0.030299411038981816	0.14657333542064377	0.15495009800453285	-0.21015947738643526	-0.06249613613411695
31600000.0	-0.20057053900481492	0.0859976842405672	0.175303162614668	0.0728030517060203	-0.16946536287777647	0.02095567025408074
31800000.0	-0.25159653635120094	0.23122026547099495	0.16805667702704408	-0.11760254507192869	0.15338583192252742	0.1264966851878102
32000000.0	-0.1624740842275969	0.15935577904731701	0.11798810667112625	-0.12257846588476262	-0.03827312084425927	0.025761398168743916
32200000.0	-0.11013053718380661	0.1373199952720796	0.1224369879013748	-0.06690327734061707	0.03322060506672031	-0.021306328788017553
32400000.0	-0.08401702315563853	0.14958708067135262	0.12935193549554558	-0.16250731160804666	0.02393239951159032	0.0009026718539850431
32600000.0	-0.01178946981880813	0.14389340881709245	0.12642834664416613	-0.009381571114687404	0.05867289666301012	0.029246034513213566
32800000.0	0.033163809595237126	0.17534036176986945	0.10586966207067738	-0.11281812368691124	-0.16737693886950744	0.22734116657086173
33000000.0	0.03767779953946615	0.2040739413754551	0.004325232292030856	-0.042331377185725216	0.1439602375153335	0.032310803572136795
33200000.0	0.017511381955131355	0.09863431041584647	-0.034599261191586184	-0.13032572205183257	0.03374555406842994	-0.07197944431909915
33400000.0	0.10449277583401795	0.06503452517048913	-0.027535475869313597	-0.18966418115028638	-0.026424676836001026	-0.0034929757326315385
33600000.0	0.17116114402955418	0.12342597333099548	-0.024938948485667023	-0.06194630667272527	0.06539591490725982	0.091984031695926
33800000.0	0.19811592071650352	0.10592031390088152	-0.03635676292393297	0.07998630962520714	-0.17556697989390635	-0.021506816877703838
34000000.0	0.246904927034592	0.09613513983585165	-0.05732070676143708	0.14741315662296373	-0.14200187463627856	0.025165028492051
34200000.0	0.12450139354291423	0.29217382688463545	-0.03920995483516787	-0.14423310488601793	0.04267869954113479	-0.13581984269256261
34400000.0	0.1554532427896902	0.30225363499681634	0.003784254209254212	-0.056529316905580274	0.05306030952822027	-0.03673559248702396
34600000.0	0.21459809540135666	0.21464445497331042	0.0033151554006395356	0.0548700084813305	-0.17801050021455822	-0.12217926551302874
34800000.0	0.2388648264748383	0.21897159246793763	0.026972036786638287	0.09776207695655881	0.09861477388757045	-0.011178736280968632
35000000.0	0.20168424306393717	0.1356542001238097	0.03230836771264689	0.1613778397124026	0.00042615705772952595	0.16314675289895114
35200000.0	0.15521239175231472	0.10428669926579914	-0.020972062059307017	-0.06821505212945933	-0.061124724804777486	0.0006127569087457808
35400000.0	0.2157507094400728	0.20358848513913586	-0.03255650372699048	-0.0079458498556777	0.043195723248528495	-0.01168779487904359
35600000.0	0.19019645386134698	0.20920704729533668	-0.027709280554924942	-0.12196094653362843	0.041552043646850834	0.15047433381910486
35800000.0	0.25312441426217447	0.25790201670281476	-0.060927631887978895	-0.04542215381197856	0.0019461612473214984	0.016195802136062733
36000000.0	0.28134951755828297	0.27615857123768706	-0.05258649157852924	0.010315763788597554	0.056954083825482726	0.02099246681519932
36200000.0	0.28932452100448813	0.25438395648737355	-0.08128776759559542	-0.06222328789099185	-0.13460267819310623	-0.09403153090228165
36400000.0	0.34430006188657103	0.32576144715199007	-0.0009915080094025086	0.12808876742936448	-0.04649902373556358	-0.07716207490956574
36600000.0	0.27489937897220784	0.3177059794988111	0.036061960952618044	0.08580303130786504	0.044215324471762685	0.10109903454418775
36800000.0	0.21280829931947665	0.33239879667223704	-0.0017912269174402695	0.014260628291794752	-0.09010519925237226	-0.050591818898760244
37000000.0	0.18255452356538626	0.4199102226930904	0.040474955521776934	-0.07039080258044805	0.045785184750936736	-0.05540574566826166
37200000.0	0.20386726196420568	0.3449865230948035	0.08396950230780142	-0.015236722825147986	0.024684176251636103	-0.13757966449380307
37400000.0	0.17929146768258875	0.36697922464639987	0.1124217267806652	-0.09776302353996158	0.030136707003286745	0.01292454311470311
37600000.0	0.2071335050564187	0.37435520909136244	0.10210435869283552	0.05831522939481726	-0.05706493683579694	0.08048638359214808
37800000.0	0.18233294635919606	0.394268228500124	0.05772900056549901	0.08013367582448527	-0.011239785978398587	0.09673020335044259
38000000.0	0.10316221835259398	0.36100278468623515	0.02799941556566443	-0.03476247720157932	-0.025337161436336686	-0.10078260554155907
38200000.0	0.09445404718366035	0.33989529358686354	0.06736958981132712	0.27501861419662355	0.02783791927252821	0.21138203796957217
38400000.0	-0.006637729621274957	0.36163141596134096	-0.0015085467633847438	-0.05982727669243815	0.2020365201238299	-0.046393887455467346
38600000.0	0.004175053635265158	0.34462932916017053	0.011005841997840937	0.09384214049945605	-0.09943900615783718	-0.09404743920848987
38800000.0	-0.013285485710127887	0.4189021055667297	0.04615537196628139	0.08348398309674199	-0.027853880052671087	-0.1360879810718142
39000000.0	-0.03111823654060686	0.42579019506118243	0.11339432513418524	0.0962228316072129	0.08261755582773844	0.06321098800369619
39200000.0	-0.06756043141882628	0.43103977220141587	0.09285773952921761	0.0971645875339251	0.05263932750386857	-0.022693034292913188
39400000.0	-0.14324357120210607	0.46092175648797706	0.10782119771079968	-0.08899476495859165	0.04162227775213978	0.0637248611914255
39600000.0	-0.1324244038225686	0.3824975890422593	0.05278918097540952	-0.1273428326396582	0.14837840349087728	0.06474658343189885
39800000.0	-0.05986826637899867	0.33623561337199703	0.02236641134414097	-0.059922382837274524	-0.04282959845012968	-0.033529522396623164
40000000.0	-0.029281967794673847	0.35881846544728546	0.051262833079428693	0.025763718232405197	0.07066002928168658	-0.16041079155747084
40200000.0	-0.06993772420275945	0.29099525049349495	0.0965320356456516	0.01142220316253112	-0.06547326258811026	0.06435214357558078
40400000.0	-0.08445884818556237	0.34975530070121863	0.07457837043987725	0.08600774767062708	-0.21066880696205814	-0.0586221938353851
40600000.0	-0.1390852873480526	0.4220647953173682	0.0924338710611089	0.11429901502588236	-0.0065805825495743875	0.11682514758279063
40800000.0	-0.16856631292665725	0.4802714969121382	0.04569227883077687	-0.10684279989248746	0.04425422767132403	-0.038859748632635485
41000000.0	-0.11865033914426704	0.48056424792764574	0.05949418313574478	-0.08211976874472571	-0.047811902566717634	0.09459567551723054
41200000.0	-0.052023567528493686	0.5175561889369646	0.012485693222946681	-0.17751396212126602	0.036569197499147776	0.02576222417708384
41400000.0	0.002138085543975876	0.5072939630838675	0.021242342941627412	-0.0030088658865916607	-0.04163355156454429	-0.06175770407861457
41600000.0	0.060191155909649297	0.42860990403710275	0.04091458954602811	0.0615334706421935	-0.28957231993784305	0.08120054842590296
41800000.0	0.06261630383681904	0.5442476240716587	0.005198964045970533	-0.04538125969161033	-0.0871282047058699	0.029398402037026216
42000000.0	0.0819327424789833	0.5794615042312898	-0.00037198359466328323	0.025939450319778512	0.10803459298800888	0.045210923397730494
42200000.0	0.10656707766418094	0.4466824307808679	-0.007537636662315439	0.0742130277038644	0.09947536730166817	0.05539443294530102
42400000.0	0.08857528741071974	0.39439589829206056	-0.03855472343258881	-0.07543195037865891	0.04879996020224553	-0.15928018809027036
42600000.0	0.14938234642434622	0.37462007321991564	0.039004054168784275	0.180859638690542	0.09062261365443547	-0.03559659320085536
42800000.0	0.06892754035683879	0.2695136039168915	0.07517890948525985	0.026979232732934122	0.01260798439830424	0.06629878809613564
43000000.0	0.07214353471968593	0.2384336547617636	0.032326036379852874	0.2881578031141139	-0.10106327117033942	0.011962479522775907
43200000.0	-0.04055906935121811	0.2994762560375648	0.02995271198508309	0.061055306278210875	-0.012839203018028655	0.15700664848316537
43400000.0	-0.06866920378436703	0.2910375614498548	-0.040232968843440076	-0.02102368377291386	0.10164213726127969	0.03591942118541288
43600000.0	-0.02516284282458514	0.2695062064021272	-0.04528734337811491	-0.11113228397048136	-0.156936836727521	0.1254433075629232
43800000.0	0.019676916640662512	0.3443231747309028	-0.06989919300776704	0.17799576541017448	0.02686117009886857	0.08145515042012844
44000000.0	-0.0726053475035826	0.3531763187851311	-0.1185896424687124	-0.027539669984014914	-0.30793728318927904	0.012310608197679318
44200000.0	-0.07206115097361021	0.47132502174537194	-0.13375026379327914	0.05749645935397307	0.025786139547577136	-0.0644092873912951
44400000.0	-0.06959687583258756	0.4672937698337023	-0.09506592301957317	-0.02473857002095059	0.16381404606180894	0.00526894824025112
44600000.0	-0.03364505094702963	0.3792879470369712	-0.1047144435127626	0.11997297403647389	-0.04986405269196936	0.01652264487332116
44800000.0	-0.09295630480289674	0.4174705966310057	-0.11625304790744084	0.10029937465396177	-0.013023490105521063	0.024260815163307976
45000000.0	-0.11781545033741736	0.42698928725440055	-0.1395425574391047	-0.16112604961802335	0.01832918127187	-0.030822360627415064
45200000.0	-0.02132577010658565	0.38162490419642836	-0.13590113110517965	0.1244692225395796	-0.0831677161097808	-0.2472668510441149
45400000.0	-0.03943491148862677	0.39339003178560006	-0.017755918257264525	0.20722402670992301	-0.3457347420212642	-0.0711658051681312
45600000.0	-0.1542892799104436	0.5457322846689294	0.019072227554173593	0.15449112120593977	-0.11392164020102769	0.07100606709151831
45800000.0	-0.1848700924835498	0.48639080038674365	-0.010657754234962069	0.14652905391628934	-0.03717368142287114	-0.002352395984820846
46000000.0	-0.25808602885899745	0.45410122317599644	0.009376964990396086	-0.24406011342135336	-0.032038728296392094	0.15297752542017823
46200000.0	-0.11604333870894834	0.4452707339096946	-0.044188563733241426	0.05352442873973651	-0.09479942612542658	-0.10961108615454716
46400000.0	-0.12081062333450632	0.3759866098886846	-0.025898729860519776	-0.09580999517176014	0.11238200656380926	0.07314430874108585
46600000.0	-0.1039090015198667	0.3890660024275121	-0.06570457726714718	0.16856786888668918	-0.0943106268944085	0.054684095204480476
46800000.0	-0.15634680822455493	0.4074146907486238	-0.07748724953540398	-0.08274496768746875	-0.03506120949459657	0.0023257832687535694
47000000.0	-0.11874871496470973	0.4070346147722148	-0.08231231973613562	-0.2163054974880767	0.04805011670397619	-0.24676057867798518
47200000.0	-0.02518790907362245	0.3678348290850977	0.0016675813190762945	-0.002343082326074608	-0.17269622600673884	0.008942219731048716
47400000.0	0.003914013799231952	0.4464841331959519	0.00463538629717497	-0.005777383726158547	-0.1736651334274555	-0.056002637544198416
47600000.0	-0.039165469274024645	0.5303643179101982	0.005173311676728631	-0.24703298138218877	0.09535347110936243	-0.22826499338419914
47800000.0	0.07096618670976795	0.5140810388664931	0.11045350170996521	-0.10608390863658812	-0.09187499428972146	-0.0373138469175673
48000000.0	0.13131836415814746	0.5814763796724947	0.13121061865640227	0.040013681415732805	0.06313011673966784	0.004458155043137655
48200000.0	0.1378804941460885	0.558298185903368	0.11046509649135638	-0.12733059308644634	0.1106987482397983	-0.02844122376266521
48400000.0	0.1506182417536195	0.511905915119371	0.1432988904003089	-0.18745342192285186	0.04821450359375845	0.0773603723873869
48600000.0	0.09789387719700926	0.39961824320505457	0.11622379392710525	-0.005284857521319353	-0.0024074058685030764	-0.09697224063833426
48800000.0	0.1887939231561404	0.5859136259591651	0.14245436636274722	0.10735809268917507	-0.05036960646049238	0.11750513130529294
49000000.0	0.10903185775845259	0.6119281228999398	0.1185083233351919	-0.1652709900341307	0.023868014870693344	0.14862968749322902
49200000.0	0.13532916936034667	0.6473850119350004	0.06361058345612192	-0.03811958719712205	0.05896447510766478	0.051751444801020764
49400000.0	0.12268703309393914	0.5819256949965848	0.04624589787197819	-0.13355684593274741	0.0777140392938378	0.08259763236966973
49600000.0	0.13264716648868102	0.5713244341573613	0.017836180531993873	-0.17649727819186367	0.08618936593023108	0.03666181233950279
49800000.0	0.14455869024652657	0.6173393208421771	0.015264274455476512	0.09329698271593312	-0.03457794063057307	0.012179290106276884
50000000.0	0.08787968115245803	0.6401383468332824	-0.0114810249615519	-0.009540527060785564	-0.04030182252104808	-0.13840175588393422
50200000.0	0.08261485343604136	0.5742203275341922	0.026797196667220635	0.10173712322048267	0.10080014576199758	0.04697010139349286
50400000.0	0.02736595569510314	0.4972818633188467	0.01074264375497369	-0.004173148051716424	-0.006259481120672206	-0.11570197490668357
50600000.0	0.04295037713532679	0.5296817161128047	0.05673926608392632	0.16689846948486853	0.07792259887263953	-0.1503043272141793
50800000.0	-0.024155966896699965	0.5352681096808283	0.12232584863820989	-0.08274235666409879	0.12131252151994332	-0.07813560210941518
51000000.0	0.032621351622367456	0.45170599295033753	0.16957993143726802	0.13950706550911818	0.04107140463470316	0.023567265618872957
51200000.0	-0.008303051820945484	0.3486081371735281	0.16050396011461665	0.06060244897585676	-0.13779340814052432	0.05308527632037882
51400000.0	0.0027798441589368394	0.43985559534428376	0.13057691026573925	-0.0689693824979134	-0.033649548840280374	-0.01919336776177681
51600000.0	0.033709231671537054	0.4605555139557964	0.14028492893025624	-0.06868928436378852	-0.004892696401007868	-0.05844484490409127
51800000.0	0.05062918416817297	0.4551300024010061	0.17945925292418102	0.2436585402926461	0.1351452423828423	0.14004602127486565
52000000.0	-0.0633049538272985	0.43426007044013204	0.14240928602566005	-0.08296325442558583	0.21979543280542124	0.0063016566089161286
52200000.0	-0.055885727496047366	0.40390339854286594	0.16090889278815207	-0.0873351773400941	0.08716725026668293	-0.06448695796880083
52400000.0	-0.034123348555226585	0.37580264797549034	0.16825416746846245	-0.06929617226715123	0.2772350491341147	0.25164695043599544
52600000.0	-0.04462634475171967	0.23511733085973674	0.0582229345783416	-0.11981617074298256	0.004397641733188351	0.12474752408495861
52800000.0	0.01362193545281798	0.24428517195468658	-0.0009032678807144867	-0.09289545207270322	0.19710579570794806	0.05619473520012134
53000000.0	0.0025043477636472744	0.21620315117962718	-0.01846119073864294	-0.2351074111755196	-0.052594508792251915	0.08232683600218904
53200000.0	0.11101334794005879	0.2566886384884697	-0.03799668702373449	-0.18254368831044232	0.20113228360096258	0.09865151870259554
53400000.0	0.22744005103592713	0.1849373593994983	-0.059430068029966976	-0.01054927365795777	0.14216979875512514	-0.1900298140436972
53600000.0	0.19353009230323437	0.11214451011790061	-0.0009143243850395777	0.06398109939798857	-0.05782370791494351	-0.033101828340995426
53800000.0	0.14179384899952652	0.17072227059401257	0.0075358748445254475	-0.21221905347930203	-0.008119661758826169	-0.08279650512983126
54000000.0	0.22369727514623605	0.14926439921242718	0.01827792341565343	-0.13570507749223992	-0.16199506403696695	0.07742983933368387
54200000.0	0.24020399688438943	0.19517800929355644	0.002472821613943077	0.1276156204253276	0.19160353982850076	-0.1153631922012144
54400000.0	0.17802042422289333	0.06717068163612794	0.048553179619757025	0.11216006941185341	-0.15406989996477094	0.16761438858137925
54600000.0	0.1057745436668256	0.11809543056426719	-0.0019461493790605688	-0.018689770300106545	-0.1439827697226761	-0.09007209291954905
54800000.0	0.13976606343710785	0.1775238451475616	0.02010780933364187	0.03988137692412508	-0.3031504116963655	0.13306854846155863
55000000.0	0.17093634988171402	0.3273633842629238	-0.03719396496941135	0.02628256468208434	-0.02345224287140102	-0.03161745731642284
55200000.0	0.1889033500954156	0.3407532948266976	-0.03875770315037885	0.052803462297561055	-0.0797803804474908	-0.017743370301962404
55400000.0	0.14394639370289042	0.34224998241450066	-0.019209848762047232	-0.019991804577774275	-0.014156480777193003	-0.04894048148974302
55600000.0	0.16512327551568262	0.38832441606876955	-0.020185290988515625	-0.07850461511716489	0.0755148223933948	-0.012243382084943806
55800000.0	0.19870161896852778	0.3663335022607157	0.000861711670250509	0.008731075135813171	0.007610731760670841	0.038127851145077406
56000000.0	0.20421218676541741	0.402081851570415	0.011518859091617484	0.11525726731773389	0.13327670326067764	0.11365649758616578
56200000.0	0.11688246010970715	0.29481407219668654	-0.0346494292827797	-0.17608185951238298	-0.02324025208321201	0.05163181535980284
56400000.0	0.19244652250287686	0.3173341377535053	-0.06391115556896954	0.15941327148867046	0.017133911325537987	-0.1217941558563617
56600000.0	0.12615927744796807	0.2731485772386577	0.011314671121881559	-0.019764193188123613	0.0026086112042600362	-0.0673447976161375
56800000.0	0.10984979370310555	0.2512679309684245	0.06463711772979325	-0.21393782420688723	-0.042530989403059216	0.01278335253616408
57000000.0	0.21957951871962678	0.26803274624745654	0.04926569099659733	0.02516431043730094	0.046773989180247	0.09368243312262269
57200000.0	0.1680665679017892	0.24415930580568102	0.004913847383189118	-0.11991528359463999	-0.01570594563227523	-0.1723683711884404
57400000.0	0.19393862781222992	0.1945679564820466	0.08154198180594824	-0.08568272303673297	0.17200936023760693	-0.1151906753738056
57600000.0	0.25903462389697296	0.11256591680489691	0.1554551062941884	-0.17145534135126184	-0.26275026848095706	-0.09205314745530391
57800000.0	0.3296337038396828	0.3232490676988391	0.20340928702705408	0.04493329189617157	0.025027620524458172	0.0888282714160723
58000000.0	0.3403412498101872	0.29962107122725	0.17510252156904227	0.08427159466776502	0.08459043964404867	0.03949998276702355
58200000.0	0.3210685220902647	0.24089463391487698	0.15862656327529262	-0.010545183428266824	-0.02889430544902405	0.13755231357996778
58400000.0	0.3386783443632808	0.22350203138466895	0.10885715459603357	-0.08944145563294015	0.18238294839267333	0.3133330503986481
58600000.0	0.3850005204776181	0.15211603249679229	-0.013288269450823842	-0.1519596540095094	0.044846341462678296	0.04204929885951929
58800000.0	0.44210060948618946	0.09875734049660423	-0.0480478243810063	-0.013975105009652822	-0.1808955237399123	0.05746768857223325
59000000.0	0.4837752298608855	0.12309636948339175	-0.062287290227944436	-0.06254148880736565	-0.08087244705447438	-0.13988073108511792
59200000.0	0.5014024679156961	0.12440258478557098	0.0030140333528313468	0.04182715039264551	-0.06084537579626992	-0.004945309263050448
59400000.0	0.4997065010171795	0.11624307403866396	-0.018819367204209736	0.10378155166175418	0.01975601122991355	0.03357840697401284
59600000.0	0.42614537386890206	0.11521203024460647	-0.025160665485194467	-0.01408251485573686	0.1812868594569137	0.16076464780044408
59800000.0	0.45212254772059257	0.03364892941687003	-0.09888288752729979	-0.15322695353708582	-0.08762955466020506	0.02346772274273176
60000000.0	0.5020646668579389	0.04135170704734037	-0.10668921177603863	0.01430330694295634	-0.012714957722130382	0.006599617145088325
60200000.0	0.4861762996055521	0.07428712827157824	-0.12328585367314637	-0.03518717951109096	0.023578348365911328	-0.0423271514180333
60400000.0	0.4949200649952772	0.03773333381144539	-0.10651175472716978	-0.0361927781548772	0.11410879414746455	-0.27444718467814094
60600000.0	0.25095103572104094	0.07917567521496949	-0.007451708374933919	-0.09774621162672048	-0.12826587481123974	0.04405077856743636
60800000.0	0.5054413555308912	0.1650136491369949	-0.0351432889377411	0.11697089171390829	0.018371168121336767	-0.21008097721688884
61000000.0	0.43323479133142584	0.13141800391451852	0.048420462610299086	-0.049036113301212936	0.11297762264488043	-0.03431745019544774
61200000.0	0.4587568484878375	0.06783227868442054	0.07403910649169665	0.00857867967823367	0.0788533504049781	-0.11211521107701383
61400000.0	0.4151146822132965	-0.0023588678943156083	0.10977442026323359	-0.017151269559899873	-0.17685537266882156	0.12782498381193336
61600000.0	0.38114855491343747	0.054874108773276475	0.03678790237993734	-0.09369544553601017	0.01581588881882534	-0.1247266574354997
61800000.0	0.3671310989139869	-0.009056309675145258	0.08623783393372664	0.08917128902740856	0.06430742430377245	-0.06141981356398506
62000000.0	0.29303219568176075	-0.0019852380524412183	0.08104313693260695	0.09570306220080482	-0.0861268916750415	-0.05424924191085355
62200000.0	0.21786595078265947	0.011712103185743672	0.10955877299425265	0.049417511387776614	0.06389066978971014	-0.013543693435057836
62400000.0	0.21919305883272244	-0.04159144318020935	0.12399674395731503	0.11753497058314366	-0.014526730700817225	-0.042806677302918546
62600000.0	0.18174336318950424	-0.08357597448809884	0.13753892038421045	-0.07398980054869853	-0.0007236112654123161	-0.02101266540808923
62800000.0	0.20843661620894238	-0.11202127115740268	0.1518556375053403	-0.15984226585964123	0.008300867705556492	0.16070673879564087
63000000.0	0.28738189192165464	-0.14232482775150856	0.09415631054165591	0.12333087060979153	-0.09701703301928877	0.05322804781316936
