200000.0	-1.3758658332749691	2.480784444662538	-3.726168053731736	0.16806042540818245	-0.12306168261463109	-0.08594965211525434
400000.0	-1.3530645764944222	2.5138537442369695	-3.76792083568392	0.22338239526086462	-0.12465728758307386	-0.08120102874948054
600000.0	-1.3233291718384617	2.5271246464299106	-3.7329398597564554	0.324606987457316	-0.09250032095193307	-0.046400250837590785
800000.0	-1.275337551635164	2.466364348766988	-3.7331682643892745	0.13163064353444584	-0.051944572904359866	-0.03024483941312778
1000000.0	-1.21797864793029	2.4475466112731947	-3.7600580851103342	0.29400498989667423	0.005634204722817974	-0.03638677300887707
1200000.0	-1.1729169304744929	2.4633732046358143	-3.759087944061008	0.17671752051353629	-0.17942069185681409	-0.15316301190051934
1400000.0	-1.1217415986911756	2.456225211498544	-3.7582044676785507	0.15071252253678002	0.03439622890849432	0.06878488838573901
1600000.0	-1.0651532190449862	2.427258963406427	-3.729956266454162	0.35486239524964397	-0.03784136345558362	0.018403495927344055
1800000.0	-1.0119183885610454	2.4083038474283547	-3.678886947227414	0.12739806810132226	-0.3035431046827595	0.02508097785729028
2000000.0	-0.9657747370873128	2.4505344794323016	-3.622124330344957	0.10597909224028407	0.12267139523758024	-0.010632084954493982
2200000.0	-0.9181051518612499	2.4472501792466375	-3.5512469301490595	0.30073386843570915	-0.11982041085307435	-0.11349811089717654
2400000.0	-0.85422507012236	2.4334482696923985	-3.571667310781947	0.43319401779926514	-0.058156883583824856	0.05601913455566811
2600000.0	-0.7611820008740665	2.433601449619292	-3.560272313522784	0.5213385030307585	0.06876298260809179	-0.07073490707011963
2800000.0	-0.6420676867856978	2.456906892410907	-3.5683817122390655	0.6376206456485171	0.17712576577685468	-0.08063751722994741
3000000.0	-0.49774262013988885	2.499841947702585	-3.55810945622656	0.7369479301600024	0.08434171588228057	-0.03918746732298412
3200000.0	-0.32769457002591945	2.4629071360231505	-3.5883109234057278	0.7897984514535805	0.019026563358380988	0.05625771123892766
3400000.0	-0.14121345156079373	2.4567109926348807	-3.539770310421371	0.8384084163986376	0.04147978791875964	0.08855904848501517
3600000.0	0.06811339767307951	2.455693493028915	-3.5223778123305327	0.9857873797990098	-0.02852434870711689	0.20902488197349756
3800000.0	0.2943819778062441	2.4607564598164857	-3.5387584101724285	1.456667769190945	-0.007908634265449754	-0.06999786811859755
4000000.0	0.5435308514586032	2.4632518240510435	-3.515961646469764	1.3754294138367391	-0.21379352969179216	0.18461922752360954
4200000.0	0.8104412365305741	2.438382667332247	-3.4374686935296066	1.340357981545721	-0.06562443538418838	-0.08185157360037904
4400000.0	1.0940864777222692	2.4726253928509783	-3.47747955273318	1.4541143668915903	0.0164121907244335	0.12093561175984899
4600000.0	1.3941674216898192	2.490333813630762	-3.5155943775745997	1.6168272696770862	-0.03185550221882711	0.09924904114657601
4800000.0	1.7163833266816162	2.477315455831245	-3.5009157118828442	1.6554309333696626	0.0645404165078666	-0.1491659446377588
5000000.0	2.0295792994860404	2.4484411961798327	-3.4424173834742415	1.5367726484184572	-0.07299748362884076	-0.06374280015983821
5200000.0	2.3290782224266904	2.39880022757269	-3.435765842124469	1.4558111580760893	-0.03791538053484131	-0.1701218238146943
5400000.0	2.6041548921228155	2.378353772971407	-3.404091678378361	1.3970967640619365	0.0993439012724539	0.13980056885711786
5600000.0	2.870114380418033	2.3889091111012	-3.352709987537304	1.2254653983564323	0.08065870279236413	0.050518001738791805
5800000.0	3.1122639554004867	2.4060846921391077	-3.378090372879981	1.2384130450723794	0.14389821434773528	-0.013372367092592713
6000000.0	3.34467027135574	2.4713079825376045	-3.3344758421796223	1.0658960384962592	0.021831234973119867	0.055711076079605674
6200000.0	3.563323236185267	2.529754282923913	-3.3691645422952075	0.9726962627092002	0.07687446141357748	-0.07558749880853914
6400000.0	3.8082767338858026	2.550180423808397	-3.3807336490517756	1.1957062091353579	-0.08494035354968599	-0.04741750722041629
6600000.0	4.0910179144529275	2.518664718782976	-3.3615083758548936	1.623793633101402	-0.15393437907044855	-0.053859892904727716
6800000.0	4.419718233279106	2.494493483542664	-3.308366896712216	1.5846991664994983	0.05287507827989074	-0.08945603870691796
7000000.0	4.7868858590722345	2.4448720280706575	-3.352331049648825	1.8210050208349087	-0.11846830986416412	-0.036443875743821325
7200000.0	5.1884344441390535	2.334930785392163	-3.378165139455284	2.088200801180563	-0.021731865182751414	0.004065787714608387
7400000.0	5.620699732452691	2.2800805953607686	-3.2738881588733366	2.2994775957763465	-0.16763573373328786	-0.026836503901920328
7600000.0	6.077794864226757	2.2216532394581527	-3.222609914881686	2.1167249267489536	-0.16993981999882568	-0.05563327988498244
7800000.0	6.560592992517297	2.098265078460073	-3.1976036100869614	2.4908712828449677	-0.289037659469261	0.027009484431772965
8000000.0	7.060563514863985	2.055501881754137	-3.152180969079331	2.6083075682578123	-0.3129090612217388	-0.13963809484168077
8200000.0	7.586276261677448	1.9751452779497558	-3.186541476225894	2.5958628141899305	-0.3694316179248132	0.1324459654631695
8400000.0	8.139441871450149	1.8775366348858833	-3.1157694170265913	2.7132938674226095	-0.23037746604245724	-0.10838459232486246
8600000.0	8.712288181075182	1.7962185522598761	-3.108586191743224	2.904267476744578	-0.46500940186915674	0.020320046169892792
8800000.0	9.306663277429807	1.7607690356814003	-3.1371456541833296	2.920549756252244	-0.4277154576593886	0.09597543791861192
9000000.0	9.919285506146194	1.7081601018553378	-3.179485317494261	2.993592709001579	-0.11009838603244504	0.028569263717400466
9200000.0	10.529367794094611	1.6325062226507656	-3.2107645424871825	2.957093225580409	-0.3214826810460401	0.05998515386720874
9400000.0	11.111943103529867	1.5596058935649082	-3.176653499670931	2.6125544433144636	-0.17685622476930413	0.062080588645291056
9600000.0	11.663713579789459	1.4741924708249297	-3.143779848717326	2.61938067137217	-0.02252607982325905	0.00983888769085609
9800000.0	12.190185840094639	1.4569432234185435	-3.1532772482310962	2.589073892876609	-0.26329075384096357	-0.05685134523081767
10000000.0	12.693476439895651	1.4356741373689497	-3.136029886027477	2.419490119509935	-0.059599462151664104	-0.06634939018971425
10200000.0	13.173418091658297	1.4362711757393851	-3.188909539757446	2.4416560750388627	0.030844317161590196	0.10203017284879182
10400000.0	13.702064853007313	1.4317949501691254	-3.262735469643553	2.9560033335328537	-0.12246807951732823	-0.12264426180193141
10600000.0	14.276293757565671	1.3610310175291465	-3.2151395404598033	2.865318591900664	-0.16382915489871616	-0.044914476110567834
10800000.0	14.87923692026422	1.3010494513115856	-3.216471134254891	3.1253002781621286	-0.27911745431444257	0.2680427503565207
11000000.0	15.526648736747273	1.2494681051390244	-3.225622244914303	3.2696843163144194	-0.37356451065824325	-0.05786240366106727
11200000.0	16.20710702625287	1.184423735626273	-3.170394033220507	3.5495379887603464	-0.2130981345125733	-0.03619414470579762
11400000.0	16.911861800591264	1.0909046025056157	-3.22385759713337	3.712577131404054	-0.4867501922025716	-0.16456023630528346
11600000.0	17.65320132069834	1.0320866589697795	-3.261236452697935	3.679588957225648	-0.36555070257320815	0.09046981217653945
11800000.0	18.424513367587434	0.8622424617925231	-3.2900219955117915	3.8174417838160926	-0.7215537808723079	-0.008578251314116795
12000000.0	19.210233717756516	0.7355283311325775	-3.2228121177107996	3.957921268805635	-0.7835234607941355	-0.24231756905146473
12200000.0	20.0211249453947	0.5628467077395005	-3.2032102007041825	4.167332038515264	-0.789328048446314	-0.0902791461574779
12400000.0	20.84462999495977	0.3711361685941532	-3.1291702858242822	4.168192968076638	-0.6792403562542522	-0.10405208976654934
12600000.0	21.694203130871067	0.2133563897071875	-3.126654254102824	4.339004117158835	-0.7134955955756019	-0.021422158611663803
12800000.0	22.562560504022684	0.09944925914092284	-3.0364501798699104	4.3279596755475875	-0.6755189367850423	-0.05314341728410548
13000000.0	23.449023130451568	-0.05853222210145592	-2.99041117575641	4.538220712548699	-0.7085852935713666	0.10575040500886879
13200000.0	24.35559024464805	-0.13607142467290112	-2.996658869506496	4.496966472867682	-0.5886632353457542	0.22303961977252337
13400000.0	25.279588805596262	-0.2924772285181789	-3.0649165764535686	4.834096730576269	-0.4600133227393661	0.25881205190938017
13600000.0	26.224539132503445	-0.4242813184542107	-3.07020132342709	4.680133634659562	-0.25629265256173905	-0.18433211256360646
13800000.0	27.18802733514653	-0.5122285874300756	-3.1475659409191485	4.807025928396344	-0.2398711815709954	0.08370231376573233
14000000.0	28.164631643131713	-0.49584612014573093	-3.167613513574708	4.851043607807834	-0.1380032963823286	-0.023336830865597007
14200000.0	29.15675225070877	-0.4694430802491021	-3.1461453614236774	4.953037255754276	-0.24340956923244547	0.1894676545273425
14400000.0	30.173015095757066	-0.5299832879465152	-3.134972529791471	5.005150338663396	-0.21293512949753987	0.020761316954277412
14600000.0	31.19822986157253	-0.5201635637713764	-3.127125655184196	5.023328472967187	-0.2894253242862304	0.08262561338631223
14800000.0	32.24053270260386	-0.5982462599087017	-3.0759176089751317	5.192473623712225	-0.3239085598718974	-0.06212976062941326
15000000.0	33.30121839040242	-0.7097570813922309	-3.052546217364612	5.319814348780525	-0.4689926220946146	0.18136600778587053
15200000.0	34.367237166721914	-0.8277074765025803	-3.1052285848385086	5.358505506537634	-0.8719403118809346	0.05834880184631023
15400000.0	35.446574645598986	-0.9999559703738958	-3.073583842062958	5.109608204963212	-0.9365437728319632	0.01389854953663414
15600000.0	36.54064799516595	-1.2574689621660156	-3.062022292999492	5.434492690706841	-0.8188768215129533	0.09632273735052321
15800000.0	37.63838118213121	-1.503414970826996	-3.1037191856292834	5.34918230887687	-1.0780101839483738	0.0046329263519564855
16000000.0	38.75024462227164	-1.7886352431348587	-3.176578367608482	5.471634499681288	-1.2486538256496726	0.13057446651545757
16200000.0	39.86632565958898	-2.0269435094486017	-3.2355296545948358	5.490276165142413	-1.4919387769614199	0.03068675104569632
16400000.0	40.997662964358206	-2.3200424249286087	-3.203526073737076	5.726901288300985	-1.4344002083523075	0.1639976860625446
16600000.0	42.150897577976366	-2.59994321237596	-3.282683312937808	5.935759764004831	-1.4294040190849304	0.12970989213611062
16800000.0	43.31211613532754	-2.827204982735949	-3.177543840764923	5.893909972055431	-1.0667687774299932	0.025826094224129865
17000000.0	44.49657558369793	-3.0277073303529423	-3.2562710849235366	6.049133275657425	-0.8936451758409973	-0.106746365869643
17200000.0	45.7019488485644	-3.217950354291203	-3.2066346084628554	6.105157847558457	-0.4101777514898652	0.0797706188199915
17400000.0	46.920683839729044	-3.3427972261263443	-3.231512807124527	5.936854440830664	-0.5035491818517946	0.03391476170407028
17600000.0	48.1549431556613	-3.3725020463814475	-3.222428117969064	6.2511708411775135	-0.3284888555615143	-0.13387095067719348
17800000.0	49.41181507229675	-3.4081230223683874	-3.1661491110379907	6.438587970449054	-0.34556396686711033	-0.13535862634277593
18000000.0	50.677808435320486	-3.4858270172386003	-3.135520615971355	6.404419775194706	-0.28629266595778136	-0.07738183034989125
18200000.0	51.96799175582753	-3.5515309608921304	-3.217079346347648	6.290118019209397	-0.3097456402412949	-0.09428458544659514
18400000.0	53.262622899475126	-3.6264100036795086	-3.2382854445527762	6.582056262531034	-0.4019661210204268	-0.11965541460569214
18600000.0	54.56954135300365	-3.7434046461723396	-3.2284600740168097	6.589644155945186	-0.6061634285748027	0.006179952881744066
18800000.0	55.88033168635961	-3.8933672508695722	-3.231254019633077	6.744750891119147	-0.5646910435539148	0.07580880243810388
19000000.0	57.19288917723752	-4.078115958990543	-3.315963423889157	6.463677548422634	-0.847918124302819	0.0940875062096786
19200000.0	58.5087384243805	-4.278375306477764	-3.307408801228583	6.541875502637292	-1.227341687322222	-0.17029854005767345
19400000.0	59.82310946676068	-4.53415170279545	-3.312118428378521	6.524060803723164	-1.530580467987845	0.02610272825334771
19600000.0	61.13093792597857	-4.851993720143864	-3.2570833341259693	6.523784798219139	-1.640662581963368	0.00616437986057855
19800000.0	62.43135756128596	-5.206409479624267	-3.210132790068636	6.301378267972435	-1.7538025028364201	0.10035657218723344
20000000.0	63.72997863144915	-5.5964683745412565	-3.1783571123452616	6.494795649180375	-1.9939066905120106	0.04842013974964001
20200000.0	65.03064675039684	-5.930516969705682	-3.2045664486493353	6.493141439358275	-1.8909681101117035	-0.04097130615257507
20400000.0	66.33891731293299	-6.284869662063287	-3.1974578458583727	6.548338071817021	-1.985760988452374	0.041109120298685714
20600000.0	67.64558140542081	-6.704412396215849	-3.165334177164863	6.514655252420014	-1.8681649068779578	-0.03229052678283198
20800000.0	68.95187365454262	-7.0306722927670595	-3.1462941633016044	6.831266228777523	-1.6437714933649648	-0.022711513821976788
21000000.0	70.27759873932604	-7.335197632958536	-3.192718352939396	6.516221947048682	-1.323621873412621	-0.2478794789482916
21200000.0	71.60875024746845	-7.587402503947099	-3.185297575087509	6.837232458162798	-1.0317880921707483	0.06845711894171938
21400000.0	72.95754018535497	-7.823590684811883	-3.165135996130147	6.770721048954038	-0.9288895596302701	-0.04943461111111153
21600000.0	74.30588865828217	-7.957888277868668	-3.2001569211160312	6.788076720652138	-0.7910028606621378	-0.09167816444662812
21800000.0	75.65933325391822	-8.087914557002254	-3.1646626572406475	6.890572764926832	-0.8529321729368388	-0.053470022096112985
22000000.0	77.01211855616899	-8.19095921788952	-3.1867646467764543	6.596032015197571	-0.5556459093210719	0.12122080609722724
22200000.0	78.36305704284075	-8.363394237179708	-3.1667335919028727	6.861408571666562	-0.49927296596147824	-0.17532566186247847
22400000.0	79.72249993764092	-8.517394914487955	-3.183870018700486	6.703499096329398	-0.8057290662610033	0.0319149520778271
22600000.0	81.07087684462233	-8.699573368920209	-3.2341111408721557	6.538979142160536	-0.9429366528046305	-0.15399766276342175
22800000.0	82.41773598429393	-8.915697014587739	-3.2209773786458786	6.72957861781778	-1.093708999778627	-0.04213498133594327
23000000.0	83.7609337908794	-9.187117762430983	-3.2241882735073157	6.513019528057067	-1.319435164845476	-0.033355280659789655
23200000.0	85.09841571797101	-9.496140902786959	-3.233354224374958	6.8763780964717816	-1.7069529078735515	0.12883491928456783
23400000.0	86.42418351710936	-9.825792864578442	-3.2158148308516052	6.553718521052764	-1.893164499419815	-0.03842028734330107
23600000.0	87.7307690483662	-10.257180150545778	-3.2296593574196875	6.553203000461075	-2.060386023587966	0.059999247908513756
23800000.0	89.0241128810791	-10.728098870202691	-3.18416145471133	6.555648766015921	-2.1204542186102033	-0.04883731111963378
24000000.0	90.3189801086498	-11.156662818785165	-3.129470281182671	6.448363515341917	-2.3942332878200294	-0.02364015081085966
24200000.0	91.61685108041192	-11.639107480909761	-3.2054674612010885	6.432179017513865	-2.2673109681653574	-0.005755045286603022
24400000.0	92.90142304593337	-12.104163207354668	-3.220969990176885	6.465582634390318	-2.257459508627133	0.13857146210639387
24600000.0	94.19571476516643	-12.54792700544713	-3.155102446090378	6.570487017391169	-2.1754018679758085	0.03185393321359129
24800000.0	95.49849493274493	-12.951599255032486	-3.1976999534472386	6.604968989793761	-2.0828512307097062	0.1027787343908037
25000000.0	96.81707573986353	-13.291656408086308	-3.1523716215679656	6.5238408973565996	-1.798441088336543	-0.07830786278841063
25200000.0	98.1420951654268	-13.645396687533593	-3.173010359086251	6.623092370731479	-1.507719579711094	0.0618111734990841
25400000.0	99.47464396835358	-13.96498607923103	-3.148080213969949	6.833928323161098	-1.1589201520854047	0.02454626007226562
25600000.0	100.81525770487201	-14.204888448606386	-3.161283188321114	6.696908899332991	-0.9722990434207442	0.07344135429516156
25800000.0	102.15979992747386	-14.386392070964577	-3.168500890768604	6.572647414828121	-1.1053316975367642	-0.09512237915146042
26000000.0	103.51181964298311	-14.58850111795369	-3.1334340833694205	6.8646815129763405	-0.987959464605837	0.11157365498042983
26200000.0	104.86449695322958	-14.805107422719312	-3.126604370516618	6.8097157754285345	-1.1244706632255723	0.0016497468877824744
26400000.0	106.21567117377234	-14.99325431891571	-3.2307097905625297	6.5965318004875435	-1.2263307104838275	-0.038467270303831305
26600000.0	107.56156681879743	-15.234702481638712	-3.2652319756177235	6.821890897621518	-1.4199937303474621	-0.20470155330718368
26800000.0	108.90010904314032	-15.543282203041016	-3.33380542325925	6.582544556038865	-1.6626172837327762	0.051910583816952224
27000000.0	110.22161580094186	-15.844396771165583	-3.3225281158437663	6.534086159194364	-1.9901859047548256	0.008085527739771576
27200000.0	111.5260445964466	-16.229619505510797	-3.347783331203121	6.4356787428430735	-1.9191972180731363	-0.17116635510504055
27400000.0	112.82480307611803	-16.671552451804697	-3.3006388860976923	6.574099427034415	-2.1794958327235032	0.02595489774050206
27600000.0	114.10877620829102	-17.154428321011387	-3.270258547968966	6.422125188389236	-2.564103287165918	0.02007691823846233
27800000.0	115.37756324729247	-17.634317779764885	-3.2135161190049386	6.230810962396316	-2.401444133437654	0.04513472311825208
28000000.0	116.65139803200184	-18.14879178105554	-3.141680905766044	6.139045366712593	-2.5738669446283153	-0.03826140752495738
28200000.0	117.91933096179629	-18.712832604331577	-3.1622273280252733	6.306324274996986	-2.6609124616670536	-0.028191780007058603
28400000.0	119.18469245850764	-19.211263463780934	-3.162852356441022	6.408869762040217	-2.477110527092814	-0.04055220552816624
28600000.0	120.45698972572569	-19.656368292304474	-3.1257006475984555	6.330714447798227	-2.4104711303331805	0.05799572601324029
28800000.0	121.7456921668493	-20.150096576760912	-3.0987313444898037	6.319996341560145	-2.2714158411655623	0.11069571493945822
29000000.0	123.04285193968519	-20.61204101564681	-3.133654702882977	6.7000929251314245	-1.9176774242098154	-0.026278675214782016
29200000.0	124.35967111644592	-20.973145477426005	-3.188553242216479	6.6158352101741755	-1.7358746686125621	-0.015299201471351127
29400000.0	125.68627861163291	-21.28688123092688	-3.1792394854584836	6.434879653646183	-1.6292018595065059	0.11908425168455437
29600000.0	127.01301127678872	-21.610752820826153	-3.185960428392761	6.777302725872078	-1.390968908609847	-0.07075989592164335
29800000.0	128.34639412249902	-21.917262290856183	-3.177395519911705	6.7396800662635235	-1.4494033999357865	-0.034871265177545685
30000000.0	129.68489803027575	-22.188228425190577	-3.115587917106781	6.655482913694391	-1.573486166655094	0.08341300670408436
30200000.0	131.0203018739318	-22.48328386922169	-3.095643269253629	6.639818864797717	-1.4037460221620592	0.1786211229283553
30400000.0	132.35135513916723	-22.78844968678824	-3.0180001843885327	6.602698846721649	-1.6563538632921353	0.10965521665713547
30600000.0	133.6763876271363	-23.133712678737734	-3.0224698220766255	6.571748242786649	-1.9036502080205275	-0.020918699999470377
30800000.0	134.99247903624521	-23.482238183398582	-2.9699796152394167	6.631727032656086	-1.9441119533055609	-0.12611988880379157
31000000.0	136.29970335567094	-23.936319734104078	-3.0173242145995567	6.3980178051431755	-2.2954649323473597	0.13659567274244636
31200000.0	137.5753843660238	-24.416447389924222	-3.0010733986753695	6.401522390460457	-2.3590650294468185	-0.13334532347160458
31400000.0	138.83991735383643	-24.903422033181066	-2.9999503825309657	6.2227467215044046	-2.6799566901072254	-0.11885311249923582
31600000.0	140.08825894008817	-25.498347340263827	-3.1042921870325233	6.230851413129856	-2.831897774558616	-0.05441785326290051
31800000.0	141.32871623080493	-26.07095375903134	-3.0908752143902305	6.123097367837491	-2.922228912184604	0.0016072813386178214
32000000.0	142.56438680194373	-26.67998699464258	-3.09966643474672	6.189064789753914	-2.918157046844074	0.01769035294900583
32200000.0	143.8005917364086	-27.253234252773687	-2.9980315308095222	6.1961986269975	-3.03793672556282	-0.05027634919464456
32400000.0	145.03603338060034	-27.826768354280336	-2.9878370412557387	6.189122929477357	-2.8451783101443526	0.06470472736693843
32600000.0	146.28594015109442	-28.339490766846275	-2.938608651809662	6.339435079615002	-2.605205728301684	-0.018672056346195797
32800000.0	147.55004712139575	-28.822880129901773	-2.9506608774999643	6.425102533240587	-2.4895427020896377	-0.0436027504144085
33000000.0	148.82432396396496	-29.299338009362675	-2.950880033833074	6.577364621799613	-2.3046935210355706	0.06752664294380321
33200000.0	150.12152213044055	-29.74694062292874	-2.910989452507252	6.560492529081018	-1.7372741219492203	-0.016841609293938697
33400000.0	151.4352783312143	-30.0929957789965	-2.9127686089945852	6.619552200526305	-2.103175783294026	0.12351568153879941
33600000.0	152.7569287549055	-30.46692234157636	-2.7845224793504952	6.716463932871243	-1.7098808590732772	0.22180928026707686
33800000.0	154.08075562188918	-30.788245751175225	-2.8189503425311915	6.701561307045479	-1.6326032181264034	0.18095856576988315
34000000.0	155.4018159039419	-31.126669497950623	-2.8528725270052124	6.61394139472006	-1.7361588130804284	-0.13585178529048939
34200000.0	156.71843946988014	-31.499945194121565	-2.9220578575884133	6.317838315367163	-1.827861684342361	-0.18754589882371908
34400000.0	158.03310341407007	-31.839584914496278	-2.90061532895861	6.604339687852309	-1.9654164798180505	-0.010731456683383067
34600000.0	159.33639138106017	-32.28020235346968	-2.9224306022341615	6.447167285589812	-2.1485766753491538	0.012538861188541448
34800000.0	160.62386218013535	-32.805788713536664	-2.9461027150359342	6.396456995756985	-2.3215487139911937	-0.06368176190187586
35000000.0	161.89408576143373	-33.307459538460606	-2.9636279303456288	6.193216883422106	-2.6838981707945284	-0.03335885240584413
35200000.0	163.145907032451	-33.825634240181344	-3.042006687495988	6.440880163648811	-3.009492050839244	0.146860089161539
35400000.0	164.38172045158737	-34.44553201349629	-3.0975890537863813	6.126472303721842	-2.9886285650153743	0.00546970311824995
35600000.0	165.59988964447612	-35.08522958945106	-3.111916428748679	6.011368672192853	-3.1983302302618206	-0.012591001025304065
35800000.0	166.8064247325479	-35.7746143827615	-3.170767897319417	6.042019299844163	-3.4315869297805266	0.0036894835894873156
36000000.0	168.00294712372124	-36.41913616516029	-3.203258125105765	6.0230470977236035	-3.4003009485134035	-0.1205821255468871
36200000.0	169.2086194971258	-37.09419436573495	-3.154551846295716	6.091432538571504	-3.1425784602443496	0.1470057465308531
36400000.0	170.41768261184336	-37.75550081892949	-3.212433970902467	6.1856812247476975	-3.066291633431715	0.1512092575902268
36600000.0	171.64315664776865	-38.32442804159208	-3.23557897539278	6.13384028344887	-2.7786307715061964	0.012367835670373924
36800000.0	172.88204745149696	-38.85877487487946	-3.280503127586511	6.379141515123781	-2.8262734550971556	0.0024229004283398145
37000000.0	174.14328377620637	-39.40209981686998	-3.2726426089802976	6.452020574003743	-2.723088432238777	-0.13837011323193216
37200000.0	175.4267615578889	-39.886373516190545	-3.320361761759668	6.33149688373278	-2.2701748435672684	-0.025975424991086935
37400000.0	176.71586366824678	-40.35261135936202	-3.340057021592605	6.449806649307514	-2.176420773300575	-0.06153561519459331
37600000.0	178.01208478629934	-40.777057792375984	-3.3841275603270167	6.654314773592069	-2.15114293285253	-0.003065917426644915
37800000.0	179.31491881524556	-41.192345460066065	-3.307376209313038	6.468070234710166	-2.244423483122983	-0.061740093806026596
38000000.0	180.61168274364258	-41.62638032190417	-3.3327052710742273	6.451736385396346	-2.103721185995875	-0.024420784705714637
38200000.0	181.90628232511128	-42.10591522663474	-3.3083851792038805	6.293189943967588	-2.2330507604157583	-0.10084035516352124
38400000.0	183.19320104187642	-42.534699893374246	-3.327028395929304	6.353010134654207	-2.2228533343814507	-0.07120248233299176
38600000.0	184.46280666285938	-43.00482135696108	-3.311211854892522	6.454651380080682	-2.37928899014236	0.03629315686017242
38800000.0	185.71342560688336	-43.53554728665563	-3.3356569063690884	6.335071008333851	-3.030170874711745	0.040453032196480616
39000000.0	186.94071874533802	-44.16280603478245	-3.3547834976572197	6.197440078613968	-3.1179318372594844	-0.10616367819003791
39200000.0	188.14753705604065	-44.8124676048261	-3.3039390841489986	6.023154562375978	-3.255135895022171	-0.015779554174019984
39400000.0	189.3422224839533	-45.48405688816895	-3.265220965726987	5.862019132192587	-3.3881883791117238	0.011257495937587812
39600000.0	190.51470735410538	-46.21240540991542	-3.2531990986909345	5.77918934668522	-3.3448132428358037	-0.16704859298220348
39800000.0	191.67981862770083	-46.94620547276535	-3.2968589918830067	5.934811489596153	-3.748607537961619	-0.01126095174277461
40000000.0	192.83780127614514	-47.67997825793147	-3.232714965857954	5.843766042768202	-3.6573610405711703	-0.03486280260495342
40200000.0	194.00636907045396	-48.37414008116512	-3.2412955672789074	5.976340933381531	-3.690519883862647	0.1007490596535175
40400000.0	195.18119894692197	-49.08844536185315	-3.2383732202774533	5.982239884285891	-3.3529181852923533	-0.08947326524721985
40600000.0	196.3724105749606	-49.76889185556406	-3.2820192084588737	6.091290123815438	-3.376847782786127	0.16129606142577022
40800000.0	197.58342359454045	-50.44460522381902	-3.238648987225333	6.05902966293853	-2.8947082063164133	0.03472420345207824
41000000.0	198.8172484148772	-51.03854911536186	-3.2310868101006944	6.0913591265228435	-2.783134253181543	0.07389269115132836
41200000.0	200.0760532619133	-51.55962651580068	-3.150271306671564	6.237322473799501	-2.5977054841728493	0.04404303466428245
41400000.0	201.34118763177574	-52.091553882403936	-3.169486855868697	6.496966097753047	-2.5108105377831778	0.10113622738932071
41600000.0	202.61047709289258	-52.56508102734811	-3.103431613344063	6.392418535741188	-2.4597240281961863	0.05061665227990648
41800000.0	203.88500006391794	-53.12075192678175	-3.105709923533944	6.250652714082639	-2.4832156217903734	-0.0957331326805999
42000000.0	205.15601475255778	-53.63146280779923	-3.1664194045214438	6.415619713889105	-2.4844341523038893	0.07165683844951463
42200000.0	206.4229795784539	-54.12049982973544	-3.2727967302313767	6.381064319900796	-2.618855412491757	0.07405171506159035
42400000.0	207.68376490825463	-54.67803422883677	-3.301465723903995	6.285873472957287	-2.811893398741523	0.018533890873958004
42600000.0	208.92280231629448	-55.24727392757614	-3.287572371018769	6.118705793257192	-2.7709877741172195	0.00876686885053882
42800000.0	210.14272126974146	-55.8795030532565	-3.3008337843432876	6.154368328028525	-3.310061783265341	-0.07126354690701918
43000000.0	211.33079774961791	-56.61316196997771	-3.2638080636201527	6.006259274655558	-3.48819229578634	-0.07471816741751437
43200000.0	212.499473570574	-57.336686119782286	-3.2272606141489666	5.953189705143722	-3.6818264778394463	-0.19184107949841583
43400000.0	213.6427103965535	-58.08456786683096	-3.1762754929577643	5.730739604094835	-3.7396503071276697	0.13704821177476367
43600000.0	214.7811922029415	-58.825147868193675	-3.145957510948649	5.71065232174263	-3.8595427602041883	-0.0281009137936751
43800000.0	215.9095958863377	-59.576944110957555	-3.0889171370326927	5.578682383630315	-3.8503262509260927	0.21644093315792567
44000000.0	217.03648915374407	-60.34483394359626	-3.0730202523995107	5.574559054616365	-3.887243229919398	0.03702625701109955
44200000.0	218.16645501984524	-61.1449321035249	-3.1007029342811636	5.644147207954683	-3.893878067512224	0.06709306853794818
44400000.0	219.31147393646728	-61.90486370416011	-3.08298426841306	5.618316720420784	-3.747483611127065	0.042839736153506905
44600000.0	220.48288382299486	-62.60231276337953	-3.1402692410730655	5.886151696331811	-3.440406227675353	0.22180682938340815
44800000.0	221.67139764327482	-63.273186178512816	-3.1553768452496005	5.891351570445064	-3.093226284847914	-0.16137458535517815
45000000.0	222.8891093116892	-63.91443385437137	-3.114991047410749	6.228131333624489	-3.0021539122246637	0.05033783292391613
45200000.0	224.11305201462528	-64.40142111944371	-3.1740301860175606	6.052907796476543	-3.094835879758395	0.13272648227215586
45400000.0	225.35690940881724	-64.93085521539395	-3.1845140539079235	6.3890053767525306	-2.7295210754255996	-0.12194132436951807
45600000.0	226.60927015023168	-65.47687839723052	-3.198823387812854	6.350152088173017	-2.6522862318601836	0.10579484180064024
45800000.0	227.8558139137463	-66.0375335394212	-3.235165142743628	6.039077415107254	-2.7566885252744324	0.17681006193323073
46000000.0	229.10395604063837	-66.62906672168327	-3.228109785321262	5.997971280729978	-2.8522130158766523	-0.10477583305059156
46200000.0	230.3372063327808	-67.27146293209083	-3.2328933524700276	6.159822136658744	-3.1493875203312327	0.0135484617243926
46400000.0	231.55674039559457	-67.81738097681651	-3.2642358585601152	6.136609603860442	-3.1645191841877116	-0.09388537415664484
46600000.0	232.75206084800172	-68.50116325919102	-3.2464042839046052	5.743923440983335	-3.3588098693339616	-0.06895047587680324
46800000.0	233.93016467413534	-69.23691384514484	-3.1992442610218466	5.797346121484334	-3.5990868804432066	-0.09007757315863055
47000000.0	235.07478995321952	-69.95138030522165	-3.146028908328179	5.432990451767469	-3.871442602651483	0.062035136412870756
47200000.0	236.1934341200499	-70.73199331374421	-3.1282485086000698	5.680555751054689	-3.9599380329532563	0.056509422667225556
47400000.0	237.2970563870358	-71.5493475087251	-3.1460232593627233	5.541952194022066	-4.0403696710953225	-0.004184944260220858
47600000.0	238.38123532112704	-72.41504159144664	-3.1404447356090226	5.454911083362577	-4.312036630855499	-0.009130030879635261
47800000.0	239.45570786908056	-73.2514621511353	-3.216748659866178	5.426649443976399	-4.243963370322859	0.12677661844964982
48000000.0	240.5442442011088	-74.06439694315912	-3.201196320137824	5.533082193623051	-4.309929144086726	-0.13149376153804532
48200000.0	241.64266783062018	-74.92994137723831	-3.1348784103243466	5.375589078208504	-4.105814180450628	0.0076219894739142004
48400000.0	242.7488087928557	-75.7252360178087	-3.1261941538778726	5.548266560819537	-3.799833922501294	0.0031007932103459695
48600000.0	243.880370474117	-76.46424120868072	-3.1377071259734337	5.632264398286902	-3.5489306464270594	0.04411179874034817
48800000.0	245.03637858947027	-77.16342709728929	-3.046972169516046	5.945722599573278	-3.4016010658629687	0.02896179587184439
49000000.0	246.2240962475124	-77.86335803928849	-2.9762227834185486	5.961039016033937	-3.3833786060712905	-0.02464704528976073
49200000.0	247.42627623593393	-78.47951930809239	-2.987144138915658	6.008451681605151	-3.3929636606313074	0.04603799124481241
49400000.0	248.6335448695174	-79.09669164078761	-2.992458168019197	5.980670942850556	-2.974854753438557	0.010398865165980082
49600000.0	249.85421043228493	-79.69248936880258	-2.9335649969865942	5.938250208896106	-3.0563537016051794	0.1352513545592859
49800000.0	251.07189715901612	-80.32342084159163	-2.9518766930563376	5.956471457467819	-3.0774833367367664	0.1559552664686496
50000000.0	252.2783178606957	-80.97758134118763	-2.8979503229420067	6.055541507311474	-3.4430455640996684	0.14446180725159122
50200000.0	253.47853938580852	-81.69661113663943	-2.8773358211652025	5.955545709924446	-3.330454007939676	-0.20249854776565032
50400000.0	254.66431007570145	-82.3978400481514	-2.797957663194183	5.7881553138727675	-3.4630980443713555	0.0109958996695086
50600000.0	255.81505364458684	-83.13475103986191	-2.8425438126905855	5.810360260788469	-3.6667636267012687	0.03774090966930351
50800000.0	256.93673533926886	-83.92071729399599	-2.844433233315361	5.574502350737718	-4.020775871541112	-0.1177249031014217
51000000.0	258.0239450166906	-84.77181991286186	-2.843561406170762	5.596313387176221	-4.126636154310843	0.05452792338567478
51200000.0	259.09162835805733	-85.63281847730232	-2.8589155378614306	5.374314113695137	-4.393463367682214	-0.10049034072325651
51400000.0	260.1521318600921	-86.493422457953	-2.875222620745725	5.351105097670883	-4.446374285632182	0.009131738390940341
51600000.0	261.1971838221507	-87.42166035248859	-2.8556674774576534	5.35331973275794	-4.62462692587351	0.0028182987684603872
51800000.0	262.2333510818896	-88.3014497179081	-2.8440347799846277	5.131387827962753	-4.504574548660972	-0.0360044494510514
52000000.0	263.2747775199311	-89.18039736805032	-2.7852622231790294	5.247756444423193	-4.573671514240159	-0.06616834478355978
52200000.0	264.33083852884516	-90.05646233457804	-2.74734621623373	5.408491803292951	-4.36665737864573	0.1522797191412225
52400000.0	265.3935458692929	-90.9021846450328	-2.8002689579440596	5.376549251305703	-4.028439317138465	0.16328486757728705
52600000.0	266.49547497621603	-91.73182747953757	-2.790306033611064	5.705866301209866	-4.0071499700661635	-0.021670811429358287
52800000.0	267.6271563769751	-92.51656874503573	-2.780580260691802	5.747656361525933	-3.7630014839071717	0.03494257292715872
53000000.0	268.78200351011975	-93.25156579686981	-2.7915632193353703	5.887605821177488	-3.6965074950775434	0.16298692722492716
53200000.0	269.95718251796194	-93.93644436638878	-2.7910048154996803	5.88613071525597	-3.3924916035421124	-0.14337171086661213
53400000.0	271.1387451965255	-94.61517629294626	-2.7962095343560116	5.9953486986077955	-3.5407542786738477	0.035542143863861994
53600000.0	272.31763432100456	-95.31784406206053	-2.8161613460217	5.903212161072398	-3.444847762272147	0.132404670353521
53800000.0	273.49305635279075	-96.04649787696991	-2.7868673235568497	5.903191115159596	-3.5499775742512485	0.05018845943441031
54000000.0	274.66063618446043	-96.69163806494795	-2.840509707294858	5.628250940864803	-3.5174247203152684	-0.13293634065915064
54200000.0	275.81251097826305	-97.40363872699741	-2.782689446752842	5.597411727130844	-3.81071433051926	0.10123674575774878
54400000.0	276.94158598806285	-98.19061934686488	-2.788058099331023	5.482888421588701	-4.025163675373452	0.11322514277045821
54600000.0	278.0433240472175	-99.02085052568243	-2.7831068951653783	5.3630030651902105	-4.064220089474248	-0.02177037736966223
54800000.0	279.12141227506805	-99.87591897366111	-2.763549167224302	5.405571136311233	-4.305400255426805	0.11956493253200157
55000000.0	280.1584848004536	-100.79268719248057	-2.7997209478534035	5.124665128990925	-4.5157517195961985	-0.16563666432055965
55200000.0	281.17374879661855	-101.68331924877317	-2.7887408646521594	5.1028858755784485	-4.545665326938028	-0.10738702357585095
55400000.0	282.17211076509915	-102.63178961323396	-2.675067976032827	4.857721888295452	-4.563041490926213	0.23064125439524777
55600000.0	283.15857620605436	-103.61279937987642	-2.7301482119849187	4.94547632139575	-4.574712559860351	-0.023194564814752475
55800000.0	284.1496014307194	-104.55311591700776	-2.730217002079031	4.9604695541636765	-4.89868368771529	0.0688241169649988
56000000.0	285.1420593017303	-105.51001437914269	-2.74575555730927	4.963907756263866	-4.850490774614104	-0.1426402725754827
56200000.0	286.1515934363433	-106.43725617334887	-2.7514079879253637	5.193298545372122	-4.624796131654955	-0.03753052772298235
56400000.0	287.1874896533196	-107.32649175182988	-2.7908414700751036	5.204143714259018	-4.215137209959538	-0.056886731801647356
56600000.0	288.2582093366801	-108.17434270343576	-2.7845585215480972	5.513553868869505	-4.233475705250921	0.13015730467681302
56800000.0	289.3582625271693	-108.97317750773952	-2.767436934603075	5.3515157374654425	-3.9547748342197897	0.10900932999578282
57000000.0	290.47486245671604	-109.73584139177783	-2.739303364972524	5.7527038044160665	-3.7541549203748863	-0.1414823919766909
57200000.0	291.61337532172854	-110.50008763257381	-2.8437773622288884	5.641708177701481	-3.759649970549834	0.15038297959945765
57400000.0	292.75558100640444	-111.21498414909442	-2.787229237220492	5.924235173477948	-3.7558180286340184	-0.10857561006705127
57600000.0	293.89887389362843	-111.99363695821327	-2.8643083794650783	5.617885180356977	-3.583492729908433	0.09874341551796981
57800000.0	295.04651309271395	-112.76916676679748	-2.8127412612058884	5.65419441702687	-3.779774669030681	-0.0124718957461075
58000000.0	296.1736585170734	-113.55512788013013	-2.8682076410674786	5.699484174817431	-3.875886942938101	0.16606307028798284
58200000.0	297.28003579584424	-114.34430094885207	-2.880775715939378	5.492642137962352	-4.130839123704716	-0.08175245518136132
58400000.0	298.36130598905453	-115.21886814136569	-2.877741323582945	5.317379016028742	-4.399553008436334	-0.006534346566711153
58600000.0	299.41079397573645	-116.10967053800456	-2.8991320887151315	4.968229792032857	-4.626169640385755	-0.040775540250160495
58800000.0	300.4224384406432	-117.05571925936279	-2.872088350659043	4.953297221356933	-4.569225675133544	0.056351848889686244
59000000.0	301.4031266587127	-118.04274562486283	-2.92675424291185	4.873743202125368	-4.7411369239341115	-0.0756558290354346
59200000.0	302.35878099173505	-118.98801048998467	-2.881218237121037	4.691559173448101	-5.035601547172823	-0.06704437612223899
59400000.0	303.30910362378137	-119.96752480841562	-2.813643986874061	4.713251452202592	-4.997408013483633	-0.1615138860026509
59600000.0	304.241169471696	-121.00417253094527	-2.8789291495942386	4.7564227679840645	-5.211983900740405	-0.3067180236784484
59800000.0	305.18102569701887	-121.96644949743816	-2.8919881829845515	4.592952963796208	-5.047260864769287	-0.058510420515678646
60000000.0	306.1288906537093	-122.98934633471232	-2.8919785110422023	4.656512905737432	-4.796494097310281	-0.27068866111260276
60200000.0	307.09063323224785	-123.91394474082048	-2.8845954078684555	4.889519676159483	-4.719041247815848	-0.0036187290909689535
60400000.0	308.0843628845984	-124.82462822012657	-2.7860579239839036	4.988970823936883	-4.428345277408705	0.009078297995674202
60600000.0	309.120450062092	-125.74498049240766	-2.769019395727537	5.214712837009664	-4.459445771446786	-0.001330142017088612
60800000.0	310.1804583602826	-126.55622042561457	-2.749934355127686	5.4166120069240575	-4.246792517178057	-0.09504107885880077
61000000.0	311.2643958285733	-127.41067431937162	-2.798661813435802	5.527859747394231	-3.9474598853661442	0.20445516807070435
61200000.0	312.36159635726864	-128.20424093599814	-2.8054842923075363	5.644458342147251	-3.8818102693322856	0.08973653731694177
61400000.0	313.4626338773814	-129.01371534506987	-2.8250846741271687	5.652796198175593	-3.916009624500866	-0.025096866727789716
61600000.0	314.5628287694197	-129.83627231925266	-2.8196845498494145	5.329279384772977	-4.147978181004604	0.04528775342793334
61800000.0	315.65761748014256	-130.6765871802753	-2.814950306685389	5.382594421749699	-4.192006189718566	0.055255077126574355
62000000.0	316.72988289458226	-131.526014746122	-2.9016591612418954	5.308643538354873	-4.203064354895494	0.049839428142101364
62200000.0	317.7764848268479	-132.3700437465752	-2.935360723410778	5.346819962486636	-4.546591423785064	0.1375971621872918
62400000.0	318.79642909134947	-133.22336012457697	-2.9353956840318443	5.05265711752013	-4.606880591713092	-0.1266009597302133
