200000.0	-2.1811411141337405	1.2527235185309078	1.4875994132975512	-0.16114344093879207	0.05085596142334618	0.807001282950239	0.00011105277071264608	-0.00042751505957313305	5.0944142963487645e-05	-2.0074054213645432e-05	6.467706432216964e-06	9.746799848861672e-05	1.5729174227349326e-11	-6.294687940478183e-11	7.052800161977753e-12
400000.0	-0.00792804554683869	-0.005532800514821117	-0.008586732320785596	0.11632784149700832	0.0029211124373500863	-0.14374163182101726	3.5426511656625674e-05	-0.0007483483363390016	1.3493448533987906e-05	4.103970738102908e-05	1.0130475924838584e-06	-5.177695034168025e-05	6.279269970630305e-12	-1.3385946228906406e-10	2.346607283547266e-12
600000.0	0.013432662067996625	-0.01889585715590704	0.004956700166856621	0.05445553939036302	-0.02154312098541031	0.12702706093654295	-0.0005865057760233751	-0.0026104382834496185	-0.00019142602302310406	3.617094866599524e-05	-1.565375066433425e-05	0.00010209271550535527	-1.2264144461450597e-10	-5.430798404358136e-10	-3.9612245026514315e-11
800000.0	0.013254964275420377	-0.0032467930488310473	-0.02126925469454546	-0.09987650319097113	0.07399045683524981	-0.13745988588921482	0.003617582174583355	0.006890266517695261	0.001079887146692615	-0.00011011811005684832	9.27433135697154e-05	-0.0002189672568869243	8.976274307427402e-10	1.6957473164008494e-09	2.646480595012143e-10
1000000.0	0.016739890124923065	-0.026665576280200904	0.0077002134629086515	0.05516817038585091	-0.09818083872993115	0.024588034682618734	-0.007092785957105762	-0.004466074297039435	-0.001918260975543156	9.478307517341197e-05	-0.00017756128924569523	5.739231702175226e-05	-2.0755126550494984e-09	-1.2954658467863334e-09	-5.53565632943235e-10
1200000.0	-0.02634197185872957	0.007215115463662347	-0.0015822092943036797	-0.027092742029701536	-0.006019252895238488	0.031406083900091634	-0.0005008038727675234	0.0017329023711833993	-9.509056831139924e-05	-9.971362782541404e-05	-1.3633473030108235e-05	0.00022171246244736452	-1.6395498942993477e-10	6.136755300870174e-10	-3.0960430484942736e-11
1400000.0	0.04004392960249335	-0.08642945673974327	-0.06394211530395179	0.04383868644741865	-0.1856511714424611	-0.08846554893049624	-0.018576357145241758	-0.0023593023559100564	-0.004124064775871708	0.00028980076872466004	-0.00044129295078771064	-0.0010270290602092842	-7.648104360091643e-09	-9.544087010417434e-10	-1.7221203086236895e-09
1600000.0	-0.024065486277684026	0.16071215646719228	0.0746744783079165	-0.0361997413264695	0.25764807120269223	0.12142642155214284	0.026392369606318043	0.001124995157897931	0.005116116515876067	-0.0004978739736222105	0.0006073237766842156	0.0022163141284223488	1.3101871319429747e-08	4.842435171401595e-10	2.693060628321531e-09
1800000.0	0.030478469358170477	-0.11047252644673362	-0.053039769141756704	0.0346404213660147	-0.11135791005615192	-0.029281360089278972	-0.010958736154133392	-0.0028192513001729187	-0.001964780899260314	0.00025625051717548947	-0.00025445783353118004	-0.0009517330971338148	-6.634580939534938e-09	-1.593117128063869e-09	-1.3175234569390818e-09
2000000.0	0.09309044859977951	0.012938347927748613	0.00278214460699892	0.14153218943893017	0.01758292709849936	0.02061860261573071	0.0017540668060950628	-0.013352579981751218	-0.0005119658353451464	0.0004128532844955877	1.1339258069364768e-05	-0.00037957011678483053	8.769548438648631e-10	-1.0130625311678926e-08	-1.5314099082409132e-10
2200000.0	-0.052502544567018576	0.11082007722768031	0.015465291058232227	-0.031319914893158454	0.16766802097134942	0.03450113890750515	0.014882627432648699	0.0022577397545625547	0.0011595901700243094	-0.00043857922300953996	0.0003435617882482148	0.0021231483276500135	1.4048911285565313e-08	1.7362483688537457e-09	2.155657526696423e-09
2400000.0	-0.16159167617192077	-0.18433162629021765	-0.0882516439622339	-0.1937557299390163	-0.20171306350355256	-0.08384729576075885	-0.016693564504415125	0.0167008432869919	-0.0010288093119019967	0.00017654788204692388	-0.0003304853288721708	-0.003302551479539774	-1.8903169082975283e-08	2.1231994116263487e-08	-3.16614600037649e-09
2600000.0	0.02719300654974427	0.08067883504829958	-0.025996686526907852	0.0003501061389405216	0.08750171562417558	-0.03939757925372615	0.006872538813127615	0.0004451701473778489	-0.00013261951302869293	0.0008012433853984239	0.0001411830537340307	-0.004081592320969956	1.1037536020721728e-08	-1.8423456726258616e-10	1.5669291863986657e-09
2800000.0	0.04120765098538724	0.043332596870992904	0.023449730571862608	0.03537732425659901	0.0629240450659191	0.004817380670607649	0.004480157363981888	-0.0025630256878637183	0.0007123627020678916	0.00012384989423856356	0.00010435293114615169	-0.0002595350758137625	9.169443372234983e-09	-5.859088142311246e-09	2.012471954016134e-09
3000000.0	0.059321784151497095	-0.053573355108403	0.04312704567980652	0.06974758619654756	-0.044638221126104	0.030676492306848716	-0.0037817077297626718	-0.004931139404814347	0.0033305265519531072	-0.0003315258495823355	2.342235306154038e-05	0.002511143456349979	-9.793488281787528e-09	-1.3097281981454328e-08	8.659935652030599e-10
3200000.0	-0.017977185173156905	1.2867090791134468e-05	0.030623699314105305	-0.003259490050338803	0.00889236868986321	0.02074013977917417	0.0004511982982101234	4.466242240790314e-06	-3.360103133987391e-05	-0.0006647665932657795	0.00021460586288195307	0.0036378503172516704	4.0761922106509484e-10	1.8279502958359812e-10	1.6334256977296586e-11
3400000.0	-0.08200641547910048	0.013890493971320783	-0.01882247318944085	-0.07174086116364535	0.029736549743384993	-0.018956522083813605	0.003282447916392104	0.0040564551586172014	-0.007657387699618991	4.309850347319715e-06	-0.00012119391641926578	-0.0008948309898089339	9.525427809859958e-09	1.8846460586084053e-08	-4.785953451228975e-09
3600000.0	-0.05979607627236203	-0.14317798283119634	0.016584377937743974	-0.062976127737235	-0.1362528475462631	0.015458176215108832	-0.007226873240150046	0.003252280421147306	-0.004549175420040206	-0.0003744727462613414	-3.1536792797375143e-05	0.0036494697185279054	-4.967189673523168e-08	1.932128247995856e-08	-1.3278255876766912e-08
3800000.0	0.009251694212840228	-0.08424500391949415	0.03216947748447628	0.0033063322040619964	-0.09289343220605542	0.03200537643707552	-0.005947608062906001	-7.168843777506206e-05	0.0034777456784594357	-0.0005798185607030996	0.0003987103745455681	0.00542343276966734	-4.296172144528751e-08	-1.96231206904231e-09	-4.7851365109373725e-09
4000000.0	-0.005375490385854308	0.13565647827710625	-0.005812490858393036	-0.011684715523261096	0.11750365471563647	-0.004947144476484821	0.006904544230820047	0.00012608564538028555	-0.0046209055540952365	-0.000886081503056158	0.00028445486132216887	0.0016270478304147326	5.8059418671342735e-08	5.661007965110525e-09	6.392306029299497e-09
4200000.0	0.09809737308319937	0.010657326551388015	0.03226747228464543	0.08828479740790339	0.009109829486483582	0.0327731328104161	-0.0016252372050019346	-0.0036042222800139767	0.010998240207169527	-0.0007875019242273517	0.0009562174104091278	0.0046136727684296785	7.335150877498888e-09	-4.70349920635128e-08	1.212668101550362e-08
4400000.0	0.03655342931205844	-0.009131269516903875	-0.03179815097868555	0.04196825868603752	-0.005576272658929732	-0.010323021254730634	-0.0008641747903261149	-0.0015424023354650347	0.003998031148750138	0.0008257123135898081	-0.00010500459159397795	-0.004496965907942791	1.2048222456846751e-09	-2.619530485475753e-08	4.174241013235975e-09
4600000.0	-0.1015981647177284	-0.022861638103428002	0.027713512554274875	-0.07705577613321388	-0.020857997484134173	0.0247438616973186	-0.0004852351906878593	0.0030038487565090654	-0.0033678217542314555	-0.0014414230004923317	-6.057554673248805e-06	0.009306497149612103	-2.7722807048687584e-08	5.7347792511924934e-08	-8.086029053296631e-09
4800000.0	0.004124704280562054	-0.05029822644387504	-0.03036796029750349	0.005091473557411696	-0.0469884521595731	-0.011959215079148036	-0.0021915848901748716	3.7870609387329513e-06	0.0011414613810253843	0.0011833772305023453	-0.00021226178801983688	-0.004211586888080802	-4.6478364956717756e-08	-7.732739239070612e-09	-7.51751895762127e-09
5000000.0	0.06014822329885065	0.0012513761989071317	-0.04869616972531179	0.05274980055985376	-0.01021303332094294	-0.022080083064419186	0.0004902380933798148	-0.002237338457733443	-0.0054254978892359865	0.0015641443413155877	0.00036657341699071456	-0.008289606419961624	-8.793809679790254e-09	-5.916271242425203e-08	-9.534773403478888e-09
5200000.0	-0.035901345505203595	0.003743282015898517	-0.03740896129845141	-0.024431508980505234	-0.010359758443379006	-0.02077534340347181	-0.001388811400678093	0.0012603536410794123	0.005708992746517042	0.0008202821716354737	-0.0001424924501652559	-0.004522861073338473	-2.1193889648873125e-08	3.152112336384036e-08	4.1147299470969856e-09
5400000.0	-0.03135343010635049	0.06244099751574119	-0.035391014466607376	-0.024658110085171287	0.03282401829753325	-0.022460703564709885	-2.776915455677474e-05	0.0011030763119158136	0.007241174568859704	0.0004730123501398033	0.00019398591924967362	-0.004692089512900784	4.155262074473822e-08	3.7882155048879096e-08	1.8260741322169555e-08
5600000.0	-0.031734941659549244	0.07945898240340356	-0.013763270837774563	-0.028158031564129604	0.04797644804167743	-0.008800419068914924	0.0003976858621154152	0.0009837034410256408	0.007851944951946205	-0.00017410224498232136	0.00011586470168775106	-0.001062381704377163	8.038876590524306e-08	4.106227003347118e-08	2.636024108671627e-08
5800000.0	-0.03399003081685449	0.0742009407554498	0.021772957381762312	-0.02844859657037439	0.05068496413134565	0.014242563195779804	0.0006367711823653782	0.0007570909019521713	0.007076082893230839	-0.001033401255055056	-0.0004248197365493894	0.0047601396390977374	1.0778193889930534e-07	3.774530031385221e-08	3.0270513622269566e-08
6000000.0	0.05696011466498043	-0.03335601291046357	-0.009151836432629065	0.053233871285096844	-0.024518703964814224	-0.0018343570827787812	0.0014205143607928373	-0.0014428734243551635	-0.013219224919111077	0.0005774070108469516	0.0002790976610568486	-0.0026463988831571085	-5.523432030889372e-08	-6.40359255792928e-08	-2.9487884557061212e-08
6200000.0	0.010725568900657657	0.029505600962886278	-0.003462808089032546	0.014630452925360226	0.018912316888537433	-0.00010264065731011018	0.0011835108282207837	-0.00038501572611896666	-0.003305043202546277	0.00015384854075385228	0.0001451485251805286	-0.0007123219066638179	4.965356332076317e-08	-1.4688270972160437e-08	4.291964200557117e-09
6400000.0	-0.0055060136499628844	0.11162966527800966	0.014921969644730346	-0.0016257856746642744	0.07563574382244707	0.009444472638293965	0.002300075352514162	1.0997694105828156e-05	0.0007074159092163542	-0.00019708028378104855	9.776080923941152e-05	0.0021994225313865462	2.2327703999304992e-07	1.8296032864522005e-08	4.1652994855246295e-08
6600000.0	-0.0292405022766085	0.009341328812074452	0.01998052140581244	-0.02103628210071383	0.011642733426367584	0.01046803974073218	-4.018082151340263e-05	0.0005565518062114613	0.002386528478017832	-0.0005792251521120273	-7.184284508032486e-05	0.003349984163215367	3.4451590940553085e-08	5.342893817517815e-08	7.50004031372658e-09
6800000.0	0.00550820587476597	-0.015439355835580874	0.03898991754351671	0.0006683177384498539	-0.0018285506936128266	0.02395127266424753	-7.703965801835372e-05	-0.0001319181938309661	0.00012472390664398922	-0.0009173644652132188	1.5597007867144842e-05	0.005592358561898324	-1.1961811324120215e-08	-1.6875471859984477e-08	-7.690893226154394e-10
7000000.0	-0.035081728734833735	-0.0973951117298755	-0.047755405110528185	-0.028272507052620768	-0.053204441904395744	-0.02237112472318539	-0.0007460881306714309	0.000756625776082514	-0.0043239515163349335	0.0006409264748773083	-0.0005697725794799378	-0.004516877784819505	-2.152006962130095e-07	1.0425228706317593e-07	-5.489980368771618e-08
7200000.0	0.03441488138426748	-0.021270114456241968	-0.046499721957321924	0.020700935322853158	-0.008972427480346708	-0.021694471049588604	-0.0008951774512723632	-0.00021622918652008388	0.004640826420666464	0.0009183451688758589	-0.0009449048358890497	-0.005697482606481656	-2.17755988204064e-09	-5.488252223846984e-08	1.2845739832674375e-08
7400000.0	0.0831096785530714	0.044478024203050276	-0.04384918178226325	0.06838252250396443	0.025990723945239342	-0.019663822025043715	-0.001362186060076316	-0.0006554920951545547	0.014160817356333327	0.0005228130977553765	-0.0011778648573617869	-0.0061241602016663295	2.260702174481436e-07	-1.550179870518656e-07	8.095498642186567e-08
7600000.0	-0.01848170757879776	-0.0036564589114613127	-0.03365346876748964	-0.02220097291419564	0.006891510560678101	-0.02169391294894432	0.0012136432395468259	2.6112520045671806e-05	-0.005777828993457922	0.00039901262807336124	-0.0013766609092663383	-0.0037266422930116354	3.832489489641007e-08	4.0247412936516646e-08	-9.277923637878472e-09
7800000.0	0.06921392197020482	-0.013359207581452284	0.07171687477345814	0.0751613333880608	-0.01368844374153887	0.04085197495246822	-0.0029665333719436126	-7.552179607043602e-05	0.01598688430056161	-0.0007215812461099665	0.0028041346325704134	0.005783158415338278	-1.5617738745593377e-08	-1.1351087696836391e-07	4.217698894171294e-08
8000000.0	-0.010266621749270033	-0.0517113956145986	0.04765302650108819	0.003557377275302356	-0.027381204169850112	0.02616976138819422	-0.00125193918948599	0.00033040455372484746	0.0027149903800218348	0.0005237666006722423	0.001787109419553675	0.004527606092803967	-1.9935209821472098e-07	1.3371876521659255e-08	-2.799820868585839e-08
8200000.0	-0.18193548724481648	0.01900077893458945	-0.0692634468466811	-0.1644913150217384	0.03549479065903286	-0.04710737166163528	0.005181653011334872	5.000742984315231e-05	-0.029214150274141638	0.0008731647544378029	-0.0035857790269338543	-0.0037092801685677853	-5.6381272008939746e-08	2.478252403826585e-07	-9.439985392844922e-08
8400000.0	-0.021628200728053524	-0.042552285873125685	0.04006553510505838	-0.01764115137174121	-0.019559352985089398	0.01824101088436994	-0.0004004065065226622	0.00036629129563867774	-0.001219358411838714	0.0010396027990709918	0.0010185014440045285	0.0036260105265865316	-2.0589033639638193e-07	5.329366135792309e-08	-3.9858603314693183e-08
8600000.0	0.10720305097360945	-0.006053029990989812	0.002101324845221251	0.06606289105548642	-0.007636257291387611	0.004147984349487272	-0.0015573227503615627	-0.00030044766403384925	0.00970630388453306	-0.0007204579924979782	0.0012008775334267933	-0.0012495733587039807	1.1955363641861595e-07	-1.848953023670339e-07	4.798927734570623e-08
8800000.0	0.057139911359660366	-0.05744506904229844	-0.02007693522536519	0.03240807562296192	-0.030965223470686837	-0.006844054299022278	-0.0014312787944664538	0.00013365800912874083	0.005815360478847165	0.0015765875517385203	0.00016661989074095768	-0.002662208880865575	-1.4748855868874768e-07	-1.1687984770883649e-07	-1.0482918990560474e-08
9000000.0	-0.01809241289987496	0.013474096381187654	0.005861828288505131	-0.010779717997982479	0.007732135149778957	0.0015055354048299076	0.0003771722253494039	4.931584506829655e-05	-0.0013402874949501474	-0.0003809973101948556	-0.00041994010423315026	0.0006802480569284646	3.57794041230154e-08	6.930120405345441e-08	4.373904199558112e-09
9200000.0	-0.005633820291121491	-0.015548187642961387	-0.028708170098564963	-0.003941222270646726	-0.007667018448771285	-0.013356214316137968	-0.0001819881222941857	0.00018722943617479162	0.0005315433678390215	0.0006678131499986178	-0.00040354708752733193	-0.0024143704320181013	-8.26055892306369e-08	4.389938446966519e-08	-9.846584266936878e-09
9400000.0	-0.004242034462320084	-0.011003987032315345	0.07827116791144079	-0.005679674512972149	-0.005378749602573321	0.031472489467819505	-8.781680595605222e-05	0.0001613621128465153	0.0006356831345702612	0.0003264362725621664	-0.0009732989131497922	0.005912508517438282	-3.001843473853555e-08	1.632020659855224e-08	-3.8867005324337535e-09
9600000.0	0.010639289970709044	0.07653933555214125	0.026748222410323482	0.004714135072940652	0.03733706763700282	0.012568331762347992	0.0010905810256945565	-0.0004777034346924544	-0.0026480212093391493	-0.002564531638167783	-0.00026719550639439876	0.00215283932070989	4.119313676452801e-07	2.8581951420620665e-08	6.035965590930828e-08
9800000.0	0.03968213072185485	0.019217451381490693	-0.0634765417870423	0.019699009015888037	0.011280208941303254	-0.025134097601017362	0.0003329547127408841	-0.0005162511164730458	-0.0029614620542383445	-0.0008742265933935523	0.0025274677099621067	-0.004942015734494871	8.157424426070462e-08	-1.3549251070167347e-07	-3.814788366537102e-09
10000000.0	0.0325307600523172	-0.05393801457476044	0.0007218982683487867	0.012229649264280957	-0.02250663202803367	-0.0013741173291671694	-0.0004305108941144348	-7.746916173078884e-05	-0.0004574979179079679	0.001538986229990172	0.0008327234396385837	-0.00044899506091040334	-2.7540495907221023e-07	-2.0699500375858396e-07	-5.599344200880222e-08
10200000.0	-0.0397245545882179	-0.03969002950725545	-0.0715639054076574	-0.029713748903982467	-0.021072803248225455	-0.03162245329778401	-0.001116350244643404	0.0007490397701445914	0.005787615249771343	0.00010451778892630746	-6.615067883728246e-05	-0.004880825127462077	-2.698583598077963e-07	2.871756363475302e-07	-3.9663816271837885e-09
10400000.0	0.017090932872300967	0.01798079514048438	-0.06281798762614399	0.0058866901244709075	0.008268494501187109	-0.027363785366063452	0.00010303055549919758	-0.00022150143909543485	-0.0010930686293037322	-0.0011522886233783626	0.0014746858037363725	-0.004802916718307604	7.025011022026381e-08	-3.134281566065601e-10	6.676642279951318e-09
10600000.0	-0.08084864525122352	0.027719373860764618	0.05198149100034778	-0.03763987758130116	0.009769400845554856	0.01644328269878115	0.00022578781408081982	0.0006680108255202948	0.0018304602245229394	-0.0003498528503079371	-0.0025780501441847784	0.0034435260457406974	9.822759440173725e-08	5.84332633165936e-07	2.2518652726481074e-08
10800000.0	-0.000499282405689842	0.0732521015668804	0.11261751953269054	-0.00157329205559785	0.03727363656315523	0.03923788691583692	0.0011434836253980715	-0.00021633104182133695	-0.004802553198128605	0.00010856604179864076	0.00027397317501438536	0.006698366289078429	3.8943720104618154e-07	1.1093675287882515e-07	2.642732239466616e-08
11000000.0	-0.05866934031348529	0.026523947816172233	-0.02376414035177663	-0.02789964887743505	0.019300596407662636	-0.010716972826540713	0.000843162496273117	0.00010213931055876111	-0.0037930641015271917	-0.0008393456305381111	-0.001825885022197833	-0.0011031976805092572	7.10754450379088e-09	4.939313889139423e-07	-4.917899475980113e-08
11200000.0	0.08121940757190332	0.1060955246186323	-0.07820183602365341	0.020365414397240614	0.062036874858231256	-0.03443223865359101	0.00148640735624624	-0.0014215513748213333	-0.007454193037738906	-0.004584556621675207	0.0007889578995137658	-0.0052673045541632105	8.428963475026189e-07	-4.1493275499260584e-07	8.961916869131615e-08
11400000.0	0.12625490467988593	0.021267752198852293	0.014630893682397691	0.05417543520109454	0.0030690412606473928	0.0026832848949328936	-0.0006178123076464327	-0.0006534336019182369	0.003918767177381359	-0.002406764455327681	0.003717201936110656	-0.0005763228825607313	6.871172202720435e-07	-7.477966743829309e-07	1.909220047335251e-07
11600000.0	0.010094588411871793	-0.019310583271872107	0.006203892316132272	0.005187312835551199	-0.005593933055449665	-0.0004074163969393831	-0.00014569719670117295	1.1283557135981755e-05	0.0009648275367632832	-0.00013742535015918072	8.152182847077092e-06	-0.00022046994924406865	1.8667671150371853e-08	-4.3036563829357547e-08	1.4973040988434438e-08
11800000.0	0.022499234804152977	0.06625779880420751	0.0252680608973621	-0.0029162755741622727	0.04538017246727858	0.0026163755952250227	0.0006508657369672559	-0.0006328195913117761	-0.004716687734592848	-0.0018100029607114082	0.0026090606688295706	0.0008410593251612271	4.2389043700198615e-07	-1.9312792365113015e-07	2.886095029975221e-08
12000000.0	-0.026264159570007807	-0.056280467369191824	0.061573555680586325	-0.005781180594921416	-0.02405322082354188	0.02278817648083572	-0.0004533313702621476	0.0007315688038603124	0.0018513117535361085	0.003827384401206959	0.0011253835423387364	0.003066731327751752	-4.074579649514198e-07	2.6174304774706363e-07	-5.1612335679041806e-08
12200000.0	0.0636256228496353	-0.10324616032646615	0.00657336795722938	0.0438178236868647	-0.06444045487283782	0.006722488990828254	-0.0013605672148646977	0.000504097747408981	0.008601146766844103	0.0006353275461244837	0.0011655012103253108	-0.0004905777012411198	-2.156731096966925e-08	-2.3661086151476765e-07	1.0942851659804152e-07
12400000.0	-0.12848907070019366	0.10350531164237403	-0.006450879957208743	-0.07174073617887049	0.07731471033644462	-0.008851135873673543	0.0019345686781040451	-0.00035371772760604565	-0.011056849510098018	0.0007072031606622176	-0.004372081631932017	0.0009170626087882192	-2.4335549849656163e-07	6.464133933752378e-07	-1.9745779651783848e-07
12600000.0	-0.09070148344336836	-0.02959669396412404	-0.0032124292267668155	-0.03954956492516754	-0.0031035816909908477	-0.00127094047849428	0.0006078445985663442	0.0006064884146596218	-0.00168409959183768	0.003961976124674448	-0.005188191190829928	0.0006944344029749185	-6.156008220845665e-07	6.778615475499939e-07	-1.3553558818251325e-07
12800000.0	0.13980589069624808	-0.046119319344934497	-0.0062595627919975775	0.05470167194834062	-0.02458193499647681	-0.002038597190886957	-0.001230186161348468	-0.00042098866767617874	0.004151371503026398	-0.0031264439213156037	0.0069017567993214434	-0.0017295544867825035	4.6286923494246073e-07	-9.950153593801663e-07	1.3665024701503655e-07
13000000.0	0.008378565578793103	0.040539355142330286	-0.019623330537240285	0.0009888281346696075	0.022241807161547493	-0.008387472919475811	0.00029865863252235414	-0.0004664566565989358	-0.001869365437982833	-0.002824355704102652	1.7676422667623555e-06	-0.001041667750531773	2.881397747453393e-07	-3.356501869864048e-08	2.2841092050712258e-08
13200000.0	-0.04121904480187201	-0.05738580387355356	0.013076519048284475	-0.017406580696983996	-0.02213843514011216	0.004556621757175203	3.1779517229571747e-06	0.0006365037964918757	0.0018572285879358903	0.003480838339090723	-0.0030141641721015697	0.0008824488713055797	-4.492546535874897e-07	3.971317724268211e-07	-4.225187152556315e-08
13400000.0	0.035206002913430914	-0.027709182348470935	0.004228504288868496	0.011438357587089663	-0.008724963057134983	0.0004087030566852337	-0.0003231496325593246	7.4787839717102565e-06	6.33474427251859e-05	0.0008822303151665923	0.0024558621137158346	-0.0001729861237687256	-1.0423152750887031e-07	-3.8152842820728634e-07	-2.7728869037430298e-08
13600000.0	-0.020674106412172925	-0.018686226010321914	0.0994693935798229	-0.010842037637226718	-0.007286539927793669	0.0310692433962127	0.00023306544069941865	0.0004207047915098359	0.0008398558004205541	0.00334216858391011	-0.002700599257601818	0.0044942962987293495	-1.4364885373550996e-08	1.393245151102447e-07	8.07420444501044e-09
13800000.0	-0.036463176633542836	0.06622248253998402	0.017658738401102776	-0.01427297566589195	0.025062063481434332	0.00643831720414354	0.0006080155662947842	-0.00024313369617999758	-8.90678576795032e-05	-0.0032392206774065654	-0.003951401485065171	0.0010621141138508895	5.966485186943285e-07	6.689888206119954e-07	1.1486836823568117e-07
14000000.0	0.09294512981167136	0.09415548865907826	0.022976424941611444	0.041464084043245815	0.03936018177559049	0.006519685992211938	0.0001246148205480639	-0.0009933713696223853	-0.004681317105433203	-0.003972614061501535	0.005454036718337873	0.0004413477636330286	9.84655015964604e-07	-8.452032970842529e-07	4.198412877853777e-08
14200000.0	0.024236715680979296	-0.10679744637689512	-0.045451054778442974	0.005674128740070086	-0.03451280364527171	-0.013454347825197699	-0.000662792409535338	0.0004277380883011516	0.0011124976511766643	0.0036855855301937334	0.002931262621863568	-0.0018738123401054279	-9.181043446559542e-07	-5.429983403854104e-07	-1.2679826075942868e-07
14400000.0	0.06289495301042433	-0.022606615835594604	0.04016353463080213	0.023276558023562387	-0.004265206190964155	0.011540167719600848	-0.0002843032339563623	-6.631409384991104e-05	-0.0013486970208086944	0.001980784111365196	0.003914090540976988	0.001304693543074646	1.7219590200286247e-08	-9.043938777666595e-07	-3.680664040420903e-08
14600000.0	-0.0014294934888763931	-0.04405732867874555	-0.02286336885019411	-0.0012594063939610192	-0.013717791504702785	-0.006055833102133296	-0.00020590545785437848	0.00017102087098319697	0.0008795870141643631	0.0009853127108579583	0.00028675041396889573	-0.0008204387433015856	-3.475917144332652e-07	-1.0486060739481405e-07	-2.7677613367541877e-08
14800000.0	0.022951955100483024	0.002483350884526961	0.004426348924287433	0.007948819245556637	0.00312381990605695	0.0012283991351006154	-8.981064973722409e-05	-0.00011177797662578997	-0.000425919503594645	-0.00033695250025110796	0.0014463982699863436	6.06923778857741e-05	1.5939306288138174e-07	-2.632299121679263e-07	1.6767114115461096e-08
15000000.0	0.011126433369243778	-0.01742005532191717	0.0004747621329135406	0.004035550548041681	-0.004701245931182613	0.00019368188557369317	-0.00013410626987470352	2.2021553463978815e-05	0.000369842362200868	0.00017507521218182743	0.0008034374825583012	-7.280232276680585e-05	-1.4544076121460121e-08	-1.873062623453754e-07	1.6865529160666403e-08
15200000.0	-0.03540437283790524	0.12779068513704295	-0.017583060888792933	-0.014399976531330308	0.05862551457461251	-0.008123047411356707	0.0008938122886062361	-0.0006928921627905609	-0.005407284215688848	-0.0033548353572438023	-0.002490948343987583	-0.00030780958594057555	5.865771589363788e-07	7.306190377872548e-07	-1.5761213066318896e-07
15400000.0	0.0226721952589086	-0.07001095487811339	0.007696169365767615	0.011352284130227494	-0.02921413950127736	0.0034973906524524393	-0.0004648610657948795	0.0002652268960281787	0.0028844529339828195	0.000742121569543073	0.0015089566482341238	-2.4593820631615233e-05	-1.0655109260253402e-07	-3.64462456073098e-07	1.2463425585005498e-07
15600000.0	-0.02202655088839031	0.03401343272414446	-0.007611807256688396	-0.010941611459857063	0.02202134546793022	-0.0039965825485516505	0.0003694101117945461	-0.00018658538021425105	-0.0022484627643155433	-0.00028499858290473784	-0.0015291016881032065	-8.23383036020286e-05	-1.1656931670970945e-08	2.635773027701961e-07	-1.1927221720939097e-07
15800000.0	0.03741734877357566	-0.07848026669505156	-0.04641635664434221	0.019584572720413942	-0.03588780886349322	-0.012728556534246649	-0.0004784333448388264	-5.8230212786041164e-05	0.0038627312562486875	-0.0026479617239648203	0.00014456199110278456	-0.002041626769730919	1.9536282502408102e-07	-5.407310796057258e-07	2.164788336068752e-07
16000000.0	0.0013841627912109093	-0.05282897215986288	0.06173245193983956	0.00508799582420122	-0.025159289878974977	0.019044112068088384	-0.00033269650149252486	0.0005536967729474305	0.0018139147355899405	0.003391274218105587	0.0025477782866245736	0.0017577235488571196	-2.3083238019953588e-07	5.759992379831386e-08	8.219666697890663e-08
16200000.0	-0.02649052309542171	-0.0015136467034982894	0.029519022497887515	-0.009396613776000262	0.002048439904458489	0.008063480089769266	0.00016057396539751796	0.0002357309965460051	-0.0006346620586939783	0.0024365052411134203	-0.0005467892506680406	0.0010652419208445497	-2.6004004941203675e-07	2.9456517173113044e-07	-6.764202658089355e-08
16400000.0	-0.010647430770245277	-0.0104335157733898	0.09620491579169758	-0.0025219387620571297	-0.005968579015014547	0.027959276014911036	-0.00012644694394738068	0.0005491426993191683	-0.00019175747615001235	0.004582653590990699	0.0029921703398993822	0.002997106362313084	-2.2256417955430222e-07	2.4368299374729304e-07	-1.1688067622817562e-08
16600000.0	-0.035010430100962525	0.027050227116574656	-0.08347192137925881	-0.014089256860815684	0.016741524825145605	-0.024018358767839375	0.0005289306274072267	-0.0004045442565003259	-0.0010379013143493316	-0.002380239462879203	-0.005526356243580704	-0.002139694998260569	-5.845435616069549e-08	2.889486929209967e-07	-1.0042705839981926e-07
16800000.0	-0.10004768367814393	-0.02703095992448426	-0.04618832994631457	-0.036959237305531197	-0.006391227703138884	-0.011388587664506223	0.0009055772409100911	0.0004071260164465328	-6.824913537257014e-05	0.004673681838497213	-0.009021469866504352	-0.0005095149304859816	-8.929913483549318e-07	1.0182110922911742e-06	-1.440261984092868e-07
17000000.0	0.06986163852083462	-0.016172246994973265	0.03572552603731991	0.025312742759127017	-0.005886238011254813	0.009068900027393977	-0.0006982819961151289	-5.852697918692611e-05	0.00021409031431374393	-0.0012399921458056621	0.006833437017512316	0.00041432878547319055	3.5257350296195556e-07	-8.630924794292105e-07	7.166287542581406e-08
17200000.0	0.021209804839422575	0.08479527446822563	-0.02146359576157141	0.009438170753841334	0.03217114537540937	-0.007515049958036845	4.691542035691313e-05	-0.0008154794199164959	-0.0009436451579219218	-0.0072316083573795605	-0.00038951987664854484	-0.000751130008090547	9.353602768990277e-07	1.2851322052347402e-07	4.697474789240815e-08
17400000.0	-0.08961063779495371	0.056862089831594534	-0.02661321793559825	-0.03197338489280438	0.022271844375281513	-0.006589504139997817	0.0009570693812109948	-0.0003327983120558642	0.0007666218285567855	-0.003187455732518395	-0.010148557258246666	-3.244468533660015e-05	3.194252973100513e-07	1.6064947889043256e-06	8.299260268494024e-08
17600000.0	0.026963102389014105	0.02183551800041485	0.012311980249855947	0.010095384046039511	0.009582863985342666	0.0023082733868818603	-0.0001328806637720862	-0.00027715002660411956	-0.0004310138988072712	-0.0024528414635171646	0.0014803132249069353	0.00017141792993628153	4.594000352104555e-07	-2.1177244006499713e-07	2.1974351507238396e-08
17800000.0	-0.09016290532350033	0.0069220390611461876	-0.06000334815759121	-0.03417722477985136	0.006636142491759936	-0.013894323175267835	0.0007094312139289021	-3.991973117300236e-05	0.0017326017410950315	-0.0014316381434807297	-0.008511268423354373	-0.0011439983954374482	-2.0255935131335935e-07	1.6079464496916377e-06	9.399759808071138e-08
18000000.0	-0.042948593633832854	-0.01853092576161026	-0.036161036405809574	-0.017292815107077773	-0.002431968247345963	-0.00886541613541591	0.0002886437530938635	0.00010124842858659212	0.0008904687918301834	0.0003616448595333729	-0.0036170067065304703	-0.0008366236657551954	-3.5712891436144886e-07	7.382267363863069e-07	2.1878847723183513e-08
18200000.0	-0.06251380667961155	-0.02683758808040568	-0.04002390165580019	-0.02450240565559445	-0.005239582679283416	-0.009686435287526086	0.0004092280645037392	0.00019050773991754704	0.0011956733011957263	0.001112038362846359	-0.004992923761526562	-0.0008572667068933119	-5.804160201529489e-07	9.772443677342889e-07	1.9490491977939473e-08
18400000.0	-0.024830172784843747	0.013935970264592132	0.038720970912732286	-0.011615450691070507	0.006886577145668002	0.00899663597400072	0.00034830883224991544	-7.073303764970664e-05	0.00043430001723437353	-0.0005647461643294394	-0.0035631697778347004	0.0012266345219851189	2.3239078973994483e-07	5.56325883824241e-07	4.661428562956011e-08
18600000.0	0.08650723025991772	-0.0009457032050781746	7.360359664337684e-05	0.027328455395144672	0.002156455912051306	-0.0016609391613114101	-0.0005812618466327791	-0.00019830821749379819	-0.0008421018949280658	-0.0018760939668743782	0.006110171124327147	-0.0005631525788275095	5.098811183774515e-07	-1.0332988147170818e-06	7.453980637551099e-09
18800000.0	-0.042987467475898995	0.08207572856590949	0.00790666486521736	-0.015534648859363034	0.02942807777671537	0.00037914848492136527	0.0005927493601118722	-0.0005157557248697652	-0.0002866558260369205	-0.004341897458470208	-0.006041504516329431	0.0005264628930947402	7.107913750792436e-07	1.3437017288100319e-06	-3.907116988504372e-08
19000000.0	0.004489157310648027	0.019654619433294586	0.1157342113129396	-0.0006165318358451687	0.008054662479880815	0.027314478459175773	0.00012222531025901935	7.984420957897359e-05	-0.0006561720641744656	0.001245548893538972	0.000325528290002877	0.0031263690501166343	3.558057646132461e-07	2.3473579312269747e-07	-1.1860898736714903e-08
