200000.0	-1.4312155374317209e-05	1.6083835392677802e-05	6.983188058371565e-05	5.793237018539107e-11	3.902227931252196e-11	2.440234654774637e-12
400000.0	-1.0904440490185623e-05	2.26083476126768e-05	6.685416807317562e-05	9.783491041227403e-11	1.9078661325939282e-11	3.544738123099047e-12
600000.0	-3.6368765767824275e-05	1.1485120669355651e-05	3.1515870237832946e-05	7.255838878894507e-12	2.3174436321431137e-10	2.333303732916422e-12
800000.0	0.00026549703527197746	-1.5892572345953766e-05	-1.6035553123746903e-05	-2.6653973256393976e-10	-2.7130542459492196e-09	-3.3168156694520555e-11
1000000.0	-5.9921480026448384e-05	-7.18168558300188e-05	-2.8210390816043674e-05	-9.280911281683294e-10	1.1202775119033046e-09	6.2863771666330795e-12
1200000.0	0.0002433619100695842	0.00034783951667710915	0.0005062249028225053	5.027842766421576e-09	-3.2312199917859856e-09	3.181363505893424e-11
1400000.0	0.00025930536959571036	-0.00015673496263653294	-0.0011805771616904379	-3.556335435382166e-09	-3.355577398716344e-09	4.980779750274722e-11
1600000.0	-0.00017852899911677326	-3.7231630720579642e-06	-0.001414089062758101	-4.871275449834302e-10	5.491967635308395e-09	3.3745221828710716e-11
1800000.0	0.0002860586979917454	0.0005913344677805246	-0.0018195095556719537	1.4131527677840113e-08	-5.878468371796177e-09	9.860122041924179e-11
2000000.0	0.00031490188325295794	-0.00017289771569122848	-0.0015317777784917142	-9.206741813715046e-09	-6.772853756142187e-09	3.9966060996499224e-10
2200000.0	-0.00012002153724859733	0.00015047237639307694	0.0008997505913488225	4.0024992624592255e-09	1.0662658147873028e-08	1.1273667500052639e-10
2400000.0	-0.0001217829895697727	0.00012595418299991606	-0.002434022482824879	1.8379469601625004e-09	1.314896156368507e-08	1.8953737576568554e-11
2600000.0	-6.342141615568138e-05	-5.810717021408087e-05	-0.0010539026790014553	-9.497415969753885e-09	6.650525542758114e-09	-1.2707909823329193e-09
2800000.0	-4.684702520078169e-05	-0.00021587120276035022	3.466411865944512e-05	-2.220543569567611e-08	1.7728391212604653e-09	-2.9183993065402987e-09
3000000.0	3.267382179334825e-05	-0.00010781215970046617	-0.001218223466426899	-1.1312806850167751e-08	-8.87686183286043e-10	-1.523339428815651e-09
3200000.0	0.00037114339938619983	5.079044867554262e-05	-0.006972360047827725	5.289689659352833e-09	-1.0313411572717075e-08	3.960682933938086e-10
3400000.0	0.0007612733894415029	0.00012809868991791543	-0.013622556944907004	1.0154346530892388e-08	-2.3296848267920076e-08	7.235084958401478e-10
3600000.0	0.0012951798436798413	0.0002699843357593219	-0.02531975285123367	2.707410683299175e-08	-1.4154724817106477e-08	2.459547197392157e-09
3800000.0	0.0006937713247373334	0.00015235100517892674	-0.019474625652042138	3.0691413619088794e-08	7.28061440208941e-08	3.1254274542656183e-09
4000000.0	0.0011179283000040045	0.00037485225609488494	-0.029407804372306272	8.748924213613516e-08	7.216735737468476e-08	7.685006203671143e-09
4200000.0	0.0009208216466546367	0.00036766581029935814	-0.022823659476485552	7.167639497022763e-08	2.598180573461078e-08	6.6735699883962435e-09
4400000.0	0.0013508989769695804	0.00036603474954734276	-0.029450931466537066	3.348743872519276e-08	8.057649729750802e-09	4.0320107047838835e-09
4600000.0	0.001519203731658891	0.00036164675438311405	-0.03345456603131877	3.121262127709695e-08	2.554179284583617e-08	3.820305556705191e-09
4800000.0	0.001050126161802911	0.0001854233372339151	-0.022190648913038392	-4.907198360092409e-09	4.4344370287602026e-08	2.5359804844170057e-09
5000000.0	0.0008768499227817984	0.00023928977132678432	-0.018820240632897785	5.575320465024446e-08	4.017267349075587e-08	1.01423348891959e-09
5200000.0	0.0006962943453751322	0.00019326326816027585	-0.010398054000835825	9.126299256035157e-08	3.3273836457860164e-08	-1.2343255089435808e-09
5400000.0	0.0008291369220736422	0.00030025515990691977	-0.022087205612509445	4.3672201452496856e-08	2.5455168809355938e-08	2.7317634492525364e-09
5600000.0	0.0008965593662709039	0.0004368555677890486	-0.02664794076897698	4.2966954250422983e-08	-5.0277683418791813e-08	1.2128929281093341e-09
5800000.0	0.0009225612393012228	0.0004085462494482517	-0.026669625300313207	1.500210286402484e-08	-4.812917572052607e-08	4.294527678015543e-09
6000000.0	0.0008200956804707822	0.0006653657153338766	-0.03094841653471022	1.0615436035152196e-07	-1.3980698293260312e-07	-8.155229959697358e-09
6200000.0	0.000949305635787037	0.0007537343768074798	-0.02745338662632843	1.4231043680940896e-07	-2.3372367745907685e-07	-1.4387311009804547e-08
6400000.0	0.001105728597032917	0.0008809526095011047	-0.02636152138960199	1.0077934496765532e-07	-3.479258015203405e-07	-7.421271118855573e-09
6600000.0	0.0009692160500623323	0.0006742606225798496	-0.02508523733304144	1.0707461586951823e-07	-1.9791378623758636e-07	-1.3094872460338675e-08
6800000.0	0.0013580220182673789	0.0007823330176554162	-0.02293010257403136	-1.2263856886794366e-07	-3.611140881441888e-07	-2.2976841877805674e-08
7000000.0	0.0014262007996465845	0.0008406897266890615	-0.02394581064460364	-1.2254985409398018e-07	-4.0157617823032285e-07	-2.1796506922088425e-08
7200000.0	0.0017890513326837224	0.00053339237829995	-0.026629541348594285	-2.931445323280084e-07	-2.8704820444989034e-07	-4.236513870774774e-08
7400000.0	0.0017104669479407965	0.00022968246291399678	-0.02745594553105262	-2.7480466790447283e-07	-1.1394867238467497e-07	-4.495142543571849e-08
7600000.0	0.0019036824288550319	0.00083277454495554	-0.027477884489389474	-2.8375000791347216e-07	-4.3646895707297434e-07	-3.7224404456875145e-08
7800000.0	0.0018648364166841684	0.0005319807061837242	-0.030738903013129818	-1.793628252545117e-07	-2.817004046517791e-07	-2.9291869428091563e-08
8000000.0	0.0013121275004693116	0.00039714357813502117	-0.026766109528825487	-1.0243152341888981e-07	-1.821030450200345e-07	-2.31116071115322e-08
8200000.0	0.0016946477543367368	0.0005446809659496249	-0.03443038770295829	3.331895424330278e-08	-2.534677389824439e-07	-7.0706113013172366e-09
8400000.0	0.001870556063259179	0.000738263895739173	-0.03159642421431079	-1.2362406088212224e-07	-3.5228857515959356e-07	-2.1624001811395557e-08
8600000.0	0.001227596530757471	0.0004823872372280231	-0.03398805691690359	1.8951669269013786e-07	-1.9455374345196207e-07	7.100893731913243e-09
8800000.0	0.0010964873680379148	0.0006346987916557384	-0.03868439931108845	4.1629956526450224e-07	-2.1215542936871215e-07	2.7539473433105225e-08
9000000.0	0.0022630762530102527	0.0007793211906989654	-0.04023625482256172	3.028731944827276e-08	-3.415561745317158e-07	-5.9364147490304815e-09
9200000.0	0.0017613285473663965	0.0007232202442233151	-0.042469443725179565	2.910420261557217e-07	-2.4760478790553346e-07	9.264133445829385e-09
9400000.0	0.0019179400892075245	0.0016577085039072206	-0.04457845878858325	3.4627916723366806e-07	-6.510989373417328e-07	1.1721802581528617e-09
9600000.0	0.0024551667355737434	0.0015472510108918926	-0.04455552200631337	7.527159027819025e-08	-6.67417873289904e-07	4.844118868048115e-09
9800000.0	0.0014043971374988289	0.0012247157088121996	-0.04250957628479802	6.231899134739246e-07	-3.42417454812441e-07	-6.603265431567029e-09
10000000.0	0.0014618813328524328	0.0009429600059766638	-0.04066338022183582	6.220413178861522e-07	-1.9306535830540447e-07	-2.0992570964625906e-09
10200000.0	0.0016275058035347418	0.0008403334044771171	-0.0438343847972581	2.863009254575668e-07	-1.7795728975753965e-07	1.636081895798196e-08
10400000.0	0.0012537107148865609	-0.0001423007755280831	-0.040264992341743314	3.6114515915791944e-07	6.599553645776231e-07	3.371653496605562e-08
10600000.0	0.0012154398598512555	0.00020511145173865382	-0.039657080523197843	5.429393200431348e-07	3.8214466672647903e-07	3.010428067493124e-08
10800000.0	0.0010631132841693127	0.0005019687270119541	-0.04688571002644392	9.030099872643998e-07	4.445799539320621e-07	4.176239787224616e-08
11000000.0	0.0006312132061349506	0.0007761228289165617	-0.04501340319628764	1.3408240660532267e-06	3.437800083707047e-07	6.068100493237288e-08
11200000.0	0.0008697659682845361	0.0002359387158545062	-0.04388980656250225	7.933905077344977e-07	6.545300736514498e-07	3.001124634540189e-08
11400000.0	0.00011051195125570017	2.853822414303504e-05	-0.0400636660157541	9.94056420632532e-07	1.039502599527139e-06	3.912204586870906e-08
11600000.0	0.001164565744760988	6.373888473074044e-05	-0.042603338512580684	4.272088136793466e-07	6.792394585609946e-07	5.9263282175053305e-09
11800000.0	0.0004651031488274441	0.0005017712016291712	-0.042618282962352455	1.0940152695583678e-06	5.637327781195793e-07	5.683989036028205e-08
12000000.0	-0.0008867677392965385	0.0010318129940843739	-0.037823463270710955	1.6380000211350416e-06	5.329790276488593e-07	9.821972904707069e-08
12200000.0	-0.0017019898514759844	0.0006027479226955882	-0.03684806146338215	1.965839754944328e-06	9.653227542527301e-07	1.1264861640190713e-07
12400000.0	-0.0014722517421165314	0.00077519481298285	-0.035863199568269534	1.7578197718942345e-06	8.284776537599412e-07	9.993385149254409e-08
12600000.0	-0.0014858692217141157	0.000383464859597764	-0.03661959628187269	1.7767357544663788e-06	1.0553545863896278e-06	9.801461433548399e-08
12800000.0	-0.0015164078984436615	0.0010259295583229919	-0.036798629059050805	1.9016258327084787e-06	7.040806542702392e-07	1.0887551665769228e-07
13000000.0	-0.0023072959872672792	0.000661124944070348	-0.03981567722896002	2.5603185593658708e-06	1.1258295763014739e-06	1.5714028788356373e-07
13200000.0	-0.002378085174751116	0.0018631220720287675	-0.04455116202192014	3.1862023319485094e-06	7.252693457590322e-07	1.9152149111431106e-07
13400000.0	-0.0025120165083638945	0.001046296782685356	-0.04905774580076923	3.483490350105567e-06	1.6678468902231356e-06	2.399553240631252e-07
13600000.0	-0.002622274970898192	0.0016386456562748077	-0.045610403048283454	3.4025232927510373e-06	8.789441760993836e-07	2.0491120374773599e-07
13800000.0	-0.002322313905161714	0.0023806649450105752	-0.04704634175008	3.4734449174058307e-06	4.810154183452984e-07	1.9254766832641246e-07
14000000.0	-0.0018623860295342387	0.002915881363432604	-0.04658524498377524	3.208231825082722e-06	-1.9003302845297198e-07	1.4872291664211785e-07
14200000.0	-0.0015666568319574869	0.003744715451355858	-0.04951277689626853	3.50918483649902e-06	-4.4722875681017823e-07	1.557331654270805e-07
14400000.0	-0.0012844069601837228	0.004116319801195037	-0.049451267911850214	3.3908926250538576e-06	-9.928394922264474e-07	1.3053351346828005e-07
14600000.0	-0.0008188060768612406	0.004763692478592633	-0.050340715752797055	3.3699529262135015e-06	-1.8054880499030185e-06	1.0792493215783625e-07
14800000.0	-0.0007058252429063918	0.004444169212948409	-0.048914647005627664	2.798459823060229e-06	-1.8615904201477779e-06	7.729770289550254e-08
15000000.0	-0.0002752078394548552	0.00398425723619478	-0.051141935076969285	2.2138622145744307e-06	-1.4241145549102776e-06	4.976972663764209e-08
15200000.0	-0.0010228622079123425	0.004205353513999359	-0.05132516110186013	3.279757044172016e-06	-1.0029951453341982e-06	9.652574469173202e-08
15400000.0	-0.0001829025556543529	0.005518264260012486	-0.050948685288076945	3.4573540280906387e-06	-2.8949617053751455e-06	1.475476028355192e-07
15600000.0	0.0011845412063387546	0.0044812797043539436	-0.0515887026818092	1.5766951074455694e-06	-2.7668237284225865e-06	5.94868326661104e-08
15800000.0	0.0021260793971325555	0.00499372336971837	-0.05095727505380079	8.7017074129685e-07	-3.586125926519013e-06	6.079376074188318e-08
16000000.0	0.0021074235779859527	0.004809469152493819	-0.05203973661933658	1.030008697849734e-06	-3.5930392311684353e-06	6.752760405123345e-08
16200000.0	0.000375116620139901	0.005849511171754309	-0.05174122672835201	2.662250711786006e-06	-3.8415275241585416e-06	1.4265065098785503e-07
16400000.0	-0.0013152332400829538	0.004737422507393374	-0.05311454041476982	3.802088364370687e-06	-2.7986191227964027e-06	1.492911112015225e-07
16600000.0	-0.003974005704137458	0.0025381059521176687	-0.053849352899488535	5.267619086607543e-06	-7.628865851593738e-07	1.489964413557192e-07
16800000.0	-0.002763990868243407	0.0016898829952803856	-0.05316476180773277	4.198669549963889e-06	-3.9892837024557624e-07	1.0289593051261307e-07
17000000.0	-0.00198260269453295	0.00020006068081259766	-0.05092664775362382	3.1901141767561217e-06	4.7163426001372293e-07	6.569529535675399e-08
17200000.0	0.0020462915016524904	-0.0014447179193152499	-0.051141914073942585	-1.1342268446756956e-07	7.134058723493309e-07	-5.2166791138766446e-08
17400000.0	0.002903079494041159	0.0009976037780395875	-0.050988602264878224	-9.286768715088112e-08	-1.443435266133899e-06	-1.109247448502069e-07
17600000.0	0.0033685375180161742	-0.00017312434190200842	-0.04880929287894681	-7.909540385146429e-07	-1.1186262765974452e-06	-1.232307200855378e-07
17800000.0	0.002527776727898008	-0.002190273798593153	-0.04686718846720357	-6.666816904483714e-07	5.679183449546546e-07	-5.2507256586099376e-08
18000000.0	0.0023991575683963615	-0.0026077588698795733	-0.045851829517729426	-6.292545973503556e-07	7.206231994824665e-07	-4.4968638327212806e-08
18200000.0	0.0026545888453136913	-0.0015728158854261785	-0.044815965175475675	-1.1884168991612358e-07	-1.005869182643254e-06	-9.283935752346117e-08
18400000.0	0.002122430576368787	-0.0025271856516292154	-0.04353678534214555	-3.0409228734323194e-08	2.143923328764874e-07	-5.100996440021132e-08
18600000.0	0.0014361548896914297	-0.0024336048132152016	-0.04381671846046266	8.857534986982054e-07	9.507043641236892e-07	-4.12926956320112e-09
18800000.0	0.0014208660458562808	-0.003916730170705211	-0.04476520081907438	-9.286187536895725e-07	2.8739178214844354e-06	-3.374181658493354e-08
19000000.0	0.0021903200862768172	-0.00368411752704326	-0.04586669343447381	-1.457826844694624e-06	1.6302874218469515e-06	-4.840265142131664e-08
19200000.0	0.0020537935482364145	-0.0029899706656302985	-0.04396804970300002	-7.798325548750847e-07	1.4015610891365197e-06	-2.708518778485106e-08
19400000.0	0.0012326753108254352	-0.0024439289837440525	-0.04438447941076472	6.876510025280791e-07	1.3777436704370594e-06	6.568142852387948e-09
19600000.0	0.0009203077397664876	-0.002467444165205092	-0.04451838889172867	9.961722778896972e-07	1.5736630282106941e-06	5.4393329267918856e-09
19800000.0	0.0019922173065797574	-0.0016094587019260466	-0.04566550698084776	8.651278542884772e-07	-6.121191890418022e-07	9.802358870030619e-08
20000000.0	0.00023642832246559904	-0.0013557643155295027	-0.04616052276993798	2.6184418276959697e-06	-2.7521713650101574e-07	1.0558229321194189e-07
20200000.0	0.00035617606196796997	-0.0013882712694403036	-0.045620735710912345	2.4717407712485493e-06	-2.277791199760649e-08	9.28706842240017e-08
20400000.0	-0.0012422909526461255	-0.0014893098441440481	-0.0460364898440829	3.731102236873771e-06	3.83097242755861e-07	8.991033701479856e-08
20600000.0	-0.0020788505220492156	-0.000620240787200548	-0.04567057187048235	4.684056885842244e-06	5.119551514395946e-08	1.085504460287766e-07
20800000.0	-0.002869181856365576	-0.004042788254065956	-0.045374207325493826	4.387169360219314e-06	3.005562429617558e-06	5.715753666505901e-08
21000000.0	-0.000485773267096052	-0.0019000585768620148	-0.04287126455805892	3.628936740935116e-06	1.0989617472219229e-06	5.084062549551303e-08
21200000.0	-3.837994347859647e-05	-0.004407176491143743	-0.04381968214912314	2.2782245679972444e-06	2.991192220892862e-06	5.976609819934668e-08
21400000.0	-0.0006380759398552241	-0.004657704829301967	-0.04357644595547579	2.7962002754370176e-06	3.3804450643411847e-06	7.587632821441037e-08
21600000.0	-0.0008748288977282422	-0.004588461057476343	-0.042953711121744884	3.317494422265773e-06	3.330379995319992e-06	8.149165722161845e-08
21800000.0	-0.003355062836843801	-0.004971279020148642	-0.04282919460751381	5.586614709851372e-06	4.787827427447188e-06	1.5417174102353748e-07
22000000.0	-0.0015526002485869179	-0.002238744839982897	-0.04442253903029289	4.1390385252923996e-06	1.2975274794059305e-06	2.6059200624767286e-08
22200000.0	0.000636628889069393	-0.004433833819286846	-0.04287206857638597	1.540269801038714e-06	2.0113602411290133e-06	2.3286073956856302e-08
22400000.0	0.0006129170162296554	-0.0030827085721946805	-0.04358730104913252	1.989014923059021e-06	5.647501312531772e-07	-1.0194798615183752e-08
22600000.0	0.002272651735666839	-0.0009957501293281295	-0.04239482374606915	2.495118865748948e-06	-2.8478666857789608e-06	-6.695221145536534e-08
22800000.0	0.0026333227605390857	-0.0012874959546964565	-0.04238545179190741	1.8647923824088868e-06	-2.875947431081315e-06	-6.977823619443398e-08
23000000.0	0.00379724237755914	-6.377903474649228e-05	-0.042469764237365364	1.5538681307749723e-06	-5.405539538894764e-06	-6.240484948871892e-08
23200000.0	0.0014311658457015369	-0.00285403950877352	-0.04409447110890221	1.3305902546635868e-06	-1.3700921193756182e-06	-1.3239009252053298e-07
23400000.0	0.0016648179856599311	-0.00237222132833043	-0.043941418958544524	1.4734345391937497e-06	-1.951748784822808e-06	-1.1565578027062563e-07
23600000.0	0.001310447828414407	-0.002987493885571357	-0.044749335406734564	1.2384804422273789e-06	-1.7840031452689201e-06	-1.2086204381777522e-07
23800000.0	0.0021499334630629974	-0.004019599759005165	-0.04439368507670282	5.864019200936867e-08	-8.961946471326866e-07	-1.4505863635024778e-07
24000000.0	0.001057487023140443	-0.002704371522933639	-0.04437582392431868	1.5137616917971834e-06	-1.6650899356308904e-06	-1.3258040560159448e-07
24200000.0	0.001358360716396853	-0.0021232171965199394	-0.04450857793423465	1.4926543855579967e-06	-2.317458695641699e-06	-9.974277537784896e-08
24400000.0	0.00020365564542100816	-0.002499617545390413	-0.046048119628608004	1.7774942007098783e-06	-2.6105760544982737e-06	-9.532005812014026e-08
24600000.0	-0.00048410950015604075	-0.003179362501570419	-0.0464219892635034	1.92623792377336e-06	-2.1303336257637337e-06	-1.1211241598057803e-07
24800000.0	-0.0028931600674556423	-0.0033233042208643177	-0.04749411268489224	3.1161646322674434e-06	-1.965438097160598e-06	-1.260342800197387e-07
25000000.0	-0.003395617274337714	-0.0007626120866368433	-0.04675684390558356	4.399391385724555e-06	-3.7427065104819692e-06	-1.310539552382713e-07
25200000.0	-0.003987726003585338	0.000804540312546051	-0.04743930843088636	4.846837128686973e-06	-4.952804309736366e-06	-1.4949559792430895e-07
25400000.0	-0.0035490800994711124	-0.0017265121350695275	-0.047685006815961696	3.7109077795871047e-06	-2.888982153332328e-06	-1.0425858147560088e-07
25600000.0	-0.0019858714784584423	-0.0013558455343298179	-0.048384940226522045	2.022024730960868e-06	-3.687343506923385e-06	-1.3975927435935668e-07
25800000.0	-0.0003026316920949918	0.0018226334784547968	-0.047439255363302776	2.341441864686855e-06	-7.324264804755329e-06	-2.50394466282347e-07
26000000.0	-0.001404448393031191	0.00014435833240659945	-0.04855609007238189	1.7468966030260046e-06	-5.2139513907575935e-06	-1.8901200758873247e-07
26200000.0	-0.0021461271334413338	-0.0006460384312627851	-0.048526780932293415	2.1226449304976513e-06	-4.0379289844269885e-06	-1.5404424199049645e-07
26400000.0	-0.0006291409094332887	0.001365751664276494	-0.048089579369851226	2.061953662608362e-06	-6.879498228334289e-06	-2.203697532273186e-07
26600000.0	-0.0003661590498005296	-0.00021416476078030982	-0.04609858911203418	2.4068323129369246e-06	-4.863157814248464e-06	-1.8508044082358286e-07
26800000.0	-0.0006724485821991996	0.0010623974412458119	-0.04671306893974366	3.140301205333165e-06	-6.1801342004286e-06	-1.9500379011362536e-07
27000000.0	-0.0010724498841877448	0.002567914733229755	-0.04684024975018944	4.460225984921365e-06	-7.451353945642039e-06	-1.9549690326138287e-07
27200000.0	0.0016053047937975924	0.0034340230589833525	-0.04521814001015157	2.988777089394489e-06	-9.116113943331879e-06	-1.3262527907751746e-07
27400000.0	0.0022947436503212735	0.0007896728526533576	-0.04558904948763949	8.06732415789041e-07	-7.208559911096447e-06	-1.6531040261984155e-07
27600000.0	0.0015817803826201433	0.0009773068759613296	-0.04588843351015283	1.3987416294944415e-06	-7.300729981764313e-06	-1.777058341476638e-07
27800000.0	0.002748691197914127	0.0025596339576089205	-0.04640205117135908	1.047301836882333e-06	-9.407841962059429e-06	-3.606463968531261e-08
28000000.0	0.0029898767557346223	0.006136889790144475	-0.046104844435976185	2.2988054363593327e-06	-1.2085787406453323e-05	9.666461506737054e-08
28200000.0	0.002672373457093193	0.0067405103230427105	-0.04591561432816593	2.7352271935721766e-06	-1.2384690674060093e-05	1.006778842037614e-07
28400000.0	0.003994688772372135	0.005264419694582679	-0.04560751285315557	1.6353808796777215e-06	-1.1350218663212885e-05	8.57762247289694e-08
28600000.0	0.003318881145741663	0.006249206722237283	-0.04630685932297111	2.0526148244005954e-06	-1.2189642126105837e-05	1.0155570133775882e-07
28800000.0	0.0015950406177942513	0.009375749150924106	-0.047480956039057554	3.228274424959452e-06	-1.4439645538655473e-05	1.107639028155851e-07
29000000.0	0.0015286810959045884	0.005354014403968083	-0.047237625021773214	2.7752094923829167e-06	-1.1567536121317855e-05	1.3761708521161382e-07
29200000.0	0.0007174049168042112	0.005112210512501473	-0.04715753130808345	3.2894154104147806e-06	-1.129416415560869e-05	1.4610645590282874e-07
29400000.0	6.0130858381240364e-05	0.010627366233784543	-0.048371491462346705	3.809994644179753e-06	-1.5288369246512943e-05	2.816034804111874e-08
29600000.0	0.00012173765986726648	0.007961568873538657	-0.04768315389170597	3.7591045841480963e-06	-1.3289053375568865e-05	9.870943591727054e-08
29800000.0	-0.0013920905697368015	0.0068386416981940255	-0.04741376395059888	4.844324341592196e-06	-1.208304540381008e-05	1.511784746417003e-07
30000000.0	-0.003739218052375437	0.008408515485359291	-0.048289055759537215	6.51662364388069e-06	-1.2655701633953038e-05	1.4095023153361908e-07
30200000.0	-0.003083295060755291	0.009210236262078505	-0.04995164734061333	5.187786130182677e-06	-1.3366945672493583e-05	1.0846367336156266e-07
30400000.0	-0.003858127674625171	0.010043412058464344	-0.05082497769627532	5.593258008858994e-06	-1.3816087177492125e-05	9.746370845096434e-08
30600000.0	-0.004525359624637586	0.010829873652183143	-0.0503763600034247	6.662501783003355e-06	-1.4224008989877032e-05	9.209524918082561e-08
30800000.0	-0.003076986656539178	0.008762743306603583	-0.04894224269800116	5.435326306132352e-06	-1.2639524449904335e-05	1.0604166716862792e-07
31000000.0	-0.0036870069698544754	0.009498305256773679	-0.050090929180139854	5.728050869275434e-06	-1.3456424263843849e-05	1.1266308138403547e-07
31200000.0	-0.00077378886041662	0.008973987684116794	-0.048560648819032395	3.852107252070956e-06	-1.3167422361393765e-05	1.3999186659615396e-07
31400000.0	0.00015912093209865228	0.010947785093296454	-0.04729905777504506	4.144934040585697e-06	-1.423535983295576e-05	1.9351663173742906e-07
31600000.0	0.0006878772165384755	0.011022953170741564	-0.04673443771228543	3.943709608917084e-06	-1.409152893655731e-05	1.9406677010142232e-07
31800000.0	0.0007350600447083995	0.0126549894589975	-0.046749591705257755	4.381574670078409e-06	-1.5115934072167524e-05	2.581113961349237e-07
32000000.0	0.0016454027487566884	0.012086886580419055	-0.04690348805180075	3.7493944533165207e-06	-1.4892485027942002e-05	2.669109919292043e-07
32200000.0	0.0003680157415564384	0.011902293410321634	-0.04642312719964181	4.395120224478894e-06	-1.4585132637481426e-05	2.2390913390274908e-07
32400000.0	0.0004141414406454776	0.01259052060027206	-0.047069856349011424	4.397826296553391e-06	-1.5130937149572902e-05	2.5008693016487975e-07
32600000.0	0.002629456705796086	0.01111228002234423	-0.04687742539606871	3.1685157044661168e-06	-1.4351810527242298e-05	2.5441278674043915e-07
32800000.0	0.0021401668721198054	0.00954765339717124	-0.046496995055785306	3.3492583690815675e-06	-1.3429144862220877e-05	2.493552923641057e-07
33000000.0	-0.0003801513449982266	0.007192392918607594	-0.047219191342882216	4.326065293942961e-06	-1.1920728053144044e-05	2.7508600609864215e-07
33200000.0	0.0054171073087057745	0.00696037623503213	-0.04707777712290077	1.1760574575720325e-06	-1.222481685760071e-05	2.5575496288657096e-07
33400000.0	-0.0014159318495934603	0.006985263671126767	-0.04832635386484352	4.763848246536818e-06	-1.135215610701701e-05	3.108851932705587e-07
33600000.0	-0.0013805589810525888	0.005855436449538986	-0.05037271490073585	3.985030443903946e-06	-1.0152193702897958e-05	3.5265668221150494e-07
33800000.0	-0.00010217348371147441	0.0052097270868647115	-0.0518530325175842	2.572296743552687e-06	-9.549061923381822e-06	3.6735830822666107e-07
34000000.0	0.0012187524395238674	0.005380338800917117	-0.050225024435029936	2.291923841101452e-06	-1.0240070612627846e-05	3.414929506812865e-07
34200000.0	0.0049481334099029765	0.011171135290457844	-0.04822534095001032	1.1971710009008824e-06	-1.5498819703670798e-05	1.424290963162148e-07
34400000.0	0.005329875569424289	0.010167713123949741	-0.04805556243288785	8.177726048254537e-07	-1.485778484065775e-05	1.6159427896183893e-07
34600000.0	0.006044030729405202	0.010887618223693241	-0.0481018550619803	4.362710721951796e-07	-1.554022663657677e-05	1.5095932870561563e-07
34800000.0	0.008070093187507801	0.011047296314981591	-0.04740908349809324	-7.584948919899151e-07	-1.5997528295934976e-05	1.5999436235872757e-07
35000000.0	0.007872898711980962	0.01350035674739255	-0.04704706166705336	7.849316231770993e-09	-1.7559248681750738e-05	1.8724477648425926e-07
35200000.0	0.006059028378549798	0.008309605270973611	-0.04838007990108749	-2.9679985713994696e-07	-1.4381478647968835e-05	2.8033960033084722e-08
35400000.0	0.007529482745217661	0.008918799661223302	-0.04826187432191362	-9.787713986753792e-07	-1.4863809153569285e-05	8.531062842538759e-08
35600000.0	0.007057356983681429	0.010853513194559069	-0.04797963565685269	-2.52287518850475e-07	-1.5764433188476274e-05	1.4429237645336196e-07
35800000.0	0.0039352711856880905	0.010984592309249048	-0.047861457627624955	1.3211109689777262e-06	-1.5642314334623306e-05	6.633638726933297e-08
36000000.0	0.0023696831660311333	0.012155786591487295	-0.04658604766340906	2.3603132290115015e-06	-1.57327789808275e-05	4.498011299688039e-08
36200000.0	0.004472414196797826	0.011040821501295286	-0.04793529608429272	1.1186134550162867e-06	-1.5644116199601625e-05	7.609722701226124e-08
36400000.0	0.005884910362998696	0.00880357445298414	-0.04921267837455167	5.920213234645882e-08	-1.4977715647492929e-05	5.942176885600701e-08
36600000.0	0.009777496136879808	0.0108397259363752	-0.04910451626126888	-1.5366130059531415e-06	-1.5961449090187718e-05	1.1656966631831183e-07
36800000.0	0.006558029280139983	0.008932362559572552	-0.04891527148472351	-4.2415915279256e-08	-1.4932752849604479e-05	1.0953965347585456e-07
37000000.0	-1.9332475171118975e-05	0.007535994419493545	-0.04743856252917685	3.5660433404426716e-06	-1.3944253447841907e-05	1.417630167354735e-07
37200000.0	0.001562647534855769	0.01145121788642176	-0.047164863489072284	2.705383654025174e-06	-1.623288462219754e-05	2.7923858364028285e-08
37400000.0	0.001966262880875136	0.012999650661313427	-0.04658879227817436	2.575282114807071e-06	-1.7286665462064705e-05	-3.1720450786800355e-08
37600000.0	-8.408913181475039e-05	0.010406084026203001	-0.04661479646656263	3.7932975169388175e-06	-1.546259368750504e-05	8.52925413803357e-08
37800000.0	-0.002166156065616201	0.012336830095740348	-0.04609396440141474	5.287901445567158e-06	-1.651743512184196e-05	2.8721344608546017e-08
38000000.0	0.00015037428539318564	0.013859667623613337	-0.04597139860356702	3.899439272024511e-06	-1.791472400248493e-05	-5.180398526162961e-08
38200000.0	0.002301365263859358	0.017128430113948847	-0.045139435436953305	2.984854399406443e-06	-2.063549782005079e-05	-1.7579879526534387e-07
38400000.0	0.007121300788487207	0.01795187765109833	-0.04465761701036088	-1.164944942638891e-07	-2.219573220466938e-05	-2.211810216961153e-07
38600000.0	0.011226910675555148	0.015338369547956997	-0.04522275091202498	-3.5016642157967926e-06	-2.1267002529802595e-05	-1.8584113255300031e-07
38800000.0	0.007527551464842384	0.013689714433170198	-0.04574944916683784	-1.4147340878301286e-06	-1.9514063875008022e-05	-2.2764792940066928e-07
39000000.0	0.00768835053049877	0.012894913778565399	-0.044852189328314376	-1.6213765381071826e-06	-1.886106886059417e-05	-2.493638024821216e-07
39200000.0	0.008212986135302159	0.013212531621414938	-0.04487540173175957	-1.8652608410022545e-06	-1.9127003538526434e-05	-2.2255809416199576e-07
39400000.0	0.008710558595079475	0.014905726411284749	-0.04515026809217815	-1.7543479175616385e-06	-2.0163371280987064e-05	-1.1760384982033445e-07
39600000.0	0.012101043397445681	0.017841170618261855	-0.04374757962115414	-2.892937404704752e-06	-2.136356798818293e-05	1.1219529735650264e-07
39800000.0	0.009638121649911211	0.01617767409651769	-0.04389545451044438	-2.0268893646792298e-06	-2.056729914508404e-05	-4.7396329608682864e-08
40000000.0	0.008153974554288049	0.016507892045502102	-0.04382678834086068	-1.271174054349236e-06	-2.063500463999103e-05	-7.2513681715073e-08
40200000.0	0.005428857425748923	0.014493797016856094	-0.045030820268239846	-3.2055498705365523e-07	-2.0066831412288243e-05	-1.887291471769768e-07
40400000.0	0.007183261684084281	0.014631523382211842	-0.04438883902431514	-1.080718676986204e-06	-2.0046504188265564e-05	-1.6094004865272756e-07
40600000.0	0.0031273177356393464	0.013613139090903658	-0.04614200879526405	6.596675038176464e-07	-1.966820587863001e-05	-2.0599178346218656e-07
40800000.0	0.005301309560889136	0.016965117213262857	-0.04661615693665432	-4.4405249242582056e-07	-2.1271425114967026e-05	-2.3017462243965085e-07
41000000.0	0.004776515126293168	0.021349864592976848	-0.04742484360388592	-3.857039457515432e-07	-2.3286174482792242e-05	-3.3975807177742993e-07
41200000.0	0.004644557650281838	0.02341716604369875	-0.04789787868974113	-4.390269077844106e-07	-2.4267475839163177e-05	-4.104947198783827e-07
41400000.0	0.003582829440959977	0.021444841001408987	-0.04886608119119524	1.0633038008192003e-07	-2.2802778156535634e-05	-3.0304523744987464e-07
41600000.0	0.003403833155471784	0.02192345338329589	-0.04928645018798593	1.563012831099477e-07	-2.2946322788684626e-05	-3.191156757527607e-07
41800000.0	0.0037634172748514925	0.024228392465774722	-0.048297070331807315	1.6190587993762892e-07	-2.4705129989323397e-05	-4.460608084831309e-07
42000000.0	0.004775783175320256	0.023601926293404598	-0.04895586785301064	-6.831373693544647e-07	-2.43297053920938e-05	-4.2373904468162306e-07
42200000.0	0.005229976411213215	0.022763557043046875	-0.049566669510889005	-1.2017443348298381e-06	-2.375279568845995e-05	-3.918520018025679e-07
42400000.0	0.005156267203042833	0.02215207142223394	-0.049590244415281655	-1.2614170619834619e-06	-2.332439498090787e-05	-3.764811144346905e-07
42600000.0	0.010092469294937716	0.02246673944772948	-0.04952689255781622	-4.676501046397959e-06	-2.466591888236709e-05	-3.555601439453244e-07
42800000.0	0.009242707352299241	0.02078538918351036	-0.04868021497010066	-4.4511038040753405e-06	-2.33005114147691e-05	-3.921312461763232e-07
43000000.0	0.009313955457594301	0.01958687881333469	-0.04786307273363475	-4.805467734427506e-06	-2.2408701318524172e-05	-4.4016703569014455e-07
43200000.0	0.009897013598830755	0.01820238813072171	-0.046011227112851806	-5.592623385194621e-06	-2.1202747128127697e-05	-5.237550275831553e-07
43400000.0	0.0106822189252664	0.018357896293834483	-0.04739298272108562	-5.911526319550157e-06	-2.180165059240588e-05	-4.4652504591734027e-07
43600000.0	0.011046661084450907	0.01831921046441968	-0.04710769273867771	-6.1380626656920955e-06	-2.1722883787885614e-05	-4.4159560032457716e-07
43800000.0	0.01141047004438196	0.019737875015446053	-0.049138596753998925	-5.886308869498242e-06	-2.294725080437701e-05	-2.8076680464214626e-07
44000000.0	0.010686738828489818	0.021875310959739592	-0.049315895430756804	-5.181165820092871e-06	-2.381203921480774e-05	-1.8213060779651525e-07
44200000.0	0.008300011401429329	0.023094936992773582	-0.049748709761682976	-3.887543529109319e-06	-2.430355694351861e-05	-1.868844594160529e-07
44400000.0	0.005967688063368744	0.026634070082137494	-0.04992906273960035	-2.513872362973838e-06	-2.56347111453331e-05	-1.4076057628320223e-07
44600000.0	0.006230583580487195	0.026900219746967186	-0.051781475283306774	-2.689968949249218e-06	-2.5862722635588664e-05	-1.3528345595390274e-07
44800000.0	0.00940859490811088	0.029754639682401048	-0.0499216257722396	-4.295615169880892e-06	-2.7423416236067306e-05	-1.8027481551834653e-07
45000000.0	0.009316565549476036	0.028017107266836726	-0.050187113473642714	-4.195868815458586e-06	-2.6524910578958724e-05	-1.1616917198510212e-07
45200000.0	0.0044769407223762825	0.030887861475610696	-0.05117980422466315	-1.565763881754988e-06	-2.7310569502309295e-05	-2.0454149262497616e-07
45400000.0	0.0052128805032189765	0.027684330915088984	-0.04973294516099522	-1.8686461077112773e-06	-2.5996224601991875e-05	-5.711867920935033e-08
45600000.0	0.007497452139791199	0.02657640420370945	-0.050546644224704104	-3.4572428200135894e-06	-2.5461685847153137e-05	-1.3223224763433175e-08
45800000.0	0.009255719924571233	0.030365949918283737	-0.05194097808554826	-4.542806823197983e-06	-2.7760126606634033e-05	-2.4462810829322937e-07
46000000.0	0.010374187468718939	0.03288665141389088	-0.05056909429428935	-4.91019018677979e-06	-2.9976329328399206e-05	-4.0852130021114865e-07
46200000.0	0.007851180392268061	0.03250463031244607	-0.05039419793795604	-3.1288212502993595e-06	-2.9146605017196842e-05	-3.681285576612077e-07
46400000.0	0.008245410084761809	0.030894555973097343	-0.04923159434295321	-3.702440832819834e-06	-2.8280209563665883e-05	-3.283748332600192e-07
46600000.0	0.009214284228386129	0.033126058106187836	-0.04838775914990209	-3.843852619764213e-06	-3.0005950017371504e-05	-3.2237664137279333e-07
46800000.0	0.010126284006550447	0.03281661493462356	-0.04740941952558169	-4.591742308796539e-06	-2.989705912871836e-05	-3.0700181800962644e-07
47000000.0	0.009369501485172047	0.03572997356953827	-0.04791885200989494	-3.2984230527771796e-06	-3.1623852725202826e-05	-1.901607388298764e-07
47200000.0	0.010630737821296107	0.03307433154038298	-0.04833438164295494	-4.692661685977511e-06	-3.0478044136429017e-05	-3.0334587319602496e-07
47400000.0	0.012412467404936515	0.03183347494691429	-0.048143961556423025	-5.997362807959097e-06	-2.9997509943800312e-05	-3.060144577360808e-07
47600000.0	0.010635583735224333	0.0312873366513366	-0.04789752164232839	-5.227761276340572e-06	-2.9564684193402458e-05	-4.5982211039977454e-07
47800000.0	0.009976681026507438	0.030503566969964577	-0.048942771374247365	-4.937965449942765e-06	-2.9532995341867576e-05	-5.258429244915544e-07
48000000.0	0.00835782671233758	0.029232154052544458	-0.04747849976116112	-4.477137465896147e-06	-2.865746646823531e-05	-7.066732202469269e-07
48200000.0	0.007380400652340007	0.03152420774451908	-0.04746021208904798	-3.81817289401043e-06	-2.9485509759529953e-05	-6.357504260522712e-07
48400000.0	0.009402812484113815	0.032442679574613664	-0.04742877578068434	-4.72766494059205e-06	-2.9868452227272515e-05	-5.670820076544438e-07
48600000.0	0.012061042533922066	0.03450718725969868	-0.047803350945519296	-6.042999216714203e-06	-3.081818517134842e-05	-5.416875491827955e-07
48800000.0	0.012908702040883875	0.03318500999888446	-0.0480052841527752	-6.435607583362933e-06	-3.0245979717396066e-05	-5.000030539818149e-07
49000000.0	0.01018555814908656	0.03300688244465589	-0.04768138694771426	-4.887061828985826e-06	-2.9984362408713e-05	-4.739057326098005e-07
49200000.0	0.005618556696749917	0.033482748111681754	-0.04804022732428004	-2.1667314877340704e-06	-2.9628014590945434e-05	-4.3645260754523246e-07
49400000.0	0.008637887601356007	0.03495448432730578	-0.04807911576981104	-4.120312786214875e-06	-3.09146721691226e-05	-5.934737395993602e-07
49600000.0	0.009641563398416146	0.03701272456662262	-0.04927105746403023	-4.787129394483344e-06	-3.1999662564975855e-05	-7.394575652602972e-07
49800000.0	0.011188267428146265	0.038412385617616826	-0.05055063334700818	-5.841838602625555e-06	-3.287122661630727e-05	-8.475357922999269e-07
50000000.0	0.007488644933562025	0.03779333296107509	-0.051580076312075014	-3.263404643369053e-06	-3.1268138427580765e-05	-7.315124567885781e-07
50200000.0	0.008225494362065726	0.03663587513199412	-0.049288988826379	-3.994130281545643e-06	-3.1083237885813086e-05	-7.037792716609616e-07
50400000.0	0.010094702926087731	0.03663371091889849	-0.04918214051276145	-5.4070126681358716e-06	-3.1646160608450396e-05	-6.992439671865292e-07
50600000.0	0.01171255024340993	0.03461103831437224	-0.04931910977850835	-7.190574205759533e-06	-3.0738269894682676e-05	-6.681153677569272e-07
50800000.0	0.011404922698901403	0.03413022256104803	-0.04796451014137426	-7.242396214151626e-06	-3.012207920412745e-05	-7.069801930299407e-07
51000000.0	0.012754191214913387	0.03155597402409083	-0.048330829007378756	-8.848656910002474e-06	-2.8918992934704215e-05	-7.923644158129124e-07
51200000.0	0.012165178431024219	0.03112040875541523	-0.04719586937826306	-8.76453658422189e-06	-2.8234130755478806e-05	-9.030121884390698e-07
51400000.0	0.012277955382020523	0.029625539344401854	-0.047176886274372214	-9.208694266083851e-06	-2.749094954866864e-05	-1.0466755199816247e-06
51600000.0	0.011015298684670525	0.027803828916228755	-0.04708551674449044	-8.961756487544977e-06	-2.6565746695028475e-05	-1.3251098602713536e-06
51800000.0	0.010415692070216543	0.029417434127433553	-0.04665098523441834	-8.441246462885749e-06	-2.7081913096923508e-05	-1.2330407162272428e-06
52000000.0	0.008125877074049803	0.029596228853617075	-0.045962971400095594	-7.394269595228547e-06	-2.6946921207231546e-05	-1.3527551920491958e-06
52200000.0	0.007939466534764525	0.028432176860856126	-0.04739226339819304	-7.310246837637342e-06	-2.675010319586687e-05	-1.4032149202895212e-06
52400000.0	0.009808279684489773	0.030080936320030477	-0.0488319901197284	-8.145255784075677e-06	-2.758812940778148e-05	-1.3232992244404872e-06
52600000.0	0.008092730486618335	0.02853575289382379	-0.04840411827948222	-7.2343985948031426e-06	-2.6839113528716964e-05	-1.3180002577337625e-06
52800000.0	0.00735364578720532	0.028953199935151473	-0.04856060420171522	-6.842039953901343e-06	-2.6970649760091954e-05	-1.3314609545881114e-06
53000000.0	0.004966820639014801	0.028832935571996444	-0.04989656144872948	-5.4473608301315876e-06	-2.6359803105790457e-05	-1.2724851372506087e-06
53200000.0	0.0063900156279581306	0.028996188825877095	-0.04827923037477269	-6.310339855208432e-06	-2.7121433347453e-05	-1.3495966632136901e-06
53400000.0	0.004581112575150226	0.02856675446734815	-0.048453765735741124	-5.081582401578921e-06	-2.6463595607142935e-05	-1.2575517096057422e-06
53600000.0	0.004958746396712417	0.02955055883552846	-0.049526989226528886	-5.334989748389527e-06	-2.684711047824772e-05	-1.3276555702198387e-06
53800000.0	0.00438878977949137	0.029708844292839383	-0.049729195405184	-4.879336017857445e-06	-2.6737279404401594e-05	-1.317583752508418e-06
54000000.0	0.006860107076309239	0.031895157233895535	-0.048201835387282455	-6.183737554121025e-06	-2.9451442577886523e-05	-1.5417465931910387e-06
54200000.0	0.0068382316717194944	0.033575478084591444	-0.04897182112213183	-5.658324598750424e-06	-3.0534389431285704e-05	-1.6147367725491623e-06
54400000.0	0.006288285780667209	0.034813266231700654	-0.04977128832893415	-4.755027281120256e-06	-3.119209848743469e-05	-1.6375547578061184e-06
54600000.0	0.008087196684758238	0.035369755853379786	-0.049240165966755886	-5.945995655304395e-06	-3.220595817358533e-05	-1.5639204583518033e-06
54800000.0	0.009219545227857708	0.03366280904839748	-0.05005880989477727	-7.3133769050458555e-06	-3.152670365000491e-05	-1.5766687034576309e-06
55000000.0	0.009565513281463853	0.03425931792018572	-0.04812436304540456	-7.6208553117485336e-06	-3.147543197554987e-05	-1.528770759416979e-06
55200000.0	0.011352090564339015	0.033852248452155564	-0.046900558069545385	-9.037571726557876e-06	-3.117334759654543e-05	-1.4335161186111012e-06
55400000.0	0.013104085609965148	0.034733557455381335	-0.04893997387079013	-9.495981138106337e-06	-3.2520022802040773e-05	-1.0772922238980153e-06
55600000.0	0.015316157812466404	0.03478299694683167	-0.048434856239121096	-1.0721183120189159e-05	-3.251946720514574e-05	-8.870705635083087e-07
55800000.0	0.013175958271677763	0.03452598200288422	-0.04879793151779273	-9.657615501000117e-06	-3.245778284498647e-05	-1.0679534963228905e-06
56000000.0	0.010552264693568101	0.03534595129210708	-0.04715381575871995	-8.437844870560119e-06	-3.240355244028043e-05	-1.1960587337623587e-06
56200000.0	0.009732971200214623	0.03401633325772476	-0.0466445181042069	-8.143846293929205e-06	-3.178387345945219e-05	-1.3005382388359115e-06
56400000.0	0.012180374606757569	0.035172093518139345	-0.0460356175351694	-9.379400272175518e-06	-3.227359774656659e-05	-1.2276333134062397e-06
56600000.0	0.01071398504872374	0.03385142213220013	-0.04721125731362223	-8.55121848207404e-06	-3.152723352801531e-05	-1.1993933663344437e-06
56800000.0	0.010616074306467344	0.03693098560794465	-0.04811454429952531	-8.640734263087322e-06	-3.2949398723552363e-05	-1.3552430563059988e-06
57000000.0	0.011712012490451349	0.035269823625307485	-0.046611008646077055	-9.239301365374956e-06	-3.252533739704128e-05	-1.2829240169594354e-06
57200000.0	0.011515273938539277	0.0364880208669586	-0.04795815016726175	-9.164055520663288e-06	-3.281651315617387e-05	-1.354505675051873e-06
57400000.0	0.010236332087016707	0.033570972299112975	-0.046769721748467406	-8.384579900616665e-06	-3.10712270813223e-05	-1.0641190401542133e-06
57600000.0	0.013002646125173118	0.035072253132340574	-0.047636521443970674	-1.035408289215136e-05	-3.2519415116617036e-05	-1.2990621610804438e-06
57800000.0	0.013428203182434885	0.035171053041079404	-0.04737690015843844	-1.0651836834521082e-05	-3.280116724746474e-05	-1.3298623447518567e-06
58000000.0	0.013645136522066252	0.03412397577003136	-0.04880216589115264	-1.1238931982044151e-05	-3.17873213458718e-05	-1.253354698589663e-06
58200000.0	0.01314847881795272	0.03402083739932005	-0.04777363102562249	-1.084404000006769e-05	-3.166516561113275e-05	-1.2474508058821176e-06
58400000.0	0.011886384910343157	0.03436529493155878	-0.04751980734120114	-9.706365854369748e-06	-3.142761232636194e-05	-1.2730236346157374e-06
58600000.0	0.010588929834506964	0.03648699962186253	-0.046952412225715896	-7.900288435019518e-06	-3.243734206972564e-05	-1.2694505146620978e-06
58800000.0	0.012112544172720589	0.03663306611358934	-0.04735254559927824	-8.865805206853197e-06	-3.3111299509838773e-05	-1.1195147366304527e-06
59000000.0	0.01321906008656801	0.036533784590370294	-0.04647680991908106	-9.732161678441676e-06	-3.305356150715811e-05	-1.0251970461133726e-06
59200000.0	0.011905695612974613	0.03743829204773621	-0.04573874141294124	-8.801838700468272e-06	-3.313250321867711e-05	-1.0900823198745777e-06
59400000.0	0.012184461352332865	0.03767091128538155	-0.044194856328755444	-9.108859841125427e-06	-3.275924819345833e-05	-1.0865404956186959e-06
59600000.0	0.01025681334530255	0.03740349272627367	-0.04141210526380114	-8.487231529922516e-06	-3.173614970798097e-05	-1.418273381017629e-06
59800000.0	0.009134987216090563	0.03885816155297927	-0.04120301870861754	-7.802041952588924e-06	-3.2295092280982214e-05	-1.3629922434227188e-06
60000000.0	0.01047865579395205	0.04112605927459513	-0.03906728522445466	-8.434283058191756e-06	-3.272150595444312e-05	-1.1370195780129867e-06
60200000.0	0.011106757720420477	0.04121191897247612	-0.03962085533474496	-8.713443302333983e-06	-3.280614231196845e-05	-1.1039702827194545e-06
60400000.0	0.012691909592347393	0.042358454375387065	-0.040283383058732365	-9.537830023160163e-06	-3.330189186127908e-05	-1.0757515675296337e-06
60600000.0	0.010983619171595396	0.04243608379739193	-0.040792016473488464	-8.63494593097131e-06	-3.3249118018874634e-05	-1.0700873966523426e-06
60800000.0	0.010111775215717218	0.04149968918910319	-0.040406316890438165	-8.053489726092182e-06	-3.278720494821783e-05	-9.916295297156688e-07
61000000.0	0.01195826246661227	0.041149049658196594	-0.04288653790639804	-9.27727456292246e-06	-3.208984763939249e-05	-9.741131973577118e-07
61200000.0	0.013819281642795835	0.03988984134277331	-0.04409484466145325	-1.0616699474099257e-05	-3.120662854207055e-05	-8.992496546848377e-07
61400000.0	0.014716694044871203	0.038410188877438564	-0.04412797045647413	-1.138161546575272e-05	-3.0411309225707795e-05	-7.884540493393514e-07
61600000.0	0.013450150208110362	0.04040768637697993	-0.04480382359092422	-1.0146350196838813e-05	-3.124194904700071e-05	-8.98062732255754e-07
61800000.0	0.012956455215752833	0.04105160735897725	-0.04552141443999266	-9.654167722110847e-06	-3.135286165883056e-05	-9.170721780543839e-07
62000000.0	0.013781069531479907	0.04122016865032774	-0.04612947934897525	-1.0311729237307177e-05	-3.164713575442308e-05	-9.474440057935152e-07
62200000.0	0.012159128077322445	0.03976585267823293	-0.04748925033817414	-9.541346417124379e-06	-2.984479691734171e-05	-8.894618977360656e-07
62400000.0	0.012569084976004136	0.03952375583244056	-0.04626519561735907	-9.990136586805083e-06	-2.9785650576546896e-05	-8.77285262776949e-07
