-0.213560	0.097162	0.059154	0.283111	2.383627	-3.473036	0.100000	0.113000	-0.123116	-0.085953	
0.005350	0.033971	-0.043142	0.288348	2.416645	-3.514789	0.100000	0.102843	-0.125154	-0.081205	
-0.000888	0.014084	0.033575	0.287345	2.429762	-3.479809	0.100000	0.138044	-0.093541	-0.046404	
0.004084	-0.060061	-0.001621	0.291315	2.368729	-3.480038	0.100000	-0.117952	-0.053920	-0.030248	
0.007248	-0.018245	-0.028282	0.298446	2.349537	-3.506928	0.100000	0.043223	0.002734	-0.036390	
-0.005095	0.015970	-0.000433	0.293231	2.364568	-3.505959	0.100000	-0.075818	-0.184073	-0.153166	
0.000774	-0.007224	-0.000519	0.293888	2.356398	-3.505076	0.100000	-0.103526	0.030555	0.068782	
0.006382	-0.029014	0.026846	0.300152	2.326441	-3.476829	0.100000	0.102661	-0.043148	0.018400	
0.003142	-0.019126	0.049678	0.303174	2.306385	-3.425760	0.100000	-0.122389	-0.308950	0.025078	
-0.003918	0.042102	0.055392	0.299135	2.347564	-3.368998	0.100000	-0.145815	0.118104	-0.010636	
-0.002319	-0.003405	0.069529	0.296696	2.343221	-3.298122	0.100000	0.048670	-0.124769	-0.113502	
-0.000252	-0.012967	-0.021740	0.296325	2.329317	-3.318543	0.100000	0.037912	-0.057821	0.056016	
-0.000243	0.001182	0.010067	0.295964	2.329567	-3.307148	0.100000	-0.014153	0.069496	-0.070738	
-0.000996	0.024484	-0.009433	0.294850	2.353119	-3.315258	0.100000	-0.027625	0.179004	-0.080641	
-0.000740	0.044481	0.008946	0.293991	2.396659	-3.304987	0.100000	-0.047697	0.088774	-0.039191	
0.001626	-0.034687	-0.031524	0.295499	2.361013	-3.335189	0.100000	-0.108712	0.027877	0.056254	
-0.003928	-0.002832	0.047206	0.291454	2.357237	-3.286649	0.100000	-0.167678	0.057168	0.088555	
-0.002144	0.003885	0.016077	0.289193	2.360180	-3.269257	0.100000	-0.122628	-0.004607	0.209021	
-0.005381	0.011597	-0.017689	0.283696	2.370832	-3.285639	0.100000	0.249055	0.024003	-0.070001	
-0.001794	0.010567	0.021482	0.281789	2.380451	-3.262843	0.100000	0.073181	-0.174764	0.184615	
-0.002533	-0.015507	0.077187	0.279143	2.363992	-3.184350	0.100000	-0.051851	-0.020926	-0.081855	
-0.003607	0.044464	-0.041285	0.275425	2.407511	-3.224362	0.100000	-0.026076	0.064013	0.120932	
-0.004369	0.028195	-0.039405	0.270945	2.434743	-3.262477	0.100000	0.051944	0.015005	0.099245	
0.004531	-0.003573	0.013373	0.275369	2.430196	-3.247799	0.100000	0.082648	0.097491	-0.149169	
0.006968	-0.023683	0.057199	0.282227	2.405541	-3.189302	0.100000	0.044743	-0.063384	-0.063746	
0.008952	-0.049023	0.005375	0.291066	2.355556	-3.182651	0.100000	0.040533	-0.050821	-0.170126	
-0.000582	-0.024251	0.030401	0.290368	2.330363	-3.150978	0.100000	0.053612	0.064968	0.139797	
0.004388	0.002466	0.050121	0.294640	2.331897	-3.099597	0.100000	-0.049241	0.025113	0.050515	
-0.006123	0.004922	-0.026621	0.288399	2.335886	-3.124978	0.100000	0.028516	0.067684	-0.013376	
-0.003239	0.048856	0.042364	0.285044	2.383808	-3.081364	0.100000	-0.082436	-0.074611	0.055708	
-0.004981	0.038191	-0.035922	0.279949	2.421046	-3.116053	0.100000	-0.117640	-0.038585	-0.075591	
0.002856	0.033743	-0.012816	0.282694	2.453820	-3.127623	0.100000	-0.133290	0.009429	-0.047421	
-0.004847	-0.009761	0.017974	0.277734	2.443077	-3.108398	0.100000	0.080870	-0.040256	-0.053863	
0.000288	0.001759	0.051898	0.277911	2.443860	-3.055258	0.100000	-0.152571	0.189441	-0.089459	
0.002070	-0.018574	-0.045187	0.279870	2.424308	-3.099223	0.100000	-0.090571	0.046620	-0.036448	
0.003365	-0.072440	-0.027074	0.283123	2.350899	-3.125057	0.100000	0.020370	0.179703	0.004062	
0.003964	-0.009328	0.103026	0.286974	2.340631	-3.020781	0.100000	0.085771	0.077277	-0.026840	
0.000820	-0.004127	0.050069	0.287679	2.335567	-2.969504	0.100000	-0.231367	0.117967	-0.055637	
0.000690	-0.060855	0.023818	0.288254	2.273778	-2.944498	0.100000	0.019024	0.037948	0.027006	
-0.006117	0.026917	0.044244	0.282021	2.299786	-2.899076	0.100000	0.020123	0.046541	-0.139641	
-0.002815	-0.004979	-0.035521	0.279094	2.293887	-2.933437	0.100000	-0.101022	0.013830	0.132442	
0.003455	-0.018484	0.069598	0.282437	2.274486	-2.862666	0.100000	-0.086513	0.166356	-0.108388	
0.002982	-0.000848	0.006038	0.285306	2.272729	-2.855484	0.100000	0.005502	-0.068348	0.020317	
0.005193	0.043497	-0.029702	0.290385	2.315317	-2.884044	0.100000	-0.072731	-0.046960	0.095971	
0.004838	0.021313	-0.043494	0.295107	2.335704	-2.926384	0.100000	-0.090876	0.234525	0.028566	
-0.000642	-0.011157	-0.032450	0.294347	2.323613	-2.957664	0.100000	-0.028529	-0.029251	0.059982	
0.000144	-0.018566	0.032927	0.294373	2.304118	-2.923554	0.100000	-0.224549	0.063113	0.062077	
-0.001790	-0.040992	0.031704	0.292466	2.262204	-2.890681	0.100000	-0.081941	0.173226	0.009835	
-0.000273	0.018513	-0.010654	0.292076	2.279812	-2.900179	0.100000	0.019470	-0.109700	-0.056855	
0.002152	0.006304	0.016087	0.294112	2.285204	-2.882932	0.100000	-0.024533	0.053706	-0.066353	
-0.003664	0.024198	-0.054033	0.290330	2.308489	-2.935813	0.100000	-0.046461	0.177492	0.102027	
0.005789	0.028314	-0.075001	0.296004	2.335880	-3.009639	0.100000	0.220853	0.048916	-0.122648	
0.004962	-0.032515	0.046392	0.300847	2.302431	-2.962044	0.100000	-0.088572	0.039746	-0.044919	
-0.007626	-0.013898	-0.002517	0.293101	2.287612	-2.963376	0.100000	-0.022786	-0.028676	0.268039	
0.000071	0.005502	-0.010337	0.293055	2.292199	-2.972528	0.100000	-0.052379	-0.059382	-0.057866	
0.000447	0.006734	0.054039	0.293384	2.298016	-2.917301	0.100000	0.073391	0.183965	-0.036198	
-0.004859	-0.003714	-0.054631	0.288408	2.293383	-2.970765	0.100000	0.094514	0.004416	-0.164564	
0.004615	0.049208	-0.038568	0.292908	2.341673	-3.008145	0.100000	-0.068238	0.212353	0.090466	
0.009796	-0.045648	-0.029989	0.302587	2.295089	-3.036931	0.100000	-0.049076	-0.069906	-0.008583	
0.001180	0.010653	0.065995	0.303646	2.304824	-2.969722	0.100000	-0.020347	-0.074127	-0.242321	
0.004609	-0.025874	0.018414	0.308133	2.278029	-2.950121	0.100000	0.082561	-0.043540	-0.090283	
-0.003652	-0.040009	0.072859	0.304358	2.237108	-2.876081	0.100000	-0.018822	0.078090	-0.104056	
0.002079	-0.006540	0.001365	0.306316	2.229674	-2.873566	0.100000	0.050854	0.027519	-0.021426	
0.000871	0.030689	0.089054	0.307064	2.259471	-2.783363	0.100000	-0.059607	0.015157	-0.053147	
-0.000705	-0.027119	0.044925	0.306236	2.231449	-2.737325	0.100000	0.053942	-0.106266	0.105746	
-0.000048	0.031757	-0.007343	0.306065	2.262314	-2.743573	0.100000	-0.087325	-0.109348	0.223036	
-0.002725	-0.071695	-0.069356	0.303217	2.189714	-2.811831	0.100000	0.151232	-0.096310	0.258809	
-0.000796	-0.067550	-0.006410	0.302300	2.121287	-2.817117	0.100000	-0.094071	0.018652	-0.184337	
-0.000194	-0.038503	-0.078492	0.301985	2.081936	-2.894482	0.100000	-0.055452	-0.023575	0.083699	
-0.004216	0.057027	-0.021206	0.297649	2.138130	-2.914531	0.100000	-0.095494	0.049520	-0.023340	
-0.005223	0.064600	0.020302	0.292307	2.201875	-2.893063	0.100000	-0.073863	-0.052343	0.189463	
0.002970	-0.018182	0.010015	0.295160	2.182813	-2.881891	0.100000	-0.100857	0.016279	0.020758	
-0.003353	0.063146	0.006694	0.291689	2.245087	-2.874045	0.100000	-0.156988	0.011735	0.082622	
-0.000625	-0.006736	0.050058	0.290947	2.237453	-2.822838	0.100000	-0.055900	0.084479	-0.062134	
0.004690	-0.015049	0.022242	0.295521	2.221509	-2.799467	0.100000	0.009132	0.083573	0.181363	
-0.001496	0.010694	-0.053803	0.293907	2.231314	-2.852150	0.100000	-0.007435	-0.143265	0.058345	
0.000961	-0.007346	0.030503	0.294750	2.223076	-2.820506	0.100000	-0.308153	-0.029187	0.013894	
0.005408	-0.059024	0.010433	0.300040	2.163163	-2.808945	0.100000	-0.035017	0.244024	0.096319	
-0.001160	-0.019683	-0.042821	0.298760	2.142614	-2.850643	0.100000	-0.172256	0.107235	0.004630	
0.002205	-0.037998	-0.074000	0.300846	2.103760	-2.923503	0.100000	-0.104893	0.022505	0.130570	
-0.005369	0.022201	-0.060121	0.295357	2.125119	-2.982455	0.100000	-0.149519	-0.173866	0.030683	
-0.003319	-0.027874	0.030810	0.291920	2.096395	-2.950452	0.100000	0.017217	-0.116269	0.163994	
0.003720	-0.019659	-0.080338	0.295523	2.075898	-3.029610	0.100000	0.148590	-0.162731	0.129705	
-0.004776	0.017156	0.103927	0.290628	2.092223	-2.924472	0.100000	0.019577	0.092916	0.025823	
0.000741	0.016081	-0.079898	0.291254	2.107468	-3.003200	0.100000	0.084401	0.094410	-0.106750	
0.002539	-0.013442	0.048435	0.293676	2.093183	-2.953564	0.100000	0.040582	0.360871	0.079766	
-0.003832	0.010460	-0.026060	0.289726	2.102806	-2.978443	0.100000	-0.222880	0.078947	0.033911	
-0.006129	0.072744	0.007893	0.283482	2.174709	-2.969359	0.100000	0.006556	0.114978	-0.133874	
0.000042	0.044448	0.055091	0.283411	2.218287	-2.913081	0.100000	0.115470	0.011888	-0.135363	
-0.006384	-0.009344	0.029463	0.276913	2.208056	-2.882453	0.100000	0.003986	0.040077	-0.077385	
0.003524	0.001666	-0.082712	0.280326	2.208839	-2.964012	0.100000	-0.175471	0.038057	-0.094288	
-0.003769	0.002249	-0.022392	0.276445	2.210204	-2.985219	0.100000	0.065713	0.020725	-0.119660	
-0.000471	-0.019490	0.008631	0.275863	2.189831	-2.975395	0.100000	0.033966	-0.054672	0.006177	
-0.002541	-0.021737	-0.003985	0.273212	2.167218	-2.978189	0.100000	0.168127	0.165228	0.075805	
-0.003151	-0.015847	-0.085901	0.269952	2.150504	-3.062900	0.100000	-0.113895	0.108593	0.094083	
0.001151	0.018002	0.007329	0.270995	2.167647	-3.054346	0.100000	-0.026621	-0.009626	-0.170302	
0.002799	0.013571	-0.005932	0.273686	2.180350	-3.059056	0.100000	-0.024315	-0.070282	0.026099	
0.000531	-0.004119	0.053811	0.274108	2.175359	-3.004022	0.100000	-0.001532	0.017816	0.006160	
-0.002790	-0.005970	0.045748	0.271208	2.168519	-2.957072	0.100000	-0.207344	0.053850	0.100353	
-0.001701	-0.017473	0.030592	0.269399	2.150180	-2.925297	0.100000	-0.003434	-0.093556	0.048417	
0.001250	0.051361	-0.027380	0.270541	2.200681	-2.951507	0.100000	-0.005328	0.043269	-0.040976	
0.007230	0.031791	0.005927	0.277663	2.231592	-2.944399	0.100000	0.033334	-0.078069	0.041106	
0.001262	-0.045611	0.030945	0.278814	2.185088	-2.912277	0.100000	-0.028471	-0.055864	-0.032294	
-0.006051	0.021543	0.017875	0.272651	2.205757	-2.893237	0.100000	0.249128	0.001004	-0.022716	
0.004457	0.002266	-0.047582	0.276999	2.207142	-2.939662	0.100000	-0.117330	0.079841	-0.247883	
-0.001243	0.001775	0.006244	0.275645	2.208034	-2.932242	0.100000	0.147246	0.102039	0.068454	
0.006645	-0.031521	0.018988	0.282180	2.175630	-2.912081	0.100000	0.041848	-0.013395	-0.049439	
-0.000375	0.033495	-0.036186	0.281692	2.208254	-2.947103	0.100000	0.030865	-0.025374	-0.091682	
0.000445	0.014281	0.034315	0.282025	2.221652	-2.911610	0.100000	0.117042	-0.172555	-0.053473	
-0.002822	0.030741	-0.023267	0.279090	2.251504	-2.933712	0.100000	-0.185633	0.102931	0.121216	
-0.005861	-0.036742	0.018857	0.273117	2.213861	-2.913682	0.100000	0.075478	0.199675	-0.175329	
0.002957	-0.004620	-0.018302	0.275965	2.208356	-2.930819	0.100000	-0.076072	-0.010368	0.031912	
-0.005925	-0.007924	-0.051414	0.269930	2.199548	-2.981061	0.100000	-0.222833	0.002867	-0.154002	
-0.002794	-0.006502	0.011941	0.267028	2.192166	-2.967928	0.100000	-0.003413	0.055015	-0.042138	
0.001371	-0.016691	-0.004399	0.268292	2.174599	-2.971140	0.100000	-0.172491	0.076709	-0.033359	
0.005953	-0.001998	-0.010355	0.274138	2.171730	-2.980307	0.100000	0.247022	-0.045472	0.128830	
0.005573	0.027983	0.016347	0.279601	2.198844	-2.962768	0.100000	-0.020409	0.004279	-0.038424	
-0.002709	-0.031643	-0.015030	0.276780	2.166322	-2.976613	0.100000	0.030581	0.021871	0.059996	
-0.006793	-0.039489	0.044307	0.269876	2.125967	-2.931116	0.100000	0.074065	0.092408	-0.048842	
0.001248	0.023502	0.053518	0.271016	2.148618	-2.876426	0.100000	-0.009970	-0.105067	-0.023644	
0.007474	-0.021340	-0.077148	0.278382	2.126420	-2.952424	0.100000	-0.018619	0.036448	-0.005758	
-0.006311	-0.007231	-0.016684	0.271959	2.118338	-2.967927	0.100000	0.003966	-0.002872	0.138567	
-0.000905	-0.002392	0.064680	0.270946	2.115098	-2.902060	0.100000	0.076470	-0.036059	0.031851	
-0.000247	0.007071	-0.043759	0.270591	2.121323	-2.944659	0.100000	0.064614	-0.134229	0.102775	
0.004742	0.025147	0.044150	0.275225	2.145622	-2.899331	0.100000	-0.078110	-0.111348	-0.078313	
-0.002028	-0.042204	-0.021799	0.273087	2.102559	-2.919970	0.100000	-0.042674	-0.079016	0.061808	
-0.004903	-0.054260	0.023762	0.268074	2.047459	-2.895041	0.100000	0.126265	0.070145	0.024543	
-0.003680	-0.007601	-0.014362	0.264287	2.039039	-2.908245	0.100000	-0.036297	0.124739	0.073437	
-0.003888	0.031145	-0.008382	0.260293	2.069368	-2.915463	0.100000	-0.177400	-0.073068	-0.095126	
0.001613	0.003717	0.033900	0.261802	2.072258	-2.880397	0.100000	0.110221	0.040509	0.111570	
0.002277	-0.005415	0.005677	0.263974	2.066014	-2.873568	0.100000	0.061631	-0.040475	0.001645	
0.002914	0.039980	-0.105255	0.266783	2.105168	-2.977675	0.100000	-0.136750	-0.028855	-0.038471	
0.002323	0.014499	-0.035714	0.268999	2.118825	-3.012197	0.100000	0.119825	-0.058192	-0.204705	
0.002819	-0.014716	-0.069779	0.271711	2.103262	-3.080772	0.100000	-0.069914	-0.088147	0.051906	
-0.002681	0.039863	0.010044	0.268921	2.142283	-3.069495	0.100000	-0.054980	-0.159173	0.008082	
-0.006008	0.008015	-0.026484	0.262805	2.149442	-3.094751	0.100000	-0.081624	0.168514	-0.171170	
0.002450	-0.000886	0.045906	0.265149	2.147697	-3.047607	0.100000	0.126343	0.124845	0.025950	
0.000385	-0.003366	0.029161	0.265428	2.143472	-3.017228	0.100000	0.030703	-0.091617	0.020074	
-0.004701	0.027575	0.055535	0.260621	2.170190	-2.960486	0.100000	-0.117722	0.183197	0.045131	
0.006968	0.009911	0.070650	0.267485	2.179233	-2.888652	0.100000	-0.185043	0.065975	-0.038266	
0.003586	-0.034397	-0.021702	0.270964	2.143964	-2.909199	0.100000	-0.017663	-0.023440	-0.028195	
-0.000948	0.024038	-0.001789	0.269908	2.167145	-2.909825	0.100000	0.064065	0.091564	-0.040556	
-0.000513	0.056865	0.035987	0.269287	2.223144	-2.872674	0.100000	-0.056273	0.019922	0.057991	
0.005259	-0.026598	0.025820	0.274438	2.195657	-2.845705	0.100000	-0.130644	-0.051247	0.110692	
-0.000705	-0.043773	-0.036062	0.273623	2.151005	-2.880629	0.100000	0.168572	0.034382	-0.026282	
0.003400	0.005063	-0.056051	0.276914	2.155208	-2.935529	0.100000	0.017123	-0.024595	-0.015304	
0.001791	0.010705	0.008139	0.278594	2.165051	-2.926216	0.100000	-0.211894	-0.092761	0.119081	
-0.005501	-0.027963	-0.007892	0.272981	2.136222	-2.932938	0.100000	0.102384	0.035115	-0.070763	
-0.003087	-0.026081	0.007391	0.269785	2.109287	-2.924373	0.100000	0.051887	-0.069626	-0.034876	
0.000535	0.006532	0.060637	0.270212	2.114975	-2.862567	0.100000	-0.035049	-0.176913	0.083410	
-0.001420	-0.008542	0.018799	0.268684	2.105587	-2.842623	0.100000	-0.037697	0.066009	0.178618	
-0.001787	0.001610	0.076505	0.266790	2.106355	-2.764980	0.100000	-0.045935	-0.059241	0.109650	
-0.000526	-0.007701	-0.005576	0.266157	2.097812	-2.769451	0.100000	-0.032939	-0.126345	-0.020922	
0.001769	0.029598	0.051382	0.267820	2.126570	-2.716961	0.100000	0.094641	0.058324	-0.126123	
0.008036	-0.026949	-0.048432	0.275749	2.098771	-2.764307	0.100000	-0.056261	-0.034973	0.136591	
-0.006700	-0.002009	0.015145	0.268938	2.095922	-2.748057	0.100000	0.030150	0.145620	-0.133349	
-0.001639	0.035363	0.000023	0.267192	2.130448	-2.746934	0.100000	-0.072004	0.021838	-0.118856	
-0.004022	-0.038167	-0.105441	0.263063	2.091428	-2.851277	0.100000	-0.001734	0.015098	-0.054423	
-0.001598	0.007995	0.012276	0.261359	2.098587	-2.837861	0.100000	-0.069481	0.018687	0.001604	
-0.000368	-0.015596	-0.009927	0.260887	2.082152	-2.846653	0.100000	0.015175	0.057871	0.017687	
0.001288	0.021346	0.100496	0.262071	2.102666	-2.745019	0.100000	0.016138	-0.087374	-0.050281	
-0.003577	0.009753	0.009096	0.258389	2.111578	-2.734825	0.100000	-0.025986	0.017913	0.064701	
0.001630	0.045869	0.048134	0.259916	2.156602	-2.685597	0.100000	0.066260	0.098782	-0.018675	
0.001928	0.036137	-0.013127	0.261741	2.191876	-2.697650	0.100000	0.072485	-0.018259	-0.043608	
-0.006154	-0.007845	-0.001299	0.255482	2.183155	-2.697870	0.100000	0.127613	-0.094325	0.067523	
-0.000190	-0.027522	0.038811	0.255190	2.154760	-2.657980	0.100000	0.039164	0.256732	-0.016845	
0.004472	0.037351	-0.002843	0.259560	2.191249	-2.659760	0.100000	0.051620	-0.260673	0.123511	
0.004853	-0.014137	0.127182	0.264309	2.176235	-2.531515	0.100000	0.118793	0.047668	0.221806	
0.003179	0.027516	-0.035441	0.267382	2.202881	-2.565944	0.100000	0.093516	0.100540	0.180955	
-0.000117	0.011693	-0.034949	0.267159	2.213693	-2.599867	0.100000	0.012564	0.031890	-0.135857	
-0.001789	-0.010338	-0.070226	0.265263	2.202469	-2.669053	0.100000	-0.262891	0.033071	-0.187549	
0.002565	0.046918	0.020374	0.267721	2.248506	-2.647611	0.100000	0.065190	0.038799	-0.010735	
0.001531	-0.020369	-0.022875	0.269145	2.227238	-2.669427	0.100000	-0.028052	0.046777	0.012534	
0.000699	-0.062466	-0.024740	0.269737	2.163881	-2.693100	0.100000	0.005998	0.110858	-0.063685	
0.002084	0.011277	-0.018603	0.271713	2.174293	-2.710626	0.100000	-0.099375	0.002273	-0.033362	
0.003125	0.043142	-0.079464	0.274729	2.216565	-2.789005	0.100000	0.243950	-0.100356	0.146855	
0.004797	-0.018470	-0.056699	0.279417	2.197209	-2.844589	0.100000	0.009115	0.098202	0.005466	
0.001454	-0.008224	-0.015466	0.280759	2.188106	-2.858917	0.100000	-0.044316	0.012309	-0.012594	
-0.000255	-0.038371	-0.059996	0.280392	2.148860	-2.917769	0.100000	0.024799	-0.151053	0.003685	
-0.005447	0.015078	-0.033658	0.274833	2.163078	-2.950260	0.100000	0.014915	-0.103264	-0.120586	
0.002889	-0.018434	0.047526	0.277612	2.143779	-2.901554	0.100000	0.064998	0.108796	0.147002	
-0.000408	-0.020065	-0.059043	0.277094	2.122856	-2.959437	0.100000	0.112320	0.074806	0.151204	
0.003582	0.043520	-0.024329	0.280565	2.165527	-2.982583	0.100000	-0.016516	0.184849	0.012364	
-0.000739	0.035053	-0.046118	0.279713	2.199714	-3.027508	0.100000	0.126431	-0.110356	0.002420	
0.000121	-0.024779	0.006649	0.279723	2.174055	-3.019648	0.100000	0.098134	-0.254631	-0.138375	
0.004785	-0.009722	-0.048928	0.284396	2.163463	-3.067368	0.100000	-0.097322	0.009672	-0.025979	
-0.001559	-0.023242	-0.020923	0.282723	2.139356	-3.087064	0.100000	-0.025846	-0.022908	-0.061539	
-0.001624	-0.000253	-0.045306	0.280986	2.138248	-3.131136	0.100000	0.154640	-0.061340	-0.003071	
0.001963	0.002428	0.075498	0.282837	2.139821	-3.054385	0.100000	-0.038572	-0.155868	-0.061744	
-0.003223	-0.011026	-0.026551	0.279501	2.127939	-3.079715	0.100000	-0.040355	0.039021	-0.024424	
-0.000558	-0.040124	0.023088	0.278831	2.086964	-3.055395	0.100000	-0.163404	0.017206	-0.100845	
0.000829	0.037337	-0.019866	0.279548	2.123467	-3.074039	0.100000	-0.048497	0.186822	-0.071206	
-0.002667	0.032253	0.014586	0.276769	2.154870	-3.058224	0.100000	0.135504	0.233260	0.036290	
-0.002737	0.016440	-0.025669	0.273922	2.170449	-3.082669	0.100000	0.121946	-0.176562	0.040448	
-0.004161	-0.030657	-0.020360	0.269651	2.138924	-3.101797	0.100000	0.094300	-0.020010	-0.106167	
-0.003066	-0.008104	0.049603	0.266478	2.129964	-3.050953	0.100000	0.022574	0.046118	-0.015783	
0.003484	0.005927	0.037497	0.269856	2.135040	-3.012236	0.100000	-0.053960	0.067270	0.011253	
-0.004320	-0.024879	0.010816	0.265428	2.109307	-3.000215	0.100000	-0.078384	0.216578	-0.167052	
-0.002516	-0.014801	-0.044861	0.262806	2.093663	-3.043875	0.100000	0.109189	-0.136805	-0.011264	
-0.006394	-0.010116	0.062926	0.256307	2.082710	-2.979732	0.100000	0.019767	-0.051277	-0.034868	
0.001069	0.022681	-0.009773	0.257274	2.104558	-2.988314	0.100000	0.119239	-0.146567	0.100746	
-0.002304	-0.016584	0.001726	0.254867	2.087132	-2.985392	0.100000	0.061228	0.062310	-0.089477	
-0.001861	-0.015297	-0.044841	0.252904	2.071000	-3.029039	0.100000	0.076916	-0.160993	0.161291	
-0.004022	-0.056512	0.042158	0.248781	2.013660	-2.985669	0.100000	-0.079469	0.071769	0.034721	
-0.004820	-0.023610	0.006367	0.243861	1.989245	-2.978108	0.100000	-0.152488	-0.043483	0.073889	
0.002262	0.009839	0.079624	0.246026	1.998288	-2.897293	0.100000	-0.079170	-0.025531	0.044038	
-0.003276	-0.028017	-0.020375	0.242652	1.969472	-2.916509	0.100000	0.133165	-0.041132	0.101133	
-0.005770	0.015732	0.064888	0.236785	1.984417	-2.850455	0.100000	0.007743	-0.033717	0.050613	
-0.002503	-0.069114	-0.003419	0.234188	1.914509	-2.852734	0.100000	-0.131517	-0.042903	-0.095738	
-0.003493	-0.015564	-0.061851	0.230601	1.898180	-2.913444	0.100000	0.055690	0.027442	0.071653	
-0.000457	0.025324	-0.107543	0.230052	1.922745	-3.019822	0.100000	0.068794	0.013667	0.074048	
0.005340	-0.014123	-0.029877	0.235300	1.907853	-3.048492	0.100000	0.047501	-0.012082	0.018529	
0.000974	0.012167	0.012673	0.236180	1.919258	-3.034600	0.100000	-0.019786	0.241084	0.008763	
0.004473	-0.005079	-0.014476	0.240558	1.913411	-3.047862	0.100000	0.137768	-0.056464	-0.071267	
-0.002676	-0.058783	0.035806	0.237786	1.853863	-3.010837	0.100000	0.112793	-0.008609	-0.074723	
0.001025	-0.007394	0.035343	0.238716	1.845728	-2.974290	0.100000	0.165586	-0.016435	-0.191844	
-0.005204	0.000228	0.049795	0.233417	1.845218	-2.923306	0.100000	0.027570	0.060754	0.137045	
0.004133	0.029661	0.029148	0.237457	1.874141	-2.892989	0.100000	0.064593	0.025319	-0.028106	
0.002156	0.030368	0.055883	0.239518	1.903760	-2.835949	0.100000	-0.044164	0.069755	0.216438	
0.002086	0.015494	0.014762	0.241507	1.918493	-2.820053	0.100000	-0.058201	0.010499	0.037023	
-0.000498	-0.026922	-0.028811	0.240913	1.890804	-2.847736	0.100000	-0.034036	-0.078257	0.067088	
0.001664	-0.009368	0.016579	0.242481	1.880680	-2.830018	0.100000	-0.143175	-0.075709	0.042836	
0.008263	0.016998	-0.058418	0.250647	1.896926	-2.887304	0.100000	0.009071	0.015569	0.221803	
-0.000710	-0.003721	-0.016263	0.249836	1.892446	-2.902413	0.100000	-0.120949	0.117686	-0.161379	
0.003920	-0.019467	0.039224	0.253656	1.872222	-2.862028	0.100000	0.108279	0.007623	0.050334	
-0.007567	0.100213	-0.060184	0.245988	1.971686	-2.921067	0.100000	-0.138494	-0.228315	0.132723	
0.001040	0.035414	-0.011653	0.246929	2.006312	-2.931552	0.100000	0.156765	0.054251	-0.121946	
0.003893	0.008420	-0.015482	0.250724	2.013930	-2.945862	0.100000	0.101348	0.109914	0.105791	
-0.002374	-0.005166	-0.037521	0.248250	2.007958	-2.982205	0.100000	-0.199009	0.037650	0.176807	
0.003838	-0.024153	0.005862	0.251989	1.983003	-2.975150	0.100000	-0.203230	0.026510	-0.104781	
-0.001230	-0.053002	-0.005974	0.250658	1.929207	-2.979934	0.100000	0.019761	-0.135153	0.013545	
0.000433	0.074763	-0.032535	0.250991	2.003199	-3.011278	0.100000	0.088452	0.027328	-0.093889	
-0.002370	-0.023385	0.016627	0.248520	1.979013	-2.993447	0.100000	-0.181476	0.049546	-0.068955	
0.006639	-0.029236	0.045962	0.255059	1.948986	-2.946288	0.100000	0.007282	0.046929	-0.090081	
0.000106	0.036897	0.052036	0.255064	1.985103	-2.893073	0.100000	-0.227186	-0.018623	0.062032	
-0.001903	0.007831	0.016623	0.253058	1.992139	-2.875293	0.100000	0.130035	0.054265	0.056505	
0.002173	-0.001163	-0.018925	0.255130	1.990180	-2.893069	0.100000	0.071797	0.090590	-0.004188	
-0.004120	-0.031427	0.004421	0.250908	1.957957	-2.887491	0.100000	0.034516	-0.115893	-0.009133	
-0.007446	0.005922	-0.077459	0.243361	1.963096	-2.963796	0.100000	0.021065	-0.034152	0.126772	
0.005625	0.027016	0.014366	0.248889	1.989328	-2.948244	0.100000	0.102435	-0.137361	-0.131497	
0.006805	-0.039182	0.065138	0.255594	1.949350	-2.881927	0.100000	-0.117812	-0.031367	0.007619	
-0.001940	0.005254	0.007531	0.253552	1.953825	-2.873244	0.100000	-0.045324	0.112163	0.003096	
-0.000474	0.022530	-0.012663	0.252977	1.975573	-2.884758	0.100000	-0.101357	0.139740	0.044108	
-0.005313	0.015525	0.089581	0.247563	1.990308	-2.794023	0.100000	0.070294	0.056782	0.028958	
0.001570	-0.026551	0.069631	0.249033	1.962961	-2.723275	0.100000	-0.018538	-0.106111	-0.024652	
-0.001296	0.027111	-0.012011	0.247637	1.989288	-2.734197	0.100000	-0.041484	-0.234943	0.046035	
-0.006723	0.007867	-0.006408	0.240815	1.996359	-2.739512	0.100000	-0.105879	0.120383	0.010396	
0.002258	0.022556	0.057797	0.242976	2.018117	-2.680619	0.100000	-0.154842	0.032513	0.135247	
0.000620	-0.008169	-0.019384	0.243500	2.009140	-2.698932	0.100000	-0.117235	0.061521	0.155952	
-0.003642	-0.016601	0.052846	0.239760	1.991736	-2.645006	0.100000	0.031413	-0.206132	0.144458	
0.002963	-0.057102	0.019556	0.242628	1.933837	-2.624392	0.100000	0.011411	0.049736	-0.202503	
0.007496	-0.006229	0.078328	0.250026	1.926835	-2.545015	0.100000	-0.046179	0.104387	0.010992	
-0.002113	-0.001106	-0.045605	0.247813	1.924958	-2.589602	0.100000	0.117081	0.120922	0.037738	
-0.001814	-0.004827	-0.002926	0.245899	1.919361	-2.591492	0.100000	0.030735	-0.010728	-0.117730	
-0.007710	-0.028547	-0.000165	0.238091	1.890046	-2.590621	0.100000	0.185835	0.072888	0.054525	
-0.002812	-0.005389	-0.016391	0.235184	1.883901	-2.605976	0.100000	0.072894	-0.051844	-0.100494	
0.008685	0.018886	-0.017350	0.243775	1.902033	-2.622284	0.100000	0.127744	-0.009869	0.009127	
0.005137	-0.034334	0.018506	0.248815	1.866939	-2.602729	0.100000	0.170199	-0.138320	0.002815	
0.000568	0.018652	0.010591	0.249283	1.884845	-2.591098	0.100000	-0.049849	-0.021452	-0.036008	
0.002016	0.013705	0.057736	0.251199	1.897796	-2.532326	0.100000	0.027462	-0.147627	-0.066173	
0.004436	-0.000331	0.036903	0.255535	1.896707	-2.494410	0.100000	0.105096	-0.052770	0.152276	
-0.009517	0.000804	-0.053921	0.245916	1.896753	-2.547334	0.100000	-0.050013	0.105898	0.163282	
0.000975	-0.024716	0.008943	0.246792	1.871278	-2.537372	0.100000	0.119919	-0.102072	-0.021676	
-0.000472	-0.024526	0.008710	0.246221	1.846003	-2.527647	0.100000	0.018697	-0.064792	0.034939	
-0.001531	-0.011325	-0.011995	0.244591	1.833940	-2.538631	0.100000	0.058222	-0.154137	0.162984	
0.002516	0.013524	-0.000458	0.247010	1.846731	-2.538073	0.100000	-0.005308	0.051076	-0.143377	
-0.000251	0.005815	-0.006221	0.246660	1.851807	-2.543278	0.100000	0.073448	-0.136939	0.035539	
-0.005550	-0.020929	-0.020970	0.241012	1.830138	-2.563231	0.100000	-0.015871	-0.029035	0.132401	
-0.005422	-0.039220	0.028268	0.235493	1.790185	-2.533938	0.100000	0.018354	-0.071718	0.050184	
-0.003496	0.061758	-0.054657	0.231903	1.851228	-2.587581	0.100000	-0.193412	0.072917	-0.132940	
-0.003067	0.021355	0.056785	0.228743	1.871842	-2.529761	0.100000	-0.126898	-0.068032	0.101233	
-0.003010	-0.019152	-0.006381	0.225642	1.851942	-2.535131	0.100000	-0.108830	-0.093042	0.113220	
-0.001020	-0.021063	0.003937	0.224531	1.830138	-2.530180	0.100000	-0.072079	0.089044	-0.021774	
0.007290	-0.002526	0.018545	0.231731	1.826880	-2.510623	0.100000	0.128128	0.053920	0.119562	
-0.004121	-0.026666	-0.037177	0.227517	1.799484	-2.546796	0.100000	-0.015531	0.009711	-0.165641	
-0.001545	0.028519	0.009961	0.225881	1.827283	-2.535817	0.100000	0.068260	0.104957	-0.107390	
-0.000613	-0.009168	0.112658	0.225178	1.817385	-2.422145	0.100000	-0.105401	0.165213	0.230638	
-0.002123	-0.030644	-0.056050	0.222965	1.786014	-2.477226	0.100000	0.015133	0.184501	-0.023199	
0.004615	0.011651	-0.001060	0.227490	1.796951	-2.477295	0.100000	0.018721	-0.153846	0.068821	
-0.000540	-0.013386	-0.016530	0.226859	1.782846	-2.492835	0.100000	-0.033051	-0.175036	-0.142644	
0.000919	-0.003122	-0.006650	0.227687	1.779011	-2.498488	0.100000	0.096608	-0.076507	-0.037535	
0.002727	0.003377	-0.040433	0.230324	1.781677	-2.537922	0.100000	-0.038259	0.145722	-0.056890	
0.004752	0.002632	0.005267	0.234983	1.783596	-2.531640	0.100000	0.097306	-0.093497	0.130154	
0.002074	0.010171	0.016108	0.236963	1.793054	-2.514519	0.100000	-0.204332	-0.003367	0.109005	
-0.005047	0.014155	0.027127	0.231821	1.806492	-2.486386	0.100000	0.098786	0.065221	-0.141486	
0.001542	-0.008607	-0.105469	0.233270	1.797162	-2.590861	0.100000	-0.069192	-0.019366	0.150380	
-0.002548	0.030515	0.055511	0.230629	1.826958	-2.534314	0.100000	0.193065	-0.041054	-0.108580	
-0.002256	-0.032897	-0.078093	0.228280	1.793330	-2.611394	0.100000	-0.101597	0.160049	0.098740	
0.008045	-0.019471	0.050522	0.236234	1.773142	-2.559827	0.100000	-0.018501	0.038409	-0.012475	
0.000266	-0.010334	-0.056491	0.236406	1.762099	-2.615294	0.100000	0.108283	0.060689	0.166058	
-0.000831	0.014416	-0.013615	0.235480	1.775810	-2.627863	0.100000	0.016555	-0.033347	-0.081756	
0.001024	-0.035603	0.001983	0.236410	1.739497	-2.624830	0.100000	-0.005717	-0.109072	-0.006538	
0.002219	-0.010649	-0.022441	0.238534	1.728152	-2.646221	0.100000	-0.182071	-0.125024	-0.040780	
-0.001755	-0.025499	0.025985	0.236684	1.701962	-2.619178	0.100000	-0.035476	0.120873	0.056348	
-0.002764	-0.033090	-0.055714	0.233826	1.668191	-2.673845	0.100000	0.020612	0.094582	-0.075659	
-0.004075	0.033614	0.044466	0.229658	1.701138	-2.628310	0.100000	-0.059944	-0.097859	-0.067049	
0.006898	0.015660	0.066522	0.236464	1.716118	-2.560736	0.100000	0.022563	0.001958	-0.161517	
-0.003330	-0.034035	-0.066310	0.233039	1.681396	-2.626022	0.100000	0.084162	-0.198717	-0.306721	
0.003509	0.038523	-0.014110	0.236455	1.719246	-2.639082	0.100000	-0.106657	-0.068211	-0.058515	
0.001114	-0.033759	-0.001047	0.237474	1.684799	-2.639073	0.100000	-0.119819	0.100178	-0.270692	
-0.005043	0.041992	0.006327	0.232336	1.726118	-2.631691	0.100000	-0.010843	0.035099	-0.003622	
-0.002673	0.021462	0.097484	0.229571	1.746890	-2.533154	0.100000	-0.082373	0.125243	0.009073	
0.003366	-0.029767	0.016025	0.232845	1.716424	-2.516116	0.100000	-0.035045	-0.108607	-0.001334	
-0.003933	0.042318	0.018078	0.228819	1.758055	-2.497032	0.100000	0.033945	-0.058524	-0.095044	
-0.002009	-0.027978	-0.049727	0.226718	1.729374	-2.545760	0.100000	0.058229	0.130639	0.204450	
-0.002117	0.016447	-0.007841	0.224511	1.745130	-2.552583	0.100000	0.126990	0.142155	0.089733	
-0.003772	-0.005460	-0.020622	0.220650	1.738971	-2.572184	0.100000	0.126807	0.102551	-0.025100	
-0.002704	-0.014565	0.004371	0.217857	1.723711	-2.566785	0.100000	-0.168295	-0.086827	0.045283	
0.001024	-0.018994	0.003707	0.218794	1.704028	-2.562052	0.100000	-0.052415	-0.040294	0.055252	
-0.005103	-0.006214	-0.087734	0.213604	1.697133	-2.648761	0.100000	-0.025847	0.077252	0.049836	
-0.006925	0.028694	-0.034762	0.206593	1.725149	-2.682464	0.100000	0.151347	-0.102681	0.137592	
-0.002174	0.055520	-0.001109	0.204337	1.779978	-2.682499	0.100000	0.029702	0.033991	-0.126604	
0.002971	0.023452	-0.032445	0.207226	1.802718	-2.713872	0.100000	0.041388	-0.086402	-0.089434	
-0.003157	-0.006814	-0.015283	0.203987	1.795184	-2.728070	0.100000	-0.194665	0.115508	0.048008	
-0.002295	-0.020171	-0.005331	0.201610	1.774295	-2.732309	0.100000	-0.080514	0.038326	0.015533	
