6778.038818359375	1.2572896893587294e-14	1.5193147834942718e-14	3.978905754451461e-09	0.0	0.0	0.0
6987.170654296875	-1.8022594583536226e-07	3.4862796610816065e-07	3.5867795824640677e-08	0.0	0.0	0.0
7191.14892578125	-1.1087256656866222e-06	-2.6296054656741904e-06	1.097558009900102e-07	0.0	0.0	0.0
7404.913330078125	3.2007814833929007e-06	2.924637169583914e-07	2.3648207867652998e-07	0.0	0.0	0.0
7606.642578125	3.4495175745335475e-06	-2.4783229452911893e-06	4.2641055090843955e-07	0.0	0.0	0.0
7815.73388671875	2.5326035822478807e-05	-2.0679255870158845e-05	7.083590623908542e-07	0.0	0.0	0.0
8022.96875	3.005928364212478e-05	-3.742524259613299e-05	1.0948278783975829e-06	0.0	0.0	0.0
8230.98681640625	-5.509728645768071e-05	-2.16930872004994e-05	1.6573408828786813e-06	0.0	0.0	0.0
8436.019287109375	-2.0708020010917435e-05	-9.857198888105381e-05	2.4297786993828453e-06	0.0	0.0	0.0
8643.922607421875	8.073094523600041e-05	1.5896903783014533e-06	3.469035277784909e-06	0.0	0.0	0.0
8844.50830078125	6.928273808108931e-05	-0.00024210946757976783	4.643688704074561e-06	0.0	0.0	0.0
9049.572265625	-0.00014432494589850198	0.00013964654479819232	6.24270637907498e-06	0.0	0.0	0.0
9252.1201171875	6.624841719099297e-05	-0.0002024850155397405	8.119656084145462e-06	0.0	0.0	0.0
9458.781982421875	-0.0006012082711881874	-2.7418829992206238e-05	1.0248035817859532e-05	0.0	0.0	0.0
9660.686279296875	-0.00016558880929307918	-0.00020806272914338886	1.266914628620984e-05	0.0	0.0	0.0
9863.2841796875	9.393862867529189e-05	-0.00021804042870686845	1.5262635952819852e-05	0.0	0.0	0.0
10069.3740234375	-0.00023676078254939074	-0.00017999642514354488	1.781392231013594e-05	0.0	0.0	0.0
10274.67919921875	-0.00030166124127192556	0.0003554125373772893	2.0581067580391175e-05	0.0	0.0	0.0
10480.793212890625	-0.0002312890558117361	0.0002067200977769185	2.3362581473815086e-05	0.0	0.0	0.0
10699.173095703125	-0.0005729726938087352	9.686947311969565e-05	2.625926341324818e-05	0.0	0.0	0.0
10953.724853515625	0.0010338277376006975	-0.00021497496335763923	2.8474476256220054e-05	0.0	0.0	0.0
11148.914306640625	0.0012926069571675464	0.00043388811400884	3.022106348413527e-05	0.0	0.0	0.0
11375.805908203125	0.001879049381153756	-0.00017477138503605428	3.222442789169322e-05	0.0	0.0	0.0
11602.87353515625	-0.0004726739864077527	0.002428201054560893	3.550638437560115e-05	0.0	0.0	0.0
11880.01611328125	0.0015556045668236123	0.001276504139285256	3.90935298420052e-05	0.0	0.0	0.0
12297.59521484375	0.001054103574636911	0.0007149364591969233	4.245078984683897e-05	0.0	0.0	0.0
12606.928955078125	0.0018010423057866522	0.00036603899579541207	4.686224724983792e-05	0.0	0.0	0.0
12857.729248046875	-0.004735047173243415	-0.0009987281643226392	5.026581775268341e-05	0.0	0.0	0.0
13154.57421875	-0.0013281446539416108	0.001592904364937416	5.412973085415705e-05	0.0	0.0	0.0
13407.994140625	-0.00022064516159463874	0.001149944125404957	5.640696964088776e-05	0.0	0.0	0.0
13722.5849609375	-0.0023872724294968046	-0.0002265119244356111	5.59575954035108e-05	0.0	0.0	0.0
13987.0341796875	-0.002093458060388353	-0.0017029037943895682	5.540880664181112e-05	0.0	0.0	0.0
14226.96875	-0.0006253139279121026	-0.0006931006227206651	5.424344910182677e-05	0.0	0.0	0.0
14499.51806640625	0.0016003576953200532	0.0017450787052699218	5.167367727429739e-05	0.0	0.0	0.0
14775.6162109375	0.0023027052152402743	0.0012369618605963164	4.4122732803150675e-05	0.0	0.0	0.0
15067.539794921875	-0.0012027023243732064	-0.0016256863851542038	3.216678196507238e-05	0.0	0.0	0.0
15342.966552734375	0.001915065207110242	-0.003958038917070191	1.744746203588829e-05	0.0	0.0	0.0
15581.210205078125	0.0014490030143786557	0.0029698372010218397	1.3659433170829625e-06	0.0	0.0	0.0
15893.523193359375	0.0015371207283658454	-0.001973865041086774	-2.3078004977278746e-05	0.0	0.0	0.0
16175.132568359375	-0.002197869653304144	-0.005043890801643104	-5.50489196254931e-05	0.0	0.0	0.0
16408.4599609375	-0.000380006914598282	-0.00040049934013484457	-8.102224912770878e-05	0.0	0.0	0.0
16681.404052734375	0.003066011050093382	-0.0016332009564952257	-0.00010456957271415093	0.0	0.0	0.0
16956.382080078125	0.00648082529457112	0.005035469668597506	-0.0001265888751695629	0.0	0.0	0.0
17242.55517578125	-8.935697922509544e-05	0.0028543244661644878	-0.0001500483236518258	0.0	0.0	0.0
17566.16796875	-0.005395409889427122	-0.0032689266915078693	-0.00017222595440014504	0.0	0.0	0.0
17850.041748046875	-0.002928093988249399	0.0008058863744168866	-0.00019718289648469319	0.0	0.0	0.0
18126.835693359375	0.0041270504893408996	-0.0021722729820485473	-0.0002097513235838855	0.0	0.0	0.0
18353.98876953125	-0.0004728504037111675	-0.002345477519304937	-0.0002250432251026921	0.0	0.0	0.0
18596.697265625	-0.0014057130763427525	-0.0012699116302546793	-0.00023590327303566396	0.0	0.0	0.0
18946.440673828125	0.001250905379065468	-0.004399434385499148	-0.0002443602113996397	0.0	0.0	0.0
19239.174560546875	0.00576302390266365	-0.001118319100936264	-0.000246447250665986	0.0	0.0	0.0
19499.744873046875	-0.0035355764161421723	0.002175756924054544	-0.0002442493205939202	0.0	0.0	0.0
19792.17138671875	-0.0011719707594948063	-0.00413407828504473	-0.0002447131565130419	0.0	0.0	0.0
20034.555908203125	0.0047025408312850545	0.0064080075276263075	-0.00022578563599456698	0.0	0.0	0.0
20288.581298828125	-0.0027877431322878617	0.0007556920572019147	-0.00021503198414776946	0.0	0.0	0.0
20625.589599609375	-0.0056183961199467655	-0.0014199601538869672	-0.00020021745122172628	0.0	0.0	0.0
20885.1005859375	0.0023229824974941465	-0.003849545813118883	-0.000186370778780491	0.0	0.0	0.0
21198.469970703125	0.0015502407881737396	0.0018567504826904188	-0.00016693420846781076	0.0	0.0	0.0
21448.818115234375	-0.001719178658472864	-0.0016954806875674013	-0.0001486652690023026	0.0	0.0	0.0
21673.300537109375	0.001885798289620687	0.0005402685244083071	-0.00012939042032022652	0.0	0.0	0.0
21954.67724609375	0.0011369990133661611	0.0009574633441343807	-0.00011178990093170151	0.0	0.0	0.0
22184.166259765625	0.0022681307898904284	0.006215882021523471	-9.2467430437838e-05	0.0	0.0	0.0
22503.788818359375	-0.005243513799579976	-0.006493192803429722	-7.732195302151862e-05	0.0	0.0	0.0
22772.9873046875	-0.0025991468852513723	-0.002305287448420386	-5.771870141476245e-05	0.0	0.0	0.0
23074.947021484375	0.002882086419671949	0.0049138219577851625	-4.1355970382375175e-05	0.0	0.0	0.0
23360.861328125	0.003303132292401897	-0.00017806607414501668	-3.197894718476248e-05	0.0	0.0	0.0
23671.555908203125	-0.005314320342713507	0.00021043517630041432	-1.9929169402281243e-05	0.0	0.0	0.0
23969.88037109375	0.0027294652361839486	-0.0018710937592703375	-5.141198434573929e-06	0.0	0.0	0.0
24260.38134765625	-0.002963190808626216	0.0028964885312261386	5.015361509162653e-06	0.0	0.0	0.0
24514.748046875	-0.0005424228312176308	0.005620556480857282	1.5741464763336795e-05	0.0	0.0	0.0
24830.186279296875	-0.0033464585972985354	-0.008380753664833438	1.2999284151677044e-05	0.0	0.0	0.0
25053.421875	-0.004550124620552099	-0.0008276566305277697	2.2999741330581054e-05	0.0	0.0	0.0
25268.11181640625	-0.0026652687617792193	0.0018336307758065596	2.7155978383902818e-05	0.0	0.0	0.0
25502.8251953125	-0.0004491319340496883	-0.006214211858970196	2.7729652600542133e-05	0.0	0.0	0.0
25723.13330078125	-0.005745488661155935	0.007736721048165327	3.485182231212492e-05	0.0	0.0	0.0
26022.633544921875	0.0033907073336956538	-0.0044040426107951735	2.6134814649303874e-05	0.0	0.0	0.0
26273.232666015625	-0.000640494189915563	0.004281403857822438	2.561871320828493e-05	0.0	0.0	0.0
26506.26611328125	0.0033670833988049416	-0.0017483071227419127	1.7313678482905314e-05	0.0	0.0	0.0
26825.970458984375	-0.0030558290291378717	-0.006228987147372457	5.016121973889549e-06	0.0	0.0	0.0
27071.142578125	0.007665560104889065	-0.0001707532897521605	-2.798929417449307e-07	0.0	0.0	0.0
27373.11083984375	0.0012345040789935153	-0.004082914814274989	-1.690335951099281e-05	0.0	0.0	0.0
27709.14892578125	-0.004397058632656385	-0.00042002717907224093	-2.612634316848108e-05	0.0	0.0	0.0
27994.311279296875	0.004602215543685992	-0.006264739975485172	-4.160419481878251e-05	0.0	0.0	0.0
28302.680908203125	0.002019487107266873	-0.0077616312608517	-5.493437564902645e-05	0.0	0.0	0.0
28582.978759765625	0.003316694563403099	0.00028807128725587413	-5.4812268883149723e-05	0.0	0.0	0.0
28883.017578125	-0.0016870979846973198	-0.0012401631998185346	-5.9133920412012703e-05	0.0	0.0	0.0
29109.75634765625	-0.0014097899039964886	0.0012394690183736756	-6.479393404307109e-05	0.0	0.0	0.0
29366.0419921875	-0.0005482815417192954	0.004218168924247406	-6.421887081677249e-05	0.0	0.0	0.0
29636.001708984375	0.0009045408241261415	0.0010622931929479891	-7.117843544124337e-05	0.0	0.0	0.0
29906.330322265625	-0.0026054135622306357	-0.000109073336618811	-7.854234927330064e-05	0.0	0.0	0.0
30144.567626953125	0.0055984148111021285	0.0010088833095896353	-8.53710919660659e-05	0.0	0.0	0.0
30384.37255859375	0.0016739061288837216	0.0003482059415612622	-9.484209795327765e-05	0.0	0.0	0.0
30635.06298828125	0.005801415610420173	0.0008051249612291745	-9.728104438551872e-05	0.0	0.0	0.0
30880.94921875	-0.002416284565694725	0.0009267783051491013	-9.97052498240188e-05	0.0	0.0	0.0
31129.48974609375	0.0019691887266369114	-0.002364246324085337	-0.0001073819773355125	0.0	0.0	0.0
31385.338134765625	-0.0005402911666949034	-0.0008431669944017555	-0.00011284591246982323	0.0	0.0	0.0
31589.1943359375	0.0020271317795771274	-0.005117150369777437	-0.00012438996865193525	0.0	0.0	0.0
31842.4931640625	-0.00312665881885656	0.005325766811406849	-0.0001157882166409544	0.0	0.0	0.0
32096.409912109375	0.004317317728977786	0.006260769527910086	-0.00011970380477755886	0.0	0.0	0.0
32394.007568359375	-0.007963685309076488	-0.006656549558783858	-0.00013339420141523606	0.0	0.0	0.0
32632.087646484375	-0.007535979573230048	0.00041844681304289684	-0.00012984139188110938	0.0	0.0	0.0
32893.2568359375	-0.0002667864173627061	0.0011662993527002757	-0.00013775832905936857	0.0	0.0	0.0
33125.73095703125	-0.002405473663662197	0.0009961134713175643	-0.00014366894190862925	0.0	0.0	0.0
33344.903076171875	-0.004838096300359767	-0.00048078911904615924	-0.00014377954501370793	0.0	0.0	0.0
33606.638671875	-0.0038793148579727437	0.003579295758870511	-0.00013466775626212157	0.0	0.0	0.0
33883.098388671875	-0.005281505338548896	-0.003856328878666099	-0.0001335377005178823	0.0	0.0	0.0
34116.06982421875	0.006194893306193506	0.007152648284040215	-0.00011300485561863568	0.0	0.0	0.0
34337.979736328125	0.00033144461122237525	-0.0037018417569600853	-0.0001132278926408688	0.0	0.0	0.0
34552.30322265625	-0.003448613038074056	-0.001651930054496029	-9.613717646566862e-05	0.0	0.0	0.0
34849.705078125	-0.002088050026743592	-0.0112430127069208	-9.596514604540368e-05	0.0	0.0	0.0
35102.574951171875	0.0038959321193338353	-0.008364135609775301	-8.59311354444993e-05	0.0	0.0	0.0
35356.834228515625	0.0024567935375820406	-0.0004349388775224628	-7.06317485609548e-05	0.0	0.0	0.0
35578.69677734375	0.006710221469780524	-0.0003915415096012849	-6.882292190010228e-05	0.0	0.0	0.0
35827.15283203125	-0.006163780211854933	0.0024399552800635094	-5.691706185043753e-05	0.0	0.0	0.0
36116.32421875	0.0020437624481351156	-0.008662064781378353	-7.234842005255932e-05	0.0	0.0	0.0
36404.0517578125	0.005190712346458441	-0.0097653712493319	-7.424854701480133e-05	0.0	0.0	0.0
36629.6689453125	0.00024221762494393937	0.002493291701330733	-5.448719185559548e-05	0.0	0.0	0.0
36928.123046875	0.0047375248826382515	-0.0041201293964914735	-6.400187875655336e-05	0.0	0.0	0.0
37195.112548828125	0.004409399579846222	-0.00038273134885427406	-5.3449017932460424e-05	0.0	0.0	0.0
37444.681640625	0.005327143818395305	0.004036701005037182	-3.821233329277338e-05	0.0	0.0	0.0
37680.197265625	0.0006152901055642612	-0.0005820629067263294	-3.020037236804976e-05	0.0	0.0	0.0
37929.337890625	0.010738696604664658	-0.00942583160470789	-4.080223703185715e-05	0.0	0.0	0.0
38204.25146484375	0.0006876600238264902	-0.002497964823584868	-1.1086955257438853e-05	0.0	0.0	0.0
38408.315673828125	-0.0033776098270309174	-0.000861219298551677	3.258753921796958e-06	0.0	0.0	0.0
38678.18798828125	-0.0016605211093066916	0.0006310377111057514	1.3603514470775628e-05	0.0	0.0	0.0
38898.1845703125	-0.00035718396189604476	-0.0012776770649320032	2.3508006155219586e-05	0.0	0.0	0.0
39153.8447265625	-0.0015892424858996936	0.0030270649658461907	4.424176870165899e-05	0.0	0.0	0.0
39387.122314453125	-0.000154192999578547	0.00407210766915061	5.609406042001441e-05	0.0	0.0	0.0
39654.39697265625	-0.0006170330972351388	0.00041853719087563574	6.036070924002826e-05	0.0	0.0	0.0
39878.81640625	0.002469526817054221	-0.003007206592728228	5.8183946603439224e-05	0.0	0.0	0.0
40116.5126953125	0.0010802122256122605	-0.0015140323078834848	6.690430696499906e-05	0.0	0.0	0.0
40346.957275390625	4.038006706761251e-05	-0.0007053738154197907	7.573947838045279e-05	0.0	0.0	0.0
40629.383544921875	-0.003955135777555641	0.0020775896207312853	9.267078542130279e-05	0.0	0.0	0.0
40894.01953125	-0.0033920695131326763	0.0003942086880282615	9.409131782285314e-05	0.0	0.0	0.0
41164.343994140625	0.0040745202315671195	0.005863032256665014	9.293032424455905e-05	0.0	0.0	0.0
41434.981201171875	0.00017565728745099708	-0.00018491581084498945	9.044107628477355e-05	0.0	0.0	0.0
41678.827880859375	-0.00571192552351449	-0.0035191374028991393	9.178424819266294e-05	0.0	0.0	0.0
41922.562744140625	0.00018942610575636528	-0.0065854265057487295	6.898392601635312e-05	0.0	0.0	0.0
42171.945068359375	-0.0009661630098579711	-0.00046336990803667487	6.810868000520674e-05	0.0	0.0	0.0
42372.51806640625	-0.003677239307233125	0.005633018098612336	7.347443061754953e-05	0.0	0.0	0.0
42664.78466796875	0.002278592056121878	-0.000755383140058649	4.981881754235143e-05	0.0	0.0	0.0
42870.55810546875	0.0045921392643903875	0.0019700940504505204	4.3658566774211366e-05	0.0	0.0	0.0
43112.091064453125	-0.0013449801434481977	-0.0027849918824399	4.479160888568322e-05	0.0	0.0	0.0
43370.6455078125	0.005128697937369064	0.0026422669952093384	3.1867932675940384e-05	0.0	0.0	0.0
43602.321533203125	-0.0006165937944727381	-0.0036930594609247388	3.0761345298335564e-05	0.0	0.0	0.0
43825.959228515625	-0.0018611213100102589	0.0005520396365177513	2.975788038061091e-05	0.0	0.0	0.0
44098.75341796875	0.004135659337552075	0.00040415486857493257	1.2791093896093783e-05	0.0	0.0	0.0
44382.95263671875	0.004902309606265122	-0.004022098094760601	5.553722915723847e-06	0.0	0.0	0.0
44607.25	-0.0011735104802771605	0.003730729755126557	1.8675863685583403e-05	0.0	0.0	0.0
44843.004638671875	0.005109420878242173	0.003961155421707463	1.1296212961199156e-06	0.0	0.0	0.0
45092.65869140625	0.0059949580561424335	9.542566657032002e-05	-7.2921112157312196e-06	0.0	0.0	0.0
45325.904052734375	0.0034799834328854843	-0.0014290267342520586	-1.371108290351424e-05	0.0	0.0	0.0
45617.073486328125	0.0019443511821259328	-0.005323741433231225	-2.213999294622753e-05	0.0	0.0	0.0
45841.742919921875	-0.0025117844762326735	-0.0022971924564888905	-2.555736162183363e-05	0.0	0.0	0.0
46093.89794921875	-0.0009283309873380718	-0.0017871581481469594	-3.62681510939201e-05	0.0	0.0	0.0
46367.716552734375	0.0015119439698587703	0.005363735605963636	-4.860074023820263e-05	0.0	0.0	0.0
46618.798828125	0.002993237525654061	0.0011187559132327604	-5.915909558803019e-05	0.0	0.0	0.0
46853.822998046875	0.006779661109127964	0.008618478459009524	-7.643637216505666e-05	0.0	0.0	0.0
47065.79541015625	0.00743111466920139	-0.0019847320288681283	-8.610204242380175e-05	0.0	0.0	0.0
47353.92236328125	0.00047113991086572934	0.000759687142368979	-7.653749394554444e-05	0.0	0.0	0.0
47588.552490234375	-6.0770811605111604e-05	0.0016433153461742557	-8.619349622868047e-05	0.0	0.0	0.0
47818.71630859375	0.0017753196942394186	-0.00489086591517093	-0.0001026098423752629	0.0	0.0	0.0
48112.448974609375	-0.0039817892159148445	-0.0021340111082002685	-0.000100105794306225	0.0	0.0	0.0
48338.1591796875	-0.0018687478542131844	-0.012973584489110793	-0.00011202940700592334	0.0	0.0	0.0
48595.954345703125	-0.006316596755092162	0.005854003738846057	-0.00012102767366646984	0.0	0.0	0.0
48855.766357421875	-0.00017502397293749571	0.004573535390943778	-0.0001416726006266824	0.0	0.0	0.0
49096.8427734375	-0.003361271726866865	0.0005759889464209796	-0.0001449606485110545	0.0	0.0	0.0
49316.107666015625	0.006554536517889333	0.00775657028895998	-0.0001742786344157571	0.0	0.0	0.0
49582.24658203125	0.003850766293889721	0.004726863415429165	-0.00018117891350227745	0.0	0.0	0.0
49812.84326171875	-0.00011507323201272438	-0.0012459943983374707	-0.00017148112172390357	0.0	0.0	0.0
50094.524658203125	0.007733789925638221	-0.010503959112991833	-0.00018440673810952396	0.0	0.0	0.0
50329.1826171875	-0.004263392800287371	-0.0017752362126786738	-0.00016698482548153882	0.0	0.0	0.0
50573.894287109375	0.003204988268950038	-0.0003478069091427404	-0.00018810333147470897	0.0	0.0	0.0
50848.31201171875	0.006302277064948467	0.0030719584892303594	-0.00020247659363955615	0.0	0.0	0.0
51105.119873046875	0.0044833546593682555	-0.0026005910999461436	-0.00020221489487813713	0.0	0.0	0.0
51377.932373046875	0.005570958029719115	-0.0043162983560390755	-0.00021087718494409868	0.0	0.0	0.0
51625.376953125	0.00745011999061702	0.00045016781266695604	-0.0002231965281716875	0.0	0.0	0.0
51879.96533203125	0.0041970498757226945	0.004516253120746972	-0.00021330296964896514	0.0	0.0	0.0
52184.906982421875	2.1098870438207315e-05	-0.0027882758771143857	-0.00019782062854459712	0.0	0.0	0.0
52417.8916015625	0.0010847035861731155	0.0025719903477921715	-0.00020267215417402027	0.0	0.0	0.0
52637.416259765625	-0.0033123342027484275	0.006356808089620432	-0.00019439944388440717	0.0	0.0	0.0
52924.6416015625	0.00023573884483920552	0.007655836449318452	-0.0001992599445937981	0.0	0.0	0.0
53220.64013671875	-0.0006751543623039363	0.0010727677883608335	-0.00018899694793644026	0.0	0.0	0.0
53508.964599609375	0.006769977502197962	0.0007595557478948866	-0.0001988112768615064	0.0	0.0	0.0
53736.654296875	-0.002979102277972851	0.00800739316417613	-0.00016828651875490334	0.0	0.0	0.0
53983.52783203125	-0.004713543602019378	0.0031952265754243846	-0.0001549928601782674	0.0	0.0	0.0
54223.743408203125	-0.002602198170346356	-0.009685419571743178	-0.000135779305085149	0.0	0.0	0.0
54464.6220703125	-0.0008180659971030649	0.005572918488888682	-0.0001371837531547665	0.0	0.0	0.0
54715.442626953125	-0.00485216612434539	0.005608035128734507	-0.00011843529280593404	0.0	0.0	0.0
54958.717041015625	-0.0008173927604350486	0.006121004142777765	-0.0001152788611291225	0.0	0.0	0.0
55236.016357421875	0.006823721288602552	-0.0019045193756345247	-0.00011665369566580862	0.0	0.0	0.0
55460.51171875	0.0011643154269087238	0.0023736363442791657	-9.47924564191986e-05	0.0	0.0	0.0
55687.6533203125	-0.00316689140559298	0.0008722637062384132	-7.610452676471417e-05	0.0	0.0	0.0
55932.471435546875	0.0020671043907147238	0.005868237686499473	-8.124241862820767e-05	0.0	0.0	0.0
56188.47900390625	0.004239401972113408	-0.002015616424864152	-7.673660676503861e-05	0.0	0.0	0.0
56466.067626953125	0.0019662568783196323	-0.003351986608028184	-5.9169560845463355e-05	0.0	0.0	0.0
56730.28466796875	-0.00012488889740892555	0.00282890450289679	-4.7042885546756036e-05	0.0	0.0	0.0
56996.748291015625	0.008511762210519762	-0.0017691540238631623	-5.0466314087810855e-05	0.0	0.0	0.0
57208.740966796875	0.004484357410970752	-0.003100510195325826	-3.200143002531989e-05	0.0	0.0	0.0
57446.849365234375	0.012951881836198826	0.0012427139801984026	-4.254289870653823e-05	0.0	0.0	0.0
57703.18359375	-0.002047938517481259	-0.004398559464154057	1.196407724994939e-06	0.0	0.0	0.0
57914.304931640625	0.007798461111823894	0.002883255278612921	-1.9573888189377637e-05	0.0	0.0	0.0
58165.9306640625	-0.0016687625875207264	-9.059056089012716e-05	5.7723473600668864e-06	0.0	0.0	0.0
58446.863525390625	0.0030728072111749567	-0.002969815479680877	1.8919181487335553e-06	0.0	0.0	0.0
58691.46044921875	-0.0015857274823428478	0.00033588600357086054	1.1240816955267149e-05	0.0	0.0	0.0
58950.47998046875	0.004273878002778451	0.004459963311940675	-5.66753462926149e-06	0.0	0.0	0.0
59253.1025390625	-0.0006374572496636851	-0.0044444741515903986	7.777173815971561e-06	0.0	0.0	0.0
59494.646484375	-0.0034283163018505305	-0.0057348062448705	9.022345247978038e-06	0.0	0.0	0.0
59763.47998046875	-0.00028800313586870317	0.0019954857529694845	-2.6223211076538128e-06	0.0	0.0	0.0
60052.985595703125	0.0033549695843100003	-0.001334160863500028	-1.0726498058961903e-08	0.0	0.0	0.0
60371.14501953125	-0.009661567247048562	0.0015314519308726707	1.6862463699471628e-05	0.0	0.0	0.0
60653.177001953125	0.0026718460998031665	0.0034209210511091694	-8.060596005612289e-06	0.0	0.0	0.0
60919.322265625	-0.008232797934400456	-0.0036047905866182367	1.5656319141282476e-05	0.0	0.0	0.0
61168.7197265625	0.0022133071611723427	0.004490513830170727	-1.4286840970306446e-05	0.0	0.0	0.0
61418.97705078125	-0.002431549670819226	0.00194324551434224	-1.099053525180351e-05	0.0	0.0	0.0
61649.043701171875	0.0005611157953779112	0.002424554026827057	-2.458455502373311e-05	0.0	0.0	0.0
61935.216796875	-0.004171975607799562	0.0012223702823019513	-2.842843659854175e-05	0.0	0.0	0.0
62168.456787109375	0.0009404998050517283	0.0016848488950087484	-4.416872114292935e-05	0.0	0.0	0.0
62407.836181640625	-0.002905149546241064	0.0032197830873496643	-5.0921269311462585e-05	0.0	0.0	0.0
62700.903564453125	0.0004430197153956423	-0.003065526776748583	-5.528620394949731e-05	0.0	0.0	0.0
62927.071044921875	0.0016715540281073294	-0.002690484377144405	-6.739436034415894e-05	0.0	0.0	0.0
63148.43212890625	0.00010061254857915356	-0.0011496040805554885	-7.6190756582475e-05	0.0	0.0	0.0
63392.2861328125	-0.0024660881977034105	0.006013325486040521	-9.420748498757128e-05	0.0	0.0	0.0
63663.36083984375	0.0005593076388516366	-0.00029930409624899593	-9.382945020115538e-05	0.0	0.0	0.0
63912.4345703125	0.0027133753625343416	0.0007007647086595551	-0.00010590610315137061	0.0	0.0	0.0
64170.905029296875	0.008697343772681903	0.011519641550765701	-0.00014192306067449688	0.0	0.0	0.0
64412.677734375	0.004435921101166255	-0.005233144600866678	-0.00011028875023162129	0.0	0.0	0.0
64625.15234375	0.005399835235187916	0.005233786000861913	-0.0001310478518479262	0.0	0.0	0.0
64834.888427734375	-0.0013497246847240145	-0.004538937573507869	-0.00011093157805361948	0.0	0.0	0.0
65105.39208984375	-0.0020315930460288343	0.0032151497540011406	-0.00012218990993395686	0.0	0.0	0.0
65437.446533203125	-0.006022868055985052	0.005141348737257573	-0.0001267891213351219	0.0	0.0	0.0
65686.99072265625	0.0028326595563690836	-0.000642067621012679	-0.00013026729242439334	0.0	0.0	0.0
66054.4189453125	-0.002396494317936465	0.0034682344487494718	-0.0001337836252643975	0.0	0.0	0.0
66327.8505859375	-5.615998000940573e-05	0.0035730841202325538	-0.0001331959362527919	0.0	0.0	0.0
66637.28247070312	0.0026882507113815107	0.006240979143854178	-0.0001348396660892049	0.0	0.0	0.0
66962.47216796875	0.007612022350270646	-0.004247083628089653	-0.0001129253353550993	0.0	0.0	0.0
67227.5048828125	-0.003730378098135078	2.5289104612918193e-05	-0.00010330960240924304	0.0	0.0	0.0
67487.19409179688	0.0013101412565503794	0.004092282215659593	-0.00011073869893499526	0.0	0.0	0.0
67746.31616210938	-0.00638323895442783	0.0034976772073826608	-9.203082034471795e-05	0.0	0.0	0.0
68062.03588867188	2.8335393496113446e-05	0.0006955089263563015	-8.387746530530694e-05	0.0	0.0	0.0
68275.99755859375	0.002332359932849989	0.003689920139458704	-8.219690165919114e-05	0.0	0.0	0.0
68545.91430664062	0.0057525401771358455	-0.0033718477901254077	-6.675002016701257e-05	0.0	0.0	0.0
68853.73461914062	0.0035959603182215243	0.0033903938115808787	-7.0426036480793e-05	0.0	0.0	0.0
69208.91015625	0.006339518421467402	0.0029857679023002257	-6.914636372905544e-05	0.0	0.0	0.0
69499.29638671875	0.003397491323419003	0.004770400584480423	-6.760278324973373e-05	0.0	0.0	0.0
69816.84130859375	-0.0024036475514297227	-0.00015151825689297343	-4.854535446722124e-05	0.0	0.0	0.0
70064.85180664062	-0.0018806969992311209	0.004043081789335309	-5.212298482810858e-05	0.0	0.0	0.0
70372.73657226562	0.002379749237013248	0.005086583442219522	-5.462824067952979e-05	0.0	0.0	0.0
70638.16625976562	0.004126979993822408	0.0012803398380813544	-5.076672981306623e-05	0.0	0.0	0.0
70960.94653320312	0.005188130688996722	-0.0008069886229883491	-5.422868979032438e-05	0.0	0.0	0.0
71239.337890625	-0.004592798807010334	-0.006344806209368244	-3.945127641385298e-05	0.0	0.0	0.0
71488.95532226562	-0.0022298872928201486	0.003182229921636297	-7.12284426428547e-05	0.0	0.0	0.0
71754.64990234375	-0.0017367583434200538	0.004947637929081466	-8.218628291560444e-05	0.0	0.0	0.0
72015.40502929688	-0.00029413890294015667	0.0006980808083754161	-8.153854314226264e-05	0.0	0.0	0.0
72273.1162109375	0.003542311576797204	-2.2444577673951962e-05	-9.252411341106394e-05	0.0	0.0	0.0
72555.64477539062	-0.005672514003260739	0.005963491136137615	-9.998082146445169e-05	0.0	0.0	0.0
72775.50732421875	0.0035172499297384495	0.004731034702621368	-0.00011848635959484078	0.0	0.0	0.0
73048.28100585938	-0.0006580263984020921	0.0037518190644913125	-0.00011177641671503475	0.0	0.0	0.0
73273.04541015625	0.0021652425806208617	0.011761189579382032	-0.00013290272995752	0.0	0.0	0.0
73547.77465820312	-0.002596058908770145	0.0008404895528986286	-0.00010171753828106789	0.0	0.0	0.0
73791.71166992188	0.008613010566304804	-0.0020231337088628216	-0.00011509931243412832	0.0	0.0	0.0
74043.74340820312	0.000892990543167117	0.005455156253665075	-0.0001232659760178732	0.0	0.0	0.0
74258.751953125	-0.0032150363730032465	-0.0009458693495263825	-0.00010159797608345347	0.0	0.0	0.0
74490.25122070312	0.0025335946255853736	0.0012033465380302472	-0.0001037533031901153	0.0	0.0	0.0
74739.98950195312	-0.0033296784140124623	-0.000840296296880984	-7.43788752291543e-05	0.0	0.0	0.0
75042.2578125	0.004680557270238711	-0.008268279098891754	-5.601615100117577e-05	0.0	0.0	0.0
75298.17529296875	0.002266803547865389	-0.007430614923311161	-4.049513192735088e-05	0.0	0.0	0.0
75554.57861328125	0.001776189134682117	-0.0027784779024092325	-3.4280003622874635e-05	0.0	0.0	0.0
75855.19262695312	0.0040434292798695705	-0.001122449368595089	-2.6666108363044593e-05	0.0	0.0	0.0
76088.119140625	-0.003876130044654656	-0.005426349595364631	7.908258592337337e-06	0.0	0.0	0.0
76385.85229492188	-0.00024101707040381025	0.0004579195837146329	-1.0615875241678449e-08	0.0	0.0	0.0
76603.9287109375	0.009456071009643699	0.00017674061715401294	-7.446695761478287e-06	0.0	0.0	0.0
76844.19140625	0.0031992127573778665	0.005956854307432017	-2.657702850020245e-06	0.0	0.0	0.0
77096.19140625	-0.00027574822575454915	-0.0022608575054995257	2.5211759798773116e-05	0.0	0.0	0.0
77374.49829101562	0.003926885112981057	0.001714615895542874	1.0364645300693041e-05	0.0	0.0	0.0
77579.60571289062	0.0034908805266073615	0.0016615710385212148	1.4477319708659204e-05	0.0	0.0	0.0
77901.677734375	0.004572285092231632	0.0024363591085733508	1.6840748249378078e-05	0.0	0.0	0.0
78148.7734375	0.00137312112931793	0.0018597002881491906	2.7956665279916e-05	0.0	0.0	0.0
78453.99267578125	-0.005703778228834393	0.004180619123019983	3.683714674806681e-05	0.0	0.0	0.0
78708.04028320312	0.010981286420774717	0.00800019315298054	-2.1959101501666946e-06	0.0	0.0	0.0
78940.27197265625	-0.004701566119828419	-0.0012691235944826173	5.0733076680002615e-05	0.0	0.0	0.0
79237.72387695312	0.0003278528224776738	0.008920659353287494	1.9554572079780923e-05	0.0	0.0	0.0
79450.0390625	0.0007676481235682816	0.0027930829949556796	2.7238508521542284e-05	0.0	0.0	0.0
79685.35107421875	-0.0030164350280888204	0.002390952667094735	2.6647573817629376e-05	0.0	0.0	0.0
79939.23217773438	-0.0059876165357557526	-0.00449602208162657	3.9509339494818214e-05	0.0	0.0	0.0
80242.84423828125	-0.004647583392648638	-0.0022375630683820424	2.197152682814171e-05	0.0	0.0	0.0
80456.4130859375	0.000863328531555505	0.004380879021961296	-7.851602057553393e-06	0.0	0.0	0.0
80699.517578125	0.0039753931738121685	-0.0050729707813840265	5.0738497044963904e-06	0.0	0.0	0.0
80948.19384765625	0.0023688782889110804	-0.0025895578225037337	8.407559208849558e-07	0.0	0.0	0.0
81216.75708007812	0.005380904103966857	-0.007275474818871685	3.982254996950456e-06	0.0	0.0	0.0
81433.12182617188	0.00439597939160746	0.00804984847338342	-2.915906247669975e-05	0.0	0.0	0.0
81667.79638671875	-0.00036679758486400784	0.0019322069521190517	-1.056466183096347e-05	0.0	0.0	0.0
81946.84912109375	0.007480351986752597	0.005452810733387491	-3.84007879562103e-05	0.0	0.0	0.0
82266.14453125	0.0031327430955320843	0.0033909743978198293	-2.7193533582120642e-05	0.0	0.0	0.0
82508.59057617188	0.004248116582600136	0.0013135823450034629	-2.990458643739553e-05	0.0	0.0	0.0
82774.91357421875	0.0011432867785883055	0.0007386028434318643	-2.5304479698054906e-05	0.0	0.0	0.0
83007.27709960938	-0.0003250058283310199	0.0070315557485218574	-3.906998187140722e-05	0.0	0.0	0.0
83267.41943359375	0.004120073532548951	0.0009431625015615905	-4.377011377037945e-05	0.0	0.0	0.0
83523.68334960938	-0.0037949517480612037	0.0038981262537428566	-3.8200275737358836e-05	0.0	0.0	0.0
83782.15771484375	-0.0011427344699642705	0.0011481254389475966	-4.176725865415734e-05	0.0	0.0	0.0
84072.46606445312	-0.0006207932784958026	-0.0015617191781753111	-3.734718034939589e-05	0.0	0.0	0.0
84393.85522460938	0.0007972908234294173	-0.004199767944602831	-3.504585551307106e-05	0.0	0.0	0.0
84628.38745117188	-0.0012962652909383752	-0.00183986309915003	-3.411349622879227e-05	0.0	0.0	0.0
84935.65673828125	-0.0007028765752944954	0.002384312622628123	-4.154828493890686e-05	0.0	0.0	0.0
85275.69360351562	0.002218268555567889	-0.0004381242278641325	-4.077239776947797e-05	0.0	0.0	0.0
85504.27319335938	0.007565256592971187	0.0077922022840902164	-7.132314606548537e-05	0.0	0.0	0.0
85767.31567382812	0.002925599659906214	0.009521673269166718	-5.801785401685853e-05	0.0	0.0	0.0
86007.16235351562	0.0062922972028516926	0.002235020359937347	-4.214494866445752e-05	0.0	0.0	0.0
86274.63427734375	0.004478184452703901	-0.0005006770833483202	-1.9859244096166088e-05	0.0	0.0	0.0
86586.83203125	0.003149197160018328	-0.0021442739509440834	3.133399715001038e-08	0.0	0.0	0.0
86863.13989257812	0.007168568913444803	0.003552942363730127	-1.0974042920264341e-05	0.0	0.0	0.0
87222.74072265625	0.0022736196209964263	-0.0001861093373831783	2.432697692699783e-05	0.0	0.0	0.0
87465.75317382812	0.0041550827662294966	-0.0030017668273873087	4.579590359247679e-05	0.0	0.0	0.0
87702.00048828125	-0.008071434387336386	-0.0003647943117718162	8.525783713502576e-05	0.0	0.0	0.0
87914.10131835938	0.0011473295420557066	-0.0011373253732532456	7.319493889798786e-05	0.0	0.0	0.0
88284.1962890625	-0.0028799061338450555	-0.0034694756613903818	9.587318559459092e-05	0.0	0.0	0.0
88522.54272460938	0.0016421189608642676	0.010470335725692012	5.725939800867675e-05	0.0	0.0	0.0
88792.52514648438	-0.0003112004211033882	0.0014475506904687175	8.445744494016881e-05	0.0	0.0	0.0
89037.33032226562	-0.0039395812231034005	-0.0024013817305418143	0.00010125118177717871	0.0	0.0	0.0
89262.55639648438	-0.00036327534193584594	0.0034101573527648144	7.816906438868357e-05	0.0	0.0	0.0
89546.86547851562	0.0021803469302119185	0.003147163381281765	7.285374415432483e-05	0.0	0.0	0.0
89800.47436523438	0.0034338768747338103	-0.0027351252962515477	8.405077358036586e-05	0.0	0.0	0.0
90085.64868164062	4.276357861721185e-05	0.000260633973278139	8.863254169227407e-05	0.0	0.0	0.0
90324.63452148438	0.0009826951534739519	0.009628497624257276	6.082622437881265e-05	0.0	0.0	0.0
90610.51416015625	0.007812717572572934	-0.0012611903274631238	5.7676124902885176e-05	0.0	0.0	0.0
90815.62768554688	0.003389134215279132	-0.0016997515515060138	6.25691763034835e-05	0.0	0.0	0.0
91138.87329101562	-0.0007198513927108304	0.0037151219263699725	5.8951533548097954e-05	0.0	0.0	0.0
91377.17822265625	0.0001517289862465522	-0.0024322832294686346	6.109687184688868e-05	0.0	0.0	0.0
91709.05029296875	-0.0009781447952942775	0.005299755687087186	3.778016950712044e-05	0.0	0.0	0.0
91952.70288085938	0.0020413530985005338	-0.0009460605051641864	3.22708674455456e-05	0.0	0.0	0.0
92210.62133789062	-0.000936371807940979	0.0009927331286436493	3.537587808959586e-05	0.0	0.0	0.0
92482.892578125	0.0034445318490503537	-0.0010834732671638773	2.616487447867501e-05	0.0	0.0	0.0
92736.00903320312	0.004423086279525045	0.005522685525886673	5.364456612162755e-06	0.0	0.0	0.0
92966.59155273438	0.002730750233379721	-0.0004396653167440517	1.5789401339995038e-05	0.0	0.0	0.0
93208.97290039062	0.0036302714528555244	-0.002280358833504725	9.780326154573728e-06	0.0	0.0	0.0
93512.22314453125	0.006884348695077652	0.0012906595162534807	-1.5124423734610875e-05	0.0	0.0	0.0
93761.7734375	-0.002699919054914736	0.001792100169098829	4.946385384982276e-06	0.0	0.0	0.0
94070.98950195312	0.0007089879766372653	0.00366808182342416	-2.4608085958004687e-05	0.0	0.0	0.0
94339.228515625	0.0013737567413271104	-0.0028541095120658937	-2.7687938046911355e-05	0.0	0.0	0.0
94587.70751953125	-0.00010715214467131146	0.005450272063789861	-4.270014028722502e-05	0.0	0.0	0.0
94883.04858398438	0.006440990613681872	0.003056159539416044	-5.8686833154925395e-05	0.0	0.0	0.0
95138.6162109375	0.005739561654353414	-0.004250957902773834	-4.084954840310285e-05	0.0	0.0	0.0
95496.82666015625	-0.0031058025583568867	0.0021804966238389506	-2.7214203398018752e-05	0.0	0.0	0.0
95741.43359375	0.008691368735069175	0.008080900989789183	-8.094104703840274e-05	0.0	0.0	0.0
95967.02099609375	0.003867594276374119	0.0006592135846683865	-5.2254647325133375e-05	0.0	0.0	0.0
96241.9931640625	-0.004479256095342345	-0.0011533629211887375	-2.2720625097548365e-05	0.0	0.0	0.0
96515.63842773438	0.007351350831660108	0.00012287687162481094	-6.537835898621862e-05	0.0	0.0	0.0
96871.62670898438	0.0025398893175226245	0.0032365840393366804	-5.581013855037412e-05	0.0	0.0	0.0
97166.62841796875	-0.001317189320761511	-0.0023745948029246897	-3.264701171110628e-05	0.0	0.0	0.0
97410.654296875	0.00910604982458628	-0.0011041779736168209	-6.942236798795249e-05	0.0	0.0	0.0
97631.546875	0.002111167745568654	0.007342544143963521	-5.9649700881479317e-05	0.0	0.0	0.0
97904.2744140625	-0.0016779683363487596	9.186503943902739e-05	-3.998560487107896e-05	0.0	0.0	0.0
98123.85327148438	0.0031298783843929485	0.00035133969167521764	-6.465002415798372e-05	0.0	0.0	0.0
98350.90478515625	-0.00023017526715615115	-0.005392555282807141	-5.096413078793186e-05	0.0	0.0	0.0
98582.60302734375	-0.0029404988422981164	0.0019035108282119018	-6.713018577693714e-05	0.0	0.0	0.0
98865.97778320312	0.0012928556794684761	0.004543898096104499	-9.587143485489536e-05	0.0	0.0	0.0
99120.11669921875	-0.005447524729892133	0.007824921126301556	-8.646723089273318e-05	0.0	0.0	0.0
99372.05078125	-0.0013956107070437521	0.00913611275046141	-0.00010672545039230176	0.0	0.0	0.0
99759.21850585938	-0.0020202705595647416	-0.007905393426258064	-7.086897356098487e-05	0.0	0.0	0.0
100086.572265625	0.005627381687290755	9.153483431628752e-05	-0.00011753147633857317	0.0	0.0	0.0
100329.748046875	0.002593460715900253	0.00398621440735907	-0.00012408908550879592	0.0	0.0	0.0
100631.98876953125	0.006261222219142531	-0.005780176228018927	-0.0001194979038500467	0.0	0.0	0.0
100945.00048828125	0.004540983481898931	-0.004378313022787646	-0.0001158383627562847	0.0	0.0	0.0
101231.42846679688	0.0007198549235453569	-0.0011616680957108642	-0.00011286487548347288	0.0	0.0	0.0
101533.65185546875	0.006938277281921012	-0.0027550555671017494	-0.00013882827135748926	0.0	0.0	0.0
101814.7734375	-0.004448954343859304	-0.002283535940060205	-0.00011134160330674904	0.0	0.0	0.0
102152.56225585938	0.0001428666424734591	0.007942246837381556	-0.00015896060236738005	0.0	0.0	0.0
102454.93188476562	0.005862505960397947	-0.001295954642066288	-0.0001655893138097212	0.0	0.0	0.0
102722.12939453125	0.0010338870671736816	0.004731983962026095	-0.00016459891991820532	0.0	0.0	0.0
103040.99877929688	0.004294371199181501	0.004186402335875144	-0.00017192317233025357	0.0	0.0	0.0
103289.79174804688	0.013069170438361827	0.0028320019258393256	-0.00019504832019808088	0.0	0.0	0.0
103553.17846679688	0.0032994204016242906	-0.003833368462051127	-0.00014189888688405432	0.0	0.0	0.0
103845.58447265625	0.006635383478150774	-0.0006361215878902674	-0.0001549986535614934	0.0	0.0	0.0
104141.234375	0.003046608291067776	0.0027099088893027526	-0.00014321182987332522	0.0	0.0	0.0
104435.9228515625	-0.0006217982173952917	0.0036003595425041957	-0.00012890172253892326	0.0	0.0	0.0
104774.64892578125	0.0016333125200698822	0.003917784492897723	-0.0001364573299405164	0.0	0.0	0.0
105114.24243164062	0.0008301606874085098	0.0036077148959032107	-0.0001268965495970576	0.0	0.0	0.0
105368.83178710938	0.003329329644537393	-0.0048530632603800425	-0.00011109474914629978	0.0	0.0	0.0
105648.28662109375	0.004280005081038484	0.00111565989515695	-0.00012318263255371842	0.0	0.0	0.0
105968.01220703125	-0.0017846950041125636	0.0020283175197811864	-9.602665832805802e-05	0.0	0.0	0.0
106235.69970703125	0.0006500266532561816	0.007763608993794613	-0.00010746279074250341	0.0	0.0	0.0
106519.96508789062	0.004464655910084581	0.0003232466626923041	-8.934523662736052e-05	0.0	0.0	0.0
106773.05688476562	-0.0032370970250021306	0.010106771516764543	-7.463021077996206e-05	0.0	0.0	0.0
107043.1591796875	0.00034425581741549436	-0.004393820745169584	-4.23798016322864e-05	0.0	0.0	0.0
107340.08081054688	-0.0008726213804557301	0.0038947185366252197	-4.996647905491845e-05	0.0	0.0	0.0
107572.201171875	0.00371637671653359	0.005468706109690845	-6.535956937890773e-05	0.0	0.0	0.0
107925.2353515625	-0.00019748589582820517	-0.006504453452518243	-1.947280027075984e-05	0.0	0.0	0.0
108222.40209960938	0.006240816081229561	-0.0006151067262936178	-4.9539991612547406e-05	0.0	0.0	0.0
108520.658203125	0.0031723110874930017	0.0012783051555503107	-3.869218862929975e-05	0.0	0.0	0.0
108847.72534179688	0.004859010569381573	0.0016484581852335904	-4.225609349619879e-05	0.0	0.0	0.0
109142.54711914062	-0.0012549546580986354	0.00362884471378632	-2.1077172216896202e-05	0.0	0.0	0.0
109506.15380859375	0.003167850476479662	-0.0007554836601237511	-2.6499944610836882e-05	0.0	0.0	0.0
109776.5322265625	0.0011044587948971691	0.004121846153894214	-3.33334178390747e-05	0.0	0.0	0.0
110084.69287109375	0.0033293871289859704	0.006062225255938647	-5.9236863514059885e-05	0.0	0.0	0.0
110315.95263671875	0.01102526733709275	-0.0011050809347510624	-8.654481554911563e-05	0.0	0.0	0.0
110634.04931640625	0.0019172679970344718	-0.0011506811391652932	-7.483169421113805e-05	0.0	0.0	0.0
110936.84594726562	0.005794281591701221	0.0016039560273326244	-0.00011444330011751683	0.0	0.0	0.0
111249.3896484375	0.0017745518515529083	0.002590855643706578	-0.00012910288076997567	0.0	0.0	0.0
111531.80078125	0.0041956367810924485	-0.002527117823025661	-0.00014869603212866326	0.0	0.0	0.0
111907.4453125	-0.00500390514759815	-0.0002640203935494097	-0.00013828875038170737	0.0	0.0	0.0
112219.45483398438	0.003292721677442978	-0.0009346796051237439	-0.0001905505530812598	0.0	0.0	0.0
112521.97436523438	-0.0014552206564082653	0.008413869068882002	-0.0002226037396271615	0.0	0.0	0.0
112748.70776367188	0.001706551578453788	-0.00021156845550771074	-0.0002426401682187448	0.0	0.0	0.0
113115.90893554688	0.006619799917112436	0.0045790294676119215	-0.0002839550682299398	0.0	0.0	0.0
113379.49438476562	-0.007911285093388202	0.0014093827999760555	-0.00024037722534913405	0.0	0.0	0.0
113686.98901367188	0.004596086850894522	-0.004812966371878959	-0.00028008501113802324	0.0	0.0	0.0
113925.14672851562	0.00438914672768281	0.001273092274857834	-0.00030796238273310666	0.0	0.0	0.0
114203.44409179688	-0.0018406449019332056	0.002021701333020241	-0.00029944210361140133	0.0	0.0	0.0
114525.33935546875	0.0029325812265678258	0.005992296748408531	-0.00033463244329685784	0.0	0.0	0.0
114782.27075195312	-0.0023221734576637145	0.0024668265134698353	-0.00031132212815022323	0.0	0.0	0.0
115047.08618164062	-0.0004526923018243474	0.004103999631270715	-0.000324206391943012	0.0	0.0	0.0
115289.27416992188	0.0017626496244733296	0.0068657601662566806	-0.00034610829032088563	0.0	0.0	0.0
115556.34057617188	0.00752223060949345	-0.0024783749982375436	-0.0003149734553252561	0.0	0.0	0.0
115824.7470703125	-0.0012324088672117065	-0.00439901543562745	-0.00027232246716950233	0.0	0.0	0.0
116132.55493164062	0.006103820670852489	0.007833959226007886	-0.0003345528145672067	0.0	0.0	0.0
116474.28784179688	0.008470377284355514	0.00043615311178960594	-0.0003094624453963963	0.0	0.0	0.0
116779.09423828125	0.009930141266022716	0.0016249789549740525	-0.00031144209804586466	0.0	0.0	0.0
117042.10009765625	0.0026531618592221646	0.0013104637711321325	-0.00027787945847209154	0.0	0.0	0.0
117352.66064453125	-0.002576606933183601	0.0051691133846482945	-0.00027021999001326395	0.0	0.0	0.0
117644.484375	0.0031758708592297858	-0.0025280812492875226	-0.0002420666180908456	0.0	0.0	0.0
117948.49487304688	0.0006159035169621636	0.005013253749314394	-0.0002567635055907469	0.0	0.0	0.0
118204.10571289062	0.002175364979303517	0.0049650194071128	-0.000253171370045141	0.0	0.0	0.0
118510.15869140625	-0.0013894066518647177	0.005627352222166111	-0.00022932345102290397	0.0	0.0	0.0
118794.80639648438	-0.0004198806162520102	-0.0020240687373814736	-0.00018691859739578445	0.0	0.0	0.0
119102.35131835938	-0.00060143021242372	-0.0004711062781190892	-0.0001827542832943459	0.0	0.0	0.0
119304.71166992188	-0.004806938944695286	0.000601885241573031	-0.0001702862170294216	0.0	0.0	0.0
119596.33325195312	0.007195798036605833	0.005399863205855851	-0.00020414658036780456	0.0	0.0	0.0
119907.9482421875	0.0041058997820747015	0.0034413813777606074	-0.00018349386470883423	0.0	0.0	0.0
120172.63500976562	0.0003968641799932913	-0.0035525815935168827	-0.00013984505583886377	0.0	0.0	0.0
120426.9873046875	-0.003972092153075034	0.0008363893494291941	-0.00014663843865797606	0.0	0.0	0.0
120699.20532226562	0.00025375240972456677	0.0021953498183405235	-0.00014908403283050368	0.0	0.0	0.0
120986.66186523438	0.0019139374641747504	0.0032236863118760817	-0.0001425236121234102	0.0	0.0	0.0
121245.11083984375	-0.0059840108749088985	-0.003931858924936781	-8.66534234271852e-05	0.0	0.0	0.0
121517.689453125	-0.004147903660767357	0.005110441811164708	-0.00011649045106968297	0.0	0.0	0.0
121823.19604492188	0.006807103529545156	0.0035756826147745817	-0.00010127753208657649	0.0	0.0	0.0
122125.39477539062	0.002707671947293187	0.008941010367816015	-0.00011758464056950486	0.0	0.0	0.0
122410.4306640625	-0.0005120222993064336	-0.00048785833751693126	-6.393851536153856e-05	0.0	0.0	0.0
122678.00537109375	0.007163133456778764	7.537072657437807e-05	-6.548395505080547e-05	0.0	0.0	0.0
122964.85595703125	-0.007756561003748083	0.0011646452788569557	-7.913662902292582e-05	0.0	0.0	0.0
123195.0078125	0.0020827894941464007	0.014651032543140634	-0.00014490234690076221	0.0	0.0	0.0
123472.23852539062	-0.006706767173159531	0.006976639375480094	-0.00011172020946616698	0.0	0.0	0.0
123818.73681640625	-0.0005058295911378078	0.007168120583953318	-0.00011473489942072742	0.0	0.0	0.0
124148.28686523438	-0.0036116975071112684	0.012289334459877578	-0.0001505634096454301	0.0	0.0	0.0
124413.3583984375	-0.0015597294321046571	0.0030294857930211884	-0.00011096566706726214	0.0	0.0	0.0
124686.99633789062	-0.003670780411690203	0.006317482143171039	-0.00013248656507656282	0.0	0.0	0.0
124967.40576171875	-0.005724692600304187	0.007535485123804586	-0.00014089811151022193	0.0	0.0	0.0
125307.56079101562	-0.00037502877409225814	0.006576968109698377	-0.00013286542161781512	0.0	0.0	0.0
125645.26123046875	0.002207342584286621	-0.003760227376532481	-8.182240570848829e-05	0.0	0.0	0.0
125969.17041015625	0.00017938659120729177	-0.002118356981174985	-8.958655983009182e-05	0.0	0.0	0.0
126218.94213867188	-0.0027419993769599344	0.004023270044391439	-0.00012247059786400696	0.0	0.0	0.0
126471.3984375	0.001777133876406642	0.007895388441805914	-0.00013878078545121516	0.0	0.0	0.0
126744.61303710938	0.0013922799602229226	-0.0022554578661150076	-9.193998083550522e-05	0.0	0.0	0.0
127034.26318359375	0.005021171035279817	-0.00012418875616909393	-9.297448169286082e-05	0.0	0.0	0.0
127300.634765625	0.006320336133955451	-0.005237092372497941	-5.859892267618027e-05	0.0	0.0	0.0
127632.26123046875	-0.009303355309265996	0.005938086696142048	-0.00012290204338444625	0.0	0.0	0.0
127887.94458007812	0.006739379145936977	0.0029211299138008325	-7.106399460092534e-05	0.0	0.0	0.0
128153.69799804688	0.004484445353403824	-0.002438152630342146	-3.398449638113754e-05	0.0	0.0	0.0
128464.32666015625	-0.002834538568587518	0.005658996310584492	-7.200113382868699e-05	0.0	0.0	0.0
128741.25024414062	-0.00604409113856453	0.003310969312090745	-5.530575128212402e-05	0.0	0.0	0.0
129010.83129882812	-0.0015797407653899626	-0.006350764430749923	1.310608460317203e-05	0.0	0.0	0.0
129274.96948242188	0.003060777592187554	0.005268156763159801	-2.3871984343423953e-05	0.0	0.0	0.0
129569.21997070312	-0.00452700906518845	0.0028446758352852716	-1.3217756090434054e-05	0.0	0.0	0.0
129844.8583984375	-0.008683653486864291	0.0011869781000903158	5.340675236321988e-07	0.0	0.0	0.0
130075.79663085938	-0.0014665146902647327	0.0012846660992596058	2.7252185338378836e-05	0.0	0.0	0.0
130313.42456054688	-0.0012104547572516595	0.0010554482142660253	3.6779603046519494e-05	0.0	0.0	0.0
130585.84301757812	0.0020442234843448905	0.0070902964488590665	2.0172247276916753e-05	0.0	0.0	0.0
130939.96166992188	-0.007886329682941309	0.0046914908587775694	1.2571811415423694e-05	0.0	0.0	0.0
131304.99536132812	-0.0034720180556466335	-0.002048960117510914	5.659935036523467e-05	0.0	0.0	0.0
131690.39575195312	0.004927026081901303	0.002428256834344446	5.315976277364029e-05	0.0	0.0	0.0
132050.92504882812	0.0046151368988194205	0.004761502633774837	4.091655272951537e-05	0.0	0.0	0.0
132397.677734375	0.0004423217771249261	0.005996467872888592	2.221168065514726e-05	0.0	0.0	0.0
132698.140625	-0.0034429519330074587	-0.0041284121805299666	6.29104998391513e-05	0.0	0.0	0.0
132953.66528320312	-0.00031179377980602616	-0.0008151510960889777	5.1184963423081394e-05	0.0	0.0	0.0
133201.21484375	-0.008712889504189582	0.001916948868847391	1.5069465765690814e-05	0.0	0.0	0.0
133539.26635742188	-0.0077126913532138885	0.005659782191734762	-4.923607801209699e-06	0.0	0.0	0.0
133857.42407226562	0.003214077750863374	0.007342205156203614	6.498277236912837e-06	0.0	0.0	0.0
134169.7158203125	-6.37610361348508e-05	0.003522440410375876	6.289072877526293e-06	0.0	0.0	0.0
134470.751953125	-0.006199224647710663	0.0015192270212828532	-9.287573792298053e-06	0.0	0.0	0.0
134803.16870117188	0.002918623065949192	0.0025135784233154437	-4.063129395024958e-06	0.0	0.0	0.0
135048.6201171875	-0.0033237874210592343	0.0008483753247043914	-2.4928538538576132e-05	0.0	0.0	0.0
135400.46264648438	-0.004184061199570862	-0.005339534526057434	-1.0295032332350541e-05	0.0	0.0	0.0
135716.7802734375	-0.005956047096973979	0.009633717137907984	-0.00010686076971893283	0.0	0.0	0.0
135980.84130859375	-0.0009341002906362454	0.006756808669560962	-9.312530861537174e-05	0.0	0.0	0.0
136226.82373046875	-0.007217827549785185	0.007856695788749854	-0.0001292303748691369	0.0	0.0	0.0
136548.296875	0.0014165452230871412	0.005858035437729364	-0.00010845500192978774	0.0	0.0	0.0
136850.1083984375	-0.000608189851501149	0.001417433643293589	-0.00010337658317283632	0.0	0.0	0.0
137109.93896484375	0.0014528103155472464	0.007698241060703576	-0.00014043762075320265	0.0	0.0	0.0
137418.86791992188	-0.0002726746169192301	-0.0016515408501073905	-0.00010880623223691354	0.0	0.0	0.0
137688.53564453125	-0.004918065881363521	0.00545571686797772	-0.0001662439484887854	0.0	0.0	0.0
137995.63159179688	-0.003619634380509487	0.0070854910213947854	-0.00017679280509080698	0.0	0.0	0.0
138265.3154296875	0.0030433148095721564	0.005288290554629703	-0.00014891480375462212	0.0	0.0	0.0
138527.52905273438	-0.00105639571355784	0.003516882960338818	-0.00015308108853572617	0.0	0.0	0.0
138819.74462890625	0.002436084944917578	0.0056711526383368	-0.0001511399859502597	0.0	0.0	0.0
139107.35327148438	-0.00490015696607644	-0.0006164815556886165	-0.00015128392811276044	0.0	0.0	0.0
139367.11987304688	0.0014912730456502095	0.00034538837351883454	-0.00013834258392221832	0.0	0.0	0.0
139600.95727539062	-0.0018924428181558133	0.005326597889988079	-0.000171785268072319	0.0	0.0	0.0
139846.12670898438	-0.0029990989241635477	0.008185145769598537	-0.0001869141789944104	0.0	0.0	0.0
140067.0302734375	-0.006706663153553306	0.0032456055658989067	-0.00017496486949335885	0.0	0.0	0.0
140311.5546875	-0.0023206787871825406	0.009362944859212703	-0.00017864706638644337	0.0	0.0	0.0
140564.56787109375	-0.0008407695690565617	-0.005528383581262179	-0.00010848505136983777	0.0	0.0	0.0
140863.556640625	0.0010711510341417986	-0.007141357768072154	-9.671659045115349e-05	0.0	0.0	0.0
141083.55151367188	0.00012286523771235742	-0.0027394536215527444	-0.00013037311016234434	0.0	0.0	0.0
141343.00708007812	-0.006010784296294067	0.004234830407349896	-0.00019391565210056773	0.0	0.0	0.0
141627.1572265625	0.0032234323435682295	0.0005500777220075065	-0.00013406472444858273	0.0	0.0	0.0
141926.99365234375	-0.0007850706104638397	0.00340112540141555	-0.0001777079309382503	0.0	0.0	0.0
142188.58837890625	-0.00321924639126047	-0.0005550300215286168	-0.00019227779167430372	0.0	0.0	0.0
142428.68676757812	-0.005163384712326466	-0.0022958684331515584	-0.0002125821765748877	0.0	0.0	0.0
142692.572265625	0.003766552850169004	0.0009689169825469843	-0.00017739815910588656	0.0	0.0	0.0
142943.65087890625	0.0014016545644171294	-0.002607156278252341	-0.00019940427993116855	0.0	0.0	0.0
143220.4482421875	-0.005233980882642229	-0.004051124180123889	-0.0002344853105918548	0.0	0.0	0.0
143473.2373046875	-0.004085262163723175	0.0014231906070782127	-0.00023493268684844453	0.0	0.0	0.0
143709.0771484375	-0.0033278662590057817	-0.0016062042059164418	-0.00022005845258116734	0.0	0.0	0.0
143964.16357421875	-0.0030134782363363533	-0.003135794041869287	-0.00021034238640338176	0.0	0.0	0.0
144194.65625	-0.005014355473790805	-0.001270169435812771	-0.00021982508489946974	0.0	0.0	0.0
144414.94702148438	-0.00351184868272671	-0.0033909091368157325	-0.00020512736308817242	0.0	0.0	0.0
144629.08422851562	-0.0056846163512257976	0.0004750896616503494	-0.0002140213547372615	0.0	0.0	0.0
144847.46997070312	-0.012589422028160137	0.003745322958918059	-0.00024643868983266205	0.0	0.0	0.0
145118.93969726562	-0.00045885777612446533	0.0026451494106652816	-0.00015015117898654686	0.0	0.0	0.0
145353.11328125	-0.0051519200193709536	-0.0007665566807832063	-0.00016165793024765462	0.0	0.0	0.0
145561.09741210938	-0.003580774246244724	-0.0009964144698890822	-0.00013530070933561684	0.0	0.0	0.0
145820.392578125	-0.002327764934141485	0.0011902360410442918	-0.00011427812688846129	0.0	0.0	0.0
146041.47143554688	0.001469948300105523	-0.0031053686477498336	-8.47219387822069e-05	0.0	0.0	0.0
146310.84838867188	-0.0015426212420801202	0.005483023090501532	-9.902325344780562e-05	0.0	0.0	0.0
146552.94287109375	0.0016299249860584233	-0.002873512150078723	-8.410978804683253e-05	0.0	0.0	0.0
146778.83422851562	-0.00881249058845349	0.0022242377216004894	-0.00014357628322610684	0.0	0.0	0.0
147022.54052734375	-0.004789269068882355	-0.002778379538691079	-0.00012068712723502291	0.0	0.0	0.0
147281.49829101562	-0.008279147260003542	0.005376171736333539	-0.00013668824717298612	0.0	0.0	0.0
147551.99365234375	-0.010104437188527169	-0.0016572672998935007	-0.00016619661362109617	0.0	0.0	0.0
147828.43579101562	-0.010090297468526837	-0.004765686395790754	-0.0001781385977845133	0.0	0.0	0.0
148066.73999023438	-0.005372840970719065	-0.0016540146781681634	-0.00015607000905062688	0.0	0.0	0.0
148292.755859375	-0.004921285571806911	-0.0029521086681506712	-0.00016833792162160736	0.0	0.0	0.0
148554.66479492188	-0.011701381521637421	0.004749614739882262	-0.00020565487573775593	0.0	0.0	0.0
148798.66577148438	-0.006836122142483958	-0.00028877612480772446	-0.0001881825672114033	0.0	0.0	0.0
149012.00073242188	-0.002728244049218419	-0.0086642387276784	-0.00018477771243601828	0.0	0.0	0.0
149244.0654296875	-0.0027682007425567524	0.0013530168225964125	-0.00017430486998815806	0.0	0.0	0.0
149462.09643554688	-0.0036458663516001815	0.002270862705488667	-0.0001816411169952677	0.0	0.0	0.0
149719.40673828125	-0.006095085891197857	-0.004308177984290756	-0.00021448787490844717	0.0	0.0	0.0
149967.71875	0.00045594227410396395	0.005149979195147063	-0.00016267023205191158	0.0	0.0	0.0
150237.0966796875	-0.00804050167579329	0.0016107388274395262	-0.00022989735611916103	0.0	0.0	0.0
150503.25610351562	-0.004988893178348179	0.0008456601201580191	-0.00022305272728042952	0.0	0.0	0.0
150731.85888671875	-0.0032932367478573027	-0.007722396053470878	-0.00023932562615254103	0.0	0.0	0.0
150987.9404296875	-0.0011782214668663203	-0.010800362865180414	-0.0002416415257475392	0.0	0.0	0.0
151243.77514648438	-0.00553701440438875	0.0010770298336524105	-0.00025512573584754455	0.0	0.0	0.0
151473.75366210938	-0.00592152510524199	0.0018128666927373462	-0.0002782306459489278	0.0	0.0	0.0
151742.134765625	-0.006055505820841253	-0.0011908342664570589	-0.00030256019183827053	0.0	0.0	0.0
151957.875	-0.004129332091970571	-0.0041181168009108505	-0.0003108199002158936	0.0	0.0	0.0
152242.31079101562	-0.0038305899795114486	-0.002097073799854888	-0.000315792837209644	0.0	0.0	0.0
152489.66088867188	-0.007439927008977696	0.0011712613430435333	-0.00034351146611323445	0.0	0.0	0.0
152724.3125	0.0009084513256995502	0.005856415502015851	-0.0002643187061264941	0.0	0.0	0.0
153004.60571289062	-0.00442332336689782	-0.004339730777809567	-0.0003258980400856	0.0	0.0	0.0
153253.07348632812	0.0001755968922780531	0.0007030960343429744	-0.0002646716104532597	0.0	0.0	0.0
153493.9267578125	-0.004931650240308648	-0.0010791420559207745	-0.0002943528240072158	0.0	0.0	0.0
153774.81713867188	-0.004106208467828941	-0.0017193764406345314	-0.0002708124066926938	0.0	0.0	0.0
153994.61962890625	-0.007616403591041656	-0.0030431723512384687	-0.0002819282600344177	0.0	0.0	0.0
154213.06689453125	-0.004750832078940633	0.0007594209073634684	-0.0002250206598677952	0.0	0.0	0.0
154499.263671875	-0.004860488433751846	0.0027781833812462213	-0.00019188634223087997	0.0	0.0	0.0
154737.697265625	-0.009384782886815643	-0.0029458295686655	-0.00021606005744921624	0.0	0.0	0.0
154965.9716796875	-0.007490576013092984	0.00246234759287397	-0.0001522314055258698	0.0	0.0	0.0
155203.2353515625	-0.002316109320493627	-0.0025367751667640403	-9.175729998726486e-05	0.0	0.0	0.0
155422.03173828125	0.0017645710880916654	-0.002605541062148013	-2.905965246000568e-05	0.0	0.0	0.0
155657.68237304688	-0.009405104124605844	-0.01081811687947112	-0.00012134764597613894	0.0	0.0	0.0
155873.24145507812	-0.006407723096889295	0.0012167306107264742	-2.3952247990778368e-05	0.0	0.0	0.0
156107.58959960938	-0.0037132028243710806	-0.003977477395766713	1.3338694452333454e-05	0.0	0.0	0.0
156384.22875976562	-0.007656432035944952	-0.009855116354105044	-1.613549302659647e-05	0.0	0.0	0.0
156634.63061523438	-0.007684319877862106	-0.007775111307412292	2.2859825243058492e-05	0.0	0.0	0.0
156862.6162109375	-0.005571716745949775	-0.0001419708946906592	9.98760230837688e-05	0.0	0.0	0.0
157111.51245117188	-0.005993354530262955	-0.0006020937539972495	0.0001290423669653959	0.0	0.0	0.0
157361.0302734375	-0.003167205809732182	-0.0025755770460204326	0.00017068678406857713	0.0	0.0	0.0
157628.99389648438	-0.007418920494645072	-0.00955997330525429	0.00013552946969901287	0.0	0.0	0.0
157843.14770507812	-0.003311649780772136	-0.0025534804598383396	0.00022405993864848913	0.0	0.0	0.0
158043.47827148438	0.0009050833236069831	-0.004940238803782399	0.0002704227956867989	0.0	0.0	0.0
158317.41381835938	-0.0001429721873258823	-0.011914515419710281	0.0002512959928472989	0.0	0.0	0.0
158540.4365234375	-0.006003376838467856	-0.0018334600120342478	0.0002415321522618883	0.0	0.0	0.0
158768.19604492188	-0.003918358831332209	0.00017223737315508533	0.00029243385396786044	0.0	0.0	0.0
159010.69116210938	-0.007472214273728356	0.0049269006286254465	0.00027953391581107926	0.0	0.0	0.0
159267.083984375	-0.005677632857569215	0.002424996353340582	0.0003085447745833288	0.0	0.0	0.0
159558.796875	-0.007754842453447699	-0.002625354155294291	0.0002656550679034802	0.0	0.0	0.0
159794.97998046875	-0.003072826074995886	-0.0013771509617108468	0.00031399270391739483	0.0	0.0	0.0
160070.80200195312	-0.004971226010723217	-0.0022380208962749963	0.0002959608409767925	0.0	0.0	0.0
160320.60961914062	-0.0017148714559817022	-0.0024579433877885658	0.0003224804772318423	0.0	0.0	0.0
160531.8193359375	-0.005923068947790202	-0.002526540110760562	0.0002841487508641659	0.0	0.0	0.0
160799.59741210938	-0.0052161864188428565	-0.002414117815120739	0.0002703962902912294	0.0	0.0	0.0
161080.48217773438	-0.006462204220492166	-0.004890297239004819	0.0002353965225430813	0.0	0.0	0.0
161321.31665039062	-0.0024567099820538194	-0.006224125952576618	0.00025904080816164106	0.0	0.0	0.0
161549.73413085938	-0.007482410301656919	0.002511015535237054	0.0002247029344495599	0.0	0.0	0.0
