6901.249755859375	0.6962195998288222	0.5721445853442854	934.0116439964622	0.0	0.0	0.0
7109.537109375	0.6962195227526292	0.5721445472784015	934.011642315425	0.0	0.0	0.0
7323.243408203125	0.6962196080347787	0.5721445322681854	934.0116424793378	0.0	0.0	0.0
7532.519287109375	0.6962195551542504	0.5721444681272472	934.0116409258917	0.0	0.0	0.0
7738.633544921875	0.6962196116736243	0.5721445530279685	934.0116391470656	0.0	0.0	0.0
7948.508056640625	0.6962195663266215	0.5721445027087165	934.011637000367	0.0	0.0	0.0
8152.226318359375	0.6962195843485125	0.5721445550415065	934.0116440542042	0.0	0.0	0.0
8361.32958984375	0.6962195414446734	0.5721445665518899	934.0116393761709	0.0	0.0	0.0
8577.907958984375	0.6962195301042576	0.5721445681980857	934.01164176967	0.0	0.0	0.0
8790.189697265625	0.6962195568748804	0.5721445757079668	934.0116406073794	0.0	0.0	0.0
8994.338134765625	0.6962195169190144	0.5721445489745205	934.0116383545101	0.0	0.0	0.0
9198.907470703125	0.6962195439635764	0.5721444707679592	934.0116363270208	0.0	0.0	0.0
9400.8369140625	0.6962195902666498	0.5721445668550847	934.0116392672062	0.0	0.0	0.0
9604.48046875	0.6962195959244974	0.5721445685230623	934.0116387978196	0.0	0.0	0.0
9807.6015625	0.6962195853604415	0.5721445477052659	934.0116391815245	0.0	0.0	0.0
10011.680908203125	0.6962195565871107	0.5721445299112408	934.0116398660466	0.0	0.0	0.0
10219.6015625	0.6962195215878366	0.5721445368770651	934.0116394739598	0.0	0.0	0.0
10423.42529296875	0.6962195841348948	0.572144522889007	934.0116383722052	0.0	0.0	0.0
10629.284912109375	0.6962196492865618	0.5721444791648066	934.0116429887712	0.0	0.0	0.0
10830.5830078125	0.6962195406133207	0.572144556028705	934.0116357533261	0.0	0.0	0.0
11031.547119140625	0.6962196166063209	0.5721445713032919	934.0116413924843	0.0	0.0	0.0
11234.07177734375	0.6962196264259374	0.5721445728828156	934.0116416737437	0.0	0.0	0.0
11450.595703125	0.6962195277895374	0.5721444470941435	934.011639745906	0.0	0.0	0.0
11649.57470703125	0.6962195870932649	0.5721445797785628	934.0116409156471	0.0	0.0	0.0
11850.89599609375	0.6962195811726277	0.5721446078181053	934.0116391228512	0.0	0.0	0.0
12074.328857421875	0.6962196050232411	0.572144424870756	934.0116397878155	0.0	0.0	0.0
12345.2607421875	0.6962195842233572	0.5721445308366196	934.0116381188855	0.0	0.0	0.0
12588.49072265625	0.696219538465189	0.5721445929162341	934.0116394497454	0.0	0.0	0.0
12873.237060546875	0.6962195223822745	0.5721444656638063	934.011638732627	0.0	0.0	0.0
13205.22314453125	0.6962195544724263	0.5721445929988773	934.0116415182129	0.0	0.0	0.0
13435.484619140625	0.6962195700661984	0.5721445163827511	934.0116410292685	0.0	0.0	0.0
13735.024169921875	0.6962195402150189	0.5721445378596386	934.0116388816386	0.0	0.0	0.0
14019.670654296875	0.6962195806921523	0.5721445633701696	934.0116406464949	0.0	0.0	0.0
14298.48974609375	0.6962195502637424	0.5721445426112308	934.0116387456656	0.0	0.0	0.0
14577.142333984375	0.6962195761606439	0.5721445126734989	934.0116422213614	0.0	0.0	0.0
14854.33349609375	0.6962195617753829	0.5721445292209898	934.0116412518546	0.0	0.0	0.0
15102.082763671875	0.6962195661609256	0.5721445896509229	934.011639488861	0.0	0.0	0.0
15422.498046875	0.6962196368981051	0.5721445830670849	934.0116393901408	0.0	0.0	0.0
15683.506103515625	0.6962195334348175	0.5721444996498742	934.0116394590586	0.0	0.0	0.0
15963.3447265625	0.6962195236781767	0.5721444799845762	934.0116400113329	0.0	0.0	0.0
16242.181396484375	0.6962195333790024	0.5721444896368886	934.0116372769699	0.0	0.0	0.0
16528.95263671875	0.6962196324145791	0.5721445560440328	934.0116409230977	0.0	0.0	0.0
16776.069580078125	0.69621956699049	0.5721445057552658	934.0116391601041	0.0	0.0	0.0
17030.1748046875	0.6962195490782869	0.5721445822554827	934.0116424188018	0.0	0.0	0.0
17279.02197265625	0.6962195742359708	0.5721445187492666	934.0116386394948	0.0	0.0	0.0
17580.780029296875	0.6962196097109896	0.5721445114646774	934.0116420807317	0.0	0.0	0.0
17892.86279296875	0.6962195314404311	0.5721445368181242	934.0116422343999	0.0	0.0	0.0
18131.069091796875	0.6962195995634498	0.5721446433611319	934.0116411037743	0.0	0.0	0.0
18368.186279296875	0.6962195338992517	0.572144556137849	934.0116369985044	0.0	0.0	0.0
18676.554443359375	0.6962195571200693	0.5721445571491203	934.0116417473182	0.0	0.0	0.0
18958.25244140625	0.6962195699149553	0.572144500119486	934.0116411941126	0.0	0.0	0.0
19246.903564453125	0.6962195284245632	0.572144505910898	934.0116412630305	0.0	0.0	0.0
19596.87158203125	0.6962195722785024	0.5721445345977288	934.0116413002834	0.0	0.0	0.0
19946.340576171875	0.6962195761251757	0.5721444812278674	934.0116403000429	0.0	0.0	0.0
20211.751708984375	0.6962195828242517	0.5721445798575902	934.011642719619	0.0	0.0	0.0
20471.573974609375	0.6962195683081829	0.5721446242679884	934.0116424616426	0.0	0.0	0.0
20726.984375	0.6962196127300266	0.572144471254813	934.0116418870166	0.0	0.0	0.0
20996.128662109375	0.6962195391672238	0.5721445693172039	934.0116403670982	0.0	0.0	0.0
21279.92578125	0.696219617331215	0.5721444928506119	934.0116405403242	0.0	0.0	0.0
21587.23779296875	0.696219613883647	0.5721446195540921	934.0116409333423	0.0	0.0	0.0
21837.218017578125	0.6962195467592377	0.5721445621394211	934.0116368168965	0.0	0.0	0.0
22124.33544921875	0.6962195347579603	0.5721445320509644	934.0116382660344	0.0	0.0	0.0
22465.225830078125	0.6962195821985507	0.5721445059882352	934.0116420434788	0.0	0.0	0.0
22762.48681640625	0.6962195254238279	0.5721445874198438	934.0116431685165	0.0	0.0	0.0
23006.959716796875	0.6962195801430789	0.5721445018154983	934.0116412285715	0.0	0.0	0.0
23373.363037109375	0.6962195912720233	0.5721445335304487	934.0116433324292	0.0	0.0	0.0
23710.846435546875	0.6962195744502776	0.5721445864287509	934.0116394059733	0.0	0.0	0.0
24060.912841796875	0.6962195414330371	0.5721445657312776	934.011635767296	0.0	0.0	0.0
24442.50390625	0.6962195960490252	0.5721445730871325	934.011640297249	0.0	0.0	0.0
24717.537353515625	0.6962195746161639	0.5721445423207009	934.0116404229775	0.0	0.0	0.0
24993.800537109375	0.69621951556294	0.5721445301303906	934.0116412956268	0.0	0.0	0.0
25306.64111328125	0.6962195862097956	0.5721445812891223	934.0116387968883	0.0	0.0	0.0
25624.37890625	0.6962195472921827	0.5721444785252315	934.0116373579949	0.0	0.0	0.0
25917.273681640625	0.6962195458228891	0.5721444867081201	934.0116396555677	0.0	0.0	0.0
26259.981689453125	0.6962195910867501	0.57214446567743	934.0116410944611	0.0	0.0	0.0
26653.99609375	0.6962195869503373	0.5721445093640354	934.01163824182	0.0	0.0	0.0
26909.16259765625	0.6962195687088191	0.572144558886209	934.0116427289322	0.0	0.0	0.0
27159.752197265625	0.6962194937630206	0.5721445586440314	934.0116405552253	0.0	0.0	0.0
27447.34033203125	0.6962195640747525	0.5721445791621863	934.0116421328858	0.0	0.0	0.0
27706.76416015625	0.6962195699591232	0.5721444521318136	934.0116408271715	0.0	0.0	0.0
28016.10400390625	0.6962195916785245	0.5721444962214343	934.0116433510557	0.0	0.0	0.0
28341.658935546875	0.6962195406402483	0.5721445660006789	934.0116414139047	0.0	0.0	0.0
28625.93408203125	0.6962195784260744	0.5721445235537649	934.0116400448605	0.0	0.0	0.0
28894.6875	0.6962195684913474	0.5721445746515037	934.0116446465254	0.0	0.0	0.0
29178.5849609375	0.6962195472083739	0.5721445832574054	934.0116464495659	0.0	0.0	0.0
29485.819580078125	0.6962195065302538	0.5721444668076741	934.0116422660649	0.0	0.0	0.0
29750.328857421875	0.6962194994447244	0.5721445925186798	934.0116407144815	0.0	0.0	0.0
30006.64990234375	0.6962194775099525	0.5721445066620771	934.0116392681375	0.0	0.0	0.0
30259.645751953125	0.6962195391797854	0.5721445735843262	934.0116413086653	0.0	0.0	0.0
30549.22216796875	0.696219497641524	0.5721445114936142	934.0116384215653	0.0	0.0	0.0
30783.171630859375	0.6962194621806108	0.5721445721946096	934.0116429515183	0.0	0.0	0.0
31024.213623046875	0.6962194717841563	0.5721445399046139	934.0116403615102	0.0	0.0	0.0
31297.279052734375	0.6962194599192061	0.5721446162062866	934.0116391601041	0.0	0.0	0.0
31580.87451171875	0.6962194487254799	0.5721445665594586	934.0116375917569	0.0	0.0	0.0
31821.924072265625	0.6962194469825427	0.5721445235030996	934.0116410031915	0.0	0.0	0.0
32065.244140625	0.6962194385252738	0.5721444868840435	934.011642633006	0.0	0.0	0.0
32358.904296875	0.6962194274579069	0.5721445773011546	934.0116399265826	0.0	0.0	0.0
32626.5908203125	0.6962194518265046	0.5721445260752923	934.0116397542879	0.0	0.0	0.0
32926.302734375	0.6962194432393924	0.5721444961227723	934.0116397403181	0.0	0.0	0.0
33179.478759765625	0.6962193915340189	0.5721446125431154	934.0116402013227	0.0	0.0	0.0
33394.993408203125	0.6962194202524787	0.5721444881774386	934.0116405524313	0.0	0.0	0.0
33663.044189453125	0.696219424156861	0.5721445339056762	934.0116432206705	0.0	0.0	0.0
33902.32861328125	0.6962195128779356	0.5721445086705155	934.0116411102936	0.0	0.0	0.0
34115.267822265625	0.6962194275092844	0.5721444206992181	934.0116422986612	0.0	0.0	0.0
34394.5615234375	0.6962194668625756	0.5721445104142266	934.0116415470839	0.0	0.0	0.0
34629.0361328125	0.6962195156624102	0.5721444782625081	934.0116426078603	0.0	0.0	0.0
34923.66796875	0.6962195199749275	0.5721443502648051	934.01164066419	0.0	0.0	0.0
35196.85693359375	0.6962195603788127	0.5721444646099425	934.0116403978318	0.0	0.0	0.0
35534.128662109375	0.6962195437438918	0.5721444784239339	934.011639745906	0.0	0.0	0.0
35751.552001953125	0.6962195631551086	0.5721443755978984	934.0116400942206	0.0	0.0	0.0
35987.307861328125	0.696219506051982	0.5721443850051425	934.0116436174139	0.0	0.0	0.0
36241.53564453125	0.696219609063146	0.5721443800007232	934.0116403112188	0.0	0.0	0.0
36578.1982421875	0.6962195500596349	0.5721443364106951	934.0116390464827	0.0	0.0	0.0
36887.62158203125	0.6962195958414009	0.5721443546465184	934.0116399675608	0.0	0.0	0.0
37128.072998046875	0.6962196051566466	0.5721443905979172	934.0116406939924	0.0	0.0	0.0
37394.02734375	0.6962196299499154	0.5721444260620003	934.0116413040087	0.0	0.0	0.0
37674.718505859375	0.6962196038408893	0.5721443820199328	934.0116420257837	0.0	0.0	0.0
37979.168701171875	0.6962196341043477	0.5721443632397284	934.0116385724396	0.0	0.0	0.0
38231.5	0.6962195677848706	0.5721443872757653	934.011641414836	0.0	0.0	0.0
38471.3173828125	0.6962195091496894	0.5721443380020774	934.011638386175	0.0	0.0	0.0
38773.22900390625	0.6962195407104945	0.5721444524705194	934.011641821824	0.0	0.0	0.0
39026.91552734375	0.6962195404627732	0.5721443745327224	934.0116419019178	0.0	0.0	0.0
39287.656494140625	0.6962195094791702	0.5721443912677274	934.0116394953802	0.0	0.0	0.0
39610.787841796875	0.6962194932482123	0.57214439725055	934.0116422083229	0.0	0.0	0.0
39932.4814453125	0.696219478127119	0.5721444030734982	934.0116409445181	0.0	0.0	0.0
40176.419189453125	0.6962194984639919	0.5721443617740429	934.0116406735033	0.0	0.0	0.0
40434.41552734375	0.6962194850397678	0.5721444471051372	934.0116428239271	0.0	0.0	0.0
40748.829345703125	0.6962195256648691	0.5721443529140176	934.0116412881762	0.0	0.0	0.0
41065.259765625	0.6962195043990076	0.5721443879423287	934.0116402516142	0.0	0.0	0.0
41361.95556640625	0.6962195441225013	0.5721444016917051	934.0116404742002	0.0	0.0	0.0
41612.528076171875	0.6962194697340071	0.5721442959737905	934.0116431843489	0.0	0.0	0.0
41884.13427734375	0.6962195753696651	0.5721443533780748	934.0116396378726	0.0	0.0	0.0
42164.94140625	0.6962195845785721	0.5721443379392995	934.0116401230916	0.0	0.0	0.0
42442.746337890625	0.6962195473705093	0.5721442819500527	934.0116451634094	0.0	0.0	0.0
42734.166748046875	0.696219570548759	0.5721443540591292	934.0116410078481	0.0	0.0	0.0
42988.4091796875	0.6962196014888823	0.572144258925688	934.0116406967863	0.0	0.0	0.0
43294.692138671875	0.6962196102460324	0.5721442946291223	934.0116410199553	0.0	0.0	0.0
43522.537109375	0.6962195922585407	0.5721442330393196	934.0116396360099	0.0	0.0	0.0
43741.5283203125	0.6962196347174563	0.5721441844951797	934.0116409668699	0.0	0.0	0.0
44039.607421875	0.6962195720299469	0.5721441918928453	934.0116389160976	0.0	0.0	0.0
44309.12158203125	0.6962196585760506	0.5721440826619179	934.0116402460262	0.0	0.0	0.0
44528.849853515625	0.6962196825512428	0.5721440974567054	934.011639979668	0.0	0.0	0.0
44734.427978515625	0.6962196584449702	0.5721440389403828	934.0116414548829	0.0	0.0	0.0
45014.650634765625	0.6962196068075719	0.5721440445570489	934.0116412304342	0.0	0.0	0.0
45286.03125	0.6962197218303946	0.5721439781599821	934.0116433165967	0.0	0.0	0.0
45548.488037109375	0.6962197106264133	0.5721439341103821	934.0116439014673	0.0	0.0	0.0
45782.896484375	0.6962197119500393	0.5721439767664219	934.0116382222623	0.0	0.0	0.0
45997.36572265625	0.6962196972142453	0.5721439348038865	934.0116432020441	0.0	0.0	0.0
46291.415771484375	0.6962197446977642	0.5721439114636028	934.0116413449869	0.0	0.0	0.0
46552.538330078125	0.696219747806724	0.5721438416917833	934.0116378078237	0.0	0.0	0.0
46777.9697265625	0.696219696324235	0.5721437818925621	934.0116398679093	0.0	0.0	0.0
47036.39013671875	0.696219726412708	0.5721437691904051	934.0116396499798	0.0	0.0	0.0
47264.828369140625	0.6962197379366784	0.5721438255125806	934.0116379922256	0.0	0.0	0.0
47501.86767578125	0.6962197626777243	0.5721437552282578	934.0116410208866	0.0	0.0	0.0
47693.252197265625	0.6962197129065097	0.5721437055269374	934.0116419410333	0.0	0.0	0.0
47979.2880859375	0.696219745976085	0.5721436267761649	934.011639197357	0.0	0.0	0.0
48270.769287109375	0.696219734857098	0.5721436109978011	934.011641567573	0.0	0.0	0.0
48502.148193359375	0.6962197733430566	0.5721435155989506	934.0116457007825	0.0	0.0	0.0
48786.09912109375	0.6962197470790468	0.5721435306178488	934.011644795537	0.0	0.0	0.0
49044.330322265625	0.6962197692063957	0.572143561211813	934.0116429869086	0.0	0.0	0.0
49300.817626953125	0.6962197166145215	0.5721434230920548	934.0116448570043	0.0	0.0	0.0
49504.143798828125	0.6962197255977229	0.5721434530117897	934.011642687954	0.0	0.0	0.0
49773.975830078125	0.696219707301395	0.5721433773127718	934.0116423787549	0.0	0.0	0.0
50091.08251953125	0.6962197327342816	0.572143378204412	934.0116442218423	0.0	0.0	0.0
50341.73828125	0.6962196821303532	0.5721433529717044	934.0116453869268	0.0	0.0	0.0
50575.308349609375	0.6962196916867524	0.5721433140784251	934.0116409473121	0.0	0.0	0.0
50860.880859375	0.6962196930664081	0.5721431734075744	934.0116478120908	0.0	0.0	0.0
51106.610595703125	0.6962196962132193	0.5721431910495616	934.0116438129917	0.0	0.0	0.0
51440.334228515625	0.6962196928128471	0.5721431560217681	934.0116437738761	0.0	0.0	0.0
51724.320068359375	0.6962197092209186	0.5721430615567054	934.0116440281272	0.0	0.0	0.0
51940.37548828125	0.696219645156419	0.5721430362793666	934.0116429533809	0.0	0.0	0.0
52189.1376953125	0.6962196094395599	0.5721430088093373	934.0116440281272	0.0	0.0	0.0
52436.254150390625	0.6962196672232005	0.5721429958595422	934.0116465575993	0.0	0.0	0.0
52697.154541015625	0.6962196538243114	0.5721429371204277	934.011644394137	0.0	0.0	0.0
52979.87939453125	0.6962196208103655	0.5721429535705466	934.0116468779743	0.0	0.0	0.0
53204.061767578125	0.6962196287276529	0.5721427727724004	934.0116448616609	0.0	0.0	0.0
53447.79345703125	0.6962196611973751	0.5721428111739054	934.011643152684	0.0	0.0	0.0
53680.113037109375	0.6962195961548848	0.5721427194713038	934.0116462772712	0.0	0.0	0.0
53929.8466796875	0.696219637780503	0.5721427789430749	934.0116434106603	0.0	0.0	0.0
54230.1875	0.696219607185756	0.572142643429559	934.0116464020684	0.0	0.0	0.0
54483.802490234375	0.6962196006302876	0.5721426324951363	934.0116463424638	0.0	0.0	0.0
54742.609130859375	0.6962196362432423	0.5721425696941798	934.0116504598409	0.0	0.0	0.0
55020.025634765625	0.6962196106312256	0.5721425326223967	934.011648491025	0.0	0.0	0.0
55252.378173828125	0.696219638953384	0.5721424394200088	934.0116481091827	0.0	0.0	0.0
55533.167236328125	0.6962196220851161	0.5721423540695509	934.011648000218	0.0	0.0	0.0
55793.738037109375	0.6962195657606015	0.572142369688794	934.0116495601833	0.0	0.0	0.0
56040.636962890625	0.6962195948698094	0.5721422524425085	934.0116506954655	0.0	0.0	0.0
56287.9716796875	0.6962195705472527	0.5721421658594624	934.0116501683369	0.0	0.0	0.0
56515.211181640625	0.6962195499594562	0.57214214808406	934.0116519732401	0.0	0.0	0.0
56806.49609375	0.6962195702104131	0.5721420672030587	934.0116513501853	0.0	0.0	0.0
57126.767578125	0.6962195612959805	0.5721420664870958	934.0116511005908	0.0	0.0	0.0
57370.197509765625	0.6962195755629867	0.5721420200857604	934.0116531057283	0.0	0.0	0.0
57631.501953125	0.6962196195471432	0.5721418890470263	934.0116582559422	0.0	0.0	0.0
57938.156005859375	0.6962195864064872	0.5721418750427136	934.011652706191	0.0	0.0	0.0
58133.87353515625	0.6962195473293991	0.5721417856668419	934.0116570200771	0.0	0.0	0.0
58393.48291015625	0.6962195118392392	0.5721417764019826	934.0116542764008	0.0	0.0	0.0
58678.37060546875	0.6962195101922712	0.5721416841423105	934.0116586498916	0.0	0.0	0.0
58893.036865234375	0.6962195443333412	0.5721416070966826	934.0116555765271	0.0	0.0	0.0
59233.522705078125	0.6962194479583677	0.5721416038547021	934.0116563877091	0.0	0.0	0.0
59456.01171875	0.6962195160834547	0.5721415266984167	934.0116582792252	0.0	0.0	0.0
59688.010986328125	0.6962194609763358	0.5721414456104772	934.0116607323289	0.0	0.0	0.0
59932.65771484375	0.6962195052939752	0.5721413235170995	934.0116598792374	0.0	0.0	0.0
60188.733154296875	0.6962194891368989	0.5721413499905744	934.011659283191	0.0	0.0	0.0
60464.618896484375	0.696219485039661	0.5721413067549945	934.0116585809737	0.0	0.0	0.0
60731.654296875	0.6962195075630112	0.5721413075126227	934.0116613162681	0.0	0.0	0.0
61009.246337890625	0.6962194268505807	0.5721411491902231	934.0116650657728	0.0	0.0	0.0
61232.675537109375	0.6962194512459783	0.5721411099590455	934.0116610825062	0.0	0.0	0.0
61452.514404296875	0.6962194412699634	0.5721410810003018	934.0116639314219	0.0	0.0	0.0
61747.123291015625	0.6962194348088879	0.5721410071010126	934.0116664301604	0.0	0.0	0.0
61964.53076171875	0.6962193580073922	0.572140957794824	934.0116640273482	0.0	0.0	0.0
62268.952392578125	0.6962194025029373	0.5721408550763256	934.0116690499708	0.0	0.0	0.0
62549.98046875	0.696219419346343	0.5721408604019838	934.0116673521698	0.0	0.0	0.0
62834.0380859375	0.6962193785403187	0.5721408692559714	934.0116654373705	0.0	0.0	0.0
63080.13232421875	0.6962193880914842	0.5721407170184496	934.0116698285565	0.0	0.0	0.0
63345.013427734375	0.6962193738079103	0.5721407042866876	934.011667009443	0.0	0.0	0.0
63603.5009765625	0.6962194588836937	0.5721405910635571	934.0116686346009	0.0	0.0	0.0
63855.68798828125	0.6962193542274034	0.57214049672142	934.0116728488356	0.0	0.0	0.0
64128.925048828125	0.6962194041176835	0.5721404487808498	934.0116745000705	0.0	0.0	0.0
64353.003662109375	0.6962194182230006	0.5721404668790337	934.0116724539548	0.0	0.0	0.0
64587.40234375	0.6962193976258393	0.5721403373494367	934.0116725424305	0.0	0.0	0.0
64815.16259765625	0.6962193753867659	0.572140259096766	934.0116760218516	0.0	0.0	0.0
65061.781982421875	0.6962193752638298	0.5721402983775266	934.0116706890985	0.0	0.0	0.0
65264.443359375	0.6962193233312721	0.5721401751471008	934.0116783492267	0.0	0.0	0.0
65486.225341796875	0.6962193665923502	0.572140203484768	934.0116772651672	0.0	0.0	0.0
65748.81811523438	0.696219496322299	0.5721400531757328	934.0116772865877	0.0	0.0	0.0
65971.57446289062	0.6962194086619966	0.5721399869800881	934.0116787236184	0.0	0.0	0.0
66217.47436523438	0.6962194495668312	0.5721399003243779	934.0116780921817	0.0	0.0	0.0
66498.08618164062	0.6962195480366297	0.5721398366039211	934.0116816461086	0.0	0.0	0.0
66770.81372070312	0.6962194667427923	0.5721398508386613	934.0116797797382	0.0	0.0	0.0
67037.47802734375	0.6962194340742679	0.5721397257588411	934.0116866482422	0.0	0.0	0.0
67284.80712890625	0.696219475008554	0.5721397087277507	934.0116850426421	0.0	0.0	0.0
67528.5078125	0.6962194079695415	0.5721396723578155	934.0116860205308	0.0	0.0	0.0
67814.53051757812	0.6962194643565106	0.5721395628384734	934.0116888545454	0.0	0.0	0.0
68098.23461914062	0.6962194311581582	0.5721395209264859	934.0116892093793	0.0	0.0	0.0
68333.09716796875	0.69621943230313	0.5721394674118917	934.0116879865527	0.0	0.0	0.0
68577.40258789062	0.6962194092262479	0.5721393999506735	934.0116893127561	0.0	0.0	0.0
68858.47973632812	0.6962194137646655	0.5721392918585967	934.0116930156946	0.0	0.0	0.0
69098.765625	0.6962194221927291	0.5721391565233017	934.0116954054683	0.0	0.0	0.0
69342.01782226562	0.6962194753122922	0.5721390564372325	934.0116958757862	0.0	0.0	0.0
69635.43994140625	0.6962194165292034	0.5721389174855683	934.0116967819631	0.0	0.0	0.0
69896.47827148438	0.6962193772775676	0.5721388135367682	934.011701672338	0.0	0.0	0.0
70176.33056640625	0.6962193896507306	0.5721385954910505	934.0117069510743	0.0	0.0	0.0
70439.921875	0.6962193812441245	0.5721384130967269	934.0117128007114	0.0	0.0	0.0
70756.77587890625	0.6962193788582122	0.5721381172173143	934.0117177506909	0.0	0.0	0.0
71053.45776367188	0.6962194235950722	0.5721378749582139	934.0117242503911	0.0	0.0	0.0
71376.47192382812	0.6962194766010574	0.5721374759286735	934.011732114479	0.0	0.0	0.0
71661.08520507812	0.6962195310561723	0.572137216397358	934.0117410887033	0.0	0.0	0.0
71907.95532226562	0.6962195796050022	0.5721368569963243	934.0117525281385	0.0	0.0	0.0
72176.28540039062	0.6962196136250269	0.5721363807481005	934.01176502835	0.0	0.0	0.0
72444.18725585938	0.6962195191727565	0.5721358904683058	934.0117784487084	0.0	0.0	0.0
72691.79321289062	0.6962196574322337	0.5721354746273474	934.0117912134156	0.0	0.0	0.0
72965.16162109375	0.6962196460676698	0.5721349647207103	934.0118147442117	0.0	0.0	0.0
73201.33276367188	0.6962197453468592	0.5721346023490712	934.0118273841217	0.0	0.0	0.0
73437.34106445312	0.6962197198830581	0.5721341868820308	934.0118464734405	0.0	0.0	0.0
73677.72436523438	0.6962197245350235	0.5721338899035395	934.0118551719934	0.0	0.0	0.0
73960.3212890625	0.6962197379226608	0.5721334961330882	934.0118744177744	0.0	0.0	0.0
74212.5234375	0.6962196778477648	0.5721332258566977	934.0118831405416	0.0	0.0	0.0
74510.39208984375	0.6962195930466065	0.5721330345861186	934.0118911219761	0.0	0.0	0.0
74745.93139648438	0.696219514482157	0.5721328095231357	934.0118995821103	0.0	0.0	0.0
75036.853515625	0.696219457463409	0.5721326941569687	934.0119026424363	0.0	0.0	0.0
75397.314453125	0.6962194054483383	0.5721325898142032	934.0119105288759	0.0	0.0	0.0
75659.462890625	0.6962193009341262	0.5721324957741245	934.011913494207	0.0	0.0	0.0
75986.673828125	0.6962192840628064	0.5721325447315773	934.0119130862877	0.0	0.0	0.0
76282.54565429688	0.6962192620265523	0.5721326710302749	934.0648141335696	0.0	0.0	0.0
76574.888671875	0.6962192107584968	0.572132552700891	934.0679005393758	0.0	0.0	0.0
76879.65942382812	0.6962192318588631	0.5721325924385925	934.0611266195774	0.0	0.0	0.0
77132.95776367188	0.6962192159386289	0.572132552608934	934.0498077012599	0.0	0.0	0.0
77523.69995117188	0.6962192483093418	0.5721325926508779	934.0323556214571	0.0	0.0	0.0
77853.994140625	0.6962192394020896	0.5721325154293261	934.018681566231	0.0	0.0	0.0
78128.9951171875	0.6962192770403725	0.5721326019624432	934.0120902676135	0.0	0.0	0.0
78441.16943359375	0.6962192672944161	0.5721325990456966	934.0120802801102	0.0	0.0	0.0
78786.96044921875	0.6962192986343377	0.5721325888879603	934.0120662031695	0.0	0.0	0.0
79106.71801757812	0.6962192557480656	0.5721325154775907	934.0120279174298	0.0	0.0	0.0
