6213.7822265625	-2.055748944928165e-15	2.2972574610242367e-14	3.9749502499654295e-09	0.0	0.0	0.0
6416.859130859375	5.798691589629116e-07	2.314715788169212e-07	3.614977370229895e-08	0.0	0.0	0.0
6621.732421875	-6.166279203239294e-07	4.301648232587256e-06	1.148390858153532e-07	0.0	0.0	0.0
6827.81005859375	6.149710523761502e-06	1.7905938595541854e-06	2.572207405341855e-07	0.0	0.0	0.0
7029.72265625	-1.2274801339673543e-06	7.219495608398005e-06	4.78082996343222e-07	0.0	0.0	0.0
7231.336669921875	7.3314595416672e-06	-6.750027698630775e-06	7.972037116323079e-07	0.0	0.0	0.0
7434.153564453125	4.3136350688577924e-05	-9.856636183092462e-06	1.2421063173716464e-06	0.0	0.0	0.0
7641.10302734375	4.7994877243198786e-05	-3.225870362777583e-05	1.8550055185837973e-06	0.0	0.0	0.0
7844.523193359375	-4.748537545728108e-05	7.212560394552596e-05	2.5949556104998107e-06	0.0	0.0	0.0
8049.056396484375	-1.0677711871664104e-05	1.4174325453974988e-05	3.482002809909258e-06	0.0	0.0	0.0
8250.705322265625	5.2999715385716315e-05	-2.7475063915075547e-05	4.5541260168447575e-06	0.0	0.0	0.0
8453.121337890625	6.956085195418884e-05	0.00010934194521589082	5.860200352048972e-06	0.0	0.0	0.0
8656.283447265625	4.71007152615683e-05	7.171205748477317e-05	7.362909737415281e-06	0.0	0.0	0.0
8864.48876953125	0.00014496976723294032	0.0002513146177655319	9.391403298375566e-06	0.0	0.0	0.0
9076.1484375	0.00018898990461806823	3.688429327585538e-06	1.1570570413599883e-05	0.0	0.0	0.0
9290.42529296875	-0.0002527528779925727	0.00013685033760045082	1.3912337593499476e-05	0.0	0.0	0.0
9502.490966796875	-4.59347732559408e-05	0.00048560431541731444	1.655064986190335e-05	0.0	0.0	0.0
9709.68701171875	-0.0012127071357777798	0.0007338224942972911	1.9026430842385684e-05	0.0	0.0	0.0
9919.90771484375	-0.00010215542564658119	-0.00043902953138949454	2.165712848812735e-05	0.0	0.0	0.0
10129.951904296875	0.0005761524324788952	-0.00018396908265443657	2.4731713543456567e-05	0.0	0.0	0.0
10341.765869140625	0.0003582663344324452	0.0006986342861461829	2.7587929675122718e-05	0.0	0.0	0.0
10557.75	0.001029665913508877	-0.0019048359353448796	2.821486694905753e-05	0.0	0.0	0.0
10767.587890625	0.00011418077113463645	-0.00028307446038212415	2.8443185458257298e-05	0.0	0.0	0.0
10980.037109375	0.0010375715137242165	0.00037368154637047854	2.741021079444102e-05	0.0	0.0	0.0
11193.25146484375	0.0008267198822338768	0.001869104845763047	2.4363646058886924e-05	0.0	0.0	0.0
11400.66162109375	0.0013883529234049903	-0.0026191700157794477	1.8306948245415125e-05	0.0	0.0	0.0
11611.964599609375	0.000719887127103143	0.0006935545959403967	1.2608134847647102e-05	0.0	0.0	0.0
11818.9931640625	0.0002006714416065423	-0.0019766765518697766	6.5645022155285855e-06	0.0	0.0	0.0
12027.79541015625	-0.0005692507879895812	0.0015335930619052765	-1.745314957639282e-06	0.0	0.0	0.0
12242.054443359375	0.0012161352256598533	0.0007585136046509146	-1.4769081783439735e-05	0.0	0.0	0.0
12452.139892578125	0.000301757313024985	-0.00014170056083104618	-3.212395544752308e-05	0.0	0.0	0.0
12660.6103515625	-0.0013919798229959032	-0.0022629472291625626	-4.885214636097991e-05	0.0	0.0	0.0
12869.740234375	-0.00238694406706928	-0.0017425940716721746	-6.719465568639851e-05	0.0	0.0	0.0
13078.099609375	0.0035051927727234133	-0.0002648215151424901	-8.610763993233932e-05	0.0	0.0	0.0
13290.309814453125	0.0009253449185541181	0.0016239662336256532	-0.00010689966492569216	0.0	0.0	0.0
13501.415771484375	0.004438157225315994	-0.000646276815393823	-0.00013125065227281962	0.0	0.0	0.0
13708.02294921875	0.0010654751225813155	-4.179333757490969e-06	-0.000146881530177563	0.0	0.0	0.0
13915.491455078125	-0.002029860874076854	-0.005596038105523853	-0.00016366639136217192	0.0	0.0	0.0
14125.328125	-0.0004817898044900562	0.006006436320204694	-0.00017718924683277117	0.0	0.0	0.0
14334.610595703125	0.003471720192333129	-0.000737155934707906	-0.00019419992965764656	0.0	0.0	0.0
14556.946533203125	-0.0010279751980560269	0.0066181157192976995	-0.00020419950010628214	0.0	0.0	0.0
14768.75	-0.004107695181607029	0.0023681309973869425	-0.00021003908502539834	0.0	0.0	0.0
14989.979248046875	-0.005026553747187264	-0.0008429359564249561	-0.00021810595184399006	0.0	0.0	0.0
15205.364990234375	-0.00036148649532296505	0.00018852866160018372	-0.00022138816029391162	0.0	0.0	0.0
15417.670654296875	-0.0031742688096116777	0.0013702818875129183	-0.00022576381019751457	0.0	0.0	0.0
15628.619140625	0.0028228825039235688	-0.0034091785353398247	-0.00022787107039288698	0.0	0.0	0.0
15839.88427734375	0.001295139530881316	0.0005706524326305366	-0.0002265949361879934	0.0	0.0	0.0
16058.35791015625	0.00513587320133282	-0.002830577692139016	-0.0002260351472279078	0.0	0.0	0.0
16278.736328125	0.0007931502469799976	-0.006915030278368085	-0.00022483754594709456	0.0	0.0	0.0
16491.546630859375	-0.003491493608905929	-0.0059000033965156025	-0.00022262042046790095	0.0	0.0	0.0
16700.29833984375	-0.007315091585793492	-0.002646301681140503	-0.0002169423787880875	0.0	0.0	0.0
16919.314453125	-0.005922508576690287	-0.008785570492168245	-0.0002110915547699313	0.0	0.0	0.0
17131.57568359375	-0.0031556508355328025	0.00019357836983747734	-0.00020147960988681305	0.0	0.0	0.0
17347.958740234375	-0.0026563514597391555	-0.0013646061600253103	-0.00019509253521899592	0.0	0.0	0.0
17562.11962890625	-0.003330989585376372	0.002570282856190899	-0.00018548692229657343	0.0	0.0	0.0
17776.345703125	0.0035209936181804743	-0.0022819141265941127	-0.0001706334575014595	0.0	0.0	0.0
17991.77294921875	0.0017351863263891918	0.0008449443844019095	-0.00015564306448392462	0.0	0.0	0.0
18204.67431640625	-0.0010100616568459173	0.002056571099815256	-0.0001414406245276954	0.0	0.0	0.0
18418.477294921875	0.0062318325333397435	0.002925664888220287	-0.00012978562360497478	0.0	0.0	0.0
18625.276611328125	-0.0037809131916042623	-0.0007847421963620689	-0.00012368177631571776	0.0	0.0	0.0
18839.976806640625	0.002344369476092122	4.4564347935065113e-05	-0.00012154531857536897	0.0	0.0	0.0
19053.904052734375	0.009407242658051181	0.010744047312662134	-0.0001169487579877701	0.0	0.0	0.0
19267.10546875	0.005650024898787597	-0.007436197842314035	-0.00012294870223784432	0.0	0.0	0.0
19476.469482421875	0.005053047288775626	0.0008283630299671446	-0.0001147378876142658	0.0	0.0	0.0
19689.673095703125	-0.0036845056351981842	0.006396709068488218	-0.00011225710155204194	0.0	0.0	0.0
19900.758544921875	-0.000515920565533335	0.0005932689536062115	-0.00011468857863374287	0.0	0.0	0.0
20113.63916015625	-0.004098141565626096	-0.0012313862989068696	-0.00011394483026533179	0.0	0.0	0.0
20326.85693359375	-0.004431819506024715	0.004564032772449093	-0.00010548107576618953	0.0	0.0	0.0
20539.936279296875	0.004693799955709937	0.00035793774321677264	-0.00010377587668241034	0.0	0.0	0.0
20751.008056640625	0.0052520385050782836	-0.0031196275710985814	-0.00010339670895639359	0.0	0.0	0.0
20968.4111328125	-0.004653360469194972	-0.0017547263992476075	-9.751685301591083e-05	0.0	0.0	0.0
21182.03564453125	0.004204680917529832	-0.0011453500543954376	-8.618889969815152e-05	0.0	0.0	0.0
21393.641357421875	-0.0007220469549320433	0.0004918313966375364	-7.517441181690098e-05	0.0	0.0	0.0
21604.737060546875	-0.0004133103021662023	-0.002587671954911626	-6.865438472771084e-05	0.0	0.0	0.0
21817.649658203125	-0.0007901216604276506	0.00037803486284090557	-6.152918576247115e-05	0.0	0.0	0.0
22029.618896484375	0.0016443965759733252	0.0006992094317379116	-5.631556854525333e-05	0.0	0.0	0.0
22244.563720703125	-0.00033954954964676405	-0.0010478478426067862	-5.144341740391616e-05	0.0	0.0	0.0
22453.8251953125	-0.0017967141127957398	0.001532170210022236	-4.948463800731567e-05	0.0	0.0	0.0
22667.8984375	0.0005607031057855456	-0.0002937805999817604	-5.3799394091688744e-05	0.0	0.0	0.0
22880.465087890625	-0.0023617552779746534	0.005115393642657562	-5.4625812471215766e-05	0.0	0.0	0.0
23091.658935546875	-0.0056412138667588565	-0.006309673269515823	-5.9896244927561425e-05	0.0	0.0	0.0
23301.6142578125	0.003931920745750209	-0.00014103822002184375	-5.566695180641522e-05	0.0	0.0	0.0
23515.57177734375	-0.0068667225808477905	0.0051883676540223226	-5.171661278995373e-05	0.0	0.0	0.0
23729.662353515625	-0.0032525189553890125	-0.005562900575363622	-5.276370036133678e-05	0.0	0.0	0.0
23940.505126953125	-0.005217926839531747	0.0013912538537924663	-4.199055328236548e-05	0.0	0.0	0.0
24146.893798828125	0.004221124599834509	-0.003141736668860709	-4.125027887680009e-05	0.0	0.0	0.0
24363.1259765625	0.0015620026332691778	-0.0033126056910542283	-3.731989312044701e-05	0.0	0.0	0.0
24574.0302734375	-0.002243797328484138	-0.004118673876925538	-2.9156110221092348e-05	0.0	0.0	0.0
24786.13720703125	-0.0031313852007838795	0.0030607699345476147	-1.5769650021644035e-05	0.0	0.0	0.0
25002.798828125	0.004721560473516308	-0.0009467436068804074	-1.5118041718742281e-05	0.0	0.0	0.0
25214.574462890625	0.0013365897343439953	-0.000719085240559777	-1.3754900942975725e-05	0.0	0.0	0.0
25427.1650390625	-0.001596352483145988	-0.00010639016390455103	-1.1354707091404592e-05	0.0	0.0	0.0
25638.315185546875	-0.0018461485338979273	0.004900673197809855	-5.504141641652531e-06	0.0	0.0	0.0
25850.98486328125	0.0019488837486637144	0.0010360413273397056	-6.994298512287593e-06	0.0	0.0	0.0
26062.990966796875	-0.001859565727124241	0.003579887032774225	-5.618744525809015e-06	0.0	0.0	0.0
26273.204345703125	-0.0020026791468556134	-0.0004767395554894659	-1.1961327553929263e-05	0.0	0.0	0.0
26485.64111328125	0.008810360406468407	-7.68845760352569e-05	-1.535250938114108e-05	0.0	0.0	0.0
26707.902099609375	0.00517964297232808	-0.0049128022225982376	-1.8644139394484687e-05	0.0	0.0	0.0
26923.776611328125	0.005480044640616334	-0.0011164803364967393	-2.3376051202722303e-05	0.0	0.0	0.0
27136.053466796875	0.0024541171839891356	0.004553941671535017	-2.4893354783335506e-05	0.0	0.0	0.0
27353.215576171875	-4.7221621686812884e-05	-0.0015923839302131792	-3.598031035195378e-05	0.0	0.0	0.0
27567.862548828125	0.00599486523815975	-0.006042301715994966	-4.555745019705138e-05	0.0	0.0	0.0
27777.69677734375	0.006555223110857274	0.0028291982675584574	-4.380011793958393e-05	0.0	0.0	0.0
27985.972900390625	-0.0014102089151524439	-0.00300281981678759	-4.835663486211698e-05	0.0	0.0	0.0
28204.6572265625	0.002933062344462071	-0.0054672105429926015	-5.936520347483062e-05	0.0	0.0	0.0
28413.137451171875	0.0007239725101732394	-0.0006358687838656344	-6.159929253691756e-05	0.0	0.0	0.0
28629.757568359375	-0.004135043756409419	0.0005472320220325968	-7.179394350241195e-05	0.0	0.0	0.0
28840.210205078125	0.001573807209720686	-0.008661075798270287	-9.035700649692374e-05	0.0	0.0	0.0
29055.145751953125	0.0024254291439238943	-0.0041139859103867344	-9.880973191808469e-05	0.0	0.0	0.0
29270.8955078125	-0.0006816295413244825	-0.0015755506319299513	-0.00010871961649889673	0.0	0.0	0.0
29477.663330078125	-0.002777808174331131	0.0038143703535881116	-0.00011765904778777885	0.0	0.0	0.0
29692.23681640625	0.000918713812778646	-0.0018018170313909986	-0.00014141053967839772	0.0	0.0	0.0
29905.81591796875	0.003806344729479429	-0.001003235193898316	-0.00016052343679369118	0.0	0.0	0.0
30116.708984375	-0.0005927524810506304	0.0031764793924468292	-0.0001715528368615004	0.0	0.0	0.0
30327.614013671875	-0.006912958676049416	0.0006395314762498884	-0.0001758062336554825	0.0	0.0	0.0
30541.108642578125	0.0012668343399705724	-0.004848085663265002	-0.0001990955218512444	0.0	0.0	0.0
30750.73974609375	0.0012968225935219581	-0.0019119766087307636	-0.00020617356995195323	0.0	0.0	0.0
30964.203369140625	-0.002373063427002181	0.0032444666146606784	-0.00021060550443621827	0.0	0.0	0.0
31173.821533203125	-0.0011847344128676897	-0.003208998476188444	-0.00021630521265698775	0.0	0.0	0.0
31387.92236328125	-0.007805486064611187	0.0017903879151071435	-0.0002085712733727979	0.0	0.0	0.0
31600.947998046875	0.0003427072839854785	0.0008643481653648327	-0.00021371527653861916	0.0	0.0	0.0
31811.990966796875	-0.005024556194946374	0.004217522269001426	-0.00019388600050331933	0.0	0.0	0.0
32024.0185546875	-0.003238514792717793	-0.0028333150007980633	-0.00018191171791464428	0.0	0.0	0.0
32237.720703125	0.0012940288909401583	-0.0003457542399968695	-0.00016889843733376394	0.0	0.0	0.0
32456.787109375	-0.000760373207231265	-0.0021080185646593958	-0.00015044093529822985	0.0	0.0	0.0
32673.821533203125	0.0017679572531002284	0.0003761799190450093	-0.00013586933472000152	0.0	0.0	0.0
32884.116455078125	-5.6835302042711074e-05	0.0022715930529510465	-0.00011563509380712193	0.0	0.0	0.0
33096.31201171875	-0.0007385655280408386	0.006117693218834559	-9.775116325586906e-05	0.0	0.0	0.0
33313.01416015625	0.004040074890059727	0.00422242512425542	-9.091452280914022e-05	0.0	0.0	0.0
33523.990966796875	-4.214946669297929e-06	-0.0016891694360951308	-7.990567932457858e-05	0.0	0.0	0.0
33731.43994140625	0.004412577768594221	0.006150978559904189	-7.890254377911933e-05	0.0	0.0	0.0
33950.89990234375	5.767390122732368e-05	0.0013583241637495993	-6.928571596902388e-05	0.0	0.0	0.0
34158.866455078125	0.003107873982176426	-0.000546033253709075	-6.188588466624084e-05	0.0	0.0	0.0
34370.822021484375	-0.00520223225611823	-0.0014270295363609116	-4.428705561068186e-05	0.0	0.0	0.0
34588.216064453125	0.006756427985461756	0.0016215218559770797	-4.961136333507826e-05	0.0	0.0	0.0
34799.709228515625	-0.0012820071030425798	-0.0014250143505270085	-3.4352801362139745e-05	0.0	0.0	0.0
35015.64794921875	-0.002058826469959835	-0.0020855963651896983	-2.5836647315785268e-05	0.0	0.0	0.0
35232.317138671875	0.006849992379799478	0.005102592072836165	-2.772908161298096e-05	0.0	0.0	0.0
35443.581298828125	0.003002934192062537	-0.0011055784567196184	-1.8158988737225362e-05	0.0	0.0	0.0
35660.724609375	0.002855045739937028	0.00019843322067310333	-1.2792656128515093e-05	0.0	0.0	0.0
35872.724365234375	0.002436514706555514	-9.844996201729482e-05	-6.406270622564562e-06	0.0	0.0	0.0
36088.181640625	0.003155171725728899	0.0018707741535462369	7.413545480294946e-07	0.0	0.0	0.0
36301.2119140625	0.0005381686416982432	1.1524590632368184e-05	1.4275025559829555e-05	0.0	0.0	0.0
36512.663330078125	-0.0008518365098276812	0.0017557512542589434	2.3345658974304666e-05	0.0	0.0	0.0
36727.484130859375	-0.0009225403714213685	-0.002973858180495917	2.9739861908597267e-05	0.0	0.0	0.0
36938.20947265625	0.001194916414551692	-0.0005303710998061257	3.138145851863888e-05	0.0	0.0	0.0
37152.48583984375	0.004421189203553587	-0.0002974699308401325	2.839438456780792e-05	0.0	0.0	0.0
37365.803466796875	0.0007619541106464572	0.0012717117583375	3.222078722791134e-05	0.0	0.0	0.0
37581.694580078125	-0.0009269809669517779	-0.0009957537727076275	3.660874328196616e-05	0.0	0.0	0.0
37791.811767578125	0.003457419048369647	-0.006835436235436937	3.303465446778635e-05	0.0	0.0	0.0
38004.123046875	0.0032991203818724764	-0.0033064805072487344	3.569097188440819e-05	0.0	0.0	0.0
38225.79052734375	0.003508805024784147	0.003178548212742796	3.6468228618812186e-05	0.0	0.0	0.0
38438.2490234375	0.0006625219305016385	-0.0013521014308948164	3.956041901896896e-05	0.0	0.0	0.0
38652.00341796875	0.0002132141257126774	0.004285455906550921	4.20220145771547e-05	0.0	0.0	0.0
38861.53564453125	-0.002381292389332891	-0.005044611863660898	4.5281416898927844e-05	0.0	0.0	0.0
39075.256103515625	0.005102124910819307	-0.0026707213455545095	2.8622606249257025e-05	0.0	0.0	0.0
39291.787353515625	0.00043929474043390707	0.001518000605014307	2.6056512449155812e-05	0.0	0.0	0.0
39499.92529296875	0.005883947745496566	-0.0028122397841926876	1.0911263628607711e-05	0.0	0.0	0.0
39710.05419921875	0.004486492715636796	0.0009732330280654788	7.476717255137738e-06	0.0	0.0	0.0
39918.89404296875	0.0018008995405594194	0.0001465644664567051	7.710758442167376e-06	0.0	0.0	0.0
40131.936279296875	0.0032986462803312384	0.004670392446975457	3.855154565170619e-06	0.0	0.0	0.0
40351.095703125	0.0013695691245130923	0.009321534086416833	3.2699210656984696e-06	0.0	0.0	0.0
40562.57421875	0.001220648431891832	0.003505487651781817	-1.7165319943731803e-06	0.0	0.0	0.0
40776.99658203125	0.00011490199407155007	0.0005116529254967727	-3.95345039469599e-06	0.0	0.0	0.0
40991.4853515625	-0.014422704773892278	-0.0009514842647424266	1.867671627326629e-05	0.0	0.0	0.0
41204.329345703125	0.00379540382986821	-0.0067482787529085445	-1.1752935977310273e-05	0.0	0.0	0.0
41421.254150390625	0.0012878301451028414	8.242546732554104e-06	-2.1770273730355014e-06	0.0	0.0	0.0
41635.23095703125	-0.0011439435503427207	-0.001059827159719288	6.160077824842407e-06	0.0	0.0	0.0
41849.995849609375	0.0002807968162106983	0.0006330897168128121	2.5029031002213513e-06	0.0	0.0	0.0
42064.083984375	-0.0002996955583113949	-0.0013652987372686062	-4.508645806594434e-06	0.0	0.0	0.0
42275.901611328125	-0.002174376597035626	-0.004822854835276869	-1.605649803574179e-05	0.0	0.0	0.0
42489.54150390625	0.011454620052611714	-0.0008903546362103473	-5.6215055197691784e-05	0.0	0.0	0.0
42700.79150390625	0.004455015318457695	0.0003226240395140128	-5.623098527539736e-05	0.0	0.0	0.0
42913.99951171875	-0.0034473553410053243	0.002900745291483252	-5.202941182320523e-05	0.0	0.0	0.0
43126.2666015625	-0.00637344222600743	-0.002821959378892633	-5.043912428540767e-05	0.0	0.0	0.0
43340.741943359375	-0.0007377121451839737	-0.0033672444875083455	-6.628900199760223e-05	0.0	0.0	0.0
43550.760009765625	0.004799179498112757	-0.0035105922156038606	-8.487906592716416e-05	0.0	0.0	0.0
43760.673828125	-0.002371489631142434	0.000937011219170088	-8.289823018616385e-05	0.0	0.0	0.0
43976.149169921875	0.010362842137784089	-0.0010219179001838572	-0.00012166493893001194	0.0	0.0	0.0
44184.161865234375	0.003506363841993117	-0.0012660129700516442	-0.00011293107240575566	0.0	0.0	0.0
44395.537841796875	-0.00045559193064627915	-0.004451089568026693	-0.00010806582893732723	0.0	0.0	0.0
44609.678466796875	0.0025578393949698473	-0.0003268344270623849	-0.00011485068603365954	0.0	0.0	0.0
44821.861083984375	0.00200785451726226	0.0019307983898929275	-0.000114666807486249	0.0	0.0	0.0
45031.567138671875	0.004022983719025983	0.0028165115388283667	-0.0001179747671435502	0.0	0.0	0.0
45244.84765625	0.0033949805190425985	-0.0031109325071339605	-0.00011616042457548717	0.0	0.0	0.0
45454.605712890625	7.592246094969951e-05	0.0027230678682843524	-0.00010167387157864542	0.0	0.0	0.0
45668.683837890625	-0.0014553970754483238	4.2552513004519976e-05	-8.898526573266405e-05	0.0	0.0	0.0
45880.93359375	-0.002241619096077678	0.002394976923823823	-7.737539863986967e-05	0.0	0.0	0.0
46094.387451171875	0.0029645923356525754	0.006213402354097294	-7.605746337835226e-05	0.0	0.0	0.0
46301.85205078125	0.00017706225349192135	0.0005028216457295206	-6.355705658750123e-05	0.0	0.0	0.0
46512.728515625	0.002711947332885593	0.00020228159086252436	-6.472582101449338e-05	0.0	0.0	0.0
46723.991455078125	0.0008541163665945915	0.0009951345584069127	-5.4784201012387666e-05	0.0	0.0	0.0
46935.572509765625	0.008596546784860508	-0.0032562385697571744	-6.720703873956613e-05	0.0	0.0	0.0
47143.59912109375	-0.0030841868098211685	-0.011007376084370322	-3.8727765439923085e-05	0.0	0.0	0.0
47353.49267578125	0.0028162358176856673	-0.005589635150908206	-4.542573413271944e-05	0.0	0.0	0.0
47565.499267578125	-0.0008234489440427746	-4.052666752593108e-05	-3.245624459133072e-05	0.0	0.0	0.0
47777.82666015625	0.002087241253378733	-0.0014227991840725022	-4.219722742000187e-05	0.0	0.0	0.0
47991.86279296875	0.0020588523580760665	0.002590820855600341	-5.054837899104921e-05	0.0	0.0	0.0
48203.864013671875	-0.006064016936396673	-0.004176628561066046	-4.441239630942202e-05	0.0	0.0	0.0
48413.700927734375	-0.0016113737183326034	0.0022274114084864668	-6.31471131996927e-05	0.0	0.0	0.0
48625.265869140625	-0.0014661484540709924	0.004525391813567839	-7.409223707531026e-05	0.0	0.0	0.0
48837.1552734375	0.0003289454058401468	-0.0019103538929440287	-9.00234652452307e-05	0.0	0.0	0.0
49051.694580078125	-0.0021699318276504993	0.008304585783326364	-9.015350544527414e-05	0.0	0.0	0.0
49266.958984375	0.002542683174558973	0.0023402907280401066	-0.0001101280054114757	0.0	0.0	0.0
49477.35107421875	0.00732244637940138	0.0012379350202942232	-0.000133329159099923	0.0	0.0	0.0
49692.15283203125	0.010777847992338893	0.0010553846409164663	-0.0001482623839910231	0.0	0.0	0.0
49897.516357421875	-0.0018333044422102539	0.004250191244212367	-0.00011837824223030234	0.0	0.0	0.0
50106.755615234375	0.003052830509814769	0.006431766485500816	-0.00013342647120264525	0.0	0.0	0.0
50315.626220703125	0.00827379292185633	-0.0021920017298155186	-0.00014920024449734584	0.0	0.0	0.0
50520.6640625	-0.0013779193874872548	-0.0023269551583776967	-0.0001245666789960017	0.0	0.0	0.0
50729.404296875	0.008002441011977621	0.0047902812696621515	-0.0001427884418923559	0.0	0.0	0.0
50942.073974609375	-0.0036997736252641212	-0.0037542548930993703	-0.00011811413818680361	0.0	0.0	0.0
51153.28125	0.004985135213810479	0.0029219167826894377	-0.00013801245510641603	0.0	0.0	0.0
51362.2421875	-0.00554074778068253	-0.0008786522473696107	-0.00011550020362559603	0.0	0.0	0.0
51570.441650390625	-0.0008888162748569233	-0.0027563031087454656	-0.0001317458113750033	0.0	0.0	0.0
51789.4091796875	-0.006582400211382192	0.002601608431539811	-0.0001252699173617655	0.0	0.0	0.0
52000.3515625	-0.0005713596047593253	0.0030973256880438486	-0.00014741404676646953	0.0	0.0	0.0
52217.208251953125	0.0028773097998452527	-0.0022837227577182334	-0.00016269088358367186	0.0	0.0	0.0
52428.860595703125	0.01216138294169122	-0.0014116224645402344	-0.00018889664106958747	0.0	0.0	0.0
52641.581787109375	0.002234324238170517	0.003491317200763031	-0.00016283771258105814	0.0	0.0	0.0
52849.310791015625	0.0018192635042364545	-0.004610214427492595	-0.00016399672205520227	0.0	0.0	0.0
53058.658447265625	0.0018988082786254247	0.0005827488179080335	-0.0001646308068825214	0.0	0.0	0.0
53266.760498046875	0.0014020437598923888	-0.004200646488259234	-0.00015922393083125946	0.0	0.0	0.0
53484.38037109375	0.004543078841449423	-0.0016473995100216713	-0.00016649918740253858	0.0	0.0	0.0
53693.245361328125	0.006809647544023283	-0.006100115717638991	-0.00016497538469068348	0.0	0.0	0.0
53899.300537109375	0.005743035792569479	0.007982136772425461	-0.00016488895102394682	0.0	0.0	0.0
54109.533447265625	0.0014890371872864616	-0.002968984704674161	-0.0001407670540769287	0.0	0.0	0.0
54320.505126953125	0.00139117884905275	0.003393767495345114	-0.00014962929029804146	0.0	0.0	0.0
54526.9658203125	0.0038667936233373985	0.0021367671202288238	-0.0001552015020343184	0.0	0.0	0.0
54737.848876953125	0.0020778518186435574	-0.0017714777212037825	-0.00014752404261992384	0.0	0.0	0.0
54953.444580078125	0.006794424289829508	0.0035296283452585955	-0.00017271804344691136	0.0	0.0	0.0
55165.472412109375	0.0003254146111706363	0.0017327987753639226	-0.00014714167462975743	0.0	0.0	0.0
55378.610107421875	0.009224740538518591	-0.00320530371904624	-0.00015961237967912275	0.0	0.0	0.0
55592.08056640625	1.0944834440954463e-05	-0.0028625194973798044	-0.00013226806637358556	0.0	0.0	0.0
55808.14697265625	0.0009746754625817046	0.000272348550273387	-0.00014358045834102968	0.0	0.0	0.0
56016.40869140625	0.0008848838354852121	0.0006299533866437643	-0.00014664739498965873	0.0	0.0	0.0
56225.86669921875	0.00048703590110579467	-0.005479460426792244	-0.00013794447910347765	0.0	0.0	0.0
56435.73291015625	0.0008686334011025933	0.007571010825217767	-0.00016451822231176578	0.0	0.0	0.0
56646.115478515625	-0.0025538307593880685	0.005776693864004635	-0.00015626639528436528	0.0	0.0	0.0
56857.185302734375	0.005414459119129637	-0.004610608073455685	-0.00014300180330183789	0.0	0.0	0.0
57066.892822265625	-0.0007780436236473698	-0.0005242060341382756	-0.00012678115332719495	0.0	0.0	0.0
57277.923583984375	-0.00551109342212677	0.009342526800501126	-0.00012580207789579032	0.0	0.0	0.0
57486.17333984375	0.005458617926414011	0.0031265664544673586	-0.0001124606088715856	0.0	0.0	0.0
57694.9912109375	0.0013693865328119554	0.0019102733485813197	-9.178557038980053e-05	0.0	0.0	0.0
57912.402587890625	0.0007354179242249743	0.001661070336686078	-8.213632499139981e-05	0.0	0.0	0.0
58121.41748046875	-0.004285815955234258	0.004464395548008282	-7.5569203267172e-05	0.0	0.0	0.0
58334.588623046875	-0.0024267498303914533	0.002284612121754271	-6.959604937690003e-05	0.0	0.0	0.0
58546.05029296875	0.0011890947786684244	7.86507484413138e-05	-7.327097194341713e-05	0.0	0.0	0.0
58759.43017578125	0.001377785953886949	0.00925691212353187	-0.00010259416909371122	0.0	0.0	0.0
58971.501953125	0.0043758688769425695	0.004182487667114204	-9.034916621097535e-05	0.0	0.0	0.0
59190.7470703125	0.0076294744217284	0.0016035523755611315	-9.235614763614401e-05	0.0	0.0	0.0
59391.568359375	-0.001947277387555892	0.0031255735922057206	-9.065479855831182e-05	0.0	0.0	0.0
59600.522705078125	0.008003762439468168	0.003190915520210459	-0.00010530806836776798	0.0	0.0	0.0
59811.098876953125	0.0014139564888884222	-0.007759855382230332	-7.503941643382842e-05	0.0	0.0	0.0
60023.298583984375	0.003423573902695623	0.0044270789586624065	-0.00011428748345655448	0.0	0.0	0.0
60236.46630859375	-0.003535357706083056	-0.0031418509812381943	-8.967052676976305e-05	0.0	0.0	0.0
60443.714111328125	-0.006394177536790967	-0.008477077790344307	-6.678940691107706e-05	0.0	0.0	0.0
60656.67236328125	-0.003552273911242396	0.005019930921981874	-8.997369905240385e-05	0.0	0.0	0.0
60866.030517578125	0.002870994346445934	0.001102081394987514	-5.878409167564213e-05	0.0	0.0	0.0
61073.582763671875	0.001601524536092776	-0.005002232290312424	-1.7992351684051516e-05	0.0	0.0	0.0
61284.361328125	-0.00639740254282418	-0.0022302416593753716	7.421580868129439e-06	0.0	0.0	0.0
61498.188720703125	-0.0032283279994401474	-0.00395296029918977	3.65415310700749e-05	0.0	0.0	0.0
61711.26123046875	0.001786643583576683	0.005543700613360735	3.9404395749010417e-05	0.0	0.0	0.0
61920.9697265625	-0.001734744703884543	0.000530672717233041	7.842715318139968e-05	0.0	0.0	0.0
62136.00439453125	-0.0008557370723148714	0.0035556217524373435	8.841646848719187e-05	0.0	0.0	0.0
62353.161865234375	0.0005790063804278411	0.001628568062232013	0.00011123563516770196	0.0	0.0	0.0
62562.46044921875	0.0015825167141717352	0.009761356266153078	9.332661351036756e-05	0.0	0.0	0.0
62775.61474609375	-0.00523003988965661	-0.0037909941124709017	0.0001421853564480569	0.0	0.0	0.0
62985.48583984375	0.0020202779297303977	0.009745492480073819	9.210783477739465e-05	0.0	0.0	0.0
63200.103515625	-0.010000219205617686	0.0016726504947172328	0.00012733009624058995	0.0	0.0	0.0
63412.876708984375	0.0044324046911412215	2.015968285757314e-06	0.00010927446122652412	0.0	0.0	0.0
63622.3203125	0.0033442152541791016	0.007123482871067285	7.660172022454166e-05	0.0	0.0	0.0
63832.836669921875	0.004299913523367355	0.002349290002020218	7.22948850715857e-05	0.0	0.0	0.0
64043.65771484375	-0.0011072759322814886	0.005552089342331429	5.315623716863199e-05	0.0	0.0	0.0
64253.15869140625	0.0017875160556624513	0.007261184654624442	2.7999863954662966e-05	0.0	0.0	0.0
64461.0224609375	-0.003694817664059173	0.003481705712690565	3.716058688583195e-05	0.0	0.0	0.0
64676.2548828125	-0.004614604003741541	-0.00282835550669172	5.037192011240502e-05	0.0	0.0	0.0
64890.192138671875	0.005193361046094318	-0.004989817658841116	2.568197926453975e-05	0.0	0.0	0.0
65100.289306640625	-7.941623693597298e-05	0.000852265938725772	1.56238010766463e-05	0.0	0.0	0.0
65309.465087890625	0.0039114585257833305	-0.0032363968800596136	4.1414541237004605e-06	0.0	0.0	0.0
65519.654541015625	-0.00026055892666310035	-0.0010211560443709159	-3.161419321270917e-06	0.0	0.0	0.0
65729.08227539062	0.006376370605325674	-0.0011044252197260527	-4.307466598427188e-05	0.0	0.0	0.0
65942.62890625	-0.002730150919674676	0.004362950929613113	-4.51153592102664e-05	0.0	0.0	0.0
66156.8828125	0.007190295723698737	-0.004582348515098313	-8.589248647781154e-05	0.0	0.0	0.0
66374.85522460938	-0.003179363431517321	-0.0013367227320240978	-6.460763759457706e-05	0.0	0.0	0.0
66593.52709960938	0.0004909401647516305	0.0011657397422113836	-0.0001138642944866408	0.0	0.0	0.0
66801.904296875	0.0009190963719751124	0.002653712223178901	-0.00013953512108924422	0.0	0.0	0.0
67009.69604492188	0.001208896389535781	-0.0016600268995006272	-0.00015593921416649423	0.0	0.0	0.0
67217.49731445312	0.0022504359953393624	-0.0016701805186595938	-0.00018379319835930052	0.0	0.0	0.0
67425.23413085938	0.0014721022627771445	-0.005008605587725359	-0.00020118523861870224	0.0	0.0	0.0
67640.39819335938	0.0027232606350057627	0.0012380163369476514	-0.0002164005175557871	0.0	0.0	0.0
67853.91552734375	0.0027219635792163186	-0.0033432419728094574	-0.00022928036585640634	0.0	0.0	0.0
68069.46411132812	0.0006445115733064571	-0.0021575614925596577	-0.00022551625854978807	0.0	0.0	0.0
68275.41137695312	-0.0017407136365528944	-0.006133331774297498	-0.00023256495584406502	0.0	0.0	0.0
68488.185546875	0.0026876935765380882	-0.0006783291009270344	-0.0002511209730700311	0.0	0.0	0.0
68703.67822265625	0.00218928623726395	-0.002892388052979546	-0.00026103732414381676	0.0	0.0	0.0
68917.17919921875	0.001027056025477868	-0.0004645066554925422	-0.00025179731338905375	0.0	0.0	0.0
69129.63012695312	-0.0015348328649924668	0.0022238647724065453	-0.00023668313663405773	0.0	0.0	0.0
69344.06201171875	-0.004007040744467674	-0.004490293420170838	-0.000247629243235867	0.0	0.0	0.0
69556.12182617188	0.0031514997521952214	-0.005140879493295432	-0.0002664376804008303	0.0	0.0	0.0
69768.22045898438	0.0031496718452378946	-0.005767476504783745	-0.0002672459037446151	0.0	0.0	0.0
69978.61206054688	-0.002714587162388011	-0.0018887889561321194	-0.00023757554397056354	0.0	0.0	0.0
70188.16772460938	-0.004017330380295667	-0.001624917044517474	-0.00023604122589168083	0.0	0.0	0.0
70399.44848632812	0.005139932076660702	-0.006601182434310143	-0.0002726564912391469	0.0	0.0	0.0
70609.12182617188	-0.0029125696894763175	-0.005359464656990385	-0.0002565863990046363	0.0	0.0	0.0
70820.9580078125	0.0019403386371984173	-0.0045349086634866795	-0.0002651514989013756	0.0	0.0	0.0
71031.87768554688	0.014371135138852832	-0.002549406222950383	-0.00027341145644449124	0.0	0.0	0.0
71245.0029296875	-0.003865682401255358	-0.01679108123778573	-0.0002910952788884645	0.0	0.0	0.0
71461.93896484375	0.007826283026758933	-0.0015401376487341762	-0.0002590690591087559	0.0	0.0	0.0
71675.88549804688	-0.0092801147619711	-0.005205645089426711	-0.0002521707232717858	0.0	0.0	0.0
71884.61279296875	-0.002431992454656642	-0.004964835782425061	-0.00025764066885991353	0.0	0.0	0.0
72093.33642578125	0.003153461940734268	0.002176444917311433	-0.00023667996213419163	0.0	0.0	0.0
72308.0341796875	-0.0013395176882147006	0.0026868057660106534	-0.00022751508786096185	0.0	0.0	0.0
72516.52856445312	0.008303112855018988	-0.0031621641490250426	-0.0002488987373841129	0.0	0.0	0.0
72728.306640625	-0.007301854552486005	-0.00021586373547380504	-0.0002264151607573261	0.0	0.0	0.0
72936.02612304688	-0.008078676270474646	-0.007999446304016907	-0.0002451957962923678	0.0	0.0	0.0
73144.62255859375	-0.005498886699531961	0.004622181159111815	-0.0002093610044152186	0.0	0.0	0.0
73355.83447265625	-0.004915705898346657	-0.00804002417162444	-0.00024391961537453333	0.0	0.0	0.0
73569.33715820312	0.010007517501705322	0.004837496825798215	-0.00021538357649607715	0.0	0.0	0.0
73777.32275390625	-0.005484084898223716	-0.011707312078657972	-0.00025194228991922546	0.0	0.0	0.0
73994.93676757812	-0.0034299938568636552	0.004997924519059966	-0.00019908730661493808	0.0	0.0	0.0
74208.953125	0.004512991588831558	0.0069963435096688075	-0.00018803882698713284	0.0	0.0	0.0
74420.8408203125	0.0033908369449579773	0.0021762607159002824	-0.00019127375127463253	0.0	0.0	0.0
74630.94384765625	0.0020004114909704363	-0.006526310104717875	-0.0002056629266778646	0.0	0.0	0.0
74838.43115234375	0.005102902289240745	-0.009844614655082228	-0.00020614988083305952	0.0	0.0	0.0
75051.39282226562	0.0017098361010688898	-0.0012231189792824332	-0.0001761134092317651	0.0	0.0	0.0
75263.93432617188	-0.0017780824639955534	-0.00027046724650117655	-0.00017218210215154555	0.0	0.0	0.0
75474.53588867188	0.00043551717208940285	0.0034489377341156307	-0.00016101898004599496	0.0	0.0	0.0
75685.08740234375	0.0030275382677896973	0.0006375268666946947	-0.00017244753663341403	0.0	0.0	0.0
75900.0595703125	0.003759369120556986	0.003569020097269149	-0.00016416902721972865	0.0	0.0	0.0
76114.9931640625	0.006883240524627017	-0.0021339238344376004	-0.0001873526948601687	0.0	0.0	0.0
76333.00415039062	0.00751924280724601	0.0016214574584382955	-0.00017719092414714979	0.0	0.0	0.0
76545.00830078125	-8.587271519299437e-05	-0.0027111059789272007	-0.00019356108084301503	0.0	0.0	0.0
76757.10009765625	-0.0035646039194849005	-0.0019382922513397555	-0.00019204162334632014	0.0	0.0	0.0
76964.3046875	0.004317817351293823	-0.0004822780826958683	-0.00018869384378970939	0.0	0.0	0.0
77172.24365234375	0.0016318421836561021	-0.0027379966260391683	-0.00019703201718871674	0.0	0.0	0.0
77382.89819335938	-0.0017766586991722199	-0.0020811967058065885	-0.00019362339621687956	0.0	0.0	0.0
77595.30200195312	-5.39283497806694e-05	0.00011627836622906566	-0.00018341474105675157	0.0	0.0	0.0
77812.23999023438	-0.0018580685400174887	-0.005266000701736425	-0.000204705195231416	0.0	0.0	0.0
78023.59204101562	-0.001247742115602186	0.001308560594195023	-0.00018283389728905567	0.0	0.0	0.0
78234.61840820312	0.0012988785205838974	-0.0008017401686456105	-0.00018844757508125367	0.0	0.0	0.0
78446.66186523438	-0.0019323368658900242	-0.0035317630515381343	-0.00019323419748645392	0.0	0.0	0.0
78663.73413085938	0.0025507314202269375	-0.002215417234366375	-0.0001874097203485201	0.0	0.0	0.0
78873.67065429688	-0.0016887598094894667	-0.0026260931921330576	-0.00017830425023512416	0.0	0.0	0.0
79089.701171875	-0.002570523889995791	-0.004123700216297513	-0.00017102638881356144	0.0	0.0	0.0
79303.66772460938	0.0014780573663262886	0.00446291339416503	-0.000127360479764442	0.0	0.0	0.0
79519.53198242188	-0.002639720769293205	-0.0036336408803696097	-0.0001475006045402063	0.0	0.0	0.0
79732.36547851562	-0.004715418196940662	-0.006120977416350023	-0.00014520566651159828	0.0	0.0	0.0
79947.23364257812	0.004476556895363692	0.0007841228772275359	-0.00011007310049325186	0.0	0.0	0.0
80161.75830078125	0.003993512921316934	-0.006080412344609357	-0.00012926451003202372	0.0	0.0	0.0
80374.75756835938	-0.0026562761560011325	-0.002225798362115105	-0.00010902757798473352	0.0	0.0	0.0
80588.85107421875	0.0031375464437250603	-0.001170496179250435	-0.00010013235835845883	0.0	0.0	0.0
80799.27783203125	0.0027127508948105792	-4.484344798808478e-05	-8.796026700710556e-05	0.0	0.0	0.0
81012.51586914062	0.0026930885930680133	-0.004377591056078124	-0.00010041900731361882	0.0	0.0	0.0
81225.97583007812	-0.007098806942485564	-0.008358738794988064	-0.00011103346906586397	0.0	0.0	0.0
81439.87255859375	0.0005093520407681	-0.001950698918675572	-8.862335462022077e-05	0.0	0.0	0.0
81649.67797851562	-0.007108619873085494	0.001280408228042208	-7.359432383177804e-05	0.0	0.0	0.0
81862.54565429688	-0.001366613712245173	-0.0037883835465901514	-9.634134714446036e-05	0.0	0.0	0.0
82076.58666992188	0.004472714380312982	-0.006350896797972841	-0.0001139200200501706	0.0	0.0	0.0
82293.1533203125	0.003057221952102078	-0.004648149839231156	-0.00011460333520465272	0.0	0.0	0.0
82503.2890625	0.0033603950207512084	-0.00019760392968964525	-0.00010585274861126529	0.0	0.0	0.0
82721.33422851562	0.004638744578195755	-0.002704401454839389	-0.00012030139890100817	0.0	0.0	0.0
82930.89013671875	0.005957652303814137	0.0020611670977869405	-0.00010234720458215315	0.0	0.0	0.0
83142.01098632812	0.009930929463530483	-0.003748254731474438	-0.00012904658247603142	0.0	0.0	0.0
83355.46142578125	-0.00016384310366113306	-0.000439822647554669	-0.00011374150725600664	0.0	0.0	0.0
83571.44482421875	0.0015593549242686677	0.007829444573789549	-8.363322861542306e-05	0.0	0.0	0.0
83787.67895507812	-0.001448433666611918	-0.004190383601548358	-0.0001363909721163052	0.0	0.0	0.0
83999.52978515625	-0.007280827542205379	0.003910032382908196	-0.00010063311846621042	0.0	0.0	0.0
84208.54223632812	-0.0027762796963600954	-0.005120944190517204	-0.00014061550816569843	0.0	0.0	0.0
84417.30786132812	-0.005377408874495167	-0.004980614701841408	-0.00014328991338267419	0.0	0.0	0.0
84627.22485351562	-0.004592781983358801	-0.00146548310809077	-0.0001271395520028093	0.0	0.0	0.0
84839.91479492188	-0.005565783837857682	0.001446175236816606	-0.00011253248685177785	0.0	0.0	0.0
85053.10717773438	0.0021312194428387853	-0.004773222700100271	-0.0001374450265672267	0.0	0.0	0.0
85264.38818359375	0.0013514957028603158	-0.0053543324302804205	-0.00014201294424218006	0.0	0.0	0.0
85473.20458984375	0.004966032873384706	-0.010717274196842076	-0.00016420021046467288	0.0	0.0	0.0
85688.92211914062	0.0005743927898466548	-0.0068973640277298675	-0.0001492573574350674	0.0	0.0	0.0
85900.55102539062	0.005294072352859662	-0.010100898725784797	-0.00017357473192971523	0.0	0.0	0.0
86108.56982421875	0.0022352981049968677	-0.0023985348630734564	-0.00014919295018464115	0.0	0.0	0.0
86318.52075195312	0.00042654729370952295	-0.0028068642716012533	-0.00016071044625873819	0.0	0.0	0.0
86528.75366210938	0.006276627139034141	-0.006535807048550025	-0.00019246099264140298	0.0	0.0	0.0
86744.61352539062	-0.004291168328478445	-0.009560001433050623	-0.00021763720170505358	0.0	0.0	0.0
86960.76928710938	-0.005220522184936981	-0.0037469150059250707	-0.00021436216663091458	0.0	0.0	0.0
87170.16821289062	0.0022417569717311883	-0.002990344940153918	-0.0002313635983345499	0.0	0.0	0.0
87376.90454101562	0.004148894473396808	-0.0089714870830766	-0.00026839617828057597	0.0	0.0	0.0
87585.61157226562	-0.0046057918154409575	-0.0009003419884691103	-0.00024687294371587506	0.0	0.0	0.0
87795.84814453125	0.002905034407129855	-0.0005203337719251311	-0.0002619565867203097	0.0	0.0	0.0
88005.63012695312	-0.0045185339917109876	-0.0038108888971153873	-0.00029189909148548	0.0	0.0	0.0
88217.94995117188	-0.003955962639311525	-0.0009923024539686505	-0.0002923124710698238	0.0	0.0	0.0
88428.77514648438	-0.003346005010156009	0.0003584329647640147	-0.0002923478924645998	0.0	0.0	0.0
88639.38891601562	0.00031330979236282466	0.003323413023449627	-0.0002832381388333886	0.0	0.0	0.0
88855.5400390625	-0.00278301674326956	-0.00392464627050632	-0.00032692495294301175	0.0	0.0	0.0
89065.65258789062	-0.0040558808357516645	-0.004523034685177915	-0.00033547470196156775	0.0	0.0	0.0
89274.00830078125	-6.515643755531079e-05	-0.007767811964905692	-0.0003510154095815612	0.0	0.0	0.0
89480.98583984375	-0.006690316174399259	-0.004146040343860468	-0.00033945971078268387	0.0	0.0	0.0
89695.560546875	0.002757374333725781	-0.0017263740826802113	-0.0003071436942181475	0.0	0.0	0.0
89905.04736328125	0.0017298588815502702	0.0023185472716924682	-0.00027570700070982254	0.0	0.0	0.0
90115.78588867188	-0.004723795927078142	-0.008929381022402252	-0.00032486558202127127	0.0	0.0	0.0
90326.09838867188	-0.00136600439560769	-0.003476906302463147	-0.0002732662482845109	0.0	0.0	0.0
90534.67114257812	-0.005427052695799769	-0.0029392476540389535	-0.0002596492025284452	0.0	0.0	0.0
90746.95874023438	-0.0012540205903840416	-0.001990495704734132	-0.00020028130175459932	0.0	0.0	0.0
90958.09326171875	-0.0008228293341469937	-0.0024392728458773314	-0.00018073299691377464	0.0	0.0	0.0
91170.15161132812	-0.0008262224436138848	-0.0036845403461173228	-0.0001551344961670302	0.0	0.0	0.0
91382.72314453125	-0.00018201748381686022	-0.0015980105887647147	-0.00013380564689837127	0.0	0.0	0.0
91601.87622070312	0.0007674381721995498	0.00046432441729369234	-0.0001221523193210207	0.0	0.0	0.0
91817.81958007812	-0.007135990435331052	0.0038263032114484474	-8.802166000473987e-05	0.0	0.0	0.0
92029.06079101562	-0.003141912310956345	0.006455917124495498	4.886492154712587e-06	0.0	0.0	0.0
92238.76391601562	-0.0024777902946673414	-0.007285799567772283	9.573559827710192e-05	0.0	0.0	0.0
92451.91381835938	0.00014161686486572814	-0.0007306358819146024	0.00017243543393372218	0.0	0.0	0.0
92666.8583984375	-0.005142062598409169	-0.002812795333630793	0.00022031353790184083	0.0	0.0	0.0
92874.6328125	-0.0024018601705464346	-0.0012053875261991266	0.00027006626079909923	0.0	0.0	0.0
93083.48315429688	-0.006815574780138733	0.0007411144144383343	0.0002794862764108674	0.0	0.0	0.0
93297.41821289062	-0.0017217575385416468	-0.0004520053611523943	0.0003331468640952659	0.0	0.0	0.0
93505.69702148438	-2.4485319701416604e-06	-0.001388394051715305	0.0003629847218614091	0.0	0.0	0.0
93721.25561523438	-0.006259928959748203	0.0009301057310718514	0.0003504559938300187	0.0	0.0	0.0
93940.01098632812	0.001805809799807479	0.003744223645129728	0.00036138279256199985	0.0	0.0	0.0
94151.80908203125	-0.002222437116699729	-0.0013123434827878202	0.0003743304074853402	0.0	0.0	0.0
94360.8291015625	-0.001567769482593988	0.005481878347943987	0.0003243559087847238	0.0	0.0	0.0
94574.91479492188	-0.007796919298691964	-0.000232585926856449	0.00034230782657665654	0.0	0.0	0.0
94789.4384765625	-0.0028917274294395167	0.0058704442686172975	0.0003013489587943948	0.0	0.0	0.0
95000.00659179688	-0.0006821353613160158	-0.003955185069247192	0.0003277409391272349	0.0	0.0	0.0
95213.09521484375	-0.0016554227861022264	0.008016380095347105	0.00024327686452217637	0.0	0.0	0.0
95428.65454101562	-0.004186366681084556	0.004191683157742013	0.0002462093798495833	0.0	0.0	0.0
95639.74731445312	0.007320269774291008	0.0050156731106148975	0.00020882660438852838	0.0	0.0	0.0
95858.05834960938	-0.006314171340374871	0.00022735234269509732	0.00022377399769699953	0.0	0.0	0.0
96068.32666015625	0.006244325534509439	0.0065499883319058635	0.0001589743635158333	0.0	0.0	0.0
96282.60913085938	-0.012974304610614775	0.0010509209261934205	0.00018324358669737694	0.0	0.0	0.0
96500.4130859375	0.0035959976443919336	0.007663899595006037	0.00010438378557684772	0.0	0.0	0.0
96714.25122070312	-0.0017049687499170716	0.007697599030861545	8.344838653732663e-05	0.0	0.0	0.0
96925.74487304688	0.002856228026835558	0.0014964979584523427	7.052774006341292e-05	0.0	0.0	0.0
97139.12231445312	-0.0020494728900532456	0.013669542622599782	-1.5590032720840433e-06	0.0	0.0	0.0
97347.228515625	-0.0034870224493603573	-0.00410924300278447	3.463558602085128e-05	0.0	0.0	0.0
97559.36352539062	-0.00714474932938792	0.00590010506609845	-3.0626358927606726e-05	0.0	0.0	0.0
97769.8603515625	-0.006611714499558805	0.00524388108476374	-6.108576364011326e-05	0.0	0.0	0.0
97977.56201171875	-0.006149989403522704	0.0064132414941527	-0.00010008145666166534	0.0	0.0	0.0
98188.10961914062	1.674391031482268e-06	0.01227416864366963	-0.000161453095428042	0.0	0.0	0.0
98400.22045898438	0.0028727628106505533	0.005479935484000423	-0.00017065198037948117	0.0	0.0	0.0
98613.82104492188	-0.0032931184100153726	0.007430558331985669	-0.00019997543318785556	0.0	0.0	0.0
98824.89331054688	-0.0006225990094739838	0.003523863499454435	-0.00021698602438137394	0.0	0.0	0.0
99034.02099609375	0.005745200492930769	-0.0018175872961129812	-0.0002295437696405642	0.0	0.0	0.0
99242.51782226562	-0.0009587705015709645	0.005337890506991128	-0.00027349838181122993	0.0	0.0	0.0
99466.70263671875	-0.00511808840364967	0.0006354738762110281	-0.0002734581084823855	0.0	0.0	0.0
99681.888671875	0.0025466188650005257	0.006166934744029158	-0.00031922393011883307	0.0	0.0	0.0
99888.28491210938	0.0038049554450990445	0.008897337042209593	-0.00033618765213650224	0.0	0.0	0.0
100100.37329101562	-0.0003517512207047863	0.010134555639348128	-0.0003423788546498633	0.0	0.0	0.0
100313.44311523438	0.0011628734640424625	0.006773030782757307	-0.00033440421538558345	0.0	0.0	0.0
100521.5830078125	0.003970973396891662	0.004021701019735789	-0.0003196293397268845	0.0	0.0	0.0
100734.95166015625	0.0011687579949874035	0.01084015076145239	-0.0003471464454583372	0.0	0.0	0.0
100941.427734375	-0.0013302875011693394	0.0017400253811303903	-0.0002963603243675235	0.0	0.0	0.0
101156.31591796875	-0.004435728588241483	0.006800625673718857	-0.0003126163259264713	0.0	0.0	0.0
101369.33862304688	-0.0014555375581050856	0.00521928321538806	-0.00029951827803848094	0.0	0.0	0.0
101588.40771484375	0.0063249617274554505	-0.000540029065703433	-0.0002675011599050949	0.0	0.0	0.0
101804.3154296875	-0.0019909847339103664	0.006814014774527121	-0.00028365548802099716	0.0	0.0	0.0
102011.37036132812	0.00040032373851956035	-0.0030336215135879393	-0.00022137374485990186	0.0	0.0	0.0
102224.7109375	0.0004960250842029155	0.004737293443958664	-0.0002503563339788955	0.0	0.0	0.0
102432.2841796875	-0.002898738414183097	-0.001764417005884354	-0.00020293155480453104	0.0	0.0	0.0
102644.71923828125	0.003198936360790421	0.0022713770808873712	-0.00021706133522305597	0.0	0.0	0.0
102855.40698242188	0.0005488694908503779	0.00037033762882564264	-0.00019258960145229062	0.0	0.0	0.0
103065.03100585938	0.006902957129540215	0.0037588235744367127	-0.0002068248796310166	0.0	0.0	0.0
103275.75390625	0.002089600515125911	0.004279570153715089	-0.00019501864165452396	0.0	0.0	0.0
103483.62622070312	0.008429773007013976	0.0003796277609810719	-0.00017036483800773886	0.0	0.0	0.0
103694.12451171875	-0.005168231616305808	-0.0004209758536340511	-0.00015057931646650325	0.0	0.0	0.0
103903.94897460938	-0.003386298579218128	0.0033185144026607253	-0.0001691058064739449	0.0	0.0	0.0
104117.90576171875	0.0030022655256398212	0.00427331631354609	-0.0001812359265536713	0.0	0.0	0.0
104333.7294921875	-0.00046533893691485113	-0.0002714388837158748	-0.00015911349809739014	0.0	0.0	0.0
104547.55419921875	0.006198315304386468	0.0015051521341560774	-0.00018721357191534314	0.0	0.0	0.0
104750.84887695312	0.002840145860343398	-0.002253117647692119	-0.00017459690510559703	0.0	0.0	0.0
104961.59765625	-0.001078146044363262	-0.0019313351584103813	-0.00019669238705727538	0.0	0.0	0.0
105176.57763671875	0.0070163584364172325	-0.0021633439276163642	-0.00021178711278004272	0.0	0.0	0.0
105389.0634765625	0.003939846485418204	0.0015097395089441485	-0.000252543912607076	0.0	0.0	0.0
105599.66943359375	-0.005739740934681131	-0.0009916929120051083	-0.00025418719345819907	0.0	0.0	0.0
105811.04565429688	-0.0033584204108856536	0.004978521490896536	-0.00030598259843093306	0.0	0.0	0.0
106027.54150390625	-0.004397229489985334	-0.0019549487779838195	-0.00026923756023199163	0.0	0.0	0.0
106238.5869140625	-0.001458525845769895	0.006298485463616223	-0.0003127729728936852	0.0	0.0	0.0
106457.37866210938	-0.0070335273051629656	-0.0007527431525227974	-0.00020776847532970755	0.0	0.0	0.0
106665.029296875	0.0004933671864519541	0.0007369073455434279	-0.000126224372308912	0.0	0.0	0.0
106882.890625	0.002354326983655941	0.00564060594850922	-0.00016684912304347225	0.0	0.0	0.0
107098.197265625	-0.0026640121305578153	0.0012432641515952724	-0.00016569627945999552	0.0	0.0	0.0
107311.50170898438	0.00017872950264164052	0.012922623418050182	-0.00026199496517529395	0.0	0.0	0.0
107521.91943359375	-0.0012486026689250453	0.011066461026120716	-0.00027602105223418274	0.0	0.0	0.0
107733.46533203125	-0.003467761874403255	0.004785188670410002	-0.0002684861448423477	0.0	0.0	0.0
107942.62255859375	-0.0020060330113039686	0.007957965221254163	-0.0003085892983918563	0.0	0.0	0.0
108160.47900390625	-0.0005736374993251682	0.006371979493085366	-0.0003185165077872323	0.0	0.0	0.0
108374.99829101562	-0.005953154465679435	0.004614434405703432	-0.00034963758772549086	0.0	0.0	0.0
108589.29516601562	-0.0015599362644563106	0.0008477279741783846	-0.00033661189233777746	0.0	0.0	0.0
108802.87719726562	-0.0028364271863289365	0.008181657318184538	-0.0004195599564818149	0.0	0.0	0.0
109015.99658203125	-0.002011246481498989	0.005405282739956761	-0.0004186182496217438	0.0	0.0	0.0
109231.90649414062	-0.005348577291847258	0.003522015729271645	-0.0004506746274049568	0.0	0.0	0.0
109444.28564453125	-0.011292568133084149	0.0035314836340959482	-0.000522114006164055	0.0	0.0	0.0
109657.48950195312	-0.004770126891187322	0.0022234204766322977	-0.0004867786497741941	0.0	0.0	0.0
109868.46362304688	-0.009718242392425787	0.005629282811687406	-0.0005875488038043577	0.0	0.0	0.0
110077.431640625	-0.004831927019915196	-0.0006149587535410659	-0.0005344614346539051	0.0	0.0	0.0
110289.90502929688	-0.012219042751635423	0.001999155727424369	-0.0006472275488535032	0.0	0.0	0.0
110507.73779296875	-0.007332269841102496	0.0065416657085917585	-0.000648733528423249	0.0	0.0	0.0
110723.7265625	-0.010217635768717048	0.0024705991421885756	-0.0006885110803009978	0.0	0.0	0.0
110934.90112304688	-0.0036905341073239445	0.005900218485976714	-0.0006673810285045414	0.0	0.0	0.0
111147.53173828125	-0.013446916224467703	0.004544019513804019	-0.0007920923285033311	0.0	0.0	0.0
111360.59033203125	-0.008847333714244898	-0.0009337744734003262	-0.000734028762986351	0.0	0.0	0.0
111576.85107421875	-0.007600886581841238	-0.00598419294749672	-0.0007214892938879942	0.0	0.0	0.0
111784.13500976562	-0.014421656765750666	0.006091734264080303	-0.0008404837341444516	0.0	0.0	0.0
111994.49267578125	-0.010832146039894897	0.0001893158613352708	-0.0007729800001568988	0.0	0.0	0.0
112201.0322265625	-0.011252728027591849	0.004455335552209355	-0.0007681350412868103	0.0	0.0	0.0
112413.611328125	-0.012624701632553074	-0.00593010151510437	-0.0007514146540200648	0.0	0.0	0.0
112626.7509765625	-0.015738273961906524	0.004150300157906687	-0.0007995804143802578	0.0	0.0	0.0
112838.212890625	-0.017688813966348582	-0.0032236180970443553	-0.0008115302041492884	0.0	0.0	0.0
113048.94799804688	-0.01095636943471994	-0.0029716794239352134	-0.0007026052910229052	0.0	0.0	0.0
113261.81811523438	-0.01314797458161469	-0.0011645770258676327	-0.0007170442621527851	0.0	0.0	0.0
113477.42456054688	-0.007269729818657714	-0.002513565100207393	-0.0005959938494289918	0.0	0.0	0.0
113690.23071289062	-0.004148062724005459	0.0026972875100506866	-0.0005075558522217511	0.0	0.0	0.0
113900.3740234375	-0.009176560667968169	0.0045492062002388135	-0.0005458518989200874	0.0	0.0	0.0
114107.20190429688	-0.01363448232297437	0.00013548466377663514	-0.0005785302011056828	0.0	0.0	0.0
114321.03515625	-0.016469312074475318	-0.0028360525090212365	-0.0005955735627218813	0.0	0.0	0.0
114532.59301757812	-0.01600178571655472	-0.0012421722589216434	-0.0005658020721921051	0.0	0.0	0.0
114744.79614257812	-0.013839875824621881	-0.002043554092454706	-0.0005069235147558281	0.0	0.0	0.0
114952.20947265625	-0.015366599674643967	-0.0042246712941808665	-0.0005052169250397902	0.0	0.0	0.0
115163.14819335938	-0.01432990643570555	0.0002969712238242347	-0.0004645681190396886	0.0	0.0	0.0
115374.82153320312	-0.0037227783867694645	0.00048137258564027346	-0.000279471044114231	0.0	0.0	0.0
115587.57592773438	-0.009191901837838592	0.0013167911959475682	-0.000354377777857484	0.0	0.0	0.0
115798.49365234375	-0.013443571216180077	-0.0004247450115390678	-0.0004119637894624113	0.0	0.0	0.0
116014.083984375	-0.012476709008277503	-0.004782823685032423	-0.00038915400516349675	0.0	0.0	0.0
116231.43383789062	-0.008976373876494454	-0.0015966628966686894	-0.00031227828081988593	0.0	0.0	0.0
116448.69580078125	-0.004663494661592851	-0.001406748351365482	-0.00022420701643481881	0.0	0.0	0.0
116663.84594726562	-0.01215550122628218	-0.008937836109078286	-0.0003482602383365409	0.0	0.0	0.0
116873.06958007812	-0.012174911689397699	-0.0037193075807862696	-0.0003266397799213318	0.0	0.0	0.0
117087.87866210938	-0.01705447122093304	-0.0030837246558516364	-0.0004022454373179757	0.0	0.0	0.0
117298.97094726562	-0.007240398169876239	-0.0010579506042219526	-0.00022644154874869877	0.0	0.0	0.0
117506.58813476562	-0.005778126765698343	-0.0040183415717898905	-0.00020288470082715712	0.0	0.0	0.0
117719.04541015625	-0.005183943550513193	-0.006175592769617219	-0.00018774539402704782	0.0	0.0	0.0
117933.51123046875	-0.0034826614375095444	-0.000594914799285566	-0.00013203275217977417	0.0	0.0	0.0
118145.3056640625	-0.005889387477225251	-0.008670626270523006	-0.00018622257846493139	0.0	0.0	0.0
118359.20141601562	-0.01863231827193422	-0.005742285229816448	-0.00039044145686851887	0.0	0.0	0.0
118570.490234375	-0.013045316727905125	-0.0024907813501053133	-0.00027457614563724815	0.0	0.0	0.0
118781.45166015625	-0.013039524763738167	-0.0016375685475484676	-0.0002660166320484352	0.0	0.0	0.0
118995.82348632812	-0.012379665301150877	0.0034448358846841157	-0.00023103217969704684	0.0	0.0	0.0
119211.26782226562	-0.004621041823966822	-0.005389533382468041	-0.00011243657900561985	0.0	0.0	0.0
119426.00244140625	-0.007422591392910126	-0.0018765880876189349	-0.0001334779349627702	0.0	0.0	0.0
119642.1357421875	-0.012462600542676118	0.005485631173674812	-0.00018034965418817494	0.0	0.0	0.0
119851.74560546875	-0.010694609501909659	-0.00010564681810287613	-0.00015303862953025107	0.0	0.0	0.0
120067.75854492188	-0.007125799044094517	0.0010688762017823999	-6.08967299379886e-05	0.0	0.0	0.0
120281.98120117188	-0.009148686475096517	0.0044381988769796425	-5.6312917671021094e-05	0.0	0.0	0.0
120489.8447265625	-0.010248123547908699	-0.004303165688324842	-8.705158289507973e-05	0.0	0.0	0.0
120700.10034179688	-0.015531638781739649	0.001338422128142213	-0.0001269275015490827	0.0	0.0	0.0
120913.92578125	-0.014196621893629344	-0.006290083285540953	-0.00010689395951515848	0.0	0.0	0.0
121128.576171875	-0.010090117679988552	-0.0027055518537010223	5.797595972601739e-06	0.0	0.0	0.0
121345.0625	-0.005007638731958015	0.0006473486933144052	0.0001311723905277723	0.0	0.0	0.0
121557.05908203125	-0.01019531989146024	-0.004163864699501297	3.206429324467694e-05	0.0	0.0	0.0
121768.70166015625	-0.018523516828974428	-0.0004558314901766349	-8.507462272292285e-05	0.0	0.0	0.0
121977.29663085938	-0.007022989338260845	-0.005389211458728109	0.00012338025083931793	0.0	0.0	0.0
122186.32470703125	-0.006788620919408459	-0.0013994913644406481	0.0001864416437823612	0.0	0.0	0.0
122397.64135742188	-0.014005000369482865	-0.013747270744959534	4.839380152956151e-05	0.0	0.0	0.0
122613.35498046875	-0.00695644807269674	-0.004452015880423965	0.0002831184002911365	0.0	0.0	0.0
122825.04663085938	-0.004517960126354135	-0.0116472574931548	0.0003544053624053022	0.0	0.0	0.0
123034.13671875	-0.010514690331214197	0.005757520984954385	0.00040339506164808195	0.0	0.0	0.0
123239.85766601562	-0.013956683122669919	0.004672696466997154	0.00040633995863863345	0.0	0.0	0.0
123450.86108398438	-0.00350965709948306	-8.137686999635315e-05	0.0006488208216690933	0.0	0.0	0.0
123669.03076171875	-0.008662205523760479	0.000687228428208321	0.0006486824043500088	0.0	0.0	0.0
123882.2041015625	-0.0049115047260550266	-0.007310114493122164	0.0007803898346223132	0.0	0.0	0.0
124093.45947265625	-0.01194121009367972	-0.003895443841953456	0.0007565127137298923	0.0	0.0	0.0
124307.46997070312	-0.009510483954967229	-0.0026905123919095855	0.0009039975987270303	0.0	0.0	0.0
124516.90576171875	-0.007794686866755616	-0.00956169697987244	0.000940340533889359	0.0	0.0	0.0
124728.7724609375	-0.005948613580977273	-0.0032560703580509927	0.0010697414749293779	0.0	0.0	0.0
124948.78344726562	-0.013625976559099263	-0.012801943753625247	0.0008748933754124452	0.0	0.0	0.0
125160.2578125	-0.011617643275298108	-0.010491660499909164	0.0009290984356897555	0.0	0.0	0.0
125378.99340820312	-0.007168090849296052	-0.016393391458876347	0.0009393433766655163	0.0	0.0	0.0
125590.19213867188	-0.00993156255321445	-0.008013493859165242	0.000982540974783864	0.0	0.0	0.0
125799.654296875	-0.008313859930212903	-0.011604928991451028	0.0009463316581978876	0.0	0.0	0.0
126012.59033203125	-0.00847346932025887	-0.007096214058223543	0.000982713190716945	0.0	0.0	0.0
126225.21142578125	-0.007408945250941607	-0.011733818833606052	0.000899231832490698	0.0	0.0	0.0
126435.47875976562	-0.0033845151472809004	-0.009543134144600306	0.0009585116515182204	0.0	0.0	0.0
126648.376953125	-0.006830031789922445	-0.011063398291726501	0.0008379338345593	0.0	0.0	0.0
126857.00366210938	0.000248107016805531	-0.006091393815493881	0.0009701470047635383	0.0	0.0	0.0
127064.59326171875	-0.008097124160429283	-0.014588098614402915	0.00065225966966317	0.0	0.0	0.0
127278.0693359375	-0.008554962221012099	-0.014950700337785243	0.0005879246493914468	0.0	0.0	0.0
127490.841796875	-0.006108293012684884	-0.011390289124300958	0.000626868918209504	0.0	0.0	0.0
127700.23413085938	-0.006591850241190214	-0.012735141889063389	0.0005352479905237871	0.0	0.0	0.0
127911.84008789062	-0.0020788581972534977	-0.0056208364040629104	0.0006545473530364549	0.0	0.0	0.0
128120.9296875	-0.002188581059931714	-0.002612944996119722	0.000650197081100406	0.0	0.0	0.0
128325.35913085938	-0.0021345879874766164	-0.020925270159647225	0.0002270313265713073	0.0	0.0	0.0
128537.04052734375	0.0028306144552792635	-0.017698023933066003	0.00028843499546517775	0.0	0.0	0.0
128748.45849609375	-0.003663893182722209	-0.01476034291064134	0.0002808938568220625	0.0	0.0	0.0
128954.67822265625	-0.0027060962063167305	-0.007437701502274585	0.00039584994243515415	0.0	0.0	0.0
129167.25122070312	0.003950275376127336	-0.021123803255121986	0.00011944310876255105	0.0	0.0	0.0
129381.5068359375	0.006945728076456207	-0.02024986149348556	0.00010861213408517098	0.0	0.0	0.0
129595.6044921875	-0.007541192404908646	-0.01057357003907733	0.0002010342081097678	0.0	0.0	0.0
129809.76928710938	-0.0038863250774105232	-0.009871611238511723	0.00018506190546582237	0.0	0.0	0.0
130020.5205078125	-0.002145142091931528	-0.007352209110664437	0.0001971461166342207	0.0	0.0	0.0
130229.85498046875	-0.0011425760533951908	-0.011361947037611274	7.709860834634037e-05	0.0	0.0	0.0
130437.73120117188	-0.0045213297641062975	-0.012059704792466925	8.126220495009847e-06	0.0	0.0	0.0
130646.19702148438	0.007401186344617413	-0.011005492473695859	-2.5859988543041625e-07	0.0	0.0	0.0
130853.91430664062	-0.00490370618938729	-0.012690259772934129	-9.372148331218124e-05	0.0	0.0	0.0
131061.13842773438	-0.0008622693256007936	-0.011300108648663532	-0.00010956882443824645	0.0	0.0	0.0
131271.796875	0.010539453473602706	-0.016739928390210337	-0.00023065818064027765	0.0	0.0	0.0
131483.3349609375	0.002822436227916026	-0.017714417373536444	-0.00025420522552352967	0.0	0.0	0.0
131692.25903320312	6.440995107500372e-05	-0.011017920800251333	-0.0001292766898208555	0.0	0.0	0.0
131908.77978515625	0.0031536670937857636	-0.011488748846657628	-0.00014941595953229684	0.0	0.0	0.0
132124.1494140625	0.00098236185464652	-0.013540562857433675	-0.00019912568837069378	0.0	0.0	0.0
132332.41259765625	-0.0061379046159744455	-0.01803880524679402	-0.0002904238933952629	0.0	0.0	0.0
132547.80737304688	0.0025249020315524446	-0.01550897351581932	-0.000268159373893488	0.0	0.0	0.0
132759.38208007812	0.006499437250550147	-0.007041688493119359	-0.00011449560521122664	0.0	0.0	0.0
132971.70654296875	0.008359625348936259	-0.010362505617290992	-0.00017936617802226496	0.0	0.0	0.0
133181.56201171875	-0.006391511089353144	-0.01495843390852431	-0.0002389041780095436	0.0	0.0	0.0
133393.32421875	-0.0013345064353252785	-0.006922003016451212	-0.00010691755152783305	0.0	0.0	0.0
133609.17041015625	0.004915427127403914	-0.01167358756458731	-0.00022171429182729011	0.0	0.0	0.0
133818.10375976562	0.006349615304500026	-0.008935301951646173	-0.00019587300427081702	0.0	0.0	0.0
134031.62524414062	0.00209973163280947	-0.01724429224307719	-0.00038376561373636847	0.0	0.0	0.0
134244.31762695312	0.0037187611135110796	-0.008348963783713147	-0.00026246508106563503	0.0	0.0	0.0
134455.18530273438	0.003813523291346055	-0.0024266537374431772	-0.00017674189718181865	0.0	0.0	0.0
134664.5146484375	0.005263178835747865	-0.0041935156571061	-0.0002464518440664698	0.0	0.0	0.0
134876.61474609375	0.008508947221978624	-0.01070470046117207	-0.0004077560709052745	0.0	0.0	0.0
135085.2041015625	0.0027986576816026432	-0.01148953890215045	-0.0004086341401618581	0.0	0.0	0.0
135296.74877929688	0.0009760399289324449	-0.013455100412412756	-0.00044913295227908554	0.0	0.0	0.0
135509.07592773438	0.01148765797724929	-0.009759937862622576	-0.00045224369409258827	0.0	0.0	0.0
135720.79370117188	0.004540487638059069	-0.003796704547062693	-0.0003090114907772163	0.0	0.0	0.0
135933.03393554688	0.0037370807266966302	-0.0023727688915440586	-0.00029147941778485866	0.0	0.0	0.0
136142.111328125	-0.0005490158426280951	-0.007780686319175874	-0.00037465808929070687	0.0	0.0	0.0
136353.55932617188	0.006445013985637126	-0.006718987949429391	-0.0003958166792495314	0.0	0.0	0.0
136565.42016601562	-0.0013593229147995656	-0.005252554396149949	-0.00030919399714484004	0.0	0.0	0.0
136772.822265625	0.006960202090028785	-0.010774741929385804	-0.0004513617340009572	0.0	0.0	0.0
136983.34375	0.00846148152415075	-0.015257864283387833	-0.0005512695503514151	0.0	0.0	0.0
137191.34252929688	0.0035208079835272704	-0.009905163425537034	-0.00043789900362928833	0.0	0.0	0.0
137400.619140625	0.005154327020586458	-0.010461527383273364	-0.0004945174100864436	0.0	0.0	0.0
137608.76489257812	0.0008993517074782353	-0.015600347771228653	-0.000610312174839884	0.0	0.0	0.0
137818.14135742188	0.007023575037599867	-0.010794365817850423	-0.0006407332096869641	0.0	0.0	0.0
138033.11596679688	0.01155282162041127	-0.003160444068825466	-0.0005926854580248434	0.0	0.0	0.0
138244.12646484375	-0.0026606241847120164	-0.010623577244060493	-0.000721077806211261	0.0	0.0	0.0
138454.052734375	0.009477767621279422	-0.016216314878245725	-0.0010109943092411922	0.0	0.0	0.0
138661.53002929688	-0.002006974723731557	-0.012989920831723109	-0.0009541482221900284	0.0	0.0	0.0
138869.142578125	0.003658321926629713	-0.012424592914664955	-0.001076589136929547	0.0	0.0	0.0
139079.10180664062	-0.0019462657666734914	-0.019491096840447104	-0.0012816991656508995	0.0	0.0	0.0
139291.68188476562	0.003648317741911352	-0.005687664245932574	-0.0011335607025418411	0.0	0.0	0.0
139507.35034179688	-0.002906801941894491	-0.012014302256926198	-0.00131046154571361	0.0	0.0	0.0
139717.39721679688	0.001608270254457026	-0.013130269165847279	-0.001426961257260257	0.0	0.0	0.0
139931.25561523438	0.008679986439952592	-0.007698455989798578	-0.001386902633492757	0.0	0.0	0.0
140147.77685546875	-0.002121326990897951	-0.01438566962987323	-0.001521060482498999	0.0	0.0	0.0
140366.10620117188	0.0021953620128802877	-0.008968180937773641	-0.0014219364070263913	0.0	0.0	0.0
140578.05517578125	-0.00018364757469278744	-0.019626419823505426	-0.0016505120191524845	0.0	0.0	0.0
140788.09887695312	0.005435039201310068	-0.0073344123435703885	-0.0013671864602033603	0.0	0.0	0.0
140998.88305664062	-0.004410190427331763	-0.007627853535571468	-0.001372509611419223	0.0	0.0	0.0
141208.97314453125	-0.0017886196069464917	-0.011291843156640745	-0.0014581500568829218	0.0	0.0	0.0
141417.14599609375	-0.004108079059925904	-0.016929206733437067	-0.0015761649669072861	0.0	0.0	0.0
141631.6982421875	-7.603476316509569e-05	-0.008433986026751883	-0.0013523283292942879	0.0	0.0	0.0
141841.787109375	-0.004872052157976655	-0.011350614261028145	-0.001413022992209537	0.0	0.0	0.0
142054.35522460938	-0.008404784310176213	-0.017446809168796238	-0.0015564425434198385	0.0	0.0	0.0
142269.70336914062	-0.007794612768871092	-0.00944114816696477	-0.0013572734387413167	0.0	0.0	0.0
142479.33520507812	-0.007253501355236777	-0.010516494194955463	-0.001381447678375844	0.0	0.0	0.0
142689.80297851562	-0.013178947218407462	-0.015734153272210855	-0.0015754842439808583	0.0	0.0	0.0
142901.81103515625	-0.014472826611293446	-0.006148655752878864	-0.0014160541191985242	0.0	0.0	0.0
143113.03637695312	-0.0026372474348355813	-0.011345590277225214	-0.0013919659524710593	0.0	0.0	0.0
143323.66845703125	-0.011599101965349898	-0.012368825887681446	-0.0015424297181392294	0.0	0.0	0.0
143534.767578125	-0.011136774451641625	-0.011319536496126567	-0.001523065177084666	0.0	0.0	0.0
143745.75390625	-0.009644110394513794	-0.009229705121946437	-0.001460106418591934	0.0	0.0	0.0
143957.06396484375	-0.012273168577554155	-0.009008509561895443	-0.0014820025187846152	0.0	0.0	0.0
144167.49072265625	-0.015251318573659954	-0.007287889856547481	-0.0014749395576147918	0.0	0.0	0.0
144375.27587890625	-0.018202286913644467	-0.009040063702941817	-0.0015145730685287868	0.0	0.0	0.0
144583.28955078125	-0.009375016492098796	-0.003182430865147083	-0.0012537975054818815	0.0	0.0	0.0
144792.38232421875	-0.011831679518467317	-0.008589134517411797	-0.0013264587276126353	0.0	0.0	0.0
145008.501953125	-0.011575611328308163	-0.0029759890169078476	-0.0011981597121504585	0.0	0.0	0.0
145222.14379882812	-0.014904848726914366	-0.00628148918959994	-0.0012287053561122509	0.0	0.0	0.0
145439.20068359375	-0.01429139137837623	-0.006192739032426935	-0.0011479729522741924	0.0	0.0	0.0
145660.75561523438	-0.016957351737025603	-0.006130072433403899	-0.0011286565931211843	0.0	0.0	0.0
145876.77563476562	-0.011092599054889248	-0.008382918668573018	-0.0009923120451365496	0.0	0.0	0.0
146089.89575195312	-0.010005093159964857	6.353672119949332e-05	-0.0008349251264938668	0.0	0.0	0.0
146305.86083984375	-0.013424271119361285	0.0004998156080355651	-0.0008314174359534762	0.0	0.0	0.0
146516.28149414062	-0.012799887789724023	-0.0014180501864735696	-0.0007811945079715518	0.0	0.0	0.0
146732.85815429688	-0.00528281127304244	-0.004079528907886115	-0.0006186320458964635	0.0	0.0	0.0
146944.56713867188	-0.019001796403564405	-0.001123534714392763	-0.0007705178612371025	0.0	0.0	0.0
147156.28125	-0.010354624321619547	0.00019404331696228972	-0.0005352144144937518	0.0	0.0	0.0
147370.10693359375	-0.014247474244230592	-0.005087429818456479	-0.000540886425236138	0.0	0.0	0.0
147583.740234375	-0.013652770247210379	-0.001164411017163049	-0.00037969727658992145	0.0	0.0	0.0
147799.05297851562	-0.014324790951433568	-0.001790930946993738	-0.00025748342622404805	0.0	0.0	0.0
148013.2548828125	-0.010831865133825292	-0.005859497163163184	-5.2136774120119315e-05	0.0	0.0	0.0
148223.34350585938	-0.013277578731885144	-0.004414158766118799	6.569511453224203e-05	0.0	0.0	0.0
148438.16821289062	-0.012770750548614674	-0.0015119882225404996	0.0002732972905404445	0.0	0.0	0.0
148651.77563476562	-0.012943473460455482	0.00491786395249685	0.0004936988816037323	0.0	0.0	0.0
148862.63061523438	-0.009701832575975183	0.0034525433418550674	0.000725550717318831	0.0	0.0	0.0
149076.56494140625	-0.00989522444497113	-0.0027198312527103056	0.0008895598800380446	0.0	0.0	0.0
149283.77001953125	-0.013375854577156072	-0.006314963525581789	0.0009372801492707195	0.0	0.0	0.0
149492.16821289062	-0.013097886242064094	-0.0007533277593013001	0.001112750822750054	0.0	0.0	0.0
149704.48974609375	-0.010824421124727951	-0.0067642997475439864	0.0012499023509718818	0.0	0.0	0.0
149916.34643554688	-0.004596857405182154	0.0030988466900913956	0.0015501253512639084	0.0	0.0	0.0
150132.26831054688	-0.011383222880289312	0.0006487557512652595	0.0015049064052219403	0.0	0.0	0.0
150344.52758789062	-0.015260590210187965	-0.00046624038096822396	0.0014824341863217073	0.0	0.0	0.0
150556.92846679688	-0.007968656974894963	-0.0004944936100545388	0.001703190341653246	0.0	0.0	0.0
150768.04174804688	-0.010628661143471408	-0.004916114511536573	0.0017059692057157362	0.0	0.0	0.0
150979.50512695312	-0.01229575079070488	0.0012147137976052562	0.0018063561774181991	0.0	0.0	0.0
151194.70581054688	-0.005519008239697627	9.281219031632224e-06	0.0020640294100969956	0.0	0.0	0.0
151414.7119140625	-0.005585212060462397	-0.007084101750514514	0.0020585173537160176	0.0	0.0	0.0
151629.03369140625	-0.003569242927705997	-0.004736722571777925	0.0020747224403622703	0.0	0.0	0.0
151844.31640625	-0.019467615326461248	-0.004137028415650193	0.00167526200730425	0.0	0.0	0.0
152057.83911132812	-0.01498656252956195	0.003902752552193258	0.001710729135746991	0.0	0.0	0.0
152269.9541015625	-0.016890914034963	0.0021268478585160936	0.001606154033015084	0.0	0.0	0.0
152484.017578125	-0.014020784797825646	0.0010359066326669126	0.001628233833062466	0.0	0.0	0.0
152698.55200195312	-0.007296524959752141	0.009118978243901864	0.001658998663730313	0.0	0.0	0.0
152912.35986328125	-0.01450511474615854	-0.00012975645803274042	0.0014749742272516615	0.0	0.0	0.0
153119.70581054688	-0.006534637689849989	0.007409053245844049	0.0014653920292174247	0.0	0.0	0.0
153337.48950195312	-0.01302278620309031	0.002691684189311954	0.0012583616386100855	0.0	0.0	0.0
153544.6875	-0.015343991433782707	8.928189563939498e-05	0.0011090998801762376	0.0	0.0	0.0
153749.77368164062	-0.01618281595787405	0.006979113229056674	0.0008478459905390137	0.0	0.0	0.0
153959.46655273438	-0.014421397086015125	0.0041982085736645865	0.000769525760018162	0.0	0.0	0.0
154175.67846679688	-0.012095601239786574	0.006815723449979097	0.0006383382975113357	0.0	0.0	0.0
154390.58154296875	-0.012005005076439354	0.00837637460945736	0.00048422438588899573	0.0	0.0	0.0
154604.14086914062	-0.013867777844584095	0.014348110618341205	0.00023175159865648266	0.0	0.0	0.0
154820.84106445312	-0.011604175149130237	0.01438885772141782	0.00015050847903071173	0.0	0.0	0.0
155035.4736328125	-0.01071018893237795	0.009614517402533586	0.00013169701691536978	0.0	0.0	0.0
155250.17163085938	-0.006717533345263001	0.0167100233234565	-6.136112068205903e-05	0.0	0.0	0.0
155459.21118164062	-0.013076661843442756	0.021090960147004637	-0.00034195942267726203	0.0	0.0	0.0
155678.25073242188	-0.007124631103858543	0.01537480949736227	-0.0002482026540874115	0.0	0.0	0.0
155891.89208984375	-0.005765136835910066	0.010946121994959885	-0.00022481651212207966	0.0	0.0	0.0
156103.18310546875	-0.01897674634682276	0.014394363668979199	-0.0005630438267711353	0.0	0.0	0.0
156313.1767578125	-0.004011341771966503	0.01573348634616086	-0.0004367534225875628	0.0	0.0	0.0
156526.75219726562	-0.011548320348566891	0.01909295496837019	-0.0006769154048124483	0.0	0.0	0.0
156741.43310546875	-0.011249365776912821	0.01960377486641759	-0.0007467285373219287	0.0	0.0	0.0
156952.94555664062	-0.013393003136869912	0.01914397435736853	-0.0008239989494007471	0.0	0.0	0.0
157166.990234375	-0.016458511600892595	0.014405056689499141	-0.000828032072375589	0.0	0.0	0.0
157377.49731445312	-0.01655827709792114	0.010551637174903502	-0.0007836182781431796	0.0	0.0	0.0
157591.2177734375	-0.011423204217894296	0.02545063950288947	-0.0010362177369309194	0.0	0.0	0.0
157799.68994140625	-0.01583143235880477	0.016945655481718218	-0.0009538111719058372	0.0	0.0	0.0
158013.244140625	-0.008481192226822138	0.00836743460172329	-0.0007030244093619887	0.0	0.0	0.0
158225.86572265625	-0.007705474470179457	0.013875739124590955	-0.0008035616417271994	0.0	0.0	0.0
158439.1240234375	-0.0026285393327127203	0.013932322334665652	-0.0007375776988045601	0.0	0.0	0.0
158651.76586914062	-0.0077262126594555445	0.022389851357296306	-0.0009683138850062499	0.0	0.0	0.0
158868.17114257812	-0.01126840132578301	0.013839462128267624	-0.0008377081885196421	0.0	0.0	0.0
159081.04150390625	-0.01229098066897359	0.013185602690506778	-0.0008066844453436306	0.0	0.0	0.0
159296.61254882812	-0.010672602923607236	0.01796933533709494	-0.0008131338639882082	0.0	0.0	0.0
159511.94897460938	-0.014197350366388287	0.01615029529581263	-0.0007365036077656634	0.0	0.0	0.0
159725.63256835938	-0.004952386780391545	0.016047875848279762	-0.0005303658652654409	0.0	0.0	0.0
159938.00244140625	-0.00223372918234222	0.01605666341422363	-0.00043677260505600463	0.0	0.0	0.0
160150.814453125	-0.011963258998695681	0.016453743392365685	-0.0005386905766020014	0.0	0.0	0.0
160361.4248046875	-0.011606537494962902	0.007620063546790075	-0.00031315258646750474	0.0	0.0	0.0
160574.17919921875	-0.008208218151573719	0.01692662952713083	-0.00042533562614004784	0.0	0.0	0.0
160784.99047851562	-0.007407424665709935	0.014393117752578703	-0.0003285212067073946	0.0	0.0	0.0
160998.66845703125	-0.01239525815633908	0.015404647318885073	-0.0003920507812779007	0.0	0.0	0.0
161209.52758789062	-0.01405998175106321	0.015430493452597213	-0.0003928044378462021	0.0	0.0	0.0
161420.048828125	-0.0066487576765803325	0.015189890328120126	-0.0002662394670288721	0.0	0.0	0.0
161634.19702148438	-0.004715966667506914	0.011879708878604123	-0.00015108128067060442	0.0	0.0	0.0
