0.000000	0.000000	0.000000	1.238575	-1.887077	1.209033	
0.010357	-0.016845	0.006725	1.248437	-1.903167	1.215274	
0.033214	0.012749	0.029272	1.281151	-1.889657	1.244060	
-0.014875	-0.000609	0.018238	1.265764	-1.889510	1.261800	
-0.006787	0.004035	-0.010438	1.258470	-1.884719	1.250858	
0.001523	-0.046963	-0.008516	1.259490	-1.930928	1.241841	
0.001633	-0.000152	0.016111	1.260619	-1.930308	1.257456	
0.000436	0.024747	-0.019459	1.260551	-1.904790	1.237494	
-0.021394	0.026802	0.031687	1.238653	-1.877226	1.268687	
-0.006869	-0.009789	0.007455	1.231289	-1.886265	1.275634	
-0.004447	-0.002250	0.002883	1.226349	-1.887760	1.278007	
0.003746	-0.018929	0.006949	1.229605	-1.905934	1.284445	
0.003945	0.029441	-0.008840	1.233058	-1.875731	1.275092	
-0.004556	0.035423	0.012999	1.228009	-1.839558	1.287581	
-0.015119	0.005394	-0.007346	1.212399	-1.833428	1.279720	
-0.006462	0.005017	0.011950	1.205452	-1.827679	1.291159	
-0.008505	0.005940	-0.017682	1.196465	-1.821008	1.272961	
0.004290	-0.012184	0.028410	1.200276	-1.832463	1.300861	
0.003268	-0.028680	-0.054666	1.203064	-1.860410	1.245675	
0.012661	0.004470	0.035982	1.215245	-1.855196	1.281159	
0.015720	-0.028053	-0.002517	1.230479	-1.882507	1.278130	
-0.013727	-0.012608	0.016090	1.216259	-1.894362	1.293708	
-0.007868	0.016590	0.001763	1.207905	-1.877014	1.294954	
-0.003655	-0.017913	0.000520	1.203767	-1.894177	1.294956	
-0.007264	0.027047	0.024605	1.196021	-1.866372	1.319043	
0.000515	0.021199	0.016092	1.196058	-1.844427	1.334608	
-0.006903	0.029306	0.002895	1.188677	-1.814383	1.336969	
0.020678	-0.009628	0.017745	1.208880	-1.823285	1.354179	
0.024358	-0.002940	-0.010955	1.232755	-1.825496	1.342683	
-0.009719	0.011050	-0.011595	1.222543	-1.813716	1.330551	
0.027562	-0.046221	0.007613	1.249616	-1.859211	1.337632	
-0.019291	-0.015968	-0.005097	1.229825	-1.874436	1.332000	
0.016713	-0.036283	0.013316	1.246046	-1.909968	1.344783	
-0.009522	0.006298	0.003258	1.236026	-1.902906	1.347503	
0.000847	-0.024995	-0.010111	1.236378	-1.927141	1.336854	
-0.001709	0.019705	-0.027920	1.234175	-1.906665	1.308399	
0.042900	-0.009745	-0.000639	1.276582	-1.915648	1.307237	
-0.018563	-0.032192	-0.006691	1.257508	-1.947073	1.300023	
0.000318	0.002181	-0.008668	1.257322	-1.944113	1.290836	
-0.027121	0.016648	-0.032377	1.229699	-1.926687	1.257942	
-0.004395	0.040676	-0.011993	1.224812	-1.885241	1.245447	
0.000700	0.024829	-0.025597	1.225022	-1.859658	1.219351	
-0.005255	0.019619	-0.017628	1.219277	-1.839295	1.201236	
0.004335	-0.002204	-0.003180	1.223125	-1.840763	1.197576	
0.001744	0.033100	-0.005405	1.224379	-1.806928	1.191692	
0.027593	-0.007247	-0.015586	1.251483	-1.813452	1.175629	
-0.002736	0.048402	-0.017978	1.248247	-1.764325	1.157181	
-0.001099	-0.003694	0.008702	1.246649	-1.767314	1.165420	
0.007516	-0.025833	0.014231	1.253666	-1.792440	1.179185	
0.018329	0.007804	0.018324	1.271494	-1.783919	1.197037	
-0.020273	0.003412	-0.010358	1.250713	-1.779794	1.186200	
-0.029425	0.002903	0.001291	1.220787	-1.776179	1.187017	
0.000559	-0.048593	-0.001974	1.220858	-1.824062	1.184568	
0.002662	0.013706	0.011758	1.223032	-1.809627	1.195853	
0.021711	-0.018159	-0.016808	1.244254	-1.827062	1.178566	
0.009483	-0.028477	0.012114	1.253239	-1.854809	1.190209	
-0.011000	-0.022853	-0.004441	1.241737	-1.876920	1.185292	
0.019159	0.007941	0.009418	1.260400	-1.868229	1.194236	
0.004107	-0.007750	0.011926	1.264003	-1.875232	1.205684	
-0.012621	-0.015472	-0.020627	1.250877	-1.889954	1.184575	
-0.000381	0.030143	0.013257	1.249995	-1.859055	1.197358	
-0.019319	0.003627	-0.007332	1.230176	-1.854684	1.189547	
0.000353	-0.005596	-0.002428	1.230038	-1.859539	1.186644	
-0.005116	0.001546	0.011963	1.224430	-1.857249	1.198132	
0.027648	-0.019124	-0.013199	1.251587	-1.875630	1.184454	
-0.021480	-0.002170	0.014983	1.229607	-1.877050	1.198963	
0.001050	0.044683	0.014149	1.230165	-1.831616	1.212633	
0.030046	-0.029937	0.008852	1.259719	-1.860821	1.221000	
-0.004618	0.025585	0.021655	1.254597	-1.834491	1.242167	
0.015083	-0.010706	-0.000734	1.269178	-1.844464	1.240936	
0.022260	0.002314	0.031897	1.290931	-1.841412	1.272337	
0.025232	0.012218	0.016441	1.315646	-1.828458	1.288269	
-0.024042	0.022371	0.005647	1.291078	-1.805355	1.293402	
0.025662	-0.014878	0.026786	1.316223	-1.819511	1.319670	
-0.010718	-0.008867	0.010259	1.304979	-1.827651	1.329401	
-0.031178	-0.001415	-0.010842	1.273279	-1.828335	1.318027	
0.021700	0.003923	-0.018220	1.294470	-1.823681	1.299280	
0.000812	0.018428	0.012572	1.294765	-1.804525	1.311333	
0.007985	0.025704	-0.019167	1.302232	-1.778099	1.291642	
-0.010185	0.003832	-0.011341	1.291527	-1.773556	1.279784	
-0.008728	0.004518	0.000786	1.282283	-1.768329	1.280058	
-0.020511	0.001468	-0.006749	1.261259	-1.766154	1.272798	
0.004533	0.022303	0.000165	1.265288	-1.743144	1.272454	
0.026479	0.010457	-0.016100	1.291261	-1.731990	1.255845	
0.021371	0.072327	0.002369	1.312116	-1.658971	1.257712	
0.009713	0.011700	0.002921	1.321304	-1.646608	1.260129	
0.027001	-0.025881	-0.001583	1.347776	-1.671831	1.258043	
-0.009593	-0.022534	-0.008969	1.337644	-1.693696	1.248571	
-0.000508	0.013913	-0.008696	1.336601	-1.679105	1.239375	
-0.024499	-0.019410	-0.014812	1.311567	-1.697844	1.224068	
-0.002935	-0.048482	0.003450	1.308108	-1.745647	1.227028	
0.019558	-0.005449	-0.008062	1.327142	-1.750399	1.218476	
0.006006	-0.035990	0.027804	1.332617	-1.785689	1.245793	
-0.013414	0.018820	0.010045	1.318670	-1.766154	1.255340	
-0.006307	-0.021594	-0.010692	1.311836	-1.787042	1.244146	
0.038599	-0.032539	0.001517	1.349911	-1.818866	1.245166	
-0.000738	-0.008703	-0.005022	1.348633	-1.826841	1.239646	
-0.010082	-0.048572	-0.013354	1.338012	-1.874683	1.225797	
0.017613	0.015659	0.001867	1.355089	-1.858273	1.227173	
0.031469	-0.002482	-0.005263	1.386017	-1.860012	1.221419	
-0.000257	-0.007262	-0.006534	1.385206	-1.866530	1.214397	
-0.017997	0.010579	0.000050	1.366655	-1.855205	1.213961	
0.017871	0.037034	0.007693	1.383979	-1.817429	1.221169	
0.001934	-0.028249	-0.000681	1.385360	-1.844951	1.219999	
0.009699	0.009214	-0.003022	1.394505	-1.834999	1.216490	
-0.012544	-0.012074	0.022247	1.381403	-1.846340	1.238250	
0.006486	-0.048969	-0.027496	1.387337	-1.894570	1.210259	
-0.014546	-0.020016	-0.022028	1.372236	-1.913828	1.187747	
-0.016439	-0.041266	-0.002522	1.355248	-1.954328	1.184749	
-0.004014	0.006257	0.000537	1.350692	-1.947290	1.184812	
0.017601	-0.007366	0.003484	1.367753	-1.953877	1.187823	
0.026772	0.010979	-0.000488	1.393977	-1.942116	1.186859	
-0.034043	-0.029261	-0.035689	1.359377	-1.970600	1.150696	
-0.018309	0.019906	0.002190	1.340524	-1.949906	1.152426	
-0.015372	0.025297	0.029905	1.324615	-1.923829	1.181870	
0.001481	0.057783	0.023411	1.325567	-1.865277	1.204809	
-0.006553	-0.051052	0.014570	1.318483	-1.915582	1.218898	
-0.010852	0.016930	-0.010894	1.307104	-1.897886	1.207516	
-0.004441	-0.021057	0.011637	1.302140	-1.918184	1.218670	
0.013612	0.001284	-0.015607	1.315231	-1.916133	1.202576	
0.009720	-0.012265	0.011490	1.324425	-1.927632	1.213585	
0.023307	-0.004104	0.003490	1.347202	-1.930965	1.216590	
-0.011886	0.003793	-0.010778	1.334777	-1.926399	1.205326	
-0.003968	0.021018	-0.012238	1.330276	-1.904611	1.192605	
-0.012192	0.028920	-0.005799	1.317552	-1.874930	1.186330	
-0.016894	-0.007598	0.003521	1.300130	-1.881778	1.189376	
-0.004466	-0.018363	-0.008985	1.295144	-1.899388	1.179916	
-0.005989	-0.025743	-0.009452	1.288637	-1.924372	1.169991	
0.026552	0.001570	0.011380	1.314674	-1.922032	1.180903	
-0.010897	0.053110	0.002546	1.303251	-1.868153	1.182977	
-0.001762	-0.025643	0.001876	1.300968	-1.893049	1.184380	
0.012232	-0.006622	-0.012393	1.312680	-1.898913	1.171513	
0.010413	-0.019358	0.000449	1.322568	-1.917512	1.171494	
0.008184	-0.022143	-0.017137	1.330222	-1.938889	1.153889	
0.022328	0.011053	-0.020566	1.352018	-1.927060	1.132861	
0.011076	-0.066036	-0.002443	1.362553	-1.992326	1.129965	
-0.010634	0.007257	-0.016674	1.351374	-1.984272	1.112840	
0.001778	-0.000294	0.030326	1.352611	-1.983773	1.142721	
0.023369	0.001316	-0.018305	1.375439	-1.981664	1.123959	
0.009876	0.004246	-0.005131	1.384765	-1.976625	1.118378	
0.018018	-0.038516	-0.010086	1.402229	-2.014351	1.107846	
-0.011165	0.030791	0.009461	1.390503	-1.982754	1.116864	
-0.020882	-0.019116	-0.015232	1.369065	-2.001077	1.101185	
0.007669	-0.008514	0.006702	1.376186	-2.008791	1.107447	
0.004431	0.031686	0.003651	1.380067	-1.976302	1.110654	
-0.005009	0.019946	-0.018476	1.374506	-1.955565	1.091734	
0.006668	0.017158	0.016820	1.380624	-1.937625	1.108117	
-0.008233	0.016691	0.002679	1.371839	-1.920159	1.110353	
-0.018527	0.029340	0.000634	1.352763	-1.890051	1.110543	
0.023072	-0.011336	0.001175	1.375294	-1.900631	1.111274	
-0.022049	0.031794	0.007513	1.352696	-1.868077	1.118343	
-0.033532	0.008664	-0.002545	1.318622	-1.858666	1.115351	
-0.013645	0.024252	0.028461	1.304450	-1.833671	1.143366	
-0.016875	-0.004799	0.005675	1.287054	-1.837737	1.148583	
0.010484	0.003435	0.006806	1.297024	-1.833566	1.154930	
0.012618	0.029872	-0.031763	1.309123	-1.802961	1.122705	
-0.006974	-0.028802	0.020962	1.301626	-1.831042	1.143218	
-0.016898	-0.000702	0.016338	1.284208	-1.831011	1.159099	
-0.000084	-0.029621	0.006554	1.283610	-1.859900	1.165189	
0.007013	0.024234	0.009867	1.290110	-1.834922	1.174590	
0.013909	0.019282	0.034294	1.303504	-1.814906	1.208414	
-0.001489	-0.011128	0.021670	1.301493	-1.825308	1.229601	
-0.012338	-0.026908	-0.005033	1.288635	-1.851486	1.224076	
-0.007041	0.028208	-0.011661	1.281079	-1.822538	1.211926	
0.000457	-0.043151	0.019784	1.281024	-1.864960	1.231225	
0.005837	0.035833	0.013467	1.286349	-1.828381	1.244200	
0.012715	-0.023183	0.000534	1.298549	-1.850833	1.244236	
0.006491	0.002292	0.000290	1.304521	-1.847801	1.244028	
-0.011228	-0.026934	0.022897	1.292771	-1.873996	1.266428	
-0.001218	-0.010220	0.000728	1.291036	-1.883466	1.266650	
0.013362	0.015702	-0.022062	1.303882	-1.867011	1.244081	
0.010932	0.064905	0.003859	1.314292	-1.801360	1.247443	
0.019831	-0.006413	0.012959	1.333598	-1.807053	1.259903	
0.003770	-0.032279	0.002318	1.336835	-1.838609	1.261717	
0.003654	-0.043229	0.006009	1.339954	-1.881103	1.267221	
-0.005670	0.029449	-0.006105	1.333748	-1.850902	1.260609	
0.012834	0.012419	-0.015895	1.346048	-1.837743	1.244210	
0.014763	-0.020375	0.014587	1.360273	-1.857383	1.258299	
0.004207	-0.001234	-0.019644	1.363936	-1.857875	1.238152	
-0.015592	-0.000353	-0.008705	1.347798	-1.857485	1.228952	
0.028930	-0.014810	-0.013371	1.376190	-1.871553	1.215089	
0.012025	-0.010491	-0.016829	1.387665	-1.881295	1.197775	
-0.004951	-0.022740	-0.001653	1.382159	-1.903283	1.195642	
0.004408	-0.001803	0.004470	1.386014	-1.904325	1.199634	
0.001656	-0.018008	0.001093	1.387117	-1.921571	1.200247	
-0.036048	-0.000107	0.000042	1.350514	-1.920909	1.199809	
-0.008487	0.028860	0.036100	1.341487	-1.891281	1.235429	
0.039416	0.015533	-0.003703	1.380366	-1.874992	1.231231	
0.004786	-0.012177	0.016408	1.384600	-1.886420	1.247146	
0.001787	-0.008130	0.003139	1.385833	-1.893795	1.249786	
-0.018674	-0.032457	-0.010076	1.366604	-1.925495	1.239211	
0.000991	0.044117	-0.020081	1.367048	-1.880608	1.218635	
0.014498	0.040790	-0.023924	1.381000	-1.839065	1.194223	
0.003196	-0.075121	0.004714	1.383643	-1.913451	1.198460	
0.007584	0.007837	0.001880	1.390674	-1.904849	1.199860	
0.013390	0.009196	0.004747	1.403508	-1.894892	1.204127	
0.006248	0.051575	-0.009923	1.409195	-1.842558	1.193723	
-0.003864	-0.016334	0.011167	1.404767	-1.858156	1.204413	
-0.010141	0.002646	0.018190	1.394065	-1.854766	1.222121	
0.010331	-0.000730	0.011371	1.403838	-1.854754	1.233004	
0.009795	-0.001299	-0.017172	1.413072	-1.855311	1.215338	
0.022988	-0.038321	0.015797	1.435495	-1.892890	1.230649	
0.002155	0.013926	0.002365	1.437076	-1.878207	1.232521	
0.026734	0.030031	-0.003160	1.463235	-1.847425	1.228868	
0.010425	-0.029179	0.005881	1.473075	-1.875865	1.234258	
0.006776	-0.025537	-0.022426	1.479262	-1.900652	1.211338	
0.019547	0.054671	-0.016158	1.498217	-1.845221	1.194696	
0.014693	0.010874	-0.009275	1.512311	-1.833609	1.184943	
-0.010005	-0.019324	-0.007329	1.501701	-1.852200	1.177141	
-0.003876	-0.010986	0.017538	1.497224	-1.862445	1.194208	
0.026699	-0.030103	-0.016432	1.523325	-1.891804	1.177298	
-0.001739	-0.011294	-0.013138	1.520976	-1.902341	1.163690	
0.011540	0.025143	0.003964	1.531908	-1.876437	1.167189	
-0.011634	0.015536	0.012563	1.519661	-1.860150	1.179285	
-0.007984	-0.020054	-0.016718	1.511070	-1.879461	1.162096	
-0.011103	0.015180	0.001983	1.499362	-1.863529	1.163614	
-0.020490	-0.023133	-0.015068	1.478273	-1.885916	1.148081	
0.032325	0.010813	-0.022540	1.510007	-1.874349	1.125082	
-0.022418	0.026812	0.009379	1.486985	-1.846787	1.134011	
0.021032	-0.025342	0.011284	1.507422	-1.871391	1.144842	
-0.012905	-0.003891	0.011432	1.493914	-1.874534	1.155816	
-0.008215	0.017440	-0.004780	1.485102	-1.856344	1.150574	
0.017317	-0.011137	0.005868	1.501825	-1.866738	1.155981	
0.020082	0.025741	-0.022291	1.521306	-1.840251	1.133228	
-0.005489	0.026015	0.008876	1.515208	-1.813499	1.141651	
0.009435	0.031339	0.010337	1.524037	-1.781435	1.151531	
-0.011678	-0.037546	-0.018967	1.511750	-1.818268	1.132103	
0.027515	0.013769	-0.021068	1.538660	-1.803772	1.110583	
0.007813	0.002247	-0.026646	1.545858	-1.800803	1.083493	
-0.004475	0.001872	0.017168	1.540766	-1.798211	1.100227	
-0.026726	-0.039252	-0.004805	1.513423	-1.836744	1.094982	
-0.013718	-0.044150	0.001031	1.499100	-1.880160	1.095575	
-0.016157	0.008349	-0.006494	1.482344	-1.871059	1.088643	
-0.001534	-0.033706	0.000134	1.480217	-1.904017	1.088342	
-0.010251	-0.021977	-0.002122	1.469374	-1.925233	1.085785	
0.007872	0.029903	0.007647	1.476659	-1.894560	1.092997	
0.013166	-0.015482	-0.001984	1.489234	-1.909283	1.090576	
0.010760	-0.002884	-0.020116	1.499399	-1.911404	1.070024	
-0.001872	-0.024088	0.004030	1.496927	-1.934727	1.073626	
-0.001787	0.035402	-0.003393	1.494541	-1.898551	1.069803	
0.011325	0.005045	-0.014849	1.505269	-1.892747	1.054527	
0.025277	-0.004113	-0.013069	1.529944	-1.896103	1.041036	
-0.002255	-0.024516	-0.024182	1.527077	-1.919861	1.016438	
-0.013198	0.038310	-0.023107	1.513269	-1.880783	0.992924	
-0.007958	0.024603	-0.008454	1.504706	-1.855427	0.984072	
0.017143	0.003690	0.028743	1.521248	-1.850995	1.012421	
0.009048	-0.009300	0.005409	1.529687	-1.859555	1.017425	
0.012612	0.018588	-0.005106	1.541688	-1.840224	1.011912	
-0.019472	0.010178	0.013775	1.521599	-1.829310	1.025283	
-0.010213	-0.006658	0.014478	1.510777	-1.835236	1.039350	
-0.004082	0.009983	0.020826	1.506090	-1.824519	1.059761	
0.001884	-0.002967	-0.002271	1.507372	-1.826757	1.057066	
-0.008988	-0.012021	0.001414	1.497781	-1.838047	1.058058	
0.011431	-0.037031	0.006451	1.508613	-1.874343	1.064085	
0.001397	-0.017677	-0.004905	1.509407	-1.891270	1.058754	
-0.005753	-0.022219	0.014131	1.503051	-1.912733	1.072462	
-0.005297	0.000134	-0.007989	1.497153	-1.911834	1.064044	
0.012727	0.011996	-0.007754	1.509281	-1.899074	1.055865	
-0.020865	-0.030583	-0.003010	1.487812	-1.928898	1.052432	
0.010440	-0.001379	0.005465	1.497658	-1.929505	1.057476	
-0.005083	0.026331	0.005141	1.491976	-1.902402	1.062194	
-0.018987	0.044588	-0.005411	1.472392	-1.857053	1.056359	
0.001424	0.050468	-0.000104	1.473227	-1.805843	1.055832	
0.022737	0.004668	-0.014400	1.495375	-1.800453	1.041010	
-0.008946	-0.002218	-0.046117	1.485830	-1.801951	0.994476	
-0.003035	-0.015157	0.013688	1.482202	-1.816387	1.007767	
0.020249	0.015137	-0.004268	1.501858	-1.800524	1.003096	
0.012907	0.042558	0.006549	1.514165	-1.757245	1.009243	
0.025909	-0.024835	-0.010747	1.539468	-1.781378	0.998093	
-0.007978	0.011808	0.023483	1.530874	-1.768858	1.021177	
0.013986	-0.001455	0.018135	1.544248	-1.769606	1.038903	
0.026397	0.061429	0.010800	1.570027	-1.707469	1.049288	
-0.019386	0.017394	0.002449	1.550014	-1.689393	1.051318	
-0.030224	-0.007277	0.016981	1.519170	-1.695994	1.067878	
-0.033773	-0.018182	-0.004881	1.484789	-1.713498	1.062570	
-0.000373	-0.045294	-0.005428	1.483823	-1.758107	1.056717	
0.029164	-0.029887	0.007128	1.512393	-1.787291	1.063423	
0.020869	-0.000127	0.002286	1.532657	-1.786702	1.065284	
0.015105	-0.009860	-0.028568	1.547149	-1.795848	1.036290	
0.028886	0.026337	0.005052	1.575417	-1.768793	1.040927	
0.027613	-0.019160	0.012577	1.602400	-1.787246	1.053088	
-0.007926	-0.021255	-0.014644	1.593834	-1.807786	1.038023	
0.021272	0.030225	0.031552	1.614468	-1.776838	1.069160	
0.000939	0.002874	-0.011582	1.614762	-1.773253	1.057151	
-0.019621	-0.039538	-0.002425	1.594495	-1.812082	1.054303	
-0.004678	0.001898	-0.001420	1.589179	-1.809459	1.052461	
-0.001315	0.010980	0.002272	1.587228	-1.797756	1.054312	
-0.003343	0.024801	0.019291	1.583250	-1.772235	1.073181	
-0.000743	0.033911	0.010991	1.581874	-1.737616	1.083742	
0.016692	-0.011692	0.004232	1.597933	-1.748612	1.087541	
0.012657	0.005021	0.005557	1.609951	-1.742892	1.092663	
0.005064	0.044549	-0.011135	1.614371	-1.697645	1.081091	
0.005454	0.020106	0.006599	1.619179	-1.676861	1.087257	
-0.002445	0.002081	-0.025137	1.616086	-1.674109	1.061686	
-0.007803	-0.010155	0.015115	1.607637	-1.683595	1.076376	
0.011366	0.048905	-0.019852	1.618360	-1.634016	1.056094	
-0.023400	0.009329	0.008376	1.594312	-1.624034	1.064047	
0.002189	-0.003798	0.006802	1.595863	-1.627182	1.070423	
0.015181	0.005783	0.003991	1.610406	-1.620749	1.073986	
0.001609	-0.054908	-0.001768	1.611370	-1.675009	1.071789	
0.010573	0.043088	0.000627	1.621299	-1.631251	1.071987	
0.009050	0.013359	0.033627	1.629701	-1.617239	1.105185	
-0.027720	0.021435	0.011545	1.601329	-1.595158	1.116289	
0.007610	0.018104	0.005466	1.608299	-1.576416	1.121308	
0.004844	-0.028020	-0.009082	1.612500	-1.603805	1.111777	
0.002953	0.030733	0.020148	1.614807	-1.572430	1.131481	
0.007758	-0.054318	0.002739	1.621919	-1.626120	1.133768	
0.012938	-0.028647	-0.002051	1.634208	-1.654116	1.131263	
0.017443	0.007650	-0.001846	1.650998	-1.645805	1.128964	
0.022385	-0.036418	-0.010016	1.672722	-1.681565	1.118497	
0.006484	0.017035	0.018172	1.678537	-1.663858	1.136222	
-0.016958	0.015247	-0.019690	1.660908	-1.647945	1.116078	
-0.010977	-0.019909	0.006925	1.649267	-1.667195	1.122556	
-0.004879	0.026627	0.007603	1.643729	-1.639901	1.129711	
0.006650	-0.000943	0.016736	1.649721	-1.640188	1.145995	
-0.008392	0.000794	-0.011702	1.640670	-1.638738	1.133834	
-0.028595	0.032316	-0.018186	1.611418	-1.605766	1.115194	
-0.017417	-0.017448	0.016666	1.593356	-1.622573	1.131415	
0.008058	0.017249	0.006351	1.600777	-1.604675	1.137313	
-0.000828	0.006658	0.010978	1.599309	-1.597376	1.147836	
0.011977	-0.006024	0.002665	1.610646	-1.602761	1.150042	
-0.018974	0.018525	-0.013243	1.591028	-1.583595	1.136339	
0.003220	-0.014294	-0.011345	1.593612	-1.597256	1.124539	
