8953.302978515625	0.6962196168007654	0.572144599307141	934.0116386990994	0.0	0.0	0.0
9158.973876953125	0.6962195547223884	0.5721445323699416	934.0116415023804	0.0	0.0	0.0
9365.41552734375	0.6962195683250632	0.5721444822003283	934.0116413459182	0.0	0.0	0.0
9569.65966796875	0.6962195892180926	0.5721445008244254	934.0116413123906	0.0	0.0	0.0
9771.69677734375	0.6962195558224884	0.5721445448554484	934.0116375749931	0.0	0.0	0.0
9974.43408203125	0.696219550113288	0.5721445987925435	934.0116423163563	0.0	0.0	0.0
10177.635498046875	0.6962195168356354	0.5721445270208962	934.0116398623213	0.0	0.0	0.0
10380.021240234375	0.6962195577770898	0.5721445464367179	934.0116391507909	0.0	0.0	0.0
10583.05908203125	0.6962195697045265	0.5721444499636783	934.0116411224008	0.0	0.0	0.0
10789.89404296875	0.6962195628291586	0.5721445204798696	934.0116405924782	0.0	0.0	0.0
10994.240966796875	0.6962195903124436	0.57214449947575	934.0116396062076	0.0	0.0	0.0
11198.76318359375	0.6962195920704506	0.572144576313258	934.0116395317018	0.0	0.0	0.0
11401.430908203125	0.6962195730399698	0.5721445765331317	934.0116404844448	0.0	0.0	0.0
11603.1533203125	0.6962195059171101	0.5721445089306328	934.0116443699226	0.0	0.0	0.0
11812.7666015625	0.6962195858658001	0.5721445787094472	934.0116405151784	0.0	0.0	0.0
12025.396484375	0.6962195791835704	0.5721445188914209	934.0116385063156	0.0	0.0	0.0
12243.83349609375	0.6962195739173438	0.5721444735121785	934.0116419326514	0.0	0.0	0.0
12451.334716796875	0.6962195396449649	0.5721445371674609	934.0116393910721	0.0	0.0	0.0
12661.68994140625	0.6962195696015614	0.5721445061966178	934.0116413841024	0.0	0.0	0.0
12869.09814453125	0.69621957087998	0.5721445350931275	934.0116414297372	0.0	0.0	0.0
13081.567138671875	0.6962195578998651	0.5721445825138617	934.0116397989914	0.0	0.0	0.0
13289.317626953125	0.6962196135935635	0.5721445468697877	934.011642979458	0.0	0.0	0.0
13500.013916015625	0.6962195811558584	0.572144468903731	934.0116419037804	0.0	0.0	0.0
13707.5927734375	0.6962195999925189	0.572144618952593	934.0116424728185	0.0	0.0	0.0
13918.13427734375	0.6962195826546015	0.5721445079487133	934.0116396108642	0.0	0.0	0.0
14125.2685546875	0.696219580926952	0.5721445899294724	934.0116362944245	0.0	0.0	0.0
14335.470458984375	0.696219596858945	0.5721445113164545	934.0116429049522	0.0	0.0	0.0
14545.009765625	0.6962195825957439	0.5721445248753367	934.0116401081905	0.0	0.0	0.0
14754.0126953125	0.6962195954938337	0.5721445420271934	934.0116406595334	0.0	0.0	0.0
14965.609130859375	0.6962195563207564	0.5721445664292322	934.011643496342	0.0	0.0	0.0
15176.726806640625	0.6962196414597641	0.5721445941674457	934.0116409156471	0.0	0.0	0.0
15385.130615234375	0.6962195535954894	0.5721446206236462	934.0116410171613	0.0	0.0	0.0
15594.50927734375	0.696219559148086	0.572144543473206	934.0116398967803	0.0	0.0	0.0
15802.13671875	0.6962196107474998	0.5721445391202971	934.0116414325312	0.0	0.0	0.0
16020.849853515625	0.6962195080007472	0.572144500847218	934.0116400290281	0.0	0.0	0.0
16235.84375	0.6962195525275514	0.5721445342319688	934.0116402721033	0.0	0.0	0.0
16447.396728515625	0.6962195750124631	0.5721445062631851	934.0116430651397	0.0	0.0	0.0
16662.56640625	0.6962195220698381	0.5721445088632818	934.0116396229714	0.0	0.0	0.0
16878.4169921875	0.6962195298923455	0.5721445815326294	934.0116381989792	0.0	0.0	0.0
17089.28759765625	0.6962195472724624	0.5721445272459166	934.011641911231	0.0	0.0	0.0
17299.64111328125	0.6962195478031891	0.5721444825790117	934.0116398502141	0.0	0.0	0.0
17508.19140625	0.6962195131183436	0.5721445242349521	934.0116375759244	0.0	0.0	0.0
17720.068115234375	0.6962195313118285	0.5721444866445222	934.0116405058652	0.0	0.0	0.0
17931.07275390625	0.6962195664335344	0.5721444789395247	934.0116417184472	0.0	0.0	0.0
18142.654296875	0.6962195731298405	0.57214456352907	934.0116417557001	0.0	0.0	0.0
18353.10791015625	0.6962195755756069	0.5721445186703331	934.0116378478706	0.0	0.0	0.0
18560.98388671875	0.6962195691876967	0.5721444756217398	934.0116443708539	0.0	0.0	0.0
18778.730224609375	0.6962195486859221	0.5721445473438284	934.0116398949176	0.0	0.0	0.0
18997.92041015625	0.6962195647893763	0.5721446137622119	934.0116407396272	0.0	0.0	0.0
19210.6171875	0.6962195399039683	0.572144566852828	934.0116390772164	0.0	0.0	0.0
19421.176513671875	0.6962196012647435	0.5721445803458536	934.0116422390565	0.0	0.0	0.0
19632.84130859375	0.6962195705537483	0.5721445345112945	934.0116413217038	0.0	0.0	0.0
19842.0341796875	0.6962196162316391	0.5721445340652437	934.0116428826004	0.0	0.0	0.0
20054.37841796875	0.696219572974678	0.572144549395358	934.0116387298331	0.0	0.0	0.0
20262.679443359375	0.6962195576355569	0.5721445366019762	934.0116377035156	0.0	0.0	0.0
20473.989990234375	0.6962195972032414	0.5721445272455215	934.0116406027228	0.0	0.0	0.0
20685.50244140625	0.6962195326067314	0.5721445240601362	934.0116410432383	0.0	0.0	0.0
20891.4638671875	0.6962195920859915	0.5721444929753751	934.0116416476667	0.0	0.0	0.0
21098.688720703125	0.6962195413823695	0.5721445123094031	934.0116449277848	0.0	0.0	0.0
21309.751953125	0.6962195566051337	0.5721445270035748	934.0116401882842	0.0	0.0	0.0
21520.295654296875	0.6962194963854825	0.5721445141238433	934.0116426795721	0.0	0.0	0.0
21730.159912109375	0.696219526513858	0.5721445373641648	934.0116384318098	0.0	0.0	0.0
21939.25634765625	0.6962194666241249	0.5721445033422077	934.011641622521	0.0	0.0	0.0
22147.8857421875	0.6962194825342961	0.5721445294159594	934.0116390669718	0.0	0.0	0.0
22359.46826171875	0.696219533370903	0.5721445723084903	934.0116425501183	0.0	0.0	0.0
22575.322998046875	0.6962194239900326	0.5721445281009946	934.0116426702589	0.0	0.0	0.0
22785.9443359375	0.6962195016701139	0.5721445433836195	934.0116404481232	0.0	0.0	0.0
22996.82177734375	0.6962194784975891	0.5721445363595455	934.0116384709254	0.0	0.0	0.0
23214.244140625	0.6962194791663019	0.5721445534834131	934.0116401808336	0.0	0.0	0.0
23429.491455078125	0.6962194443815982	0.5721445887940485	934.0116420313716	0.0	0.0	0.0
23645.557373046875	0.696219379521251	0.5721445528579018	934.0116409063339	0.0	0.0	0.0
23857.318603515625	0.6962194005188329	0.572144479039198	934.0116421179846	0.0	0.0	0.0
24067.150146484375	0.6962194721846903	0.5721444959627876	934.011638853699	0.0	0.0	0.0
24281.350830078125	0.6962195030173363	0.5721445718023038	934.0116398669779	0.0	0.0	0.0
24495.9658203125	0.6962194413935593	0.5721445594148347	934.011639517732	0.0	0.0	0.0
24709.04296875	0.6962194694064375	0.5721445141024282	934.0116437161341	0.0	0.0	0.0
24920.029296875	0.6962195519700471	0.572144476593	934.0116380900145	0.0	0.0	0.0
25132.181396484375	0.6962195258087649	0.5721445103748907	934.011643031612	0.0	0.0	0.0
25343.3525390625	0.6962195195928236	0.5721444669300114	934.011640548706	0.0	0.0	0.0
25555.542236328125	0.6962195620128266	0.5721444562201753	934.0116407964379	0.0	0.0	0.0
25766.056884765625	0.6962195352519986	0.5721444388580462	934.0116395279765	0.0	0.0	0.0
25975.732421875	0.6962195737151953	0.5721445057887733	934.0116407023743	0.0	0.0	0.0
26187.4482421875	0.6962195859013409	0.5721444184860587	934.0116355437785	0.0	0.0	0.0
26400.45654296875	0.6962196100294396	0.5721444249673207	934.0116395847872	0.0	0.0	0.0
26611.920654296875	0.696219642139866	0.5721443777522521	934.0116363316774	0.0	0.0	0.0
26822.34326171875	0.696219628533999	0.5721443174073816	934.0116432728246	0.0	0.0	0.0
27037.001953125	0.6962196712989915	0.5721444268419943	934.011640152894	0.0	0.0	0.0
27247.5107421875	0.6962196445133061	0.5721443222219689	934.0116380313411	0.0	0.0	0.0
27458.69384765625	0.6962197384003225	0.5721443030418392	934.0116441249847	0.0	0.0	0.0
27671.142333984375	0.6962197113743857	0.5721444232654324	934.0116381589323	0.0	0.0	0.0
27884.813232421875	0.6962197233803598	0.572144362073716	934.0116437124088	0.0	0.0	0.0
28094.87451171875	0.6962196892625867	0.5721443508496783	934.0116441762075	0.0	0.0	0.0
28307.327880859375	0.6962196442398323	0.5721443236383899	934.0116415852681	0.0	0.0	0.0
28519.29150390625	0.6962196342550331	0.5721443071526586	934.011640869081	0.0	0.0	0.0
28728.354248046875	0.6962196235795471	0.5721443127094754	934.0116416476667	0.0	0.0	0.0
28937.550537109375	0.6962196589515149	0.5721442964782936	934.0116395903751	0.0	0.0	0.0
29151.530029296875	0.6962196081549623	0.5721443486638146	934.0116406390443	0.0	0.0	0.0
29366.045654296875	0.6962196446235316	0.5721443560872385	934.0116382287815	0.0	0.0	0.0
29580.75341796875	0.6962196247895148	0.5721443532347325	934.0116392876953	0.0	0.0	0.0
29791.626953125	0.6962196244183003	0.5721443904475418	934.0116409491748	0.0	0.0	0.0
30005.261962890625	0.6962196069033768	0.5721444149365537	934.0116386981681	0.0	0.0	0.0
30214.9990234375	0.6962195215997848	0.572144357436082	934.0116369649768	0.0	0.0	0.0
30428.997802734375	0.6962195623092842	0.572144375229173	934.0116387866437	0.0	0.0	0.0
30640.988525390625	0.6962195494038452	0.5721444415611728	934.0116385454312	0.0	0.0	0.0
30854.180908203125	0.6962195850694419	0.572144468095452	934.0116402124986	0.0	0.0	0.0
31062.772216796875	0.6962195770851948	0.5721443719362588	934.011640984565	0.0	0.0	0.0
31271.547607421875	0.6962195238675403	0.5721444365659242	934.011638963595	0.0	0.0	0.0
31480.0224609375	0.6962195271195375	0.5721443279585324	934.0116439163685	0.0	0.0	0.0
31690.395263671875	0.6962195954099132	0.5721443411151089	934.0116383619606	0.0	0.0	0.0
31898.543212890625	0.6962195699038374	0.5721443343509425	934.0116426469758	0.0	0.0	0.0
32114.353271484375	0.6962196395856941	0.5721443739538701	934.0116408383474	0.0	0.0	0.0
32330.287109375	0.6962196054370223	0.572144282883518	934.0116399377584	0.0	0.0	0.0
32546.6728515625	0.6962195554129873	0.5721442735417401	934.0116405477747	0.0	0.0	0.0
32758.380859375	0.6962196874658272	0.5721442653527065	934.0116410823539	0.0	0.0	0.0
32971.109619140625	0.6962196145169794	0.572144178318294	934.0116414278746	0.0	0.0	0.0
33183.570556640625	0.6962196161617931	0.5721441798802569	934.0116380248219	0.0	0.0	0.0
33397.567626953125	0.696219613068483	0.5721441937809145	934.0116416057572	0.0	0.0	0.0
33613.341552734375	0.6962196177348314	0.5721441718557246	934.011641703546	0.0	0.0	0.0
33821.18701171875	0.696219687851798	0.5721439984046414	934.0116393808275	0.0	0.0	0.0
34031.4677734375	0.696219675715416	0.5721440543229771	934.0116385053843	0.0	0.0	0.0
34243.34619140625	0.6962196310701773	0.5721440456124167	934.0116430176422	0.0	0.0	0.0
34464.009765625	0.6962196649215162	0.5721440413841252	934.011640464887	0.0	0.0	0.0
34674.614501953125	0.6962196505293896	0.5721439973032042	934.0116436891258	0.0	0.0	0.0
34882.84619140625	0.6962196897754804	0.5721440090596324	934.0116400448605	0.0	0.0	0.0
35091.2958984375	0.6962196794972481	0.5721439514729029	934.011643785052	0.0	0.0	0.0
35299.541015625	0.6962197318867853	0.5721438989336936	934.0116442218423	0.0	0.0	0.0
35507.70849609375	0.6962196794794298	0.5721438872017939	934.011641625315	0.0	0.0	0.0
35715.788818359375	0.6962197284939988	0.5721438067896971	934.0116401864216	0.0	0.0	0.0
35928.482666015625	0.6962196606112143	0.5721438397666487	934.0116436472163	0.0	0.0	0.0
36143.61962890625	0.6962197275658567	0.5721438303172979	934.0116405980662	0.0	0.0	0.0
36356.739501953125	0.6962197006703612	0.5721437415235072	934.011642517522	0.0	0.0	0.0
36567.37744140625	0.6962197104071007	0.572143790559792	934.0116428704932	0.0	0.0	0.0
36779.36376953125	0.6962197508959614	0.5721437260396364	934.0116455452517	0.0	0.0	0.0
36993.673095703125	0.6962196341954918	0.5721436899926273	934.01164234709	0.0	0.0	0.0
37205.2685546875	0.6962196964812344	0.5721436010250553	934.0116396630183	0.0	0.0	0.0
37420.8623046875	0.6962196689688505	0.5721435777533912	934.0116392057389	0.0	0.0	0.0
37637.978271484375	0.6962197401532993	0.5721434990115251	934.0116415629163	0.0	0.0	0.0
37853.2412109375	0.6962196607650107	0.572143561277614	934.0116442637518	0.0	0.0	0.0
38065.15771484375	0.6962196751211478	0.5721434858223107	934.0116450767964	0.0	0.0	0.0
38278.968994140625	0.6962197179065829	0.5721434945876199	934.0116431890056	0.0	0.0	0.0
38489.891845703125	0.6962197013011541	0.5721434270414602	934.0116448700428	0.0	0.0	0.0
38702.053955078125	0.6962196492193793	0.5721434237944829	934.0116460928693	0.0	0.0	0.0
38915.88330078125	0.6962197286393197	0.5721433044118118	934.0116451820359	0.0	0.0	0.0
39133.059814453125	0.696219694486737	0.5721433299738826	934.0116433361545	0.0	0.0	0.0
39354.615966796875	0.696219742672777	0.5721432702779602	934.0116419708356	0.0	0.0	0.0
39575.609619140625	0.6962197136604688	0.5721431514406824	934.0116432560608	0.0	0.0	0.0
39789.467041015625	0.6962196901123501	0.5721432767961796	934.0116436183453	0.0	0.0	0.0
40001.68994140625	0.6962197104172948	0.5721432404994558	934.0116466069594	0.0	0.0	0.0
40211.4052734375	0.696219715548878	0.5721431945916674	934.0116436555982	0.0	0.0	0.0
40423.72705078125	0.6962196663681897	0.5721431601073088	934.0116442712024	0.0	0.0	0.0
40641.56982421875	0.6962197468496708	0.5721430535086134	934.0116449436173	0.0	0.0	0.0
40859.4384765625	0.6962196574004873	0.5721429653122158	934.0116441240534	0.0	0.0	0.0
41072.081787109375	0.6962197762891879	0.5721429429857395	934.0116454223171	0.0	0.0	0.0
41283.128173828125	0.6962196861529172	0.5721429959788781	934.0116448998451	0.0	0.0	0.0
41489.568603515625	0.6962196585825615	0.5721429321537271	934.0116446372122	0.0	0.0	0.0
41699.482177734375	0.6962196799910685	0.5721429122190285	934.0116457268596	0.0	0.0	0.0
41915.155029296875	0.6962197100424792	0.5721428422116621	934.0116469096392	0.0	0.0	0.0
42125.137939453125	0.6962196857374278	0.5721427863493628	934.0116449855268	0.0	0.0	0.0
42336.26123046875	0.6962196987941756	0.572142824561677	934.011651574634	0.0	0.0	0.0
42548.89892578125	0.6962196947984888	0.5721427594421852	934.011644307524	0.0	0.0	0.0
42761.41015625	0.6962198020263275	0.5721427585022933	934.0116472486407	0.0	0.0	0.0
42973.967041015625	0.6962196565423446	0.5721427109107637	934.011646729894	0.0	0.0	0.0
43184.42919921875	0.6962197204682488	0.5721426367883806	934.0116441752762	0.0	0.0	0.0
43405.62060546875	0.6962197180376719	0.5721426319417897	934.0116472691298	0.0	0.0	0.0
43623.181396484375	0.6962196582970454	0.5721426018947162	934.0116475895047	0.0	0.0	0.0
43835.245849609375	0.696219676700865	0.5721424888171295	934.0116484826431	0.0	0.0	0.0
44047.702392578125	0.6962196370259381	0.5721424865061822	934.0116451885551	0.0	0.0	0.0
44263.13037109375	0.696219666122368	0.5721424975300171	934.0116457119584	0.0	0.0	0.0
44475.533447265625	0.6962196672226114	0.572142399208006	934.0116487964988	0.0	0.0	0.0
44687.650390625	0.6962196185826961	0.5721423628797463	934.0116476267576	0.0	0.0	0.0
44901.17431640625	0.6962196246369111	0.5721423668630591	934.0116459382698	0.0	0.0	0.0
45117.04736328125	0.6962195843882274	0.5721421628359636	934.011651398614	0.0	0.0	0.0
45332.191650390625	0.6962196113480834	0.572142134681772	934.0116533813998	0.0	0.0	0.0
45547.878662109375	0.6962195878849916	0.5721421061350582	934.0116483317688	0.0	0.0	0.0
45769.021728515625	0.6962195739880666	0.5721420135924405	934.0116529846564	0.0	0.0	0.0
45979.571533203125	0.6962195757328634	0.5721419459611553	934.011649383232	0.0	0.0	0.0
46196.73486328125	0.6962195249579682	0.5721418748080381	934.0116524454206	0.0	0.0	0.0
46405.660888671875	0.6962194920513203	0.5721418656024193	934.0116532100365	0.0	0.0	0.0
46619.372802734375	0.6962195039588995	0.5721418197245841	934.0116551956162	0.0	0.0	0.0
46829.354736328125	0.6962195183861463	0.5721416586718128	934.0116571383551	0.0	0.0	0.0
47043.330810546875	0.6962194693226782	0.572141607898805	934.0116526670754	0.0	0.0	0.0
47256.973388671875	0.6962193836279232	0.5721415049246747	934.0116563225165	0.0	0.0	0.0
47471.425048828125	0.696219457760314	0.5721413940365905	934.0116615537554	0.0	0.0	0.0
47684.94775390625	0.6962194087118807	0.5721413618552205	934.0116606587544	0.0	0.0	0.0
47898.235107421875	0.6962194052073438	0.5721412626915746	934.0116610266268	0.0	0.0	0.0
48114.6650390625	0.6962193741111199	0.5721412036852374	934.0116629712284	0.0	0.0	0.0
48332.72314453125	0.6962194049680631	0.5721410838983755	934.0116658620536	0.0	0.0	0.0
48541.39697265625	0.6962194227991974	0.5721410579694028	934.0116663705558	0.0	0.0	0.0
48750.2900390625	0.69621937599538	0.5721409846358544	934.0116633158177	0.0	0.0	0.0
48964.1611328125	0.696219380879799	0.5721409332124063	934.0116654653102	0.0	0.0	0.0
49173.7412109375	0.6962194016241887	0.5721408251720173	934.0116694904864	0.0	0.0	0.0
49390.373779296875	0.6962193742419849	0.5721407905549358	934.0116665158421	0.0	0.0	0.0
49603.776123046875	0.6962193377947357	0.5721406052761598	934.0116720423102	0.0	0.0	0.0
49814.81689453125	0.6962194273655169	0.5721405647264528	934.0116690564901	0.0	0.0	0.0
50026.345703125	0.6962193869870361	0.5721404985063878	934.0116719193757	0.0	0.0	0.0
50244.012451171875	0.6962193488610391	0.5721404067853745	934.0116749219596	0.0	0.0	0.0
50457.447998046875	0.6962194456755725	0.5721403218222776	934.0116756241769	0.0	0.0	0.0
50675.650634765625	0.6962194078327004	0.5721402492245218	934.0116734905168	0.0	0.0	0.0
50887.927978515625	0.6962193715858926	0.5721401363420534	934.0116765210405	0.0	0.0	0.0
51097.813720703125	0.6962194061322511	0.5721400447696408	934.0116792637855	0.0	0.0	0.0
51311.158203125	0.6962194044028044	0.5721399159132627	934.011680402793	0.0	0.0	0.0
51523.821044921875	0.6962194635254119	0.5721399318189538	934.0116832051426	0.0	0.0	0.0
51744.282470703125	0.6962194277934136	0.5721398405730779	934.0116831269115	0.0	0.0	0.0
51957.113037109375	0.6962193628883494	0.5721396882920177	934.0116835907102	0.0	0.0	0.0
52170.387939453125	0.6962194633276935	0.572139606342181	934.0116867329925	0.0	0.0	0.0
52380.98583984375	0.6962193906140463	0.5721394689821117	934.0116862673312	0.0	0.0	0.0
52593.709716796875	0.6962193588907316	0.5721393563107238	934.011693158187	0.0	0.0	0.0
52803.553466796875	0.6962193998875129	0.5721392959809269	934.0116926953197	0.0	0.0	0.0
53015.705810546875	0.6962194269374931	0.5721391286328946	934.0116953188553	0.0	0.0	0.0
53230.596435546875	0.6962193951761215	0.5721389877324016	934.0116997146979	0.0	0.0	0.0
53444.133056640625	0.6962194032464685	0.572138963456465	934.0116988839582	0.0	0.0	0.0
53655.1318359375	0.6962194004480877	0.5721388699309524	934.0116962008178	0.0	0.0	0.0
53874.965087890625	0.6962194257086045	0.5721387295458652	934.011701210402	0.0	0.0	0.0
54090.72900390625	0.6962194127504518	0.5721385318458467	934.0117098912597	0.0	0.0	0.0
54308.95703125	0.6962194025004252	0.5721384882926456	934.0117103811353	0.0	0.0	0.0
54522.46337890625	0.696219414415012	0.5721383839365296	934.0117103764787	0.0	0.0	0.0
54739.44970703125	0.6962194210155922	0.5721382113630309	934.0117115825415	0.0	0.0	0.0
54955.265380859375	0.696219407645268	0.5721381472079669	934.0117161357775	0.0	0.0	0.0
55167.714599609375	0.6962194086378939	0.5721379270899327	934.0117227565497	0.0	0.0	0.0
55382.435546875	0.6962194210246321	0.5721377805476487	934.0117274615914	0.0	0.0	0.0
55591.79833984375	0.6962193664857526	0.5721377142767929	934.0117306308821	0.0	0.0	0.0
55806.945068359375	0.6962193872585597	0.5721375908422658	934.0117285642773	0.0	0.0	0.0
56019.234375	0.6962194043848161	0.572137423740172	934.0117365242913	0.0	0.0	0.0
56231.84521484375	0.6962193586222227	0.5721372298399439	934.0117426067591	0.0	0.0	0.0
56447.47900390625	0.6962193426672596	0.5721371775334901	934.0117409490049	0.0	0.0	0.0
56660.38330078125	0.6962193700233951	0.572137089898164	934.0117452815175	0.0	0.0	0.0
56875.213134765625	0.6962193277907062	0.5721369367626556	934.0117515558377	0.0	0.0	0.0
57091.691650390625	0.6962193337278528	0.5721367624022442	934.0117560150102	0.0	0.0	0.0
57300.81982421875	0.696219352062853	0.5721365700828367	934.011760449037	0.0	0.0	0.0
57514.42041015625	0.6962193944004477	0.5721364492920504	934.0117617286742	0.0	0.0	0.0
57726.326171875	0.6962194042972042	0.5721363430235893	934.0117681697011	0.0	0.0	0.0
57936.198974609375	0.6962194038122622	0.5721361060228303	934.0117732789367	0.0	0.0	0.0
58150.23046875	0.6962194204703551	0.5721360651879324	934.0117758978158	0.0	0.0	0.0
58365.02783203125	0.6962194463168353	0.5721359042812801	934.0117842350155	0.0	0.0	0.0
58583.244873046875	0.6962194352842692	0.5721357403607675	934.0117836119607	0.0	0.0	0.0
58795.19384765625	0.6962194089885154	0.572135569119476	934.011791612953	0.0	0.0	0.0
59010.77001953125	0.6962193578140291	0.5721355197755068	934.0117919025943	0.0	0.0	0.0
59223.262939453125	0.6962194004124506	0.5721353592247165	934.0117982542142	0.0	0.0	0.0
59439.43603515625	0.6962194051504548	0.5721351811697717	934.0118054952472	0.0	0.0	0.0
59651.41455078125	0.6962194058815956	0.5721350006330901	934.0118116457015	0.0	0.0	0.0
59864.180419921875	0.6962193745558714	0.5721348909731916	934.0118149463087	0.0	0.0	0.0
60075.100341796875	0.6962193933671286	0.5721347682464663	934.0118207773194	0.0	0.0	0.0
60286.873291015625	0.696219394582694	0.5721346336906621	934.0118252430111	0.0	0.0	0.0
60495.80419921875	0.6962194162351328	0.5721345123600516	934.0118328696117	0.0	0.0	0.0
60708.803466796875	0.6962193524416259	0.5721343201049713	934.0118372747675	0.0	0.0	0.0
60923.929931640625	0.6962193245525122	0.5721341783479365	934.0118429036811	0.0	0.0	0.0
61133.45751953125	0.6962193915746715	0.5721340459536375	934.0118463011459	0.0	0.0	0.0
61347.372314453125	0.696219383584778	0.5721338361412519	934.0118565876037	0.0	0.0	0.0
61558.17724609375	0.6962194330138427	0.5721337944128926	934.0118579734117	0.0	0.0	0.0
61773.529052734375	0.6962193982136591	0.5721335637520214	934.0118669075891	0.0	0.0	0.0
61989.647705078125	0.6962194004625367	0.5721334246640174	934.0118693513796	0.0	0.0	0.0
62200.19873046875	0.6962194314220342	0.5721332974229213	934.0118783572689	0.0	0.0	0.0
62412.519287109375	0.6962193310463555	0.572133170397756	934.0118844229728	0.0	0.0	0.0
62627.326904296875	0.6962193207120738	0.572133038230782	934.011886718683	0.0	0.0	0.0
62838.62841796875	0.6962193728649672	0.5721329529885372	934.0118949757889	0.0	0.0	0.0
63053.41552734375	0.6962193155073161	0.5721327644918441	934.011905326508	0.0	0.0	0.0
63268.206787109375	0.6962192708413849	0.5721325664918082	934.0119076231495	0.0	0.0	0.0
63486.77294921875	0.6962193417123124	0.5721324937434019	934.0119126522914	0.0	0.0	0.0
63703.552734375	0.6962192935537734	0.5721323334762669	934.0119205582887	0.0	0.0	0.0
63915.55126953125	0.6962192317402149	0.5721321467967588	934.0119288899004	0.0	0.0	0.0
64124.82861328125	0.6962192663454528	0.5721321569721376	934.0119264908135	0.0	0.0	0.0
64343.189697265625	0.6962192928632862	0.5721318729143896	934.0119395172223	0.0	0.0	0.0
64560.7158203125	0.6962192574873463	0.5721317486505243	934.0119502069429	0.0	0.0	0.0
64779.140869140625	0.6962193094994054	0.5721316526879966	934.0119532682002	0.0	0.0	0.0
64995.567626953125	0.6962192647476366	0.5721314514201319	934.0119616705924	0.0	0.0	0.0
65214.867919921875	0.6962192963009213	0.57213149286581	934.0119627192616	0.0	0.0	0.0
65427.137939453125	0.696219253529113	0.5721312689157039	934.0119702434167	0.0	0.0	0.0
65646.30029296875	0.6962192537502745	0.5721310636892132	934.011984186247	0.0	0.0	0.0
65855.61157226562	0.6962192569659857	0.5721309570474018	934.0119849815965	0.0	0.0	0.0
66063.33154296875	0.6962192201302396	0.5721307957587755	934.0119950473309	0.0	0.0	0.0
66275.19213867188	0.6962192354376173	0.5721306407473682	934.0120054958388	0.0	0.0	0.0
66487.6416015625	0.6962192225439399	0.5721305727665752	934.0120050366968	0.0	0.0	0.0
66704.00537109375	0.6962192646484568	0.5721303694181551	934.0120177790523	0.0	0.0	0.0
66917.86791992188	0.6962192615787081	0.5721301863506247	934.0120268240571	0.0	0.0	0.0
67133.02465820312	0.6962192608004583	0.5721300869322562	934.0120335696265	0.0	0.0	0.0
67343.9169921875	0.696219212822738	0.5721299092570071	934.0120431538671	0.0	0.0	0.0
67558.01293945312	0.6962192555695104	0.5721297924160584	934.0120494337752	0.0	0.0	0.0
67775.65844726562	0.6962192331001995	0.572129648243286	934.012058917433	0.0	0.0	0.0
67990.27075195312	0.6962191817636415	0.5721294986888567	934.0120656769723	0.0	0.0	0.0
68202.53076171875	0.696219206939794	0.5721294515387497	934.0120683247223	0.0	0.0	0.0
68419.40161132812	0.6962192383723712	0.5721292278365997	934.0120809720829	0.0	0.0	0.0
68636.53979492188	0.6962192311607698	0.5721291008826018	934.0120870545506	0.0	0.0	0.0
68849.03881835938	0.6962192308569295	0.5721289184820054	934.0121003519744	0.0	0.0	0.0
69062.59326171875	0.69621919852172	0.5721287975064151	934.0121063571423	0.0	0.0	0.0
69275.509765625	0.6962192443650238	0.5721287091114802	934.0121121946722	0.0	0.0	0.0
69488.35546875	0.6962192177786919	0.5721285398554052	934.0121250748634	0.0	0.0	0.0
69706.30395507812	0.6962192634979595	0.572128409579276	934.0121272988617	0.0	0.0	0.0
69915.09936523438	0.6962192168071466	0.5721282298216434	934.0121415397152	0.0	0.0	0.0
70128.39892578125	0.6962192424985535	0.572128062446991	934.0121519751847	0.0	0.0	0.0
70341.3671875	0.6962192566193685	0.5721279514941029	934.0121624628082	0.0	0.0	0.0
70554.28173828125	0.6962192937722754	0.5721278790712028	934.0121596995741	0.0	0.0	0.0
70769.19775390625	0.6962193150958815	0.5721277442100346	934.0121689029038	0.0	0.0	0.0
70978.69921875	0.6962194262954551	0.5721275107697628	934.0121842771769	0.0	0.0	0.0
71189.8564453125	0.6962193851732433	0.57212730581759	934.0121982209384	0.0	0.0	0.0
71404.67065429688	0.6962194650371367	0.5721272544176639	934.0122016277164	0.0	0.0	0.0
71617.29272460938	0.696219521923779	0.5721271457547195	934.0122100794688	0.0	0.0	0.0
71825.57348632812	0.6962195010738246	0.5721269114537905	934.0122248232365	0.0	0.0	0.0
72038.65698242188	0.6962195696572906	0.5721267910214742	934.0122325606644	0.0	0.0	0.0
72249.80786132812	0.6962196025519597	0.5721267215391219	934.0122355083004	0.0	0.0	0.0
72465.36645507812	0.6962196477762488	0.5721265428270664	934.012249819003	0.0	0.0	0.0
72677.81030273438	0.6962195928353329	0.5721264379883689	934.0122564714402	0.0	0.0	0.0
72890.45874023438	0.696219686249654	0.5721263426347546	934.0122641092166	0.0	0.0	0.0
73106.02172851562	0.696219691123286	0.5721262136160403	934.0122744757682	0.0	0.0	0.0
73315.55859375	0.6962197351672534	0.572126003881685	934.0122873419896	0.0	0.0	0.0
73523.15551757812	0.6962196840710062	0.572125892254121	934.012293279171	0.0	0.0	0.0
73732.34350585938	0.6962196696834075	0.5721257224413603	934.012304328382	0.0	0.0	0.0
73941.15942382812	0.6962197000105089	0.5721256084818747	934.0123116290197	0.0	0.0	0.0
74154.79370117188	0.6962196949091238	0.5721255076464978	934.0123210819438	0.0	0.0	0.0
74367.61083984375	0.6962197317355047	0.5721253228246114	934.0123320464045	0.0	0.0	0.0
74582.25122070312	0.69621971959965	0.572125183170542	934.012347494252	0.0	0.0	0.0
74793.14404296875	0.6962197173140952	0.5721250105157801	934.0123578337952	0.0	0.0	0.0
75006.73486328125	0.6962197417860998	0.5721248796646045	934.0123680643737	0.0	0.0	0.0
75216.78515625	0.6962197416068502	0.5721247837517235	934.012373721227	0.0	0.0	0.0
75426.55444335938	0.6962196994213381	0.5721246000585324	934.0123876165599	0.0	0.0	0.0
75638.86499023438	0.696219751190741	0.5721244727453454	934.0123974783346	0.0	0.0	0.0
75851.64868164062	0.696219676688553	0.572124267340117	934.0124101024121	0.0	0.0	0.0
76064.14965820312	0.6962196693098212	0.5721242733730973	934.0124132446945	0.0	0.0	0.0
76280.048828125	0.696219715931711	0.5721241353098523	934.0124202221632	0.0	0.0	0.0
76498.00170898438	0.6962197065803207	0.5721239526651452	934.0124358478934	0.0	0.0	0.0
76711.072265625	0.6962197162700627	0.5721237642514488	934.0124527225271	0.0	0.0	0.0
76921.3759765625	0.6962197028620813	0.5721236729397355	934.0124587928876	0.0	0.0	0.0
77130.74658203125	0.6962197458386942	0.5721234291075966	934.0124773159623	0.0	0.0	0.0
77338.90063476562	0.6962197695040043	0.5721232818792251	934.0124903079122	0.0	0.0	0.0
77555.37915039062	0.6962197610390586	0.572123202085214	934.012497860007	0.0	0.0	0.0
77768.94555664062	0.6962197378120203	0.5721231126941404	934.0125060295686	0.0	0.0	0.0
77983.11669921875	0.6962197472351414	0.5721228756559403	934.0125253601	0.0	0.0	0.0
78194.2158203125	0.6962197480854345	0.5721227237913039	934.0125357648358	0.0	0.0	0.0
78409.2001953125	0.6962197428617019	0.5721226124457989	934.0125440247357	0.0	0.0	0.0
78622.0107421875	0.696219742791196	0.5721225162860348	934.0125538855791	0.0	0.0	0.0
78837.09155273438	0.6962197090939471	0.5721223056110525	934.0125711727887	0.0	0.0	0.0
79050.18774414062	0.696219708051436	0.5721222582356801	934.0125732645392	0.0	0.0	0.0
79260.75732421875	0.6962197313781581	0.5721221804755577	934.0125824054703	0.0	0.0	0.0
79470.88354492188	0.6962197223416734	0.5721220059011729	934.0125976912677	0.0	0.0	0.0
79684.03515625	0.6962197603115311	0.5721219128735333	934.0126041164622	0.0	0.0	0.0
79897.17504882812	0.6962196928377572	0.5721218205277758	934.0126101309434	0.0	0.0	0.0
80105.86645507812	0.696219779581995	0.5721217068456657	934.0126217780635	0.0	0.0	0.0
80315.56298828125	0.6962196984206713	0.572121594062258	934.012630969286	0.0	0.0	0.0
80525.919921875	0.6962197274385357	0.5721214705807892	934.0126425512135	0.0	0.0	0.0
80739.80981445312	0.6962196991232711	0.5721214145899244	934.0126436464489	0.0	0.0	0.0
80949.65844726562	0.6962197380475302	0.5721213148305474	934.0126559641212	0.0	0.0	0.0
81160.21728515625	0.6962197448737222	0.5721211452124332	934.0126701593399	0.0	0.0	0.0
81369.25048828125	0.6962197081522065	0.572121080784488	934.0126732215285	0.0	0.0	0.0
81578.89453125	0.696219705529572	0.5721209672918939	934.0126881469041	0.0	0.0	0.0
81792.21240234375	0.6962196942412738	0.5721209581451737	934.0126849627122	0.0	0.0	0.0
82009.35131835938	0.6962197112806827	0.5721208069772075	934.0127003379166	0.0	0.0	0.0
82217.15893554688	0.6962196823426954	0.5721208262085555	934.0126988338307	0.0	0.0	0.0
82429.38354492188	0.6962196026841514	0.5721207614553282	934.0127028860152	0.0	0.0	0.0
82645.11474609375	0.6962195759240823	0.5721207024095545	934.0127072427422	0.0	0.0	0.0
82860.01977539062	0.6962194755776129	0.5721205956661499	934.0127204377204	0.0	0.0	0.0
83073.42993164062	0.6962194643761489	0.5721205863122198	934.0127186104655	0.0	0.0	0.0
83287.265625	0.6962194717023826	0.5721205842343967	934.0127179473639	0.0	0.0	0.0
83504.37548828125	0.696219341530349	0.5721204987910746	934.0127251381055	0.0	0.0	0.0
83715.3623046875	0.696219368484777	0.5721204577413961	934.0127320624888	0.0	0.0	0.0
83928.05883789062	0.696219279728985	0.572120464311956	934.0127326389775	0.0	0.0	0.0
84141.326171875	0.6962192314978456	0.5721203492105861	934.0127404602244	0.0	0.0	0.0
84358.46166992188	0.6962191836206709	0.5721203920805298	934.0127348331735	0.0	0.0	0.0
84571.48828125	0.6962191145930424	0.5721204423130223	934.0127329425886	0.0	0.0	0.0
84783.7314453125	0.6962190557429209	0.5721204372069404	934.0127304513007	0.0	0.0	0.0
84995.76733398438	0.6962189138357642	0.5721202891504609	934.0127455955371	0.0	0.0	0.0
85210.005859375	0.6962189259535039	0.5721202913669229	934.0127485934645	0.0	0.0	0.0
85421.30859375	0.6962188892765749	0.5721203924867435	934.0127344802022	0.0	0.0	0.0
85634.84204101562	0.6962188344845521	0.5721203146843622	934.0127484193072	0.0	0.0	0.0
85848.16772460938	0.6962187664967543	0.5721203390065379	934.0127424141392	0.0	0.0	0.0
86059.48974609375	0.6962187548354679	0.5721202484916309	934.0127530079335	0.0	0.0	0.0
86272.39306640625	0.696218639689289	0.5721202998565161	934.0127475075424	0.0	0.0	0.0
86481.82690429688	0.6962185253181549	0.5721202895364853	934.0127516025677	0.0	0.0	0.0
86693.357421875	0.696218512377223	0.5721202320939294	934.0127542829141	0.0	0.0	0.0
86907.47607421875	0.6962184262210129	0.572120297882912	934.0127527751029	0.0	0.0	0.0
87120.33227539062	0.6962183991414314	0.5721202429058969	934.0127548789605	0.0	0.0	0.0
87332.55249023438	0.6962183378971042	0.5721201085642291	934.0127659579739	0.0	0.0	0.0
87547.18139648438	0.6962182713496426	0.5721202210383081	934.0127557544038	0.0	0.0	0.0
87760.76635742188	0.6962181855680762	0.5721202216182372	934.0127591537312	0.0	0.0	0.0
87977.06079101562	0.6962181087360113	0.5721201983350518	934.012758676894	0.0	0.0	0.0
88189.06079101562	0.6962180936434531	0.5721201121853913	934.0127676259726	0.0	0.0	0.0
88403.39306640625	0.6962180310639067	0.5721202282261604	934.0127584068105	0.0	0.0	0.0
88617.32348632812	0.6962179341161796	0.5721201373992311	934.0127695985138	0.0	0.0	0.0
88833.41064453125	0.696217873615389	0.5721201509854519	934.0127682480961	0.0	0.0	0.0
89046.27368164062	0.6962178047246418	0.5721201235110775	934.0127690751106	0.0	0.0	0.0
89261.322265625	0.6962176876423409	0.5721200710313082	934.0127776097506	0.0	0.0	0.0
89474.22973632812	0.6962176674406197	0.5721199889976677	934.0127849215642	0.0	0.0	0.0
89683.77319335938	0.6962175243410144	0.572120139010372	934.0127712367103	0.0	0.0	0.0
89898.03295898438	0.6962174679611997	0.5721200643150511	934.0127812465653	0.0	0.0	0.0
90111.65551757812	0.6962174621246657	0.5721200434419575	934.0127835972235	0.0	0.0	0.0
90329.72778320312	0.6962172445197088	0.5721200011320952	934.0127881187946	0.0	0.0	0.0
90540.2705078125	0.6962171594804467	0.5721200175200715	934.0127888787538	0.0	0.0	0.0
90753.12036132812	0.6962170862354917	0.5721200662435794	934.0127859581262	0.0	0.0	0.0
90966.44653320312	0.696216974665161	0.5721200363766633	934.0127907376736	0.0	0.0	0.0
91179.96435546875	0.6962168218581274	0.5721199983201088	934.0127947255969	0.0	0.0	0.0
91393.71826171875	0.6962167417100715	0.5721199604375556	934.0128000099212	0.0	0.0	0.0
91604.93359375	0.6962165960961515	0.5721200264983831	934.012797575444	0.0	0.0	0.0
91811.8837890625	0.6962164997801497	0.572119954731249	934.0128099117428	0.0	0.0	0.0
92022.34228515625	0.696216401932436	0.5721199956128266	934.0128064416349	0.0	0.0	0.0
92237.53564453125	0.6962162860577042	0.5721199740254285	934.0128098772839	0.0	0.0	0.0
92450.15405273438	0.6962161760842696	0.5721200105173615	934.0128112658858	0.0	0.0	0.0
92663.06958007812	0.6962160636736747	0.5721199980037939	934.012811745517	0.0	0.0	0.0
92872.83569335938	0.6962159408483515	0.5721199578070273	934.0128200687468	0.0	0.0	0.0
93086.423828125	0.6962158597983076	0.5721199604556713	934.0128208808601	0.0	0.0	0.0
93298.98315429688	0.6962157127054622	0.5721199903631347	934.0128217963502	0.0	0.0	0.0
93517.42236328125	0.696215590465009	0.5721199971977271	934.012823917903	0.0	0.0	0.0
93732.85327148438	0.6962155094037195	0.5721199753621176	934.0128258038312	0.0	0.0	0.0
93945.50073242188	0.6962153944029442	0.5721199859766903	934.0128284581006	0.0	0.0	0.0
94158.40234375	0.696215227172178	0.5721199896970383	934.0128380078822	0.0	0.0	0.0
94367.98681640625	0.6962151889829457	0.5721200148685667	934.0128341605887	0.0	0.0	0.0
94578.88500976562	0.6962149910292086	0.5721199875255537	934.0128392465413	0.0	0.0	0.0
94799.95922851562	0.6962148643255045	0.5721199863760964	934.0128432428464	0.0	0.0	0.0
95012.9453125	0.6962147979423658	0.57211998938112	934.0128467911854	0.0	0.0	0.0
95228.5849609375	0.6962146441477576	0.5721199762471483	934.0128544941545	0.0	0.0	0.0
95439.85620117188	0.6962145678171836	0.5721199675844021	934.0128580089658	0.0	0.0	0.0
95657.3388671875	0.6962144829679016	0.5721200326597773	934.0128507111222	0.0	0.0	0.0
95869.01904296875	0.6962143417205608	0.5721200461084838	934.0128553239629	0.0	0.0	0.0
96082.50146484375	0.6962142403894944	0.5721200303098966	934.0128613300622	0.0	0.0	0.0
96297.29443359375	0.6962141448062584	0.5721200275282474	934.0128650832921	0.0	0.0	0.0
96509.10424804688	0.6962140756761767	0.5721199871750485	934.0128702325746	0.0	0.0	0.0
96722.25830078125	0.696213956047144	0.5721200437806615	934.0128708695993	0.0	0.0	0.0
96932.8779296875	0.6962138962167095	0.572120029644077	934.0128721408546	0.0	0.0	0.0
97146.646484375	0.6962138578651622	0.5721199411726217	934.0128796324134	0.0	0.0	0.0
97357.34716796875	0.6962138138634965	0.5721200078896705	934.0128778610379	0.0	0.0	0.0
97569.76928710938	0.6962137435127721	0.572119947977583	934.0128848524764	0.0	0.0	0.0
97778.90454101562	0.6962137461792692	0.5721200017481641	934.0128820613027	0.0	0.0	0.0
97989.39306640625	0.6962136582188984	0.5721200428828234	934.0128790419549	0.0	0.0	0.0
98197.826171875	0.6962136005786471	0.5721201089085884	934.0128774009645	0.0	0.0	0.0
98409.26782226562	0.6962135443747848	0.5721200056363425	934.01288800966	0.0	0.0	0.0
98622.3818359375	0.6962134723735737	0.5721199891751267	934.0128931440413	0.0	0.0	0.0
98832.81176757812	0.6962133702922233	0.5721199930907901	934.0128972791135	0.0	0.0	0.0
99042.92236328125	0.6962133553177	0.5721200152040357	934.0128948213533	0.0	0.0	0.0
99256.62329101562	0.6962133191222623	0.5721200848363239	934.0128892613575	0.0	0.0	0.0
99467.97973632812	0.6962133207870549	0.5721200081530511	934.0128943668678	0.0	0.0	0.0
99676.97680664062	0.6962132076198755	0.5721201354386621	934.0128915188834	0.0	0.0	0.0
99886.76879882812	0.6962131840742309	0.5721201560494148	934.0128911724314	0.0	0.0	0.0
100099.23193359375	0.696213157350467	0.572120262827443	934.0128811588511	0.0	0.0	0.0
100309.14013671875	0.6962131246391112	0.5721202512410598	934.0128835951909	0.0	0.0	0.0
100519.54223632812	0.6962130860993089	0.5721202939163581	934.0128792449832	0.0	0.0	0.0
100729.73413085938	0.6962130405193773	0.5721203058652775	934.0128802135587	0.0	0.0	0.0
100939.88061523438	0.6962130533924733	0.57212031073434	934.0128804557025	0.0	0.0	0.0
101153.05078125	0.6962130238466542	0.5721204538387406	934.0128693478182	0.0	0.0	0.0
101369.916015625	0.6962129590490648	0.5721204961167742	934.0128652295098	0.0	0.0	0.0
101581.49975585938	0.69621294925668	0.5721205525407268	934.0128583461046	0.0	0.0	0.0
101794.50732421875	0.6962128981758091	0.5721205866403899	934.0128582706675	0.0	0.0	0.0
102010.55810546875	0.6962129597074237	0.5721206361139077	934.012854995206	0.0	0.0	0.0
102223.30932617188	0.6962129240549114	0.572120680478885	934.0128496000543	0.0	0.0	0.0
102432.1123046875	0.6962129279468867	0.572120792288061	934.0128402858973	0.0	0.0	0.0
102644.3271484375	0.6962128787529089	0.5721208550775105	934.0128402858973	0.0	0.0	0.0
102857.07177734375	0.6962129160058761	0.5721209379111648	934.0128295319155	0.0	0.0	0.0
103068.45458984375	0.6962128657833704	0.5721209355374298	934.0128274885938	0.0	0.0	0.0
103279.48950195312	0.6962129230381036	0.5721210506581371	934.0243789162487	0.0	0.0	0.0
103488.19506835938	0.6962128568845879	0.5721210664304913	934.0232374435291	0.0	0.0	0.0
103701.3095703125	0.6962128719824906	0.5721212047794065	934.0129087287933	0.0	0.0	0.0
103909.49780273438	0.6962128990167342	0.5721212347745386	934.0128022627905	0.0	0.0	0.0
104118.59985351562	0.6962128984253348	0.5721212170738569	934.0128033477813	0.0	0.0	0.0
104331.94384765625	0.6962128349879868	0.5721213749225735	934.0127942338586	0.0	0.0	0.0
104548.65185546875	0.6962128810116222	0.57212137889114	934.0127919921651	0.0	0.0	0.0
104761.06420898438	0.6962128486145834	0.5721214965301172	934.0127831967548	0.0	0.0	0.0
104973.52758789062	0.6962128796781387	0.5721215113867809	934.012779164128	0.0	0.0	0.0
105181.82641601562	0.6962128819967341	0.5721215737454722	934.0127715691924	0.0	0.0	0.0
105393.34838867188	0.696212798721293	0.5721216271387422	934.0127771068364	0.0	0.0	0.0
105610.81079101562	0.6962128338185649	0.5721217129758425	934.012764361687	0.0	0.0	0.0
105825.39819335938	0.6962128621926742	0.5721217730945106	934.012756257318	0.0	0.0	0.0
106035.34594726562	0.6962128183772166	0.5721218943675245	934.0127461664379	0.0	0.0	0.0
106247.36352539062	0.6962128584330073	0.57212194439994	934.0127450954169	0.0	0.0	0.0
106462.47729492188	0.6962128250319031	0.5721219172897846	934.0127486968413	0.0	0.0	0.0
106673.78247070312	0.6962128431629323	0.5721221131831461	934.0127305621281	0.0	0.0	0.0
106883.61645507812	0.6962128364842513	0.5721221904747762	934.0127215236425	0.0	0.0	0.0
107091.59448242188	0.6962127905174738	0.5721222597435887	934.0127158509567	0.0	0.0	0.0
107301.91748046875	0.6962127207339115	0.5721223760702938	934.012713723816	0.0	0.0	0.0
107512.84765625	0.6962127918584246	0.5721224378634193	934.0127047626302	0.0	0.0	0.0
107726.041015625	0.6962128167997371	0.5721225651819256	934.0126937553287	0.0	0.0	0.0
107936.59716796875	0.6962127659706042	0.5721226584967019	934.0126910367981	0.0	0.0	0.0
108150.21044921875	0.6962126970895733	0.5721227535365538	934.0126853305846	0.0	0.0	0.0
108362.23779296875	0.6962127714980867	0.572122834674952	934.0126748988405	0.0	0.0	0.0
108573.7421875	0.6962127147734875	0.5721229733848461	934.01266178675	0.0	0.0	0.0
108786.15576171875	0.6962127653899186	0.5721230516309583	934.0126571869478	0.0	0.0	0.0
108995.78540039062	0.6962127435349621	0.5721231609545673	934.0126481987536	0.0	0.0	0.0
109206.87060546875	0.6962126787188071	0.5721233423140435	934.012639706023	0.0	0.0	0.0
109418.48779296875	0.6962127104704379	0.5721233717673502	934.0126312887296	0.0	0.0	0.0
109627.8818359375	0.6962127490711757	0.572123570096913	934.012611865066	0.0	0.0	0.0
109842.55346679688	0.69621271765746	0.5721236458125941	934.0126122776419	0.0	0.0	0.0
110057.32421875	0.6962126462279157	0.5721237959526257	934.0126044685021	0.0	0.0	0.0
110266.76586914062	0.6962127151793457	0.5721240475310723	934.012578244321	0.0	0.0	0.0
110478.00927734375	0.6962126350326852	0.5721241672825633	934.0125768044963	0.0	0.0	0.0
110690.55712890625	0.6962126518992278	0.5721243805888677	934.0125568611547	0.0	0.0	0.0
110908.64453125	0.6962126697369742	0.5721245856924452	934.0125394705683	0.0	0.0	0.0
111119.07958984375	0.6962126652136927	0.5721246728868313	934.0125359287485	0.0	0.0	0.0
111335.88208007812	0.696212707512292	0.5721248224879671	934.0125231286511	0.0	0.0	0.0
111551.79931640625	0.6962126447668276	0.5721250677403621	934.0125050302595	0.0	0.0	0.0
111764.32885742188	0.6962126503302033	0.5721252196915548	934.0124951312318	0.0	0.0	0.0
111972.02221679688	0.6962127281473793	0.5721253705209524	934.0124816000462	0.0	0.0	0.0
112185.27978515625	0.6962126545263858	0.5721256351520339	934.0124618075788	0.0	0.0	0.0
112395.66943359375	0.6962126741186797	0.5721258476776715	934.0124477231875	0.0	0.0	0.0
112618.70629882812	0.6962126515102928	0.5721260505632295	934.0124343894422	0.0	0.0	0.0
112827.9404296875	0.6962126531431815	0.5721261853073444	934.0124266585335	0.0	0.0	0.0
113037.41235351562	0.6962126439823415	0.572126452077499	934.0124075217173	0.0	0.0	0.0
113249.80810546875	0.6962125890846972	0.5721266612314245	934.0124007258564	0.0	0.0	0.0
113463.88671875	0.6962126289355762	0.5721269558174558	934.0123752327636	0.0	0.0	0.0
113674.67138671875	0.6962126541760342	0.5721271138889241	934.0123611791059	0.0	0.0	0.0
113886.73461914062	0.6962126476865588	0.5721273731693394	934.0123465452343	0.0	0.0	0.0
114098.09838867188	0.6962126169099017	0.5721276826441947	934.0123276496306	0.0	0.0	0.0
114313.66748046875	0.6962126207450842	0.5721280051116717	934.0123078571633	0.0	0.0	0.0
114529.72119140625	0.6962125911118466	0.5721283629432811	934.0122871687636	0.0	0.0	0.0
114740.81494140625	0.6962126227552292	0.5721286880495761	934.012267652899	0.0	0.0	0.0
114954.46557617188	0.6962126012809269	0.5721291828755892	934.0122381336987	0.0	0.0	0.0
115169.9228515625	0.6962125706367884	0.572129591212526	934.0122147900984	0.0	0.0	0.0
115382.2705078125	0.6962125588337242	0.5721302147385064	934.0121845798567	0.0	0.0	0.0
115592.0986328125	0.6962125660335917	0.5721306418506485	934.0121554043144	0.0	0.0	0.0
115805.42578125	0.6962125948221582	0.5721313204596649	934.0121240476146	0.0	0.0	0.0
116017.25903320312	0.6962125367454309	0.5721319933834199	934.012092650868	0.0	0.0	0.0
116234.33154296875	0.696212632663419	0.5721325862853921	934.0120618371293	0.0	0.0	0.0
116450.619140625	0.6962126679089182	0.5721331098736967	934.012037021108	0.0	0.0	0.0
116660.59204101562	0.6962126668365177	0.5721338842694298	934.0120054287836	0.0	0.0	0.0
116868.7705078125	0.6962126927854977	0.5721345288747793	934.0119769414887	0.0	0.0	0.0
117079.75366210938	0.6962126691310396	0.5721349965225523	934.0119598293677	0.0	0.0	0.0
117291.86059570312	0.6962127052961818	0.5721355921600003	934.0119387926534	0.0	0.0	0.0
117508.96850585938	0.6962126802577705	0.5721361166587516	934.0119244959205	0.0	0.0	0.0
117723.69018554688	0.696212590233546	0.5721364616089307	934.0119222244248	0.0	0.0	0.0
117935.09741210938	0.6962125229309033	0.5721368857855054	934.011910145171	0.0	0.0	0.0
118147.5693359375	0.696212531008074	0.5721371431813762	934.0119006009772	0.0	0.0	0.0
118361.94604492188	0.6962125255112135	0.5721375981235846	934.0118890684098	0.0	0.0	0.0
118577.34008789062	0.6962125192915015	0.5721378409147566	934.0118834590539	0.0	0.0	0.0
118791.044921875	0.6962125811933536	0.5721380881322289	934.0118757374585	0.0	0.0	0.0
119007.67333984375	0.6962125445473601	0.572138381817492	934.011867784895	0.0	0.0	0.0
119219.68627929688	0.6962125781908456	0.572138624502378	934.0118638509884	0.0	0.0	0.0
119431.7724609375	0.6962125890131392	0.5721387336386078	934.0118573922664	0.0	0.0	0.0
119645.77416992188	0.6962126122581472	0.57213894350294	934.011852609925	0.0	0.0	0.0
119858.5078125	0.6962126498875113	0.5721391273974203	934.0118488315493	0.0	0.0	0.0
120070.68188476562	0.6962126278931186	0.5721392277415163	934.0118464212865	0.0	0.0	0.0
120279.20776367188	0.6962126204544599	0.5721394212326804	934.0118430498987	0.0	0.0	0.0
120492.08837890625	0.696212610165811	0.572139536694886	934.0118409981951	0.0	0.0	0.0
120701.70043945312	0.6962126176726807	0.5721397414815412	934.0118373725563	0.0	0.0	0.0
120914.13842773438	0.6962126134141159	0.5721397685848122	934.011838587001	0.0	0.0	0.0
121126.87915039062	0.6962126807844022	0.5721398945751165	934.0118305496871	0.0	0.0	0.0
121338.71337890625	0.6962126704043189	0.5721400846338404	934.0118318814784	0.0	0.0	0.0
121551.34765625	0.6962126450648051	0.5721401449226932	934.0118290968239	0.0	0.0	0.0
121763.37426757812	0.6962126302143236	0.5721402709978266	934.0118258791044	0.0	0.0	0.0
121975.97436523438	0.6962126463815874	0.5721403279777905	934.0118274670094	0.0	0.0	0.0
122187.97192382812	0.6962125544367239	0.5721404595888938	934.0118309482932	0.0	0.0	0.0
122395.16870117188	0.6962125958202827	0.5721406343572298	934.0118236364797	0.0	0.0	0.0
122611.14379882812	0.6962125893435079	0.5721407230390618	934.0118238097057	0.0	0.0	0.0
122820.19848632812	0.696212564174637	0.5721408114156875	934.0118222041056	0.0	0.0	0.0
123030.70922851562	0.6962125705757273	0.5721408613815248	934.0118217403069	0.0	0.0	0.0
123243.01000976562	0.6962125160097974	0.5721409559488378	934.0118225524202	0.0	0.0	0.0
123454.45434570312	0.6962124872298642	0.5721411189936425	934.0118243079633	0.0	0.0	0.0
123665.13647460938	0.6962124596689513	0.5721412340293482	934.0118201915175	0.0	0.0	0.0
123875.96801757812	0.6962124588663459	0.5721413404838214	934.0118202213198	0.0	0.0	0.0
124086.33325195312	0.696212453713864	0.5721415826682795	934.0118167176843	0.0	0.0	0.0
124297.783203125	0.696212420205709	0.5721416826489185	934.0118169179186	0.0	0.0	0.0
124510.39404296875	0.6962124228185513	0.5721418383877062	934.0118184927851	0.0	0.0	0.0
124722.10473632812	0.6962123895200322	0.5721420278792942	934.0118151018396	0.0	0.0	0.0
124934.39379882812	0.696212368591106	0.5721422244798866	934.011813220568	0.0	0.0	0.0
125148.17236328125	0.6962123384356529	0.5721423726646494	934.0118177523836	0.0	0.0	0.0
125365.10327148438	0.6962122572344179	0.572142473108028	934.0118203619495	0.0	0.0	0.0
125573.65356445312	0.6962122930373814	0.5721427011520919	934.0118139339611	0.0	0.0	0.0
125786.72314453125	0.6962123428646018	0.572142887660246	934.0118121672422	0.0	0.0	0.0
125996.33935546875	0.6962123194314946	0.5721429386676122	934.0118121635169	0.0	0.0	0.0
126208.95166015625	0.6962122883266485	0.5721430901084161	934.0118126971647	0.0	0.0	0.0
126423.81225585938	0.6962123059840243	0.5721432793377901	934.011812383309	0.0	0.0	0.0
126636.86865234375	0.6962122541167921	0.5721434771334799	934.0118126943707	0.0	0.0	0.0
126846.13891601562	0.6962122518331411	0.5721436307282654	934.0118111008778	0.0	0.0	0.0
127062.59008789062	0.696212251616689	0.5721438056134941	934.0118091404438	0.0	0.0	0.0
127276.68603515625	0.6962122009625656	0.5721438851710229	934.0118185970932	0.0	0.0	0.0
127491.07299804688	0.696212248295408	0.5721440976875272	934.0118136322126	0.0	0.0	0.0
127701.82055664062	0.696212216255127	0.5721441677966146	934.0118125388399	0.0	0.0	0.0
127915.33374023438	0.6962122242637457	0.572144361018158	934.0118106892332	0.0	0.0	0.0
128124.41357421875	0.6962122249056057	0.5721444731322605	934.0118126412854	0.0	0.0	0.0
128336.11450195312	0.6962122813162337	0.5721446011689674	934.0118112927303	0.0	0.0	0.0
128546.4619140625	0.6962122598152708	0.5721446332024155	934.0118111977354	0.0	0.0	0.0
128761.50024414062	0.6962122698735292	0.5721447571193017	934.0118095604703	0.0	0.0	0.0
128970.70190429688	0.6962122255724232	0.5721448493642683	934.0118111204356	0.0	0.0	0.0
129187.64208984375	0.6962122080967462	0.572144947348326	934.0118133090436	0.0	0.0	0.0
129399.02075195312	0.6962121553645638	0.57214508151319	934.0118175847456	0.0	0.0	0.0
129610.85864257812	0.6962121838398334	0.572145171833979	934.0118146007881	0.0	0.0	0.0
129823.7685546875	0.6962121761980051	0.5721452828258808	934.0118196289986	0.0	0.0	0.0
130032.05249023438	0.6962122646953177	0.572145372740281	934.0118120815605	0.0	0.0	0.0
130242.66577148438	0.6962121852876099	0.5721454995414461	934.0118149537593	0.0	0.0	0.0
130452.81005859375	0.6962121555135844	0.5721455076958887	934.0118170883507	0.0	0.0	0.0
130668.6123046875	0.6962121361664813	0.5721455700204087	934.0118171395734	0.0	0.0	0.0
130877.77563476562	0.6962121579836975	0.5721456793683191	934.0118191726506	0.0	0.0	0.0
131087.90454101562	0.696212152674843	0.5721457013057468	934.011816506274	0.0	0.0	0.0
131305.34790039062	0.6962121527681987	0.572145828863798	934.0118159502745	0.0	0.0	0.0
131515.80859375	0.696212201406362	0.57214587062334	934.0118141351268	0.0	0.0	0.0
131731.38989257812	0.6962121450283015	0.5721458791400955	934.0118183940649	0.0	0.0	0.0
131942.19311523438	0.6962121616756867	0.5721459736680242	934.011818094179	0.0	0.0	0.0
132151.30297851562	0.6962121425026837	0.5721460541890043	934.0118199028075	0.0	0.0	0.0
132364.16381835938	0.6962121765946843	0.5721461351826954	934.0118200816214	0.0	0.0	0.0
132576.92309570312	0.6962121709435091	0.5721461353877851	934.0118176965043	0.0	0.0	0.0
132787.35034179688	0.6962121334352229	0.5721462114055766	934.0118218138814	0.0	0.0	0.0
132998.2060546875	0.6962121695241793	0.5721462446914954	934.0118204792961	0.0	0.0	0.0
133210.1533203125	0.6962121362497811	0.572146373487821	934.0118246702477	0.0	0.0	0.0
133423.06420898438	0.6962121461280415	0.5721463631676165	934.0118244681507	0.0	0.0	0.0
133638.28588867188	0.6962121623486173	0.572146467547647	934.011822976172	0.0	0.0	0.0
133851.48388671875	0.6962121912879079	0.5721464489933136	934.0118176499382	0.0	0.0	0.0
134064.05346679688	0.6962121680464003	0.5721465255662839	934.0118274120614	0.0	0.0	0.0
134278.24462890625	0.696212218202949	0.5721465502682032	934.0118222897872	0.0	0.0	0.0
134493.2314453125	0.6962122272726452	0.5721466165199879	934.0118187041953	0.0	0.0	0.0
134705.94604492188	0.69621225989707	0.5721466879265018	934.0118175465614	0.0	0.0	0.0
134920.515625	0.6962122617504918	0.5721467733317253	934.0118194231763	0.0	0.0	0.0
135132.87719726562	0.6962122370950237	0.5721467688685957	934.0118192527443	0.0	0.0	0.0
135343.74340820312	0.6962123746067954	0.5721467510028851	934.0118135716766	0.0	0.0	0.0
135554.69897460938	0.6962123577016615	0.5721468514723705	934.0118181649595	0.0	0.0	0.0
135770.02978515625	0.6962124060249029	0.5721468258336827	934.0118127977476	0.0	0.0	0.0
135983.81518554688	0.6962123698843823	0.572146899730723	934.0118151456118	0.0	0.0	0.0
136199.57373046875	0.6962124972433119	0.5721468318000885	934.0118097402155	0.0	0.0	0.0
136414.41357421875	0.6962124615804437	0.5721469780367546	934.0118103083223	0.0	0.0	0.0
136622.76171875	0.6962124987944515	0.5721469713113756	934.0118108857423	0.0	0.0	0.0
136834.7509765625	0.6962125172592478	0.5721468737853418	934.0118065699935	0.0	0.0	0.0
137047.45288085938	0.6962125799670478	0.5721469974285255	934.0118066454306	0.0	0.0	0.0
137259.66918945312	0.6962126215860547	0.5721469876986219	934.0118032582104	0.0	0.0	0.0
137473.154296875	0.6962126599052604	0.5721469915496645	934.0118017578498	0.0	0.0	0.0
137697.5927734375	0.6962127097345003	0.5721469468351503	934.0118019077927	0.0	0.0	0.0
137913.45434570312	0.6962126793971577	0.5721470933916424	934.0117992516607	0.0	0.0	0.0
138123.74755859375	0.6962127725385242	0.5721470619890497	934.0117978136986	0.0	0.0	0.0
138333.83666992188	0.6962127641054491	0.5721470872466076	934.0118037890643	0.0	0.0	0.0
138547.14453125	0.6962128624761461	0.5721471399886685	934.0117956167087	0.0	0.0	0.0
138763.86401367188	0.6962129479515644	0.5721471156243487	934.0117892734706	0.0	0.0	0.0
138978.38818359375	0.6962129217282612	0.5721472022147699	934.0117936674505	0.0	0.0	0.0
139193.32446289062	0.6962129042770264	0.5721471924386431	934.0117932707071	0.0	0.0	0.0
139405.73461914062	0.6962129278898846	0.5721472246456958	934.0117925461382	0.0	0.0	0.0
139623.31958007812	0.6962130903003015	0.5721473289674962	934.0117878215387	0.0	0.0	0.0
139836.6806640625	0.6962130958541404	0.5721471913037676	934.0117863742635	0.0	0.0	0.0
140055.01708984375	0.6962130164286683	0.5721473076840844	934.0117920059711	0.0	0.0	0.0
140266.337890625	0.6962130811599105	0.5721473532136765	934.0117883328348	0.0	0.0	0.0
140482.70971679688	0.69621310905096	0.5721473878995893	934.0117874024436	0.0	0.0	0.0
140698.94067382812	0.6962132296422081	0.5721473669669335	934.0117841083556	0.0	0.0	0.0
140920.15502929688	0.6962132043469723	0.5721474087427566	934.01178528741	0.0	0.0	0.0
141132.94116210938	0.6962132971469286	0.5721474395561561	934.0117832077667	0.0	0.0	0.0
141342.60473632812	0.6962133191231233	0.5721474374285752	934.0117770368233	0.0	0.0	0.0
141556.27978515625	0.6962133650655633	0.5721473756617024	934.0117785762995	0.0	0.0	0.0
141766.45166015625	0.6962133998884623	0.5721473790712858	934.011775303632	0.0	0.0	0.0
141980.02734375	0.6962134385249082	0.5721473898045446	934.0117751872167	0.0	0.0	0.0
142194.2197265625	0.6962134499263122	0.5721473922450603	934.0117777474225	0.0	0.0	0.0
142408.51440429688	0.6962135881855275	0.5721474812028482	934.0117688933387	0.0	0.0	0.0
142621.06567382812	0.6962135104993943	0.5721474504421091	934.0117737958208	0.0	0.0	0.0
142834.06127929688	0.6962135911499279	0.5721474825314606	934.0117713706568	0.0	0.0	0.0
143054.65161132812	0.6962136491138865	0.5721475061385982	934.0117684723809	0.0	0.0	0.0
143275.26806640625	0.6962136732532336	0.5721475254924463	934.0117676891387	0.0	0.0	0.0
143487.443359375	0.6962137028976232	0.5721475182452527	934.0117699578404	0.0	0.0	0.0
143704.3037109375	0.6962137276253056	0.5721475182849094	934.011763362214	0.0	0.0	0.0
143919.22143554688	0.696213826184122	0.5721475501217631	934.0117622995749	0.0	0.0	0.0
144135.28637695312	0.6962138570226546	0.5721475261580642	934.0117626274005	0.0	0.0	0.0
144345.82641601562	0.6962138727012186	0.57214750076162	934.0117581002414	0.0	0.0	0.0
144560.8388671875	0.6962139561664967	0.5721474787113296	934.0117551572621	0.0	0.0	0.0
144773.93920898438	0.6962139954077199	0.5721475552289614	934.0117586068809	0.0	0.0	0.0
144992.86791992188	0.6962139824427732	0.5721475364146792	934.01175718382	0.0	0.0	0.0
145206.43627929688	0.6962140002824155	0.5721475704153324	934.0117537733167	0.0	0.0	0.0
145419.0439453125	0.6962141145487365	0.5721475678861997	934.0117560978979	0.0	0.0	0.0
145637.28833007812	0.6962141076911665	0.5721475716516804	934.0117530860007	0.0	0.0	0.0
145857.36010742188	0.6962142059729385	0.5721475997108492	934.0117465592921	0.0	0.0	0.0
146071.02270507812	0.6962141834947247	0.572147516822901	934.0117489080876	0.0	0.0	0.0
146284.88671875	0.6962142119187451	0.5721476134714943	934.0117506776005	0.0	0.0	0.0
146493.95556640625	0.6962142372170876	0.5721475616450633	934.0117456773296	0.0	0.0	0.0
146704.96704101562	0.696214206682311	0.5721476180875752	934.0117481853813	0.0	0.0	0.0
146916.13696289062	0.6962143539119148	0.5721476559519069	934.0117450794205	0.0	0.0	0.0
147131.46801757812	0.6962144330150993	0.5721476501894263	934.011745037511	0.0	0.0	0.0
147344.11401367188	0.696214430529009	0.5721476869745302	934.0117456354201	0.0	0.0	0.0
147555.46264648438	0.6962144888824688	0.5721477040663071	934.011743706651	0.0	0.0	0.0
147768.52416992188	0.6962145636941722	0.5721476380462557	934.0117382891476	0.0	0.0	0.0
147982.224609375	0.696214576309148	0.5721476710152374	934.0117389475927	0.0	0.0	0.0
148195.38354492188	0.6962146375573259	0.572147638100903	934.0117377918214	0.0	0.0	0.0
148405.99584960938	0.6962146616652409	0.5721477035277025	934.0117322206497	0.0	0.0	0.0
148621.57861328125	0.69621468720536	0.5721476286094817	934.011735489592	0.0	0.0	0.0
148837.03955078125	0.696214765394689	0.5721476075936186	934.0117318565026	0.0	0.0	0.0
149051.98291015625	0.6962147611189061	0.5721477142467674	934.0117309903726	0.0	0.0	0.0
149265.68823242188	0.6962148054680259	0.5721477217910508	934.0117323528975	0.0	0.0	0.0
149480.00122070312	0.6962148264253427	0.5721477135018749	934.0117307752371	0.0	0.0	0.0
149695.77905273438	0.6962148381218326	0.5721476621494004	934.0117311133072	0.0	0.0	0.0
149905.54956054688	0.6962149251601495	0.5721476546522942	934.011725188233	0.0	0.0	0.0
150114.31079101562	0.6962149649517695	0.5721476124134827	934.0117214685306	0.0	0.0	0.0
150331.560546875	0.6962150467438262	0.5721477123269667	934.0117229716852	0.0	0.0	0.0
150541.0673828125	0.6962151497432448	0.5721477088056569	934.0117206806317	0.0	0.0	0.0
150754.90649414062	0.6962151617218433	0.5721477809046468	934.0117212496698	0.0	0.0	0.0
150966.44677734375	0.6962152228265434	0.5721477748337201	934.0117213409394	0.0	0.0	0.0
151177.26025390625	0.6962153348727872	0.5721478046059885	934.0117181511596	0.0	0.0	0.0
151388.9111328125	0.6962153661069693	0.5721476987685222	934.0117167960852	0.0	0.0	0.0
151600.8408203125	0.6962154203029762	0.5721477849919562	934.0117166647688	0.0	0.0	0.0
151817.47875976562	0.6962155115609991	0.5721477365179853	934.0117105608806	0.0	0.0	0.0
152031.41748046875	0.6962155872690285	0.5721478233187125	934.0117134638131	0.0	0.0	0.0
152241.95581054688	0.6962156574583489	0.572147807529923	934.0117075340822	0.0	0.0	0.0
152459.29760742188	0.696215792977027	0.5721478393647497	934.0117079718038	0.0	0.0	0.0
152673.869140625	0.6962158813536808	0.572147855310939	934.0117031401023	0.0	0.0	0.0
152884.16162109375	0.6962159704806916	0.5721478428949943	934.0117016239092	0.0	0.0	0.0
153102.546875	0.6962159851096575	0.572147767071597	934.0117044625804	0.0	0.0	0.0
153320.87939453125	0.6962160861775951	0.572147777235497	934.0116985579953	0.0	0.0	0.0
153531.26196289062	0.6962161758476748	0.5721478135471648	934.0116958189756	0.0	0.0	0.0
153739.888671875	0.6962162563293237	0.5721478449106742	934.011693963781	0.0	0.0	0.0
153950.236328125	0.6962163277248844	0.5721478280666221	934.011693158187	0.0	0.0	0.0
154164.69653320312	0.6962164355002011	0.572147775663017	934.0116939814761	0.0	0.0	0.0
154381.75903320312	0.6962164871550551	0.5721477407519766	934.0116905979812	0.0	0.0	0.0
154595.49926757812	0.696216613253561	0.5721478659338446	934.0116913756356	0.0	0.0	0.0
154807.54174804688	0.6962166575378493	0.5721478296122329	934.011689260602	0.0	0.0	0.0
155019.19506835938	0.6962167816288625	0.5721478911245682	934.0116878869012	0.0	0.0	0.0
155236.34375	0.6962168652310996	0.5721478472466988	934.0116840805858	0.0	0.0	0.0
155448.76489257812	0.6962168923802823	0.5721478220799346	934.0116849476472	0.0	0.0	0.0
155662.99340820312	0.6962170397975638	0.5721478441204837	934.0116825886071	0.0	0.0	0.0
155874.76147460938	0.6962171061373961	0.5721478594159761	934.011679507792	0.0	0.0	0.0
156090.0078125	0.6962171943263522	0.5721478155035002	934.0116796763614	0.0	0.0	0.0
156297.60009765625	0.696217200706629	0.5721478997867628	934.0116785457358	0.0	0.0	0.0
156511.56665039062	0.6962173290834152	0.5721478341147684	934.0116782486439	0.0	0.0	0.0
156724.6181640625	0.6962173937698827	0.5721478261250109	934.0116758430377	0.0	0.0	0.0
156942.59033203125	0.6962175140881551	0.5721478425708575	934.0116755012423	0.0	0.0	0.0
157164.6142578125	0.6962175984741376	0.5721478067240908	934.0116715617478	0.0	0.0	0.0
157377.92944335938	0.6962177079335853	0.5721477958670996	934.0116694383323	0.0	0.0	0.0
157592.83544921875	0.696217758811771	0.5721478322531831	934.0116725182161	0.0	0.0	0.0
157806.83642578125	0.6962178273633864	0.5721478045402718	934.011669177562	0.0	0.0	0.0
158020.22045898438	0.6962179354471818	0.5721478398664582	934.0116723496467	0.0	0.0	0.0
158230.37670898438	0.6962179687893689	0.5721477971950447	934.0116694848984	0.0	0.0	0.0
158442.96704101562	0.6962181105147889	0.5721478179674478	934.0116695277393	0.0	0.0	0.0
158651.92456054688	0.6962181800634601	0.5721478847299868	934.0116672134027	0.0	0.0	0.0
158871.78051757812	0.6962181202019725	0.5721478180991081	934.0116654885933	0.0	0.0	0.0
159086.98803710938	0.6962182669658539	0.5721479027339657	934.0116663156077	0.0	0.0	0.0
159303.91625976562	0.6962182963292741	0.5721479236868227	934.0116683961824	0.0	0.0	0.0
159520.96508789062	0.6962183805067079	0.5721478678155634	934.0116650117561	0.0	0.0	0.0
159730.47412109375	0.6962184281318129	0.5721478539737722	934.0116630708799	0.0	0.0	0.0
159942.4609375	0.6962185133156225	0.5721477775361044	934.0116637758911	0.0	0.0	0.0
160161.88134765625	0.6962185612848186	0.5721479127060314	934.0116672767326	0.0	0.0	0.0
160371.83227539062	0.6962186137937485	0.5721478118748391	934.0116641670465	0.0	0.0	0.0
160588.1845703125	0.6962186802883673	0.5721478964782682	934.0116631947458	0.0	0.0	0.0
160800.92553710938	0.6962187755814818	0.5721478776614394	934.0116623016074	0.0	0.0	0.0
161015.97241210938	0.6962187394921612	0.5721477586067644	934.0116627579555	0.0	0.0	0.0
161231.16333007812	0.6962188770972928	0.572147835774079	934.0116610061377	0.0	0.0	0.0
161443.1669921875	0.6962189500860169	0.5721477878364618	934.0116596827284	0.0	0.0	0.0
161653.36962890625	0.6962190127703068	0.5721477522465903	934.0116619030014	0.0	0.0	0.0
161870.63305664062	0.6962191079252213	0.5721478347776969	934.0116618480533	0.0	0.0	0.0
162085.76708984375	0.6962190902770831	0.5721477429046186	934.0116617968306	0.0	0.0	0.0
162296.08764648438	0.6962191570138099	0.5721477511274277	934.0116579867899	0.0	0.0	0.0
162510.09814453125	0.6962192040098272	0.5721477043163444	934.0116601865739	0.0	0.0	0.0
162725.32836914062	0.6962192172941364	0.5721475925885011	934.011657343246	0.0	0.0	0.0
162941.83325195312	0.6962192305312314	0.57214763079182	934.0116601632908	0.0	0.0	0.0
163156.71118164062	0.6962193421055746	0.5721474446665962	934.0116568636149	0.0	0.0	0.0
163372.46899414062	0.6962193488747975	0.5721474661963623	934.0116576943547	0.0	0.0	0.0
163583.09130859375	0.6962193875782239	0.5721474640625148	934.0116569558159	0.0	0.0	0.0
163798.67431640625	0.696219378984476	0.5721473301941931	934.0116534102708	0.0	0.0	0.0
164011.83666992188	0.6962194274002556	0.5721472363035928	934.0116542251781	0.0	0.0	0.0
164225.25122070312	0.6962194261820549	0.572147212541247	934.0116550484672	0.0	0.0	0.0
164441.14965820312	0.6962194577314582	0.5721472071743181	934.0116551769897	0.0	0.0	0.0
164658.74536132812	0.6962195174564013	0.5721470882248152	934.0116523029283	0.0	0.0	0.0
164878.61254882812	0.6962195558749675	0.5721469899814897	934.0116504235193	0.0	0.0	0.0
165090.193359375	0.6962196200903004	0.5721469450021678	934.0116516137496	0.0	0.0	0.0
165301.28662109375	0.6962195251466251	0.5721468974767092	934.0116512645036	0.0	0.0	0.0
165515.66040039062	0.6962195493593308	0.5721467689434123	934.0116525264457	0.0	0.0	0.0
165734.63818359375	0.6962195594503445	0.57214673982396	934.0116483476013	0.0	0.0	0.0
165949.71362304688	0.6962195252627307	0.5721466693923473	934.0116482423618	0.0	0.0	0.0
166166.20654296875	0.6962195843792207	0.5721466060742632	934.0116497958079	0.0	0.0	0.0
166381.61279296875	0.6962195296834058	0.5721465500342436	934.0116461478174	0.0	0.0	0.0
166592.08422851562	0.6962196395489275	0.5721464921178874	934.0116468314081	0.0	0.0	0.0
166805.55322265625	0.6962195977889013	0.5721463860812532	934.0116450246423	0.0	0.0	0.0
167019.43603515625	0.6962196175919665	0.5721463160950913	934.0116478092968	0.0	0.0	0.0
167230.85571289062	0.6962196446278639	0.572146229965427	934.0116437282413	0.0	0.0	0.0
167444.89086914062	0.6962197009475473	0.572146174723272	934.0116451466456	0.0	0.0	0.0
167663.17065429688	0.696219643685766	0.572146119462582	934.0116442460567	0.0	0.0	0.0
167879.48388671875	0.6962196358055955	0.5721459570064839	934.0116430884227	0.0	0.0	0.0
168089.74609375	0.696219591787326	0.5721459481360784	934.0116463648155	0.0	0.0	0.0
168307.15673828125	0.696219692805359	0.5721458913031194	934.0116465976462	0.0	0.0	0.0
168520.72119140625	0.6962196500972982	0.572145784013498	934.01164361462	0.0	0.0	0.0
168732.95263671875	0.696219623507419	0.5721456966806248	934.0116421626881	0.0	0.0	0.0
168942.9189453125	0.696219735368273	0.5721456366946123	934.0116440560669	0.0	0.0	0.0
169156.13256835938	0.696219663555256	0.5721455277879797	934.0116433212534	0.0	0.0	0.0
169369.29272460938	0.6962197336672058	0.5721454339853428	934.0116397961974	0.0	0.0	0.0
169579.73876953125	0.6962196798798389	0.5721453799944302	934.0116424988955	0.0	0.0	0.0
169794.26416015625	0.6962197124842511	0.5721452167053576	934.0116406036541	0.0	0.0	0.0
170010.12719726562	0.6962196786275199	0.5721451479147238	934.0116414818913	0.0	0.0	0.0
170226.97485351562	0.6962197119775224	0.57214501037896	934.0116463676095	0.0	0.0	0.0
170443.87036132812	0.6962196636746986	0.5721449799482816	934.0116387130693	0.0	0.0	0.0
170657.2880859375	0.6962197345049127	0.5721448031489242	934.011642404832	0.0	0.0	0.0
170872.61328125	0.6962197546608996	0.5721447129784881	934.0116407666355	0.0	0.0	0.0
171082.22241210938	0.6962197727148157	0.5721446135642613	934.011639021337	0.0	0.0	0.0
171296.9306640625	0.6962197894941594	0.5721444919678819	934.0116396630183	0.0	0.0	0.0
171506.81469726562	0.6962197539559806	0.5721443601858043	934.0116388918832	0.0	0.0	0.0
171720.81420898438	0.6962197627809854	0.5721443041963366	934.0116371512413	0.0	0.0	0.0
171928.3525390625	0.6962197343238119	0.5721441607606286	934.011638911441	0.0	0.0	0.0
172142.47485351562	0.6962197142022664	0.5721441146712086	934.0116431638598	0.0	0.0	0.0
172359.64331054688	0.6962198049406284	0.5721439456837158	934.0116414967924	0.0	0.0	0.0
172576.53881835938	0.6962197756106152	0.5721438384288579	934.0116414222866	0.0	0.0	0.0
172790.4482421875	0.6962198075614252	0.5721437067072259	934.0116425454617	0.0	0.0	0.0
173011.14306640625	0.6962197882726048	0.5721437261909664	934.0116405151784	0.0	0.0	0.0
173230.75146484375	0.6962198010582699	0.5721435803605615	934.0116434926167	0.0	0.0	0.0
173446.0703125	0.6962198352879545	0.5721434340422055	934.0116418488324	0.0	0.0	0.0
173658.50659179688	0.6962198471449977	0.5721433858196444	934.0116423042491	0.0	0.0	0.0
173870.44775390625	0.6962199225114332	0.5721431856694849	934.0116408225149	0.0	0.0	0.0
174084.8466796875	0.6962198418391004	0.5721430845961964	934.0116465454921	0.0	0.0	0.0
174295.64672851562	0.6962198708995451	0.5721430073471517	934.0116483019665	0.0	0.0	0.0
174505.27172851562	0.6962199086119409	0.5721428473254863	934.0116466218606	0.0	0.0	0.0
174715.93603515625	0.6962198730595993	0.5721428069133344	934.0116445031017	0.0	0.0	0.0
174931.12573242188	0.6962198302404865	0.5721427337832193	934.0116478521377	0.0	0.0	0.0
175143.35180664062	0.6962198904639935	0.5721426276702785	934.0116489976645	0.0	0.0	0.0
175355.87426757812	0.696219871355881	0.5721424536060697	934.0116521753371	0.0	0.0	0.0
175568.73974609375	0.6962198519907292	0.5721423628077654	934.0116523439065	0.0	0.0	0.0
175779.15649414062	0.6962198843930284	0.5721422901663377	934.0116502642632	0.0	0.0	0.0
175993.666015625	0.6962198760777618	0.5721421408533034	934.0116499494761	0.0	0.0	0.0
176206.740234375	0.6962198108396292	0.5721420833680712	934.0116519955918	0.0	0.0	0.0
176420.13793945312	0.6962197272943044	0.5721420488955961	934.0116506032646	0.0	0.0	0.0
176636.63525390625	0.6962196418551398	0.5721419664846621	934.0116522572935	0.0	0.0	0.0
176853.57275390625	0.696219646601568	0.5721418119792606	934.0116555718705	0.0	0.0	0.0
177063.69165039062	0.6962195841830104	0.5721417382047878	934.0116554079577	0.0	0.0	0.0
177275.42431640625	0.6962196454946726	0.572141499752855	934.0116557823494	0.0	0.0	0.0
177491.82836914062	0.6962195696349539	0.5721415782796537	934.0116545921192	0.0	0.0	0.0
177707.02807617188	0.696219509051653	0.5721415358763723	934.0116537995636	0.0	0.0	0.0
177918.736328125	0.6962195059676038	0.5721413957641451	934.0116571132094	0.0	0.0	0.0
178134.15551757812	0.6962193967157593	0.5721413458589499	934.011657755822	0.0	0.0	0.0
178345.22509765625	0.6962193820013473	0.572141216808822	934.0116594377905	0.0	0.0	0.0
178557.48779296875	0.6962193496247888	0.5721411152864506	934.0116613889113	0.0	0.0	0.0
178773.62377929688	0.6962193576684431	0.5721410349652215	934.0116662047803	0.0	0.0	0.0
178986.18383789062	0.6962194091149885	0.5721408535975	934.0116650704294	0.0	0.0	0.0
179198.86572265625	0.6962193740442393	0.5721407143874827	934.0116701144725	0.0	0.0	0.0
179409.36791992188	0.696219437266678	0.5721406255430741	934.0116662103683	0.0	0.0	0.0
179621.578125	0.6962194629254764	0.5721405868130673	934.0116694811732	0.0	0.0	0.0
179835.05151367188	0.6962194259486179	0.5721403368285762	934.0116726728156	0.0	0.0	0.0
180052.01977539062	0.6962194461140393	0.5721402473816155	934.0116735445336	0.0	0.0	0.0
180266.64086914062	0.6962194254459343	0.572140170665249	934.0116759715602	0.0	0.0	0.0
180478.93579101562	0.6962194360598412	0.5721400335261543	934.0116757461801	0.0	0.0	0.0
180694.38842773438	0.6962194161488695	0.5721399555600031	934.011679565534	0.0	0.0	0.0
180905.28784179688	0.6962193966932372	0.5721397981446189	934.0116844819859	0.0	0.0	0.0
181118.61499023438	0.6962194785892926	0.5721397185009987	934.0116865560412	0.0	0.0	0.0
181338.03442382812	0.6962194382003357	0.5721396027505248	934.0116859572008	0.0	0.0	0.0
181550.47387695312	0.6962193828327061	0.5721395210785117	934.0116863837466	0.0	0.0	0.0
181766.251953125	0.69621937274276	0.5721393803896654	934.0116883898154	0.0	0.0	0.0
181987.25244140625	0.6962194809691975	0.5721392114120227	934.011696738191	0.0	0.0	0.0
182201.08154296875	0.6962194407437924	0.5721392179505018	934.0116940094158	0.0	0.0	0.0
182416.08178710938	0.6962194276341146	0.5721390753646101	934.0116964373738	0.0	0.0	0.0
182630.52514648438	0.6962194796077776	0.5721389494657089	934.0116981193423	0.0	0.0	0.0
182843.27197265625	0.6962194633896127	0.5721389032117374	934.0116983922198	0.0	0.0	0.0
183055.240234375	0.6962194256563388	0.5721387169669596	934.0117025664076	0.0	0.0	0.0
183266.03735351562	0.6962194539151138	0.572138650391034	934.0117049477994	0.0	0.0	0.0
183481.533203125	0.6962194286938005	0.5721385437018828	934.0117078786716	0.0	0.0	0.0
183695.560546875	0.6962194412585102	0.5721383872055849	934.0117163239047	0.0	0.0	0.0
183905.4921875	0.6962194916721121	0.5721382617939218	934.011712146923	0.0	0.0	0.0
184115.62573242188	0.6962194828922156	0.5721382186350185	934.0117145273834	0.0	0.0	0.0
184325.4697265625	0.6962195191785736	0.5721381049011987	934.0117212962359	0.0	0.0	0.0
184540.86206054688	0.6962195009530272	0.5721379510768406	934.011722211726	0.0	0.0	0.0
184755.98999023438	0.6962194484487582	0.5721378115660505	934.0117270248011	0.0	0.0	0.0
184976.72778320312	0.6962194561227687	0.5721376590607925	934.0117289014161	0.0	0.0	0.0
185193.0185546875	0.6962194940240737	0.57213758814446	934.0117290867493	0.0	0.0	0.0
185409.46655273438	0.696219431375381	0.5721374265945083	934.011735890992	0.0	0.0	0.0
185625.6845703125	0.6962194801852714	0.5721372315808894	934.011743129231	0.0	0.0	0.0
185836.90209960938	0.6962194699938968	0.5721371768731297	934.0117432288826	0.0	0.0	0.0
186051.67919921875	0.6962194604660267	0.5721369466085978	934.0117472503334	0.0	0.0	0.0
186265.17919921875	0.696219420719987	0.5721368999303069	934.0117507120594	0.0	0.0	0.0
186478.28564453125	0.6962194584687349	0.5721368147257071	934.0117515325546	0.0	0.0	0.0
186691.57250976562	0.696219504549401	0.5721366627710872	934.01175649371	0.0	0.0	0.0
186900.65625	0.6962194929569777	0.5721365264484203	934.0117613775656	0.0	0.0	0.0
187114.34252929688	0.6962195286673059	0.5721364561635934	934.0117634730414	0.0	0.0	0.0
187328.16845703125	0.6962194473657536	0.5721363070549681	934.0117671974003	0.0	0.0	0.0
187537.28515625	0.6962195419017793	0.5721362810799033	934.0117673194036	0.0	0.0	0.0
187757.56494140625	0.6962195090746839	0.5721361871730253	934.0117745259777	0.0	0.0	0.0
187970.83251953125	0.6962195183219567	0.5721360508038335	934.0117769762874	0.0	0.0	0.0
188185.18286132812	0.6962196733034575	0.5721359600483337	934.0117808338255	0.0	0.0	0.0
188397.62622070312	0.696219705535713	0.5721359606859884	934.0117801874876	0.0	0.0	0.0
188604.48168945312	0.6962197831260374	0.5721358634682665	934.0117853498086	0.0	0.0	0.0
188819.33056640625	0.6962198594796036	0.5721357860434214	934.0117864953354	0.0	0.0	0.0
189034.20483398438	0.6962198676316306	0.5721356538492764	934.0117895258591	0.0	0.0	0.0
189245.57421875	0.6962199307824736	0.5721356564042337	934.0117899337783	0.0	0.0	0.0
189458.16284179688	0.6962200088647387	0.5721356548532505	934.0117885554209	0.0	0.0	0.0
189672.77954101562	0.6962200946114655	0.5721355284819293	934.0117945801467	0.0	0.0	0.0
189883.78759765625	0.6962201360002117	0.572135556575486	934.0117957163602	0.0	0.0	0.0
190096.66357421875	0.6962203194391584	0.5721355725421513	934.0117917032912	0.0	0.0	0.0
190307.52294921875	0.6962203327852888	0.5721356609299544	934.0117885796353	0.0	0.0	0.0
190523.705078125	0.6962204118710122	0.5721356022863907	934.0117925237864	0.0	0.0	0.0
190742.28466796875	0.6962205355410022	0.5721355805181468	934.0117931263521	0.0	0.0	0.0
190954.201171875	0.6962206634062239	0.5721355906338341	934.0117958653718	0.0	0.0	0.0
191169.92846679688	0.6962207657804512	0.5721355620661296	934.0117976423353	0.0	0.0	0.0
191380.62646484375	0.696220770084074	0.5721355401290427	934.0117977820337	0.0	0.0	0.0
191599.71923828125	0.6962208138537528	0.5721355359022103	934.011796656996	0.0	0.0	0.0
191815.7294921875	0.6962208825567274	0.5721354793507802	934.0118001522496	0.0	0.0	0.0
192028.61596679688	0.6962210006506487	0.5721355921859139	934.0117985894904	0.0	0.0	0.0
192243.62280273438	0.696221053436333	0.5721355819032541	934.0117972074077	0.0	0.0	0.0
192456.97119140625	0.6962211492799671	0.5721355662763202	934.0117987301201	0.0	0.0	0.0
192672.09619140625	0.6962212422592138	0.5721355731141626	934.0118001392111	0.0	0.0	0.0
192888.58276367188	0.6962212561663108	0.57213558713695	934.0118003962561	0.0	0.0	0.0
193103.52490234375	0.6962213556388487	0.5721355526038819	934.0118035729975	0.0	0.0	0.0
193318.71728515625	0.6962214056243697	0.5721355665337825	934.011804475449	0.0	0.0	0.0
193527.82666015625	0.6962214840840194	0.5721355296131774	934.0118041131645	0.0	0.0	0.0
193742.04125976562	0.696221527364984	0.5721355095747594	934.0118055958301	0.0	0.0	0.0
193953.54321289062	0.6962216184017146	0.5721355863130947	934.011802745983	0.0	0.0	0.0
194166.40063476562	0.6962216480053426	0.5721355361913606	934.0118087297305	0.0	0.0	0.0
194379.90454101562	0.6962217278372943	0.5721354837896278	934.0118078403175	0.0	0.0	0.0
194593.51416015625	0.6962217210864118	0.5721355872502693	934.0118034593761	0.0	0.0	0.0
194809.84838867188	0.6962218691390819	0.5721355305450444	934.011808632873	0.0	0.0	0.0
195023.06518554688	0.6962219341551825	0.572135429666735	934.0118142934516	0.0	0.0	0.0
195241.16528320312	0.6962219801692658	0.5721355395985774	934.0118110068142	0.0	0.0	0.0
195453.19165039062	0.6962220686946036	0.5721354978130284	934.0118128256872	0.0	0.0	0.0
195671.1298828125	0.6962221285052953	0.5721354319298595	934.0118195628747	0.0	0.0	0.0
195886.85961914062	0.6962222034673629	0.5721354991732115	934.0118172941729	0.0	0.0	0.0
196099.283203125	0.6962222790666814	0.5721355238930519	934.0118153188378	0.0	0.0	0.0
196310.97705078125	0.696222321533353	0.5721354700913036	934.0118178008124	0.0	0.0	0.0
196522.408203125	0.6962223405022226	0.5721355017896074	934.0118213221431	0.0	0.0	0.0
196739.39453125	0.6962224505368882	0.5721355337290773	934.0118220858276	0.0	0.0	0.0
196951.9384765625	0.6962224574411512	0.572135430628165	934.0118219703436	0.0	0.0	0.0
197163.22631835938	0.6962225918768977	0.5721354729951319	934.0118226595223	0.0	0.0	0.0
197378.22216796875	0.6962226286971162	0.5721354985262714	934.0118274250999	0.0	0.0	0.0
197591.72705078125	0.6962226320462159	0.5721354295959591	934.0118271373212	0.0	0.0	0.0
197802.04541015625	0.6962227829996953	0.57213551123483	934.0118298307061	0.0	0.0	0.0
198009.94165039062	0.6962227306065513	0.5721354804865998	934.0118259917945	0.0	0.0	0.0
198226.19262695312	0.6962228012798581	0.572135420059858	934.0118332114071	0.0	0.0	0.0
198435.4873046875	0.6962227961264734	0.5721353972937225	934.0118295308203	0.0	0.0	0.0
198645.1767578125	0.6962228805648311	0.5721355100087877	934.0118301054463	0.0	0.0	0.0
198857.89770507812	0.6962229294210311	0.5721355116250825	934.01183024887	0.0	0.0	0.0
199069.56079101562	0.6962229525336625	0.5721354793313722	934.0118321496993	0.0	0.0	0.0
199283.03955078125	0.6962229869673899	0.5721354525985907	934.0118325548247	0.0	0.0	0.0
199495.09545898438	0.6962230084200633	0.5721355056836457	934.0118331173435	0.0	0.0	0.0
199708.94213867188	0.6962230847183716	0.5721354351189303	934.0118377627805	0.0	0.0	0.0
199922.88110351562	0.6962230690193685	0.5721354706944499	934.0118344333023	0.0	0.0	0.0
200132.98852539062	0.6962230911815995	0.5721354187224251	934.0118362680078	0.0	0.0	0.0
200350.72314453125	0.6962232217722977	0.5721354911979447	934.0118383839726	0.0	0.0	0.0
200571.92700195312	0.6962232105027362	0.5721354407539798	934.0118378419429	0.0	0.0	0.0
200787.5576171875	0.6962232556163136	0.5721354160505097	934.0118401078507	0.0	0.0	0.0
200998.8671875	0.6962233102834847	0.5721355101342224	934.0118373632431	0.0	0.0	0.0
201211.59741210938	0.6962233134481758	0.5721353714560689	934.0118454871699	0.0	0.0	0.0
201420.67407226562	0.6962233664565342	0.5721353927982997	934.0118474895135	0.0	0.0	0.0
201641.13427734375	0.6962233984821026	0.5721354062618905	934.0118427155539	0.0	0.0	0.0
201851.33056640625	0.6962234493410089	0.5721353751070066	934.0118458718061	0.0	0.0	0.0
202061.82177734375	0.6962235076443567	0.5721354974773514	934.011843200773	0.0	0.0	0.0
202274.88671875	0.6962235287528821	0.5721355118442124	934.0118422359228	0.0	0.0	0.0
202484.77685546875	0.696223506477355	0.5721354970044961	934.0118435528129	0.0	0.0	0.0
202698.17700195312	0.6962236255913019	0.5721354474613503	934.0118467845023	0.0	0.0	0.0
202910.61450195312	0.6962236577826654	0.5721354509700258	934.0118501149118	0.0	0.0	0.0
203123.9892578125	0.6962236561388712	0.5721354107229727	934.0118496222422	0.0	0.0	0.0
203337.0546875	0.6962237151722234	0.5721354814332558	934.011848045513	0.0	0.0	0.0
203550.17211914062	0.6962237334011742	0.5721354995180441	934.0118477921933	0.0	0.0	0.0
203764.98657226562	0.6962237575774364	0.5721354842681663	934.0118488622829	0.0	0.0	0.0
203978.96435546875	0.6962238765222369	0.5721354504318856	934.0118527431041	0.0	0.0	0.0
204189.24487304688	0.6962238651296511	0.5721355512925906	934.0118526108563	0.0	0.0	0.0
204402.83911132812	0.6962239296614341	0.5721353642401876	934.0118575599045	0.0	0.0	0.0
204615.38403320312	0.6962239191194958	0.5721354190537757	934.0118557186797	0.0	0.0	0.0
204825.70678710938	0.6962239958631058	0.5721354418015727	934.0118565540761	0.0	0.0	0.0
205037.109375	0.6962239166992	0.572135434904066	934.0118557298556	0.0	0.0	0.0
205251.4853515625	0.6962240461706345	0.5721354666701902	934.0118581457064	0.0	0.0	0.0
205467.23168945312	0.6962240512299943	0.5721354117868386	934.0118628852069	0.0	0.0	0.0
205684.1181640625	0.6962240361436987	0.572135339736867	934.011862533167	0.0	0.0	0.0
205894.65673828125	0.696224109778353	0.572135447873269	934.0118607552722	0.0	0.0	0.0
206104.91625976562	0.6962242012611964	0.5721353873649586	934.0118667474017	0.0	0.0	0.0
206315.93505859375	0.6962241850954148	0.5721354315353316	934.0118652833626	0.0	0.0	0.0
206527.19384765625	0.6962241915458309	0.572135316274759	934.0118662351742	0.0	0.0	0.0
206740.43188476562	0.6962242722754687	0.5721353732325196	934.0118674831465	0.0	0.0	0.0
206951.435546875	0.696224313466567	0.5721353331046692	934.011870784685	0.0	0.0	0.0
207162.33154296875	0.6962243337987836	0.5721353910170673	934.0118695097044	0.0	0.0	0.0
207374.9599609375	0.6962243818694879	0.5721352720273977	934.0118763400242	0.0	0.0	0.0
207587.3896484375	0.6962243994910782	0.572135324250936	934.0118766957894	0.0	0.0	0.0
207795.59375	0.6962244397931594	0.5721353635442777	934.0118733169511	0.0	0.0	0.0
208007.82202148438	0.6962244291595086	0.5721352923733896	934.0118753742427	0.0	0.0	0.0
208221.19921875	0.6962245561470949	0.5721352901490452	934.0118814026937	0.0	0.0	0.0
208435.6982421875	0.6962245453660877	0.5721351633804749	934.0118829533458	0.0	0.0	0.0
208649.3759765625	0.6962246323715582	0.5721352733397272	934.0118850190192	0.0	0.0	0.0
208861.27465820312	0.6962246438912222	0.572135281039364	934.011882353574	0.0	0.0	0.0
209075.17260742188	0.6962246097856335	0.57213524645134	934.0118853216991	0.0	0.0	0.0
209287.5712890625	0.6962247243786178	0.5721352361394677	934.01188714616	0.0	0.0	0.0
209501.72680664062	0.6962247487544021	0.5721352219163521	934.0118884146214	0.0	0.0	0.0
209712.11181640625	0.6962247804834335	0.5721351660714739	934.0118915271014	0.0	0.0	0.0
209923.59887695312	0.6962247900360042	0.5721352374817402	934.0118910716847	0.0	0.0	0.0
210135.43579101562	0.6962248640071274	0.5721352179893813	934.0118944589049	0.0	0.0	0.0
210350.55786132812	0.6962248706821336	0.5721351544632427	934.0118996035308	0.0	0.0	0.0
210562.79443359375	0.6962248697271428	0.572135179964241	934.0118940733373	0.0	0.0	0.0
210774.49877929688	0.6962249711327703	0.5721351364359722	934.0119003122672	0.0	0.0	0.0
210986.69506835938	0.6962249860957919	0.5721352218184792	934.0118975164369	0.0	0.0	0.0
211198.61157226562	0.6962250384997684	0.5721351889264852	934.0118999956176	0.0	0.0	0.0
211408.07202148438	0.696225087933827	0.5721351788511135	934.0119024030864	0.0	0.0	0.0
211621.95361328125	0.6962251196807784	0.5721351596769525	934.0119024766609	0.0	0.0	0.0
211835.22729492188	0.6962250828463493	0.5721352511849266	934.0118977194652	0.0	0.0	0.0
212050.89453125	0.6962251843715064	0.5721352398300747	934.0119034405798	0.0	0.0	0.0
212260.2548828125	0.6962251887526996	0.5721352463328275	934.011904922314	0.0	0.0	0.0
212471.19580078125	0.6962252843516016	0.5721351303539658	934.0119070457295	0.0	0.0	0.0
212686.31396484375	0.6962253152841348	0.5721352322734259	934.0119107393548	0.0	0.0	0.0
212898.22265625	0.6962253719542839	0.5721351837689661	934.011912683025	0.0	0.0	0.0
213109.00610351562	0.6962253591601512	0.5721352066135182	934.0119123570621	0.0	0.0	0.0
213323.01416015625	0.6962253653905748	0.5721351250020712	934.0119114825502	0.0	0.0	0.0
213535.06640625	0.6962254647217695	0.5721351598063269	934.0119150374085	0.0	0.0	0.0
213743.11572265625	0.6962254050201584	0.572135210878723	934.0119140930474	0.0	0.0	0.0
213956.201171875	0.69622551180507	0.5721351539870536	934.0119145642966	0.0	0.0	0.0
214171.14575195312	0.6962255204218866	0.572135156975317	934.0119182029739	0.0	0.0	0.0
214383.6328125	0.696225618741035	0.5721351404370304	934.0119228791445	0.0	0.0	0.0
214594.53833007812	0.6962256362473821	0.5721351601704108	934.0119204856455	0.0	0.0	0.0
214810.45751953125	0.6962256778408153	0.5721351739110732	934.0119222253561	0.0	0.0	0.0
215019.94970703125	0.6962256920933045	0.5721351589074396	934.0119269294664	0.0	0.0	0.0
215230.734375	0.6962257569707891	0.5721352033765272	934.0119268829003	0.0	0.0	0.0
215438.11669921875	0.6962257550042029	0.5721352351572069	934.011927658692	0.0	0.0	0.0
215654.15014648438	0.6962258342454565	0.572135282357684	934.0119270617142	0.0	0.0	0.0
215864.65893554688	0.6962258236480745	0.5721352791083484	934.0119277760386	0.0	0.0	0.0
216075.18310546875	0.6962258363903505	0.5721353107076582	934.0119249289855	0.0	0.0	0.0
216287.35034179688	0.6962259337435177	0.5721353146908751	934.0119292689487	0.0	0.0	0.0
216495.83349609375	0.6962259247801974	0.5721353527826402	934.0119283860549	0.0	0.0	0.0
216706.7568359375	0.6962259912668178	0.5721353833645405	934.0119283711538	0.0	0.0	0.0
216920.53491210938	0.6962259947099526	0.5721355063626391	934.011928120628	0.0	0.0	0.0
217131.64038085938	0.6962260492635026	0.5721354864719841	934.0119310189039	0.0	0.0	0.0
217345.83911132812	0.6962260894734025	0.5721355505226493	934.0119290975854	0.0	0.0	0.0
217556.18603515625	0.6962261249494427	0.5721356182240357	934.0119260847569	0.0	0.0	0.0
217766.49047851562	0.696226049001649	0.5721356764349659	934.0119225690141	0.0	0.0	0.0
217982.19189453125	0.6962261427712945	0.5721356820103143	934.0119240768254	0.0	0.0	0.0
218194.55102539062	0.6962261042546363	0.5721357738272662	934.0119196558371	0.0	0.0	0.0
218410.47265625	0.6962261481762181	0.572135827497031	934.0119226817042	0.0	0.0	0.0
218626.7060546875	0.6962260537248425	0.572135869017364	934.0119155244902	0.0	0.0	0.0
218835.44775390625	0.6962260953433933	0.5721359360655374	934.0119140539318	0.0	0.0	0.0
219049.19750976562	0.6962261268379994	0.5721359856570586	934.0119155226275	0.0	0.0	0.0
219257.41748046875	0.6962261074223179	0.5721360092146209	934.0119091160595	0.0	0.0	0.0
219468.27221679688	0.6962262427380502	0.5721359857181633	934.0119175948203	0.0	0.0	0.0
219681.63134765625	0.6962261543533479	0.5721359242317247	934.0119174662977	0.0	0.0	0.0
219899.19140625	0.6962261419471786	0.5721359893816436	934.0119143566117	0.0	0.0	0.0
220109.4677734375	0.6962261257763968	0.5721359357918037	934.0119162257761	0.0	0.0	0.0
220323.18090820312	0.6962261566823922	0.5721359999374029	934.011917267926	0.0	0.0	0.0
220538.84423828125	0.696226194334459	0.5721361010494588	934.0119142886251	0.0	0.0	0.0
220750.27685546875	0.6962262503235788	0.5721360747849533	934.0119132995605	0.0	0.0	0.0
220966.56713867188	0.6962262079118351	0.5721360761433816	934.0119144162163	0.0	0.0	0.0
221180.8193359375	0.6962262324670636	0.5721361278998649	934.0119141852483	0.0	0.0	0.0
221390.14111328125	0.6962262920010016	0.5721360516696791	934.0119170099497	0.0	0.0	0.0
221602.0703125	0.696226317151003	0.5721361380457335	934.0119183314964	0.0	0.0	0.0
221810.83520507812	0.6962262345347834	0.5721361646993521	934.0119145642966	0.0	0.0	0.0
222018.0546875	0.696226241225569	0.5721362315850573	934.0119107933715	0.0	0.0	0.0
222227.79541015625	0.6962262788619396	0.5721361602489252	934.0119154797867	0.0	0.0	0.0
222439.97509765625	0.6962262894238289	0.5721362228536498	934.0119124772027	0.0	0.0	0.0
222648.89819335938	0.6962262835056686	0.5721363583450068	934.0121246408671	0.0	0.0	0.0
222857.5869140625	0.6962262739978067	0.5721362324707086	934.0121524026617	0.0	0.0	0.0
223072.46118164062	0.6962262730584935	0.5721362505522107	934.0121227558702	0.0	0.0	0.0
223287.77270507812	0.6962262964364471	0.5721362976885594	934.0119910901412	0.0	0.0	0.0
223502.93481445312	0.6962262840527011	0.5721362864417828	934.011910572648	0.0	0.0	0.0
223719.2333984375	0.6962262640698482	0.5721364337871798	934.0119080850855	0.0	0.0	0.0
223933.92456054688	0.6962263267029919	0.5721364344712857	934.0119075216353	0.0	0.0	0.0
224140.52221679688	0.6962262271968406	0.5721365082794617	934.0119064273313	0.0	0.0	0.0
224350.72338867188	0.6962262688881456	0.5721364899573063	934.0119050107896	0.0	0.0	0.0
224567.54125976562	0.6962262765664041	0.5721364772121579	934.0119034489617	0.0	0.0	0.0
224781.6416015625	0.6962262166935592	0.5721364403899805	934.0119082229212	0.0	0.0	0.0
224991.6103515625	0.6962263226578761	0.5721364984081485	934.0119093982503	0.0	0.0	0.0
225207.10791015625	0.69622629191322	0.5721365494627364	934.0119055686519	0.0	0.0	0.0
225418.12866210938	0.6962262791474799	0.5721366348895416	934.0118993148208	0.0	0.0	0.0
225627.4013671875	0.6962263611414292	0.572136618579506	934.0119043402374	0.0	0.0	0.0
225835.39111328125	0.6962263471424825	0.5721366279191553	934.0119062373415	0.0	0.0	0.0
226045.55908203125	0.6962262573401156	0.5721366386114675	934.0118992095813	0.0	0.0	0.0
226255.44384765625	0.6962262980873781	0.5721366033259729	934.0119018796831	0.0	0.0	0.0
226467.9150390625	0.6962263148278793	0.5721365920400328	934.0119057027623	0.0	0.0	0.0
226677.36645507812	0.6962263589540435	0.572136675178996	934.0119029022753	0.0	0.0	0.0
226893.70288085938	0.6962263298307446	0.5721367105187289	934.0119026685134	0.0	0.0	0.0
227105.47534179688	0.6962263193255043	0.5721366230061632	934.0119049232453	0.0	0.0	0.0
227314.95263671875	0.696226284140038	0.5721366433246613	934.0119027793407	0.0	0.0	0.0
227530.3720703125	0.6962263219154436	0.5721366705678146	934.0119040263817	0.0	0.0	0.0
227741.66284179688	0.6962263283657	0.5721366666210362	934.011900681071	0.0	0.0	0.0
227951.9765625	0.6962263306828534	0.5721366962097705	934.0118987159804	0.0	0.0	0.0
228163.02099609375	0.696226237099907	0.572136601389301	934.011899295263	0.0	0.0	0.0
228373.42578125	0.696226294015969	0.5721367204631355	934.0119015378878	0.0	0.0	0.0
228580.07080078125	0.6962263317442206	0.5721366610150251	934.0119003411382	0.0	0.0	0.0
228792.5205078125	0.6962263219858574	0.5721367627579044	934.0119007667527	0.0	0.0	0.0
229004.17407226562	0.6962263171212925	0.5721367927533252	934.0118988025934	0.0	0.0	0.0
229220.37109375	0.6962263527314996	0.5721368909660521	934.0118948398158	0.0	0.0	0.0
229434.181640625	0.6962263576643867	0.5721368040312752	934.0118980379775	0.0	0.0	0.0
229649.33813476562	0.6962263772880722	0.5721368776743058	934.0118973944336	0.0	0.0	0.0
229864.21044921875	0.696226373967061	0.5721370219299244	934.0118933087215	0.0	0.0	0.0
230079.7529296875	0.6962263903252034	0.5721370017438039	934.0118928924203	0.0	0.0	0.0
230292.74877929688	0.696226372327786	0.5721370390446873	934.0118918716908	0.0	0.0	0.0
230507.02685546875	0.6962263556999067	0.5721372103947292	934.0118873370811	0.0	0.0	0.0
230713.94677734375	0.69622635204876	0.5721372657453409	934.0118866255507	0.0	0.0	0.0
230923.63500976562	0.6962264211227697	0.5721372052337114	934.0118887685239	0.0	0.0	0.0
231138.64526367188	0.6962264098390256	0.5721372889305505	934.0118872951716	0.0	0.0	0.0
231351.82861328125	0.6962263943900294	0.5721373884820576	934.0118873780593	0.0	0.0	0.0
231562.57104492188	0.6962264210477356	0.572137458702047	934.0118818376213	0.0	0.0	0.0
231773.48828125	0.6962264210069541	0.5721376012985044	934.0118777072057	0.0	0.0	0.0
231984.80346679688	0.6962264214500387	0.5721375917110899	934.0118783349171	0.0	0.0	0.0
232199.58959960938	0.696226375565868	0.572137758087812	934.0118737146258	0.0	0.0	0.0
232409.15698242188	0.6962264250244792	0.5721377570921872	934.0118762450293	0.0	0.0	0.0
232618.61474609375	0.6962264679092214	0.5721378478750152	934.0118758985773	0.0	0.0	0.0
232831.36840820312	0.6962264368144988	0.5721379105206457	934.0118694370613	0.0	0.0	0.0
233045.75244140625	0.6962265122321939	0.5721379287442118	934.0118771139532	0.0	0.0	0.0
233262.1943359375	0.6962264802235587	0.5721380738570064	934.011869170703	0.0	0.0	0.0
233478.66186523438	0.6962264846956623	0.5721381405993479	934.011870724149	0.0	0.0	0.0
233688.71875	0.6962265082239664	0.572138138291659	934.0118721490726	0.0	0.0	0.0
233899.48461914062	0.6962264458732886	0.572138285707169	934.0118661047891	0.0	0.0	0.0
234105.72802734375	0.6962264105930315	0.5721383507286262	934.011862478219	0.0	0.0	0.0
234317.68359375	0.6962265208727868	0.5721384803718312	934.0118632176891	0.0	0.0	0.0
234526.30639648438	0.6962265182457579	0.5721384615368462	934.0118636339903	0.0	0.0	0.0
234741.61328125	0.6962264795081387	0.5721385940121259	934.0118580199778	0.0	0.0	0.0
234953.89526367188	0.6962264870337194	0.5721386665951249	934.0118591422215	0.0	0.0	0.0
235167.1376953125	0.6962265279767337	0.5721388018974863	934.0118565447628	0.0	0.0	0.0
235379.97314453125	0.6962265123937497	0.572138852104968	934.0118536250666	0.0	0.0	0.0
235594.65307617188	0.6962264776977226	0.5721388181253592	934.0118572646752	0.0	0.0	0.0
235807.958984375	0.6962265614328919	0.5721389922971224	934.0118527347222	0.0	0.0	0.0
236027.55029296875	0.6962265276277679	0.5721390291946429	934.0118490718305	0.0	0.0	0.0
236238.91381835938	0.6962265192875622	0.5721391117374467	934.0118518834934	0.0	0.0	0.0
236458.84814453125	0.6962265483089461	0.5721391410028104	934.0118500795215	0.0	0.0	0.0
236670.78588867188	0.6962265247173131	0.5721391878662838	934.0118460496888	0.0	0.0	0.0
236887.54223632812	0.6962265108939416	0.5721392873866064	934.0118487803265	0.0	0.0	0.0
237099.89868164062	0.6962264926080658	0.5721392291807182	934.0118472483009	0.0	0.0	0.0
237307.69750976562	0.6962265240546612	0.57213933715673	934.0118439588696	0.0	0.0	0.0
237520.66235351562	0.6962264526364778	0.5721392788806099	934.0118425954133	0.0	0.0	0.0
237739.00146484375	0.6962265339270394	0.5721393095285194	934.0118475826457	0.0	0.0	0.0
237953.69750976562	0.6962264931463055	0.5721392761505107	934.0118453782052	0.0	0.0	0.0
238163.24633789062	0.6962264955969201	0.5721393333510284	934.0118437744677	0.0	0.0	0.0
238372.93237304688	0.6962265456358081	0.572139306813601	934.0118503756821	0.0	0.0	0.0
238583.51513671875	0.6962265023861973	0.5721393091789804	934.011843890883	0.0	0.0	0.0
238795.67236328125	0.6962265030260218	0.5721393235276446	934.011846659705	0.0	0.0	0.0
239011.48364257812	0.6962264856007075	0.5721393535972977	934.0118434503675	0.0	0.0	0.0
239221.32348632812	0.6962264751644524	0.5721393252945084	934.0118416827172	0.0	0.0	0.0
239431.99584960938	0.6962264988157132	0.5721392549413875	934.0118456240743	0.0	0.0	0.0
